parameter,value,CV,se_sa,rse_sa,P2.5_sa,P97.5_sa
alpha_pop,4.93e-05,
D_pop,0.325060274571617,,0.0496798195599003,15.2832638886346,0.242135,0.436385
E_pop,5,
C_pop,10,
B_pop,6747.64607854531,,1204.46487688951,17.85014896853,4793.4,9498.62
ECLIPSE0_pop,9.99999999999999e-08,
BUD0_pop,0.033,
ep_pop,0.001,
Time0_pop,13.7842647452195,,5.51602481808287,40.0168229502113,0.0021538,14
omega_alpha,4.23556227256039,786355.343542991,2.82683665386588,66.740528693893,1.47914,12.1287
omega_D,0.25246284137142,25.6539610204301,0.107023492233406,42.3917799752378,0.119832,0.531891
omega_B,0.146459057887108,14.7247975045066,0.174240368119705,118.968652832665,0.032815,0.653673
omega_Time0,5.58865036855301,47.3066686874332,6.67445440460412,119.42873438927,1.24837,25.019
a,0.000563273889676102,,0.107045229304875,19004.1170497764,6.31532e-06,0.0502393
b,0.269930660038289,,0.0189609092835869,7.024362953396,0.235331,0.309617