parameter,value,CV,se_sa,rse_sa,P2.5_sa,P97.5_sa
alpha_pop,4.93e-05,
D_pop,0.323810611534416,,0.0437199788362755,13.5017128157422,0.249393,0.420433
E_pop,5,
C_pop,10,
B_pop,6320.18505491309,,18927.2270219622,299.472671409342,698.399,57194.7
ECLIPSE0_pop,9.99999999999999e-08,
BUD0_pop,0.033,
ep_pop,0.001,
Time0_pop,13.8692859659331,,5.17324146246602,37.2999841172283,0.00592191,14
omega_alpha,7.67713605180953,628513840367278,36.9042684541612,480.703587967061,0.60802,96.935
omega_D,0.225045382686195,22.7925056250274,0.0959804271472182,42.6493652087295,0.106423,0.47589
omega_C,1.89962482668806,45.296220871428,1.65802213807255,87.2815576412138,0.542056,6.6572
omega_B,0.190330869188192,19.2067673082245,0.195159201536183,102.536809908232,0.0479217,0.755939
omega_Time0,6.16808234386322,47.4045254002939,5.45327537286057,88.4111960386873,1.74269,21.8313
a,0.00020888047279093,,0.10682955747439,51143.8700070908,1.5628e-06,0.0279185
b,0.269644943213742,,0.0186410549577456,6.91318544140811,0.23559,0.308623