parameter,value,CV,se_sa,rse_sa,P2.5_sa,P97.5_sa
alpha_pop,4.93e-05,
D_pop,0.326582648509819,,0.0496534695571691,15.2039521339347,0.243629,0.437781
E_pop,5,
C_pop,10,
B_pop,7607.82441210108,,1874.49267117358,24.6390107031386,4787.91,12088.6
ECLIPSE0_pop,9.99999999999999e-08,
BUD0_pop,0.033,
ep_pop,0.001,
Time0_pop,13.8537041590165,,5.14796447608439,37.1594803598711,0.00788729,14
omega_alpha,3.6362764707112,74341.3472873365,2.45761193314393,67.5859482341084,1.25821,10.509
omega_D,0.250854962416173,25.4853656062859,0.105959682762086,42.2394206363344,0.119331,0.527342
omega_B,0.0925368606177274,9.27353143940176,0.141818916651523,153.25667599356,0.0169942,0.503883
omega_Time0,5.88037506104054,46.4085137490239,5.42976954261644,92.3371296261438,1.6065,21.5244
a,0.00696742349885001,,0.119821159489647,1719.73412423435,0.000251238,0.193223
b,0.268332981238839,,0.0212138773146779,7.9058031617052,0.229981,0.313081