parameter,value,CV,se_sa,rse_sa,P2.5_sa,P97.5_sa
alpha_pop,4.93e-05,
D_pop,0.956347731081137,,0.292362414606843,30.570722876744,0.54457,1.67949
E_pop,5,
C_pop,10,
B_pop,8883.86429952667,,2.6486935314299,0.0298146554486545,8878.67,8889.06
ECLIPSE0_pop,9.99999999999999e-08,
BUD0_pop,0.033,
ep_pop,0.001,
Time0_pop,8.48888125223863,,5.40839447570772,63.7115105630846,0.019837,13.9921
omega_alpha,10.8310959110773,2.97931078219854e+27,5.80682031252256,53.6124909260914,4.41612,26.5646
omega_D,0.568627007654858,61.7843398523689,0.207081111520541,36.4177411084622,0.295053,1.09586
omega_B,6.49785766495166e-05,0.00649785769784403,0.000147024637865675,226.266325682541,8.84061e-06,0.000477593
omega_Time0,5.74367214488399,80.999356734161,5.6674110257576,98.6722584924294,1.49021,22.1377
a,1.3859191346572,,0.0758340430279315,5.4717509219388,1.24528,1.54244
b,2.22044604925031e-16,,0.0189917596552876,8.55312817066633e+15,3.35204e-21,1.47086e-11