parameter,value,CV,se_sa,rse_sa,P2.5_sa,P97.5_sa
alpha_pop,4.93e-05,
D_pop,0.327336951942481,,0.050101126041082,15.3056737846956,0.24373,0.439625
E_pop,5,
C_pop,10,
B_pop,6837.7059228407,,5259.9460661223,76.9255964716463,2148.54,21761
ECLIPSE0_pop,9.99999999999999e-08,
BUD0_pop,0.033,
ep_pop,0.001,
Time0_pop,13.4726809411913,,4.91197903964733,36.4588092087112,0.0531271,13.9999
omega_alpha,3.30850696151801,23819.754367944,2.06427027057429,62.392804203959,1.21316,9.02287
omega_D,0.237588844970486,24.0981492175178,0.105163470657943,44.2627980581358,0.1098,0.514103
omega_B,0.0751316797342027,7.52378297746557,0.112301094712345,149.472359874873,0.0140703,0.401183
omega_Time0,4.85717312630993,49.4719416091141,4.08930211940523,84.190989554287,1.42492,16.5568
a,0.00431120163630117,,0.19020300465477,4411.83272554972,9.45567e-05,0.196564
b,0.26875736292899,,0.0346587351505209,12.8959202355615,0.209372,0.344986