parameter,value,CV,se_sa,rse_sa,P2.5_sa,P97.5_sa
alpha_pop,4.93e-05,
D_pop,1.26358248404385,,0.882389401532916,69.8323546484281,0.426816,3.74082
E_pop,5,
C_pop,10,
B_pop,12587.5903647766,,7131.87448777903,56.6579804482351,4940.9,32068.6
ECLIPSE0_pop,9.99999999999999e-08,
BUD0_pop,0.033,
ep_pop,0.001,
Time0_pop,14,,2.40516895244384,17.1797782317417,0.66484,14
omega_D,0.749033706711434,86.7475815054013,0.323252543305151,43.1559408353414,0.351649,1.59549
omega_B,0.486645613755852,51.6931338477097,0.301438899286914,61.9421794353507,0.179372,1.32029
omega_Time0,6.01390280085302,1.29107413324978e-06,15.1018565590439,251.115740628563,0.756672,47.7975
a,1.02247468510982,,0.0717291410540788,7.01524860210838,0.891573,1.1726
b,0.112807300617767,,0.0185924551051143,16.4816062464897,0.0821805,0.154848