parameter,value,CV,se_sa,rse_sa,P2.5_sa,P97.5_sa
alpha_pop,4.93e-05,
D_pop,0.973554829673374,,0.28573965745452,29.3501350663922,0.565635,1.67565
E_pop,5,
C_pop,10,
B_pop,6975.53727294756,,0.0639790411475607,0.000917191588892851,6975.41,6975.66
ECLIPSE0_pop,9.99999999999999e-08,
BUD0_pop,0.033,
ep_pop,0.001,
Time0_pop,11.1208359928855,,3.57450090296176,32.1423758541943,1.66325,13.8747
omega_alpha,12.7545181538223,2.11359103521379e+37,6.43359382117192,50.4416846138863,5.41799,30.0255
omega_D,0.548118699059541,59.1983884612852,0.197554014148306,36.0421956936095,0.286065,1.05023
omega_B,9.91359020443283e-07,9.91347275881761e-05,1.07242375325585e-06,108.177131709188,2.3935e-07,4.10608e-06
omega_Time0,2.89692833802346,52.3091201358689,1.53154731847779,52.8679739286455,1.19242,7.03795
a,1.39697386721923,,0.0765747955123538,5.48147659088148,1.25497,1.55504
b,2.22044604925031e-16,,0.0188346722840198,8.48238230799568e+15,3.35686e-21,1.46875e-11