id,time,y10_,popPred_medianCOV,popPred,indivPred_SAEM,indivPred_mean,indivPred_mode,indWRes_SAEM,indWRes_mean,indWRes_mode
1,0,0.780488,5.47868,5.47868,4.77024,4.77002,4.7399,-2.856,-2.85584,-2.83428
1,0,1.59645,5.47868,5.47868,4.77024,4.77002,4.7399,-2.27191,-2.27174,-2.25018
1,0.667302193,5.67627,5.73437,5.73437,5.3728,5.37325,5.34161,0.217237,0.216913,0.239568
1,0.762631077,5.25055,5.77074,5.77074,5.45888,5.45943,5.42756,-0.149127,-0.14952,-0.126709
1,1.029551954,3.22838,5.87229,5.87229,5.6999,5.70073,5.66824,-1.7692,-1.76979,-1.74653
1,1.18207817,7.3082,5.9301,5.9301,5.83763,5.83861,5.80577,1.05268,1.05198,1.07549
1,1.220209724,3.051,5.94452,5.94452,5.87207,5.87308,5.84015,-2.01941,-2.02014,-1.99657
1,1.258341277,5.32151,5.95893,5.95893,5.9065,5.90755,5.87454,-0.418755,-0.419509,-0.395876
1,1.258341277,5.74723,5.95893,5.95893,5.9065,5.90755,5.87454,-0.11401,-0.114765,-0.0911312
1,1.315538608,5.88914,5.98053,5.98053,5.95815,5.95926,5.92611,-0.0493999,-0.050196,-0.0264661
1,1.315538608,6.38581,5.98053,5.98053,5.95815,5.95926,5.92611,0.306136,0.30534,0.32907
1,1.410867493,4.15078,6.01645,6.01645,6.04423,6.04544,6.01206,-1.35539,-1.35626,-1.33237
1,1.448999047,3.37029,6.03079,6.03079,6.07866,6.07991,6.04644,-1.93874,-1.93963,-1.91568
1,1.468064824,8.17738,6.03796,6.03796,6.09587,6.09714,6.06363,1.49001,1.48911,1.5131
1,1.601525262,5.32151,6.08802,6.08802,6.21639,6.21779,6.18396,-0.640584,-0.641588,-0.617371
1,1.67778837,6.45676,6.11653,6.11653,6.28525,6.28673,6.25272,0.122774,0.121714,0.146064
1,1.754051478,4.15078,6.14497,6.14497,6.35412,6.35567,6.32147,-1.57722,-1.57834,-1.55386
1,1.754051478,4.61197,6.14497,6.14497,6.35412,6.35567,6.32147,-1.24708,-1.2482,-1.22372
1,1.754051478,8.15965,6.14497,6.14497,6.35412,6.35567,6.32147,1.29246,1.29134,1.31583
1,1.811248808,6.79379,6.16625,6.16625,6.40576,6.40738,6.37304,0.277764,0.276606,0.30119
1,1.982840801,3.29933,6.22981,6.22981,6.56071,6.5625,6.52773,-2.3346,-2.33588,-2.31099
1,1.982840801,6.38581,6.22981,6.22981,6.56071,6.5625,6.52773,-0.125198,-0.12648,-0.101588
1,2.020972355,5.14412,6.24387,6.24387,6.59514,6.59697,6.5621,-1.03868,-1.04,-1.01503
1,2.020972355,6.66962,6.24387,6.24387,6.59514,6.59697,6.5621,0.0533175,0.0520074,0.0769694
1,2.097235462,7.20177,6.27192,6.27192,6.664,6.66591,6.63084,0.384953,0.383588,0.408692
1,2.135367016,5.1796,6.2859,6.2859,6.69844,6.70038,6.66521,-1.08723,-1.08863,-1.06345
1,2.230695901,6.31486,6.32075,6.32075,6.78452,6.78656,6.75113,-0.336199,-0.337662,-0.312301
1,2.249761678,7.80488,6.3277,6.3277,6.80173,6.8038,6.76831,0.718085,0.716608,0.742006
1,2.249761678,7.48559,6.3277,6.3277,6.80173,6.8038,6.76831,0.489526,0.488049,0.513447
1,2.326024786,5.46341,6.35541,6.35541,6.8706,6.87274,6.83704,-1.00731,-1.00884,-0.983287
1,2.326024786,7.27273,6.35541,6.35541,6.8706,6.87274,6.83704,0.287858,0.286326,0.311879
1,2.364156339,6.13747,6.36922,6.36922,6.90503,6.90721,6.8714,-0.549442,-0.551003,-0.52537
1,2.402287893,5.74723,6.383,6.383,6.93946,6.94168,6.90576,-0.85344,-0.855028,-0.829314
1,2.440419447,6.03104,6.39674,6.39674,6.97389,6.97615,6.94011,-0.674924,-0.67654,-0.650742
1,2.459485224,8.15965,6.4036,6.4036,6.99111,6.99339,6.95729,0.836476,0.834847,0.860687
1,2.592945663,7.59202,6.45135,6.45135,7.11162,7.11403,7.07749,0.343883,0.342156,0.368319
1,2.66920877,8.12417,6.47843,6.47843,7.18049,7.18298,7.14613,0.675519,0.673737,0.700109
1,2.745471878,8.37251,6.50533,6.50533,7.24935,7.25192,7.21474,0.803993,0.802155,0.828769
1,2.745471878,7.41463,6.50533,6.50533,7.24935,7.25192,7.21474,0.118317,0.116479,0.143093
1,2.764537655,5.67627,6.51203,6.51203,7.26656,7.26915,7.23188,-1.13838,-1.14023,-1.11355
1,2.802669209,5.8714,6.52539,6.52539,7.30099,7.30362,7.26614,-1.02335,-1.02523,-0.998401
1,2.974261201,5.92461,6.5849,6.5849,7.44765,7.4498,7.41759,-1.09024,-1.09178,-1.06872
1,2.974261201,7.62749,6.5849,6.5849,7.44765,7.4498,7.41759,0.128741,0.1272,0.150259
1,2.974261201,6.68736,6.5849,6.5849,7.44765,7.4498,7.41759,-0.544237,-0.545778,-0.52272
1,3.012392755,6.102,6.59798,6.59798,7.46914,7.47087,7.44541,-0.978649,-0.979889,-0.961659
1,3.012392755,7.98226,6.59798,6.59798,7.46914,7.47087,7.44541,0.367307,0.366068,0.384297
1,3.088655863,6.77605,6.62397,6.62397,7.49139,7.4923,7.48187,-0.512061,-0.512716,-0.505246
1,3.16491897,6.31486,6.64972,6.64972,7.48941,7.4897,7.49205,-0.840783,-0.84099,-0.842676
1,3.203050524,7.48559,6.66249,6.66249,7.48128,7.48133,7.48879,0.00308254,0.00304422,-0.00229208
1,3.241182078,8.37251,6.67521,6.67521,7.46941,7.46928,7.481,0.646465,0.646561,0.638168
1,3.241182078,8.2306,6.67521,6.67521,7.46941,7.46928,7.481,0.544884,0.54498,0.536586
1,3.241182078,6.95344,6.67521,6.67521,7.46941,7.46928,7.481,-0.369351,-0.369255,-0.377648
1,3.317445186,4.82483,6.70043,6.70043,7.43698,7.43659,7.45473,-1.86986,-1.86958,-1.88257
1,3.317445186,8.08869,6.70043,6.70043,7.43698,7.43659,7.45473,0.466516,0.466798,0.453812
1,3.317445186,7.7694,6.70043,6.70043,7.43698,7.43659,7.45473,0.237957,0.23824,0.225253
1,3.35557674,5.96009,6.71293,6.71293,7.41747,7.41699,7.43747,-1.04324,-1.0429,-1.05756
1,3.35557674,5.39246,6.71293,6.71293,7.41747,7.41699,7.43747,-1.44957,-1.44922,-1.46389
1,3.393708294,8.2306,6.72535,6.72535,7.39631,7.39578,7.41814,0.597208,0.597593,0.581583
1,3.393708294,6.95344,6.72535,6.72535,7.39631,7.39578,7.41814,-0.317027,-0.316642,-0.332652
1,3.469971401,7.55654,6.74998,6.74998,7.35034,7.34974,7.37481,0.147604,0.148034,0.130092
1,3.469971401,7.27273,6.74998,6.74998,7.35034,7.34974,7.37481,-0.0555596,-0.0551296,-0.0730712
1,3.508102955,9.15299,6.76216,6.76216,7.32601,7.3254,7.35141,1.30781,1.30825,1.28964
1,3.546234509,6.95344,6.77427,6.77427,7.30103,7.30042,7.32716,-0.248819,-0.248381,-0.267525
1,3.584366063,7.59202,6.78629,6.78629,7.27554,7.27494,7.30226,0.226544,0.226976,0.207421
1,3.698760724,8.33703,6.82179,6.82179,7.19703,7.19649,7.22485,0.816046,0.816434,0.796132
1,3.736892278,8.01774,6.83344,6.83344,7.17042,7.16991,7.19846,0.606538,0.606906,0.586464
1,3.775023832,5.49889,6.84498,6.84498,7.14367,7.14318,7.17189,-1.17738,-1.17704,-1.19758
1,3.775023832,7.00665,6.84498,6.84498,7.14367,7.14318,7.17189,-0.0980799,-0.0977336,-0.11828
1,3.813155386,4.75388,6.85642,6.85642,7.11681,7.11635,7.14516,-1.69146,-1.69114,-1.71176
1,3.889418494,8.58537,6.87898,6.87898,7.06286,7.06247,7.09141,1.08986,1.09014,1.06942
1,3.908484271,8.85144,6.88455,6.88455,7.04933,7.04897,7.07793,1.29001,1.29027,1.26954
1,3.965681602,7.37916,6.90109,6.90109,7.00871,7.0084,7.0374,0.265176,0.265398,0.244639
1,3.965681602,5.81818,6.90109,6.90109,7.00871,7.0084,7.0374,-0.852222,-0.852,-0.872759
1,3.965681602,6.63415,6.90109,6.90109,7.00871,7.0084,7.0374,-0.268127,-0.267906,-0.288665
1,4.003813155,6.84701,6.91197,6.91197,6.9816,6.98132,7.01034,-0.0963443,-0.0961491,-0.116917
1,4.003813155,6.98891,6.91197,6.91197,6.9816,6.98132,7.01034,0.00523736,0.00543253,-0.0153357
1,4.061010486,8.03548,6.92805,6.92805,6.94089,6.94067,6.96969,0.783544,0.783699,0.762927
1,4.156339371,8.26608,6.95422,6.95422,6.87297,6.87285,6.90185,0.997229,0.997315,0.976555
1,4.194470925,7.96452,6.96445,6.96445,6.84579,6.84571,6.8747,0.800823,0.800882,0.78013
1,4.232602479,7.1663,6.97455,6.97455,6.81861,6.81857,6.84754,0.248885,0.248916,0.228174
1,4.232602479,7.69845,6.97455,6.97455,6.81861,6.81857,6.84754,0.629816,0.629847,0.609105
1,4.289799809,8.07095,6.98942,6.98942,6.77783,6.77784,6.8068,0.92566,0.92565,0.904924
1,4.308865586,6.13747,6.9943,6.9943,6.76424,6.76427,6.79321,-0.448658,-0.448682,-0.469402
1,4.308865586,6.66962,6.9943,6.9943,6.76424,6.76427,6.79321,-0.0677266,-0.0677506,-0.0884705
1,4.327931363,8.26608,6.99915,6.99915,6.75064,6.75069,6.77963,1.0848,1.08476,1.06405
1,4.327931363,5.78271,6.99915,6.99915,6.75064,6.75069,6.77963,-0.69288,-0.692917,-0.713631
1,4.327931363,6.26164,6.99915,6.99915,6.75064,6.75069,6.77963,-0.350042,-0.35008,-0.370793
1,4.34699714,7.62749,7.00395,7.00395,6.73704,6.73712,6.76604,0.637414,0.637362,0.616654
1,4.385128694,6.77605,7.01345,7.01345,6.70985,6.70996,6.73887,0.0473896,0.0473103,0.0266149
1,4.423260248,6.91796,7.02279,7.02279,6.68266,6.68281,6.7117,0.168438,0.16833,0.147648
1,4.461391802,7.02439,7.03197,7.03197,6.65546,6.65565,6.68453,0.264091,0.263956,0.243286
1,4.499523356,7.52106,7.04098,7.04098,6.62827,6.62849,6.65735,0.639094,0.638931,0.618275
1,4.59485224,8.01774,7.06276,7.06276,6.56028,6.5606,6.58941,1.0433,1.04307,1.02244
1,4.652049571,7.66297,7.07529,7.07529,6.51948,6.51986,6.54865,0.818547,0.818273,0.797671
1,4.747378456,7.18404,7.09525,7.09525,6.45149,6.45197,6.4807,0.52438,0.524037,0.503469
1,4.766444233,4.36364,7.09909,7.09909,6.43789,6.43839,6.46711,-1.48482,-1.48518,-1.50574
1,4.804575786,4.75388,7.10664,7.10664,6.4107,6.41123,6.43994,-1.186,-1.18639,-1.20693
1,4.880838894,8.01774,7.12112,7.12112,6.3563,6.35692,6.38558,1.18931,1.18887,1.16835
1,4.957102002,5.07317,7.13477,7.13477,6.30191,6.3026,6.33123,-0.87957,-0.880066,-0.900559
1,4.995233556,3.5122,7.14127,7.14127,6.27471,6.27544,6.30405,-1.9775,-1.97802,-1.9985
1,4.995233556,6.88248,7.14127,7.14127,6.27471,6.27544,6.30405,0.435064,0.434541,0.414062
1,4.995233556,7.02439,7.14127,7.14127,6.27471,6.27544,6.30405,0.536646,0.536122,0.515643
1,4.995233556,7.27273,7.14127,7.14127,6.27471,6.27544,6.30405,0.714414,0.71389,0.693411
1,4.995233556,6.17295,7.14127,7.14127,6.27471,6.27544,6.30405,-0.072844,-0.0733675,-0.0938465
1,5.03336511,7.52106,7.14755,7.14755,6.24751,6.24828,6.27687,0.91165,0.911099,0.890633
1,5.03336511,5.46341,7.14755,7.14755,6.24751,6.24828,6.27687,-0.561284,-0.561835,-0.5823
1,5.071496663,5.96009,7.15361,7.15361,6.22032,6.22113,6.2497,-0.186279,-0.186858,-0.20731
1,5.147759771,7.41463,7.16504,7.16504,6.16592,6.16681,6.19534,0.893869,0.893235,0.872811
1,5.147759771,5.28603,7.16504,7.16504,6.16592,6.16681,6.19534,-0.629855,-0.63049,-0.650914
1,5.224022879,5.07317,7.17553,7.17553,6.11153,6.11249,6.14099,-0.74329,-0.743981,-0.764377
1,5.300285987,7.94678,7.18506,7.18506,6.05713,6.05818,6.08663,1.35267,1.35193,1.33156
1,5.300285987,7.20177,7.18506,7.18506,6.05713,6.05818,6.08663,0.819371,0.818625,0.798256
1,5.319351764,2.44789,7.18729,7.18729,6.04354,6.0446,6.07304,-2.57388,-2.57464,-2.595
1,5.319351764,6.56319,7.18729,7.18729,6.04354,6.0446,6.07304,0.371988,0.371228,0.350866
1,5.338417541,3.68958,7.18946,7.18946,6.02994,6.03102,6.05945,-1.67531,-1.67608,-1.69643
1,5.338417541,6.11973,7.18946,7.18946,6.02994,6.03102,6.05945,0.0642797,0.0635061,0.0431508
1,5.338417541,5.74723,7.18946,7.18946,6.02994,6.03102,6.05945,-0.202372,-0.203146,-0.223501
1,5.376549094,5.46341,7.19361,7.19361,6.00274,6.00386,6.03228,-0.386067,-0.386868,-0.40721
1,5.395614871,6.03104,7.19559,7.19559,5.98914,5.99028,6.01869,0.0299939,0.0291787,0.00884408
1,5.452812202,6.97118,7.20116,7.20116,5.94835,5.94954,5.97792,0.732175,0.731318,0.711004
1,5.452812202,4.47007,7.20116,7.20116,5.94835,5.94954,5.97792,-1.0582,-1.05906,-1.07937
1,5.510009533,7.23725,7.20614,7.20614,5.90755,5.90881,5.93715,0.951843,0.950945,0.930651
1,5.52907531,6.75831,7.20768,7.20768,5.89395,5.89523,5.92357,0.618739,0.617827,0.597541
1,5.605338418,7.62749,7.21316,7.21316,5.83956,5.84091,5.86921,1.27986,1.2789,1.25864
1,5.605338418,6.56319,7.21316,7.21316,5.83956,5.84091,5.86921,0.518,0.517034,0.496775
1,5.643469971,5.32151,7.2155,7.2155,5.81236,5.81375,5.84203,-0.351371,-0.352365,-0.37261
1,5.681601525,7.73392,7.21758,7.21758,5.78517,5.78659,5.81486,1.39498,1.39396,1.37373
1,5.681601525,5.56984,7.21758,7.21758,5.78517,5.78659,5.81486,-0.154135,-0.155156,-0.175387
1,5.738798856,3.26386,7.22021,7.22021,5.74437,5.74586,5.77409,-1.77563,-1.7767,-1.79691
1,5.757864633,6.35033,7.22095,7.22095,5.73077,5.73228,5.7605,0.4435,0.442424,0.422221
1,5.834127741,5.10865,7.22325,7.22325,5.67638,5.67796,5.70615,-0.406404,-0.407534,-0.42771
1,5.872259295,6.45676,7.224,7.224,5.64919,5.6508,5.67897,0.57809,0.576932,0.55677
1,5.929456625,0.674058,7.22462,7.22462,5.60839,5.61007,5.6382,-3.53216,-3.53336,-3.5535
1,5.929456625,5.90687,7.22462,7.22462,5.60839,5.61007,5.6382,0.213663,0.212464,0.192323
1,5.948522402,5.46341,7.22469,7.22469,5.59479,5.59649,5.62461,-0.0940456,-0.0952586,-0.115392
1,5.986653956,4.1153,7.22464,7.22464,5.5676,5.56933,5.59744,-1.0396,-1.04084,-1.06096
1,6.02478551,5.1796,7.22432,7.22432,5.5404,5.54217,5.57026,-0.258273,-0.259542,-0.279646
1,6.062917064,3.97339,7.22374,7.22374,5.51321,5.51502,5.54308,-1.10225,-1.10355,-1.12364
1,6.081982841,3.77827,7.22335,7.22335,5.49961,5.50144,5.52949,-1.23219,-1.2335,-1.25358
1,6.101048618,4.93126,7.22289,7.22289,5.48601,5.48786,5.5159,-0.397105,-0.398428,-0.418505
1,6.139180172,6.35033,7.22178,7.22178,5.45881,5.4607,5.48873,0.638179,0.636829,0.616766
1,6.139180172,6.102,7.22178,7.22178,5.45881,5.4607,5.48873,0.460411,0.459061,0.438998
1,6.234509056,5.97783,7.21787,7.21787,5.39082,5.3928,5.42078,0.420197,0.418779,0.39875
1,6.253574833,5.81818,7.21689,7.21689,5.37722,5.37922,5.4072,0.315652,0.31422,0.294198
1,6.253574833,5.00222,7.21689,7.21689,5.37722,5.37922,5.4072,-0.268442,-0.269874,-0.289896
1,6.291706387,3.90244,7.21475,7.21475,5.35003,5.35207,5.38002,-1.03623,-1.03769,-1.0577
1,6.291706387,3.6541,7.21475,7.21475,5.35003,5.35207,5.38002,-1.214,-1.21546,-1.23547
1,6.329837941,6.91796,7.21236,7.21236,5.32283,5.32491,5.35284,1.14185,1.14036,1.12036
1,6.329837941,4.15078,7.21236,7.21236,5.32283,5.32491,5.35284,-0.838997,-0.840483,-0.860477
1,6.348903718,6.4745,7.21106,7.21106,5.30923,5.31133,5.33925,0.834137,0.832637,0.812649
1,6.367969495,6.03104,7.20971,7.20971,5.29564,5.29775,5.32566,0.526428,0.524915,0.504934
1,6.406101049,4.64745,7.20682,7.20682,5.26844,5.27059,5.29849,-0.444525,-0.446065,-0.466033
1,6.406101049,4.43459,7.20682,7.20682,5.26844,5.27059,5.29849,-0.596897,-0.598438,-0.618405
1,6.444232602,7.13082,7.20368,7.20368,5.24124,5.24343,5.27131,1.35262,1.35105,1.3311
1,6.444232602,2.98004,7.20368,7.20368,5.24124,5.24343,5.27131,-1.61864,-1.62021,-1.64016
1,6.52049571,4.15078,7.19669,7.19669,5.18685,5.18912,5.21695,-0.741655,-0.743279,-0.763205
1,6.52049571,4.96674,7.19669,7.19669,5.18685,5.18912,5.21695,-0.157561,-0.159184,-0.179111
1,6.596758818,4.29268,7.18876,7.18876,5.13246,5.1348,5.1626,-0.601138,-0.602816,-0.622715
1,6.615824595,5.25055,7.18664,7.18664,5.11886,5.12122,5.14901,0.0942726,0.0925806,0.0726884
1,6.634890372,5.03769,7.18445,7.18445,5.10526,5.10764,5.13542,-0.0483657,-0.0500715,-0.0699568
1,6.673021926,5.60532,7.17992,7.17992,5.07806,5.08048,5.10824,0.377429,0.375696,0.355824
1,6.749285033,3.58315,7.1702,7.1702,5.02367,5.02617,5.05389,-1.03117,-1.03296,-1.05281
1,6.787416587,4.5765,7.16502,7.16502,4.99647,4.99901,5.02671,-0.300632,-0.302449,-0.32228
1,6.787416587,5.00222,7.16502,7.16502,4.99647,4.99901,5.02671,0.0041126,0.00229568,-0.0175347
1,6.863679695,5.92461,7.15404,7.15404,4.94208,4.94469,4.97236,0.70333,0.701457,0.681655
1,6.882745472,4.77162,7.15117,7.15117,4.92848,4.93112,4.95877,-0.112287,-0.114174,-0.133969
1,6.95900858,5.12639,7.13919,7.13919,4.87409,4.8768,4.90441,0.180604,0.178661,0.158894
1,6.978074357,2.60754,7.13608,7.13608,4.86049,4.86322,4.89083,-1.61274,-1.61469,-1.63445
1,6.978074357,6.06652,7.13608,7.13608,4.86049,4.86322,4.89083,0.863316,0.861359,0.841599
1,6.978074357,4.00887,7.13608,7.13608,4.86049,4.86322,4.89083,-0.609617,-0.611574,-0.631334
1,6.978074357,3.90244,7.13608,7.13608,4.86049,4.86322,4.89083,-0.685803,-0.687761,-0.70752
1,6.978074357,3.68958,7.13608,7.13608,4.86049,4.86322,4.89083,-0.838176,-0.840133,-0.859893
1,7.01620591,5.55211,7.12971,7.12971,4.83329,4.83606,4.86365,0.514551,0.512566,0.49282
1,7.01620591,3.49446,7.12971,7.12971,4.83329,4.83606,4.86365,-0.958382,-0.960367,-0.980113
1,7.054337464,3.83149,7.12316,7.12316,4.8061,4.80891,4.83647,-0.697658,-0.69967,-0.719403
1,7.092469018,5.33925,7.11643,7.11643,4.7789,4.78175,4.8093,0.401115,0.399075,0.379356
1,7.092469018,4.64745,7.11643,7.11643,4.7789,4.78175,4.8093,-0.0940952,-0.0961355,-0.115854
1,7.20686368,3.40576,7.09521,7.09521,4.69731,4.70028,4.72776,-0.92453,-0.926653,-0.946331
1,7.244995234,3.22838,7.08781,7.08781,4.67011,4.67312,4.70059,-1.03204,-1.03419,-1.05385
1,7.244995234,5.97783,7.08781,7.08781,4.67011,4.67312,4.70059,0.936105,0.933954,0.91429
1,7.283126787,3.86696,7.08025,7.08025,4.64292,4.64596,4.67341,-0.555454,-0.557632,-0.577282
1,7.321258341,2.87361,7.07253,7.07253,4.61572,4.6188,4.64623,-1.24706,-1.24926,-1.2689
1,7.321258341,5.32151,7.07253,7.07253,4.61572,4.6188,4.64623,0.505226,0.503021,0.483383
1,7.321258341,4.25721,7.07253,7.07253,4.61572,4.6188,4.64623,-0.256637,-0.258841,-0.278479
1,7.321258341,3.97339,7.07253,7.07253,4.61572,4.6188,4.64623,-0.4598,-0.462005,-0.481642
1,7.359389895,3.72506,7.06467,7.06467,4.58852,4.59164,4.61906,-0.6181,-0.620332,-0.639956
1,7.359389895,4.7184,7.06467,7.06467,4.58852,4.59164,4.61906,0.0929716,0.0907391,0.0711156
1,7.397521449,4.07982,7.05665,7.05665,4.56133,4.56449,4.59188,-0.344678,-0.346938,-0.366548
1,7.435653003,3.97339,7.0485,7.0485,4.53413,4.53733,4.5647,-0.401396,-0.403684,-0.42328
1,7.473784557,3.29933,7.04021,7.04021,4.50694,4.51017,4.53753,-0.864441,-0.866757,-0.886339
1,7.473784557,5.88914,7.04021,7.04021,4.50694,4.51017,4.53753,0.989424,0.987108,0.967526
1,7.511916111,3.86696,7.03179,7.03179,4.47974,4.48301,4.51035,-0.438647,-0.44099,-0.460558
1,7.607244995,1.04656,7.01016,7.01016,4.41175,4.41512,4.44241,-2.40891,-2.41132,-2.43086
1,7.607244995,2.55432,7.01016,7.01016,4.41175,4.41512,4.44241,-1.32961,-1.33202,-1.35155
1,7.626310772,4.1153,7.00574,7.00574,4.39815,4.40154,4.42882,-0.202476,-0.204901,-0.224429
1,7.626310772,3.97339,7.00574,7.00574,4.39815,4.40154,4.42882,-0.304057,-0.306483,-0.326011
1,7.664442326,4.7184,6.99681,6.99681,4.37096,4.37438,4.40164,0.248714,0.246261,0.226747
1,7.740705434,3.58315,6.97862,6.97862,4.31657,4.32007,4.34729,-0.525005,-0.527513,-0.546999
1,7.740705434,5.35698,6.97862,6.97862,4.31657,4.32007,4.34729,0.744765,0.742258,0.722771
1,7.778836988,3.22838,6.96935,6.96935,4.28937,4.29291,4.32012,-0.759492,-0.762027,-0.781499
1,7.797902765,4.27494,6.96468,6.96468,4.27577,4.27933,4.30653,-0.000593358,-0.00314264,-0.0226081
1,7.912297426,5.42794,6.93611,6.93611,4.19419,4.19786,4.225,0.88316,0.880527,0.861103
1,7.931363203,4.86031,6.93126,6.93126,4.18059,4.18429,4.21141,0.486567,0.48392,0.464503
1,7.969494757,0.461197,6.9215,6.9215,4.15339,4.15713,4.18424,-2.643,-2.64567,-2.66507
1,7.969494757,3.44124,6.9215,6.9215,4.15339,4.15713,4.18424,-0.509782,-0.512457,-0.53186
1,7.969494757,2.83814,6.9215,6.9215,4.15339,4.15713,4.18424,-0.941504,-0.944178,-0.963582
1,7.988560534,1.54324,6.91658,6.91658,4.1398,4.14355,4.17065,-1.8587,-1.86139,-1.88079
1,8.007626311,3.33481,6.91164,6.91164,4.1262,4.12997,4.15706,-0.566501,-0.569203,-0.588593
1,8.026692088,4.55876,6.90668,6.90668,4.1126,4.1164,4.14347,0.319374,0.316658,0.297275
1,8.083889418,3.86696,6.89167,6.89167,4.07181,4.07566,4.10271,-0.146636,-0.149394,-0.168756
1,8.083889418,2.55432,6.89167,6.89167,4.07181,4.07566,4.10271,-1.08627,-1.08902,-1.10839
1,8.141086749,1.38359,6.87647,6.87647,4.03102,4.03493,4.06195,-1.89511,-1.89791,-1.91725
1,8.160152526,1.84479,6.87137,6.87137,4.01742,4.02135,4.04836,-1.55524,-1.55805,-1.57739
1,8.236415634,4.00887,6.85075,6.85075,3.96303,3.96704,3.99401,0.0328127,0.029943,0.0106369
1,8.236415634,2.16408,6.85075,6.85075,3.96303,3.96704,3.99401,-1.28775,-1.29062,-1.30992
1,8.236415634,4.7184,6.85075,6.85075,3.96303,3.96704,3.99401,0.540721,0.537851,0.518545
1,8.312678742,2.98004,6.82984,6.82984,3.90864,3.91273,3.93966,-0.664721,-0.667647,-0.686925
1,8.312678742,5.25055,6.82984,6.82984,3.90864,3.91273,3.93966,0.960584,0.957659,0.938381
1,8.331744519,1.20621,6.82457,6.82457,3.89505,3.89915,3.92607,-1.92476,-1.9277,-1.94697
1,8.350810296,4.00887,6.81928,6.81928,3.88145,3.88557,3.91249,0.0912114,0.0882584,0.0689939
1,8.350810296,3.47672,6.81928,6.81928,3.88145,3.88557,3.91249,-0.28972,-0.292673,-0.311937
1,8.369876072,2.80266,6.81398,6.81398,3.86785,3.872,3.8989,-0.762499,-0.765466,-0.784724
1,8.408007626,2.19956,6.80332,6.80332,3.84066,3.84484,3.87173,-1.17476,-1.17775,-1.19699
1,8.465204957,2.30599,6.78722,6.78722,3.79987,3.80411,3.83097,-1.06937,-1.07241,-1.09163
1,8.465204957,5.32151,6.78722,6.78722,3.79987,3.80411,3.83097,1.08924,1.0862,1.06698
1,8.503336511,2.44789,6.77641,6.77641,3.77268,3.77696,3.80379,-0.948324,-0.951387,-0.970597
1,8.579599619,2.94457,6.75461,6.75461,3.71829,3.72265,3.74945,-0.553859,-0.556977,-0.576159
1,8.598665396,2.23503,6.74913,6.74913,3.7047,3.70907,3.73586,-1.05203,-1.05517,-1.07434
1,8.617731173,3.5122,6.74363,6.74363,3.6911,3.6955,3.72227,-0.128068,-0.131213,-0.150381
1,8.617731173,2.76718,6.74363,6.74363,3.6911,3.6955,3.72227,-0.661371,-0.664517,-0.683685
1,8.732125834,5.62306,6.71038,6.71038,3.60953,3.61404,3.64076,1.44135,1.43812,1.419
1,8.751191611,3.08647,6.70479,6.70479,3.59594,3.60046,3.62717,-0.36469,-0.36793,-0.38705
1,8.808388942,3.90244,6.68796,6.68796,3.55515,3.55974,3.58642,0.248599,0.245318,0.226219
1,8.88465205,6.66962,6.66537,6.66537,3.50077,3.50544,3.53208,2.26837,2.26503,2.24596
1,8.903717827,7.02439,6.65969,6.65969,3.48718,3.49186,3.51849,2.53205,2.5287,2.50964
1,8.94184938,1.54324,6.64831,6.64831,3.45999,3.46471,3.49132,-1.37208,-1.37546,-1.3945
1,8.979980934,2.55432,6.63689,6.63689,3.4328,3.43756,3.46415,-0.628846,-0.632252,-0.651287
1,8.979980934,5.28603,6.63689,6.63689,3.4328,3.43756,3.46415,1.3266,1.32319,1.30416
1,9.037178265,1.17073,6.61968,6.61968,3.39202,3.39684,3.4234,-1.59007,-1.59352,-1.61254
1,9.075309819,4.15078,6.60817,6.60817,3.36484,3.36969,3.39624,0.562601,0.559124,0.540124
1,9.151572927,3.68958,6.58502,6.58502,3.31047,3.3154,3.34191,0.27138,0.267847,0.248876
1,9.151572927,1.38359,6.58502,6.58502,3.31047,3.3154,3.34191,-1.37932,-1.38285,-1.40183
1,9.208770257,1.11752,6.56758,6.56758,3.26969,3.27469,3.30116,-1.5406,-1.54417,-1.56312
1,9.246901811,1.72062,6.55591,6.55591,3.24251,3.24754,3.27399,-1.08942,-1.09302,-1.11196
1,9.304099142,4.15078,6.53834,6.53834,3.20174,3.20683,3.23325,0.679351,0.675708,0.656794
1,9.304099142,2.94457,6.53834,6.53834,3.20174,3.20683,3.23325,-0.184093,-0.187736,-0.206649
1,9.304099142,2.73171,6.53834,6.53834,3.20174,3.20683,3.23325,-0.336465,-0.340108,-0.359022
1,9.304099142,1.88027,6.53834,6.53834,3.20174,3.20683,3.23325,-0.945955,-0.949598,-0.968512
1,9.342230696,3.40576,6.5266,6.5266,3.17456,3.17969,3.20609,0.165503,0.161833,0.142934
1,9.342230696,2.51885,6.5266,6.5266,3.17456,3.17969,3.20609,-0.469382,-0.473052,-0.491952
1,9.456625357,4.39911,6.49119,6.49119,3.09303,3.09827,3.12461,0.934938,0.931184,0.912328
1,9.475691134,1.91574,6.48526,6.48526,3.07944,3.0847,3.11104,-0.833014,-0.836782,-0.85563
1,9.532888465,2.76718,6.46745,6.46745,3.03868,3.044,3.0703,-0.194347,-0.198156,-0.216982
1,9.571020019,1.0643,6.45554,6.45554,3.01151,3.01687,3.04315,-1.39388,-1.39771,-1.41652
1,9.571020019,1.73836,6.45554,6.45554,3.01151,3.01687,3.04315,-0.911364,-0.9152,-0.934012
1,9.609151573,0.248337,6.44361,6.44361,2.98434,2.98974,3.016,-1.95852,-1.96239,-1.98118
1,9.666348904,2.02217,6.42567,6.42567,2.94359,2.94904,2.97527,-0.65958,-0.663485,-0.68226
1,9.723546235,3.58315,6.40768,6.40768,2.90284,2.90836,2.93455,0.486986,0.483039,0.464287
1,9.742612011,4.54102,6.40167,6.40167,2.88926,2.89479,2.92098,1.18238,1.17842,1.15968
1,9.818875119,4.20399,6.3776,6.3776,2.83494,2.84055,2.86669,0.980011,0.975996,0.957282
1,9.87607245,4.96674,6.35949,6.35949,2.79421,2.79988,2.82599,1.55517,1.55111,1.53242
1,9.971401335,7.21951,6.32921,6.32921,2.72633,2.7321,2.75815,3.21637,3.21224,3.19359
1,9.990467112,3.1929,6.32314,6.32314,2.71276,2.71854,2.74459,0.343703,0.339563,0.320921
1,10.06673022,1.84479,6.29883,6.29883,2.65848,2.66434,2.69034,-0.582466,-0.58666,-0.60527
1,10.06673022,2.94457,6.29883,6.29883,2.65848,2.66434,2.69034,0.204792,0.200597,0.181987
1,10.14299333,1.02882,6.27445,6.27445,2.60421,2.61015,2.6361,-1.12771,-1.13196,-1.15054
1,10.21925643,1.41907,6.25001,6.25001,2.54996,2.55597,2.58188,-0.809532,-0.813833,-0.832377
1,10.21925643,1.91574,6.25001,6.25001,2.54996,2.55597,2.58188,-0.453997,-0.458297,-0.476842
1,10.29551954,2.62528,6.22552,6.22552,2.49573,2.50182,2.52768,0.0927318,0.0883778,0.0698668
1,10.3336511,0.31929,6.21325,6.21325,2.46863,2.47475,2.50058,-1.53857,-1.54295,-1.56144
1,10.3336511,0.709534,6.21325,6.21325,2.46863,2.47475,2.50058,-1.25922,-1.2636,-1.28209
1,10.3336511,1.84479,6.21325,6.21325,2.46863,2.47475,2.50058,-0.446563,-0.450943,-0.469437
1,10.3336511,2.80266,6.21325,6.21325,2.46863,2.47475,2.50058,0.239113,0.234733,0.216239
1,10.37178265,2.30599,6.20097,6.20097,2.44152,2.44768,2.47349,-0.097022,-0.101429,-0.119906
1,10.4099142,2.73171,6.18868,6.18868,2.41443,2.42062,2.44641,0.227119,0.222685,0.204226
1,10.44804576,3.4235,6.17637,6.17637,2.38734,2.39357,2.41933,0.74172,0.737259,0.718819
1,10.44804576,2.02217,6.17637,6.17637,2.38734,2.39357,2.41933,-0.261398,-0.265859,-0.284299
1,10.56244042,0,6.13939,6.13939,2.30611,2.31246,2.33814,-1.65079,-1.65533,-1.67372
1,10.60057197,3.29933,6.12704,6.12704,2.27906,2.28544,2.31109,0.730349,0.725782,0.707416
1,10.60057197,1.73836,6.12704,6.12704,2.27906,2.28544,2.31109,-0.387049,-0.391616,-0.409982
1,10.67683508,2.98004,6.10232,6.10232,2.22497,2.23142,2.25702,0.54051,0.53589,0.517564
1,10.71496663,1.73836,6.08994,6.08994,2.19794,2.20443,2.23,-0.32898,-0.333626,-0.351932
1,10.73403241,3.37029,6.08374,6.08374,2.18442,2.19093,2.21649,0.84888,0.844221,0.825926
1,10.81029552,3.1929,6.05895,6.05895,2.13041,2.13699,2.16249,0.760569,0.75586,0.737606
1,10.88655863,6.42129,6.03412,6.03412,2.07644,2.08309,2.10853,3.11018,3.10542,3.08721
1,10.9056244,3.051,6.02791,6.02791,2.06296,2.06963,2.09505,0.707269,0.702496,0.684298
1,10.94375596,0.390244,6.01548,6.01548,2.03601,2.04271,2.0681,-1.17809,-1.18289,-1.20106
1,10.94375596,1.02882,6.01548,6.01548,2.03601,2.04271,2.0681,-0.720975,-0.725772,-0.743947
1,10.96282173,1.27716,6.00926,6.00926,2.02254,2.02926,2.05463,-0.533564,-0.538374,-0.556536
1,11.05815062,2.23503,5.97814,5.97814,1.95524,1.96205,1.98733,0.200284,0.195412,0.177312
1,11.05815062,1.95122,5.97814,5.97814,1.95524,1.96205,1.98733,-0.00287876,-0.00775143,-0.0258511
1,11.09628217,0.177384,5.96567,5.96567,1.92836,1.9352,1.96044,-1.2534,-1.2583,-1.27637
1,11.13441373,2.19956,5.95321,5.95321,1.90149,1.90836,1.93357,0.213366,0.208446,0.190399
1,11.22974261,2.53659,5.92201,5.92201,1.83442,1.84137,1.86649,0.502632,0.497656,0.479679
1,11.24880839,0.603104,5.91576,5.91576,1.82103,1.82799,1.85309,-0.871829,-0.876816,-0.894778
1,11.30600572,4.38137,5.89702,5.89702,1.78088,1.78789,1.81292,1.86152,1.8565,1.83859
1,11.3250715,0,5.89077,5.89077,1.76751,1.77454,1.79954,-1.26524,-1.27027,-1.28817
1,11.3250715,0.886918,5.89077,5.89077,1.76751,1.77454,1.79954,-0.630355,-0.635386,-0.653287
1,11.3250715,2.80266,5.89077,5.89077,1.76751,1.77454,1.79954,0.740997,0.735966,0.718065
1,11.36320305,1.45455,5.87826,5.87826,1.74079,1.74785,1.77281,-0.204904,-0.209955,-0.227824
1,11.4013346,1.0643,5.86575,5.86575,1.7141,1.72119,1.74611,-0.46515,-0.470222,-0.488058
1,11.43946616,1.59645,5.85323,5.85323,1.68745,1.69456,1.71943,-0.0651384,-0.0702306,-0.0880324
1,11.55386082,0.957871,5.81565,5.81565,1.6077,1.61489,1.63961,-0.465168,-0.470318,-0.488009
1,11.59199237,1.24169,5.80311,5.80311,1.5812,1.58841,1.61307,-0.243033,-0.248201,-0.265851
1,11.59199237,4.39911,5.80311,5.80311,1.5812,1.58841,1.61307,2.01716,2.01199,1.99434
1,11.63012393,2.87361,5.79057,5.79057,1.55473,1.56198,1.58658,0.944098,0.938912,0.921303
1,11.74451859,2.55432,5.75292,5.75292,1.47564,1.48296,1.50736,0.772157,0.766921,0.749449
1,11.8207817,1.70288,5.72779,5.72779,1.42318,1.43054,1.45481,0.200219,0.194954,0.177582
1,11.87797903,6.31486,5.70894,5.70894,1.384,1.39138,1.41554,3.52967,3.52439,3.50709
1,11.8970448,1.80931,5.70266,5.70266,1.37097,1.37836,1.40248,0.31378,0.308489,0.291226
1,11.93517636,0.425721,5.69008,5.69008,1.34497,1.35237,1.37641,-0.658027,-0.663329,-0.680534
1,11.97330791,0.141907,5.6775,5.6775,1.31904,1.32646,1.35041,-0.842629,-0.847942,-0.865086
1,11.97330791,0.993348,5.6775,5.6775,1.31904,1.32646,1.35041,-0.233139,-0.238452,-0.255596
1,12.01143947,0.283814,5.66492,5.66492,1.29319,1.30062,1.32448,-0.722541,-0.727865,-0.744945
1,12.04957102,0.815965,5.65233,5.65233,1.26742,1.27486,1.29863,-0.323163,-0.328495,-0.345509
1,12.12583413,0.815965,5.62715,5.62715,1.21614,1.22361,1.24718,-0.28646,-0.291806,-0.308677
1,12.16396568,1.09978,5.61456,5.61456,1.19065,1.19812,1.22159,-0.0650478,-0.070399,-0.0871934
1,12.27836034,1.88027,5.57675,5.57675,1.11481,1.12229,1.1454,0.547942,0.542584,0.526038
1,12.3164919,0.10643,5.56415,5.56415,1.08976,1.09724,1.12023,-0.703898,-0.709256,-0.725711
1,12.3164919,0.851441,5.56415,5.56415,1.08976,1.09724,1.12023,-0.170595,-0.175953,-0.192407
1,12.3164919,1.41907,5.56415,5.56415,1.08976,1.09724,1.12023,0.235732,0.230374,0.213919
1,12.43088656,1.34812,5.52631,5.52631,1.01541,1.02287,1.04544,0.238164,0.23282,0.216662
1,12.46901811,0.780488,5.51369,5.51369,0.990909,0.998364,1.02079,-0.150627,-0.155963,-0.172013
1,12.58341277,0.266075,5.47583,5.47583,0.918388,0.925792,0.94772,-0.466947,-0.472247,-0.487944
1,12.58341277,2.87361,5.47583,5.47583,0.918388,0.925792,0.94772,1.39962,1.39432,1.37862
1,12.60247855,4.87805,5.46952,5.46952,0.906453,0.913847,0.935686,2.843,2.83771,2.82207
1,12.73593899,2.23503,5.42531,5.42531,0.824267,0.831561,0.852725,1.00987,1.00465,0.989502
1,12.8122021,1.56098,5.40004,5.40004,0.778471,0.785689,0.806423,0.560142,0.554976,0.540134
1,12.92659676,1.63193,5.36212,5.36212,0.711578,0.718651,0.738676,0.658818,0.653754,0.63942
1,12.96472831,4.32816,5.34948,5.34948,0.6898,0.696817,0.716588,2.60446,2.59944,2.58528
1,12.96472831,1.27716,5.34948,5.34948,0.6898,0.696817,0.716588,0.420453,0.41543,0.401278
1,13.04099142,0.674058,5.32419,5.32419,0.647084,0.653976,0.673213,0.0193088,0.0143752,0.000604517
1,13.15538608,1.73836,5.28624,5.28624,0.585265,0.591942,0.610309,0.825423,0.820643,0.807495
1,13.19351764,1.9867,5.27359,5.27359,0.565301,0.571897,0.589958,1.01748,1.01276,0.999832
1,13.26978074,0.745011,5.24828,5.24828,0.526394,0.532816,0.550238,0.156493,0.151896,0.139425
1,13.3079123,0.0709534,5.23563,5.23563,0.50747,0.513799,0.53089,-0.312473,-0.317004,-0.329238
1,13.34604385,0.567627,5.22297,5.22297,0.488911,0.495143,0.511895,0.0563482,0.0518867,0.0398951
1,13.49857007,1.09978,5.17233,5.17233,0.418483,0.42429,0.43962,0.487694,0.483537,0.472563
1,13.53670162,0.709534,5.15966,5.15966,0.401864,0.407556,0.422517,0.22024,0.216166,0.205456
1,13.57483317,1.70288,5.147,5.147,0.385653,0.391227,0.405814,0.942916,0.938926,0.928485
1,13.61296473,4.1153,5.13434,5.13434,0.369854,0.375307,0.389516,2.68111,2.67721,2.66704
1,13.89895138,2.46563,5.03932,5.03932,0.2648,0.269286,0.280599,1.57543,1.57222,1.56412
1,13.99428027,4.89579,5.00764,5.00764,0.235075,0.239225,0.249584,3.33629,3.33332,3.32591
1,13.99428027,1.27716,5.00764,5.00764,0.235075,0.239225,0.249584,0.74596,0.74299,0.735574
1,14.0514776,1.91574,4.98862,4.98862,0.218486,0.222435,0.232233,1.21495,1.21213,1.20511
1,14.2993327,0.886918,4.90622,4.90622,0.156907,0.160017,0.167531,0.522566,0.52034,0.514961
1,14.2993327,0.638581,4.90622,4.90622,0.156907,0.160017,0.167531,0.344798,0.342572,0.337193
1,14.37559581,1.0643,4.88086,4.88086,0.141121,0.143989,0.150863,0.660843,0.65879,0.653869
1,14.45185891,1.27716,4.8555,4.8555,0.1267,0.129337,0.135605,0.823538,0.821651,0.817164
1,14.48999047,0.425721,4.84282,4.84282,0.119978,0.122503,0.128482,0.218861,0.217053,0.212773
1,14.56625357,0.709534,4.81746,4.81746,0.107458,0.109769,0.115196,0.430986,0.429332,0.425447
1,14.60438513,1.84479,4.80477,4.80477,0.101641,0.103849,0.109015,1.2478,1.24622,1.24252
1,14.60438513,1.9867,4.80477,4.80477,0.101641,0.103849,0.109015,1.34938,1.3478,1.34411
1,14.90943756,1.27716,4.70329,4.70329,0.0643754,0.0658781,0.0692808,0.868153,0.867077,0.864641
1,15.02383222,0.638581,4.66523,4.66523,0.0540047,0.0552944,0.0581792,0.418459,0.417536,0.415471
1,15.36701621,0.10643,4.55103,4.55103,0.031555,0.0323537,0.0340751,0.0535981,0.0530264,0.0517941
1,15.40514776,0.638581,4.53834,4.53834,0.0297035,0.0304596,0.0320826,0.435855,0.435313,0.434152
1,15.55767398,0.496674,4.48758,4.48758,0.0232946,0.0239004,0.0251796,0.338861,0.338427,0.337511
1,15.90085796,1.13525,4.37335,4.37335,0.0134109,0.0137744,0.0145153,0.803053,0.802793,0.802262
1,15.97712107,0.567627,4.34797,4.34797,0.0118536,0.0121771,0.0128327,0.397841,0.39761,0.39714
1,16.01525262,0.674058,4.33528,4.33528,0.0111433,0.0114484,0.012065,0.474536,0.474318,0.473876
1,16.2821735,1.09978,4.24642,4.24642,0.00722092,0.00742475,0.00782372,0.782089,0.781943,0.781657
1,16.32030505,1.31264,4.23373,4.23373,0.00678596,0.00697833,0.00735312,0.934772,0.934635,0.934366
1,16.47283127,0.922395,4.18295,4.18295,0.0052913,0.00544381,0.00573553,0.656493,0.656384,0.656175
1,16.54909438,0.141907,4.15756,4.15756,0.00467164,0.0048074,0.00506471,0.0982375,0.0981403,0.0979561
1,16.62535748,0,4.13217,4.13217,0.00412425,0.00424498,0.00447195,-0.00295228,-0.00303869,-0.00320117
1,16.89227836,0.851441,4.0433,4.0433,0.00266512,0.002745,0.002891,0.607582,0.607525,0.60742
1,17.04480458,1.0643,3.99252,3.99252,0.00207607,0.00213891,0.00225246,0.760376,0.760331,0.76025
1,17.57864633,0.425721,3.81479,3.81479,0.000865162,0.000893464,0.000939361,0.304126,0.304105,0.304072
1,18.03622498,2.37694,3.66244,3.66244,0.000408279,0.000421705,0.00044356,1.7012,1.70119,1.70117
1,19.04671115,1.56098,3.32605,3.32605,7.7617e-05,8.01505e-05,8.4515e-05,1.11734,1.11734,1.11734
2,0.000224299,0.556237,5.47876,5.47876,5.47626,5.47885,5.4816,-3.52191,-3.52377,-3.52574
2,0.045084112,2.87935,5.496,5.496,5.46417,5.46676,5.46953,-1.8503,-1.85216,-1.85414
2,0.067514019,2.97751,5.50462,5.50462,5.45812,5.46072,5.46349,-1.77571,-1.77756,-1.77955
2,0.134803738,4.05726,5.53046,5.53046,5.43999,5.44258,5.44538,-0.989806,-0.991658,-0.993663
2,0.157233645,3.27198,5.53907,5.53907,5.43395,5.43653,5.43934,-1.54761,-1.54946,-1.55147
2,0.269383178,3.40286,5.5821,5.5821,5.40373,5.40631,5.40916,-1.43229,-1.43413,-1.43617
2,0.426392523,2.01227,5.64226,5.64226,5.36143,5.364,5.36691,-2.39744,-2.39928,-2.40136
2,0.426392523,4.13906,5.64226,5.64226,5.36143,5.364,5.36691,-0.875011,-0.87685,-0.878933
2,0.51611215,4.90798,5.6766,5.6766,5.33725,5.33982,5.34276,-0.307292,-0.309126,-0.311234
2,0.650691589,3.81186,5.72803,5.72803,5.30099,5.30355,5.30654,-1.06597,-1.0678,-1.06994
2,0.650691589,3.5501,5.72803,5.72803,5.30099,5.30355,5.30654,-1.25335,-1.25517,-1.25732
2,0.673121495,2.86299,5.73659,5.73659,5.29495,5.2975,5.30051,-1.74088,-1.74271,-1.74486
2,0.762841121,3.09202,5.77082,5.77082,5.27078,5.27332,5.27636,-1.55962,-1.56145,-1.56362
2,0.807700935,5.51329,5.78792,5.78792,5.25869,5.26123,5.26429,0.182253,0.180432,0.178246
2,0.897420561,4.25358,5.82208,5.82208,5.23452,5.23705,5.24014,-0.702187,-0.704004,-0.706214
2,0.9198504669999999,3.01022,5.83061,5.83061,5.22847,5.23101,5.2341,-1.58789,-1.58971,-1.59193
2,0.9198504669999999,4.79346,5.83061,5.83061,5.22847,5.23101,5.2341,-0.311399,-0.313215,-0.31543
2,0.96471028,5.97137,5.84766,5.84766,5.21639,5.21892,5.22203,0.540443,0.538629,0.536402
2,0.96471028,4.98978,5.84766,5.84766,5.21639,5.21892,5.22203,-0.162215,-0.164029,-0.166256
2,0.9871401869999999,3.51738,5.85618,5.85618,5.21034,5.21287,5.21599,-1.21188,-1.21369,-1.21592
2,0.9871401869999999,4.07362,5.85618,5.85618,5.21034,5.21287,5.21599,-0.813703,-0.815516,-0.81775
2,1.054429907,3.3865,5.88173,5.88173,5.19221,5.19474,5.19788,-1.29259,-1.2944,-1.29665
2,1.121719626,3.1411,5.90724,5.90724,5.17408,5.1766,5.17978,-1.45527,-1.45708,-1.45935
2,1.211439252,4.30266,5.9412,5.9412,5.14991,5.15243,5.15563,-0.606488,-0.608291,-0.610585
2,1.278728972,5.20245,5.96663,5.96663,5.13178,5.13429,5.13752,0.0505932,0.0487937,0.0464823
2,1.323588785,5.48057,5.98356,5.98356,5.11969,5.1222,5.12545,0.258332,0.256535,0.254211
2,1.346018692,4.10634,5.99202,5.99202,5.11365,5.11616,5.11941,-0.721063,-0.72286,-0.725189
2,1.390878505,7.00204,6.00892,6.00892,5.10156,5.10407,5.10734,1.36043,1.35864,1.35629
2,1.413308411,5.10429,6.01737,6.01737,5.09551,5.09802,5.1013,0.00628484,0.00449149,0.00214367
2,1.435738318,7.62372,6.02581,6.02581,5.08947,5.09197,5.09526,1.8141,1.81231,1.80995
2,1.480598131,5.79141,6.04267,6.04267,5.07738,5.07988,5.08319,0.511124,0.509334,0.506968
2,1.480598131,5.62781,6.04267,6.04267,5.07738,5.07988,5.08319,0.394015,0.392224,0.389858
2,1.503028037,4.76074,6.05109,6.05109,5.07134,5.07384,5.07715,-0.222341,-0.22413,-0.226502
2,1.660037383,6.11861,6.1099,6.1099,5.02904,5.03152,5.0349,0.779953,0.778171,0.775757
2,1.660037383,4.92434,6.1099,6.1099,5.02904,5.03152,5.0349,-0.0749474,-0.0767295,-0.0791441
2,1.727327103,4.05726,6.13502,6.13502,5.0109,5.01339,5.01679,-0.682651,-0.68443,-0.686862
2,1.817046729,6.51125,6.16841,6.16841,4.98673,4.98921,4.99264,1.0913,1.08952,1.08707
2,1.884336449,5.07157,6.19338,6.19338,4.9686,4.97108,4.97453,0.0737119,0.0719401,0.0694657
2,1.929196262,3.58282,6.20999,6.20999,4.95651,4.95899,4.96246,-0.983334,-0.985104,-0.98759
2,1.951626168,6.31493,6.21828,6.21828,4.95047,4.95294,4.95642,0.976724,0.974955,0.972463
2,1.974056075,5.62781,6.22657,6.22657,4.94443,4.9469,4.95039,0.489189,0.487421,0.484923
2,1.996485981,1.68507,6.23484,6.23484,4.93838,4.94085,4.94435,-2.32883,-2.3306,-2.3331
2,2.041345794,6.72393,6.25137,6.25137,4.9263,4.92876,4.93228,1.2868,1.28504,1.28252
2,2.131065421,4.97342,6.28433,6.28433,4.90212,4.90458,4.90813,0.051033,0.0492726,0.0467321
2,2.153495327,6.21677,6.29254,6.29254,4.89608,4.89854,4.9021,0.945393,0.943633,0.941087
2,2.175925234,6.49489,6.30075,6.30075,4.89004,4.89249,4.89606,1.14881,1.14705,1.14449
2,2.243214953,2.94479,6.32531,6.32531,4.87191,4.87436,4.87795,-1.3795,-1.38125,-1.38382
2,2.310504673,4.23722,6.34978,6.34978,4.85378,4.85622,4.85984,-0.441352,-0.443104,-0.445693
2,2.377794393,5.12065,6.37415,6.37415,4.83565,4.83809,4.84173,0.204019,0.20227,0.199663
2,2.422654206,3.58282,6.39034,6.39034,4.82356,4.826,4.82966,-0.88816,-0.889907,-0.892526
2,2.422654206,7.80368,6.39034,6.39034,4.82356,4.826,4.82966,2.13327,2.13152,2.1289
2,2.422654206,5.21881,6.39034,6.39034,4.82356,4.826,4.82966,0.282937,0.28119,0.278571
2,2.512373832,4.95706,6.42258,6.42258,4.79938,4.80182,4.80551,0.112866,0.111123,0.10848
2,2.534803738,7.0184,6.43061,6.43061,4.79334,4.79577,4.79948,1.59277,1.59103,1.58838
2,2.534803738,5.62781,6.43061,6.43061,4.79334,4.79577,4.79948,0.597341,0.595599,0.592951
2,2.534803738,4.51534,6.43061,6.43061,4.79334,4.79577,4.79948,-0.199005,-0.200746,-0.203395
2,2.669383178,5.54601,6.47849,6.47849,4.75708,4.75951,4.76326,0.564743,0.563007,0.560322
2,2.669383178,5.05521,6.47849,6.47849,4.75708,4.75951,4.76326,0.213414,0.211678,0.208993
2,2.669383178,4.35174,6.47849,6.47849,4.75708,4.75951,4.76326,-0.290158,-0.291894,-0.294579
2,2.736672897,3.48466,6.50223,6.50223,4.73895,4.74137,4.74515,-0.897861,-0.899594,-0.902297
2,2.826392523,5.95501,6.53367,6.53367,4.71478,4.71719,4.721,0.8878,0.886071,0.883343
2,2.91611215,3.10838,6.56485,6.56485,4.6906,4.69301,4.69686,-1.1326,-1.13433,-1.13708
2,2.91611215,5.75869,6.56485,6.56485,4.6906,4.69301,4.69686,0.764572,0.762848,0.760096
2,2.960971963,5.05521,6.58033,6.58033,4.67852,4.68092,4.68478,0.269653,0.26793,0.265166
2,2.960971963,3.69734,6.58033,6.58033,4.67852,4.68092,4.68478,-0.702358,-0.70408,-0.706845
2,2.983401869,5.66053,6.58804,6.58804,4.67247,4.67488,4.67875,0.707285,0.705563,0.702793
2,3.005831776,2.68303,6.59573,6.59573,4.66643,4.66883,4.67271,-1.41979,-1.42151,-1.42428
2,3.005831776,4.7771,6.59573,6.59573,4.66643,4.66883,4.67271,0.0792182,0.077498,0.0747216
2,3.050691589,3.41922,6.61106,6.61106,4.65434,4.65674,4.66064,-0.88414,-0.885858,-0.888647
2,3.050691589,6.26585,6.61106,6.61106,4.65434,4.65674,4.66064,1.15357,1.15185,1.14906
2,3.050691589,5.31697,6.61106,6.61106,4.65434,4.65674,4.66064,0.474332,0.472614,0.469826
2,3.095551402,4.07362,6.62631,6.62631,4.64226,4.64465,4.64857,-0.407049,-0.408765,-0.411566
2,3.140411215,5.90593,6.64147,6.64147,4.63017,4.63256,4.63649,0.913231,0.911517,0.908705
2,3.162841121,3.25562,6.64902,6.64902,4.62413,4.62652,4.63046,-0.97962,-0.981333,-0.984151
2,3.162841121,5.49693,6.64902,6.64902,4.62413,4.62652,4.63046,0.624783,0.62307,0.620252
2,3.252560748,5.39877,6.67899,6.67899,4.59995,4.60234,4.60631,0.571821,0.570113,0.56727
2,3.297420561,4.76074,6.69383,6.69383,4.58787,4.59025,4.59424,0.123746,0.122039,0.119185
2,3.319850467,5.67689,6.70122,6.70122,4.58182,4.58421,4.5882,0.783886,0.78218,0.77932
2,3.319850467,4.1227,6.70122,6.70122,4.58182,4.58421,4.5882,-0.328656,-0.330362,-0.333222
2,3.387140187,6.05317,6.72322,6.72322,4.56369,4.56607,4.57009,1.06622,1.06451,1.06164
2,3.409570093,6.51125,6.7305,6.7305,4.55765,4.56003,4.56406,1.39845,1.39675,1.39386
2,3.409570093,5.00613,6.7305,6.7305,4.55765,4.56003,4.56406,0.32104,0.319338,0.316454
2,3.432,6.87117,6.73776,6.73776,4.55161,4.55398,4.55802,1.66042,1.65872,1.65583
2,3.432,3.3047,6.73776,6.73776,4.55161,4.55398,4.55802,-0.892575,-0.894275,-0.897165
2,3.454429907,3.97546,6.74498,6.74498,4.54556,4.54794,4.55198,-0.408099,-0.409799,-0.412695
2,3.454429907,4.4499,6.74498,6.74498,4.54556,4.54794,4.55198,-0.0684808,-0.0701805,-0.0730764
2,3.476859813,4.5317,6.75218,6.75218,4.53952,4.54189,4.54595,-0.00560003,-0.00729868,-0.0102005
2,3.521719626,5.56237,6.7665,6.7665,4.52743,4.5298,4.53387,0.740843,0.739146,0.736233
2,3.521719626,3.45194,6.7665,6.7665,4.52743,4.5298,4.53387,-0.769872,-0.771569,-0.774482
2,3.544149533,7.31288,6.77361,6.77361,4.52139,4.52376,4.52784,1.99824,1.99655,1.99363
2,3.633869159,4.90798,6.80176,6.80176,4.49722,4.49958,4.50369,0.294034,0.292343,0.289399
2,3.656299065,4.02454,6.80871,6.80871,4.49117,4.49354,4.49766,-0.334032,-0.335723,-0.338672
2,3.678728972,4.56442,6.81564,6.81564,4.48513,4.48749,4.49162,0.0567555,0.0550661,0.0521105
2,3.723588785,3.5501,6.82939,6.82939,4.47304,4.4754,4.47955,-0.660673,-0.66236,-0.665328
2,3.723588785,3.23926,6.82939,6.82939,4.47304,4.4754,4.47955,-0.883181,-0.884869,-0.887836
2,3.813308411,6.05317,6.85647,6.85647,4.44887,4.45122,4.4554,1.14841,1.14673,1.14373
2,3.903028037,4.22086,6.88296,6.88296,4.4247,4.42704,4.43126,-0.145916,-0.147595,-0.15061
2,3.925457944,3.53374,6.88949,6.88949,4.41866,4.421,4.42522,-0.63345,-0.635128,-0.638149
2,3.925457944,3.41922,6.88949,6.88949,4.41866,4.421,4.42522,-0.715427,-0.717105,-0.720126
2,3.94788785,3.9591,6.89597,6.89597,4.41261,4.41496,4.41918,-0.324639,-0.326316,-0.329343
2,3.970317757,3.20654,6.90242,6.90242,4.40657,4.40891,4.41315,-0.859018,-0.860694,-0.863727
2,3.992747664,5.12065,6.90882,6.90882,4.40053,4.40287,4.40711,0.515491,0.513816,0.510778
2,3.992747664,3.01022,6.90882,6.90882,4.40053,4.40287,4.40711,-0.995224,-0.996899,-0.999937
2,4.037607477,2.61759,6.92151,6.92151,4.38844,4.39078,4.39504,-1.26763,-1.26931,-1.27236
2,4.060037383,4.59714,6.92778,6.92778,4.3824,4.38473,4.389,0.153718,0.152046,0.14899
2,4.08246729,5.51329,6.93402,6.93402,4.37635,4.37869,4.38297,0.813858,0.812188,0.809125
2,4.104897196,1.71779,6.9402,6.9402,4.37031,4.37264,4.37693,-1.89876,-1.90043,-1.9035
2,4.104897196,3.3047,6.9402,6.9402,4.37031,4.37264,4.37693,-0.762796,-0.764466,-0.767535
2,4.127327103,6.10225,6.94635,6.94635,4.36427,4.3666,4.37089,1.24411,1.24244,1.23936
2,4.172186916,4.10634,6.95849,6.95849,4.35218,4.35451,4.35882,-0.175981,-0.177648,-0.180735
2,4.239476636,2.71575,6.97635,6.97635,4.33405,4.33638,4.34071,-1.15844,-1.1601,-1.1632
2,4.261906542,4.40082,6.98221,6.98221,4.32801,4.33033,4.33468,0.0521198,0.0504571,0.0473466
2,4.261906542,4.97342,6.98221,6.98221,4.32801,4.33033,4.33468,0.462004,0.460341,0.45723
2,4.351626168,3.69734,7.00511,7.00511,4.30384,4.30615,4.31053,-0.434148,-0.435807,-0.438942
2,4.351626168,4.87526,7.00511,7.00511,4.30384,4.30615,4.31053,0.409042,0.407383,0.404248
2,4.418915888,5.88957,7.02173,7.02173,4.28571,4.28802,4.29242,1.1481,1.14644,1.14329
2,4.418915888,6.59305,7.02173,7.02173,4.28571,4.28802,4.29242,1.65167,1.65002,1.64686
2,4.418915888,2.97751,7.02173,7.02173,4.28571,4.28802,4.29242,-0.936453,-0.938109,-0.941262
2,4.486205607,4.30266,7.03785,7.03785,4.26758,4.26988,4.27431,0.0251128,0.0234604,0.0202894
2,4.486205607,4.1227,7.03785,7.03785,4.26758,4.26988,4.27431,-0.103708,-0.10536,-0.108531
2,4.508635514,4.84254,7.04311,7.04311,4.26153,4.26384,4.26828,0.415901,0.414249,0.411072
2,4.531065421,5.52965,7.04831,7.04831,4.25549,4.2578,4.26224,0.912087,0.910437,0.907254
2,4.531065421,2.81391,7.04831,7.04831,4.25549,4.2578,4.26224,-1.03193,-1.03358,-1.03677
2,4.575925234,6.56033,7.05852,7.05852,4.2434,4.24571,4.25017,1.65853,1.65688,1.65369
2,4.66564486,1.43967,7.07821,7.07821,4.21923,4.22153,4.22603,-1.9897,-1.99134,-1.99456
2,4.66564486,3.07566,7.07821,7.07821,4.21923,4.22153,4.22603,-0.818603,-0.820247,-0.823466
2,4.66564486,4.0409,7.07821,7.07821,4.21923,4.22153,4.22603,-0.127656,-0.1293,-0.132519
2,4.66564486,3.8773,7.07821,7.07821,4.21923,4.22153,4.22603,-0.244766,-0.24641,-0.249629
2,4.732934579,3.45194,7.0923,7.0923,4.2011,4.2034,4.20792,-0.536273,-0.537915,-0.541151
2,4.755364486,3.94274,7.09687,7.09687,4.19506,4.19735,4.20188,-0.180618,-0.182259,-0.185501
2,4.800224299,4.80982,7.10579,7.10579,4.18297,4.18526,4.18981,0.448715,0.447076,0.443822
2,4.889943925,3.27198,7.1228,7.1228,4.1588,4.16108,4.16566,-0.634813,-0.636447,-0.639726
2,4.912373832,3.56646,7.12687,7.12687,4.15276,4.15504,4.15963,-0.41969,-0.421323,-0.424607
2,4.912373832,2.37219,7.12687,7.12687,4.15276,4.15504,4.15963,-1.27459,-1.27622,-1.27951
2,4.934803738,3.41922,7.13087,7.13087,4.14672,4.149,4.15359,-0.520763,-0.522395,-0.525685
2,4.934803738,4.41718,7.13087,7.13087,4.14672,4.149,4.15359,0.193606,0.191974,0.188684
2,4.957233645,4.64622,7.13479,7.13479,4.14067,4.14295,4.14756,0.361885,0.360254,0.356958
2,5.002093458,3.9591,7.14242,7.14242,4.12859,4.13086,4.13548,-0.121324,-0.122953,-0.126261
2,5.002093458,4.49898,7.14242,7.14242,4.12859,4.13086,4.13548,0.265138,0.263509,0.260201
2,5.024523364,3.59918,7.14611,7.14611,4.12254,4.12482,4.12945,-0.374639,-0.376267,-0.379581
2,5.024523364,4.13906,7.14611,7.14611,4.12254,4.12482,4.12945,0.0118227,0.0101949,0.00688085
2,5.069383178,5.38241,7.15328,7.15328,4.11046,4.11273,4.11737,0.910508,0.908882,0.905556
2,5.114242991,1.91411,7.16013,7.16013,4.09837,4.10064,4.1053,-1.56357,-1.56519,-1.56853
2,5.114242991,6.11861,7.16013,7.16013,4.09837,4.10064,4.1053,1.44615,1.44453,1.44119
2,5.114242991,2.83027,7.16013,7.16013,4.09837,4.10064,4.1053,-0.907752,-0.909376,-0.912713
2,5.18153271,1.97955,7.1698,7.1698,4.08024,4.08251,4.08719,-1.50374,-1.50537,-1.50872
2,5.226392523,5.02249,7.17584,7.17584,4.06816,4.07042,4.07512,0.683147,0.681528,0.67816
2,5.271252336,3.82822,7.18155,7.18155,4.05607,4.05833,4.06305,-0.163103,-0.164719,-0.168099
2,5.293682243,4.90798,7.18428,7.18428,4.05003,4.05228,4.05701,0.614147,0.612532,0.609146
2,5.360971963,4.10634,7.19195,7.19195,4.0319,4.03415,4.03891,0.0532867,0.0516743,0.0482706
2,5.360971963,2.73211,7.19195,7.19195,4.0319,4.03415,4.03891,-0.930435,-0.932047,-0.935451
2,5.405831776,5.18609,7.19663,7.19663,4.01981,4.02206,4.02683,0.834862,0.833252,0.829836
2,5.405831776,3.10838,7.19663,7.19663,4.01981,4.02206,4.02683,-0.652431,-0.654041,-0.657457
2,5.428261682,7.47648,7.19884,7.19884,4.01377,4.01602,4.0208,2.47872,2.47711,2.47369
2,5.428261682,4.51534,7.19884,7.19884,4.01377,4.01602,4.0208,0.359038,0.357429,0.354007
2,5.450691589,3.6319,7.20096,7.20096,4.00773,4.00997,4.01476,-0.269029,-0.270637,-0.274065
2,5.517981308,4.8589,7.20679,7.20679,3.9896,3.99184,3.99666,0.622271,0.620666,0.61722
2,5.517981308,6.08589,7.20679,7.20679,3.9896,3.99184,3.99666,1.50059,1.49899,1.49554
2,5.540411215,2.96115,7.20856,7.20856,3.98356,3.9858,3.99062,-0.731876,-0.73348,-0.736931
2,5.652560748,4.6953,7.21602,7.21602,3.95334,3.95558,3.96044,0.531115,0.529516,0.526035
2,5.652560748,4.51534,7.21602,7.21602,3.95334,3.95558,3.96044,0.402295,0.400696,0.397214
2,5.652560748,3.66462,7.21602,7.21602,3.95334,3.95558,3.96044,-0.206676,-0.208275,-0.211756
2,5.652560748,2.56851,7.21602,7.21602,3.95334,3.95558,3.96044,-0.991311,-0.99291,-0.996391
2,5.719850467,3.89366,7.21941,7.21941,3.93521,3.93744,3.94233,-0.0297455,-0.0313413,-0.0348407
2,5.719850467,3.2229,7.21941,7.21941,3.93521,3.93744,3.94233,-0.509895,-0.511491,-0.51499
2,5.876859813,3.59918,7.22407,7.22407,3.89292,3.89513,3.90008,-0.210264,-0.211851,-0.215394
2,5.921719626,1.86503,7.22457,7.22457,3.88083,3.88304,3.88801,-1.44298,-1.44456,-1.44812
2,5.966579439,2.66667,7.2247,7.2247,3.86874,3.87096,3.87594,-0.860487,-0.86207,-0.865637
2,5.989009346,4.80982,7.22463,7.22463,3.8627,3.86491,3.8699,0.677975,0.676393,0.672821
2,5.989009346,4.6135,7.22463,7.22463,3.8627,3.86491,3.8699,0.537444,0.535862,0.532289
2,5.989009346,4.0409,7.22463,7.22463,3.8627,3.86491,3.8699,0.12756,0.125978,0.122405
2,5.989009346,3.3047,7.22463,7.22463,3.8627,3.86491,3.8699,-0.399434,-0.401016,-0.404588
2,6.011439252,2.84663,7.22446,7.22446,3.85666,3.85887,3.86387,-0.723016,-0.724597,-0.728175
2,6.101158879,1.76687,7.22289,7.22289,3.83249,3.83469,3.83972,-1.47864,-1.48021,-1.48382
2,6.101158879,3.0593,7.22289,7.22289,3.83249,3.83469,3.83972,-0.553471,-0.555048,-0.55865
2,6.123588785,3.97546,7.22227,7.22227,3.82645,3.82865,3.83369,0.106669,0.105093,0.101485
2,6.146018692,3.59918,7.22155,7.22155,3.8204,3.8226,3.82765,-0.158358,-0.159933,-0.163547
2,6.235738318,1.91411,7.21781,7.21781,3.79623,3.79843,3.80351,-1.34729,-1.34886,-1.35249
2,6.235738318,5.56237,7.21781,7.21781,3.79623,3.79843,3.80351,1.26426,1.26269,1.25905
2,6.280598131,5.26789,7.2154,7.2154,3.78415,3.78634,3.79144,1.06211,1.06054,1.05689
2,6.280598131,4.22086,7.2154,7.2154,3.78415,3.78634,3.79144,0.312611,0.311043,0.307393
2,6.280598131,3.86094,7.2154,7.2154,3.78415,3.78634,3.79144,0.0549699,0.0534012,0.0497514
2,6.370317757,2.96115,7.20954,7.20954,3.75998,3.76217,3.7673,-0.571832,-0.573397,-0.57707
2,6.392747664,4.58078,7.20786,7.20786,3.75394,3.75612,3.76126,0.59188,0.590316,0.586636
2,6.41517757,6.75665,7.2061,7.2061,3.74789,3.75008,3.75523,2.15376,2.1522,2.14852
2,6.437607477,4.76074,7.20425,7.20425,3.74185,3.74403,3.74919,0.729351,0.727789,0.724098
2,6.460037383,5.88957,7.20231,7.20231,3.73581,3.73799,3.74316,1.54173,1.54017,1.53647
2,6.48246729,4.98978,7.2003,7.2003,3.72977,3.73195,3.73712,0.901956,0.900396,0.896692
2,6.504897196,4.25358,7.1982,7.1982,3.72372,3.7259,3.73108,0.379287,0.377728,0.374019
2,6.527327103,1.93047,7.19602,7.19602,3.71768,3.71986,3.72505,-1.27934,-1.2809,-1.28462
2,6.527327103,5.61145,7.19602,7.19602,3.71768,3.71986,3.72505,1.35562,1.35407,1.35035
2,6.527327103,0.670757,7.19602,7.19602,3.71768,3.71986,3.72505,-2.18109,-2.18265,-2.18636
2,6.639476636,3.56646,7.18392,7.18392,3.68747,3.68964,3.69487,-0.0866218,-0.0881744,-0.0919202
2,6.639476636,3.3865,7.18392,7.18392,3.68747,3.68964,3.69487,-0.215442,-0.216995,-0.220741
2,6.639476636,3.25562,7.18392,7.18392,3.68747,3.68964,3.69487,-0.30913,-0.310683,-0.314429
2,6.661906542,2.71575,7.18126,7.18126,3.68143,3.6836,3.68884,-0.691267,-0.692819,-0.69657
2,6.818915888,3.99182,7.16058,7.16058,3.63913,3.64129,3.64659,0.252465,0.250921,0.247127
2,6.886205607,3.77914,7.15064,7.15064,3.62101,3.62316,3.62848,0.113197,0.111657,0.107845
2,6.886205607,3.20654,7.15064,7.15064,3.62101,3.62316,3.62848,-0.296687,-0.298227,-0.302039
2,6.931065421,2.01227,7.14367,7.14367,3.60892,3.61107,3.61641,-1.14294,-1.14448,-1.1483
2,6.953495327,4.25358,7.14008,7.14008,3.60288,3.60503,3.61038,0.46579,0.464253,0.460423
2,6.953495327,3.61554,7.14008,7.14008,3.60288,3.60503,3.61038,0.0090626,0.0075254,0.00369534
2,6.99835514,1.76687,7.13271,7.13271,3.5908,3.59294,3.59831,-1.30563,-1.30716,-1.311
2,6.99835514,2.19223,7.13271,7.13271,3.5908,3.59294,3.59831,-1.00114,-1.00268,-1.00652
2,7.06564486,3.01022,7.12118,7.12118,3.57267,3.57481,3.5802,-0.402618,-0.40415,-0.40801
2,7.088074766,4.54806,7.11721,7.11721,3.56663,3.56877,3.57417,0.702538,0.701007,0.697141
2,7.110504673,1.96319,7.11319,7.11319,3.56059,3.56272,3.56813,-1.14347,-1.145,-1.14887
2,7.132934579,3.7955,7.1091,7.1091,3.55455,3.55668,3.5621,0.172483,0.170955,0.167076
2,7.177794393,2.42127,7.10075,7.10075,3.54246,3.54459,3.55003,-0.802588,-0.804114,-0.808005
2,7.200224299,3.17382,7.09648,7.09648,3.53642,3.53855,3.544,-0.259559,-0.261084,-0.264981
2,7.222654206,4.1227,7.09216,7.09216,3.53038,3.53251,3.53796,0.424002,0.422478,0.418575
2,7.267514019,4.71166,7.08336,7.08336,3.5183,3.52042,3.52589,0.854247,0.852725,0.84881
2,7.334803738,3.3865,7.06975,7.06975,3.50017,3.50229,3.50779,-0.0813673,-0.0828856,-0.0868191
2,7.379663551,3.92638,7.06042,7.06042,3.48809,3.49021,3.49572,0.313744,0.312228,0.308282
2,7.402093458,1.32515,7.05568,7.05568,3.48205,3.48416,3.48968,-1.54398,-1.54549,-1.54944
2,7.402093458,5.54601,7.05568,7.05568,3.48205,3.48416,3.48968,1.47745,1.47594,1.47199
2,7.424523364,5.85685,7.0509,7.0509,3.476,3.47812,3.48365,1.70429,1.70277,1.69882
2,7.424523364,6.72393,7.0509,7.0509,3.476,3.47812,3.48365,2.32497,2.32346,2.3195
2,7.446953271,4.7771,7.04606,7.04606,3.46996,3.47208,3.47761,0.935689,0.934176,0.930212
2,7.446953271,4.64622,7.04606,7.04606,3.46996,3.47208,3.47761,0.842001,0.840488,0.836524
2,7.469383178,3.68098,7.04117,7.04117,3.46392,3.46603,3.47158,0.155379,0.153866,0.149897
2,7.536672897,1.83231,7.02624,7.02624,3.4458,3.44791,3.45348,-1.15499,-1.1565,-1.16048
2,7.536672897,4.22086,7.02624,7.02624,3.4458,3.44791,3.45348,0.554814,0.553305,0.549318
2,7.536672897,5.00613,7.02624,7.02624,3.4458,3.44791,3.45348,1.11694,1.11543,1.11144
2,7.64882243,2.38855,7.00048,7.00048,3.41559,3.41769,3.4233,-0.735191,-0.736696,-0.740713
2,7.64882243,2.56851,7.00048,7.00048,3.41559,3.41769,3.4233,-0.606371,-0.607875,-0.611892
2,7.671252336,3.56646,6.99521,6.99521,3.40955,3.41165,3.41727,0.112323,0.11082,0.106796
2,7.671252336,3.32106,6.99521,6.99521,3.40955,3.41165,3.41727,-0.0633415,-0.0648449,-0.0688681
2,7.805831776,3.82822,6.96273,6.96273,3.3733,3.37539,3.38107,0.325645,0.324148,0.320089
2,7.895551402,3.3047,6.94035,6.94035,3.34914,3.35123,3.35693,-0.031808,-0.033302,-0.0373853
2,7.917981308,2.14315,6.93467,6.93467,3.3431,3.34518,3.3509,-0.858962,-0.860456,-0.864545
2,7.940411215,2.97751,6.92896,6.92896,3.33706,3.33914,3.34486,-0.257379,-0.258871,-0.262966
2,7.962841121,2.86299,6.92321,6.92321,3.33102,3.3331,3.33883,-0.335031,-0.336522,-0.340624
2,8.030130841,4.25358,6.90579,6.90579,3.31289,3.31497,3.32073,0.673374,0.671885,0.667766
2,8.030130841,3.7955,6.90579,6.90579,3.31289,3.31497,3.32073,0.345466,0.343978,0.339859
2,8.052560748,3.68098,6.89992,6.89992,3.30685,3.30893,3.31469,0.267814,0.266327,0.262201
2,8.052560748,2.07771,6.89992,6.89992,3.30685,3.30893,3.31469,-0.879861,-0.881348,-0.885474
2,8.097420561,1.94683,6.88809,6.88809,3.29477,3.29685,3.30263,-0.964901,-0.966386,-0.970524
2,8.142280374,3.40286,6.87615,6.87615,3.28269,3.28476,3.29056,0.0860229,0.0845403,0.0803906
2,8.16471028,4.1227,6.87014,6.87014,3.27665,3.27872,3.28453,0.605629,0.604148,0.599992
2,8.232,4.35174,6.85195,6.85195,3.25853,3.2606,3.26643,0.782554,0.781076,0.776902
2,8.232,1.25971,6.85195,6.85195,3.25853,3.2606,3.26643,-1.43082,-1.4323,-1.43647
2,8.254429907,3.3047,6.84584,6.84584,3.25249,3.25455,3.26039,0.0373759,0.035899,0.031719
2,8.344149533,0.916155,6.82113,6.82113,3.22833,3.23039,3.23626,-1.65513,-1.6566,-1.66081
2,8.366579439,3.94274,6.8149,6.8149,3.22229,3.22435,3.23023,0.515722,0.51425,0.51004
2,8.389009346,3.58282,6.80864,6.80864,3.21625,3.2183,3.22419,0.262404,0.260934,0.256718
2,8.411439252,6.08589,6.80236,6.80236,3.21021,3.21226,3.21816,2.05851,2.05704,2.05281
2,8.411439252,2.47035,6.80236,6.80236,3.21021,3.21226,3.21816,-0.529618,-0.531088,-0.53531
2,8.456299065,3.69734,6.78974,6.78974,3.19813,3.20018,3.2061,0.357351,0.355884,0.35165
2,8.478728972,3.33742,6.78339,6.78339,3.19209,3.19414,3.20006,0.104033,0.102567,0.098327
2,8.501158879,4.33538,6.77703,6.77703,3.18605,3.1881,3.19403,0.822726,0.82126,0.817015
2,8.501158879,0.834356,6.77703,6.77703,3.18605,3.1881,3.19403,-1.68342,-1.68489,-1.68913
2,8.501158879,3.48466,6.77703,6.77703,3.18605,3.1881,3.19403,0.213755,0.21229,0.208044
2,8.523588785,4.02454,6.77064,6.77064,3.18001,3.18206,3.188,0.604541,0.603076,0.598825
2,8.635738318,2.17587,6.73843,6.73843,3.14982,3.15185,3.15784,-0.697183,-0.698642,-0.702924
2,8.658168224,1.94683,6.73193,6.73193,3.14378,3.14581,3.1518,-0.856813,-0.858272,-0.862559
2,8.658168224,3.10838,6.73193,6.73193,3.14378,3.14581,3.1518,-0.0253345,-0.026793,-0.0310804
2,8.703028037,1.75051,6.71888,6.71888,3.1317,3.13373,3.13974,-0.988699,-0.990155,-0.994455
2,8.725457944,1.14519,6.71233,6.71233,3.12566,3.12769,3.13371,-1.41768,-1.41914,-1.42344
2,8.792747664,2.56851,6.69257,6.69257,3.10754,3.10957,3.11561,-0.385859,-0.387312,-0.391635
2,8.904897196,6.90389,6.65934,6.65934,3.07735,3.07937,3.08545,2.73916,2.73771,2.73336
2,8.904897196,1.06339,6.65934,6.65934,3.07735,3.07937,3.08545,-1.44166,-1.4431,-1.44746
2,8.904897196,2.83027,6.65934,6.65934,3.07735,3.07937,3.08545,-0.17687,-0.178318,-0.18267
2,8.927327103,3.53374,6.65265,6.65265,3.07131,3.07333,3.07942,0.331024,0.329577,0.325219
2,8.972186916,2.30675,6.63923,6.63923,3.05923,3.06125,3.06736,-0.538654,-0.540099,-0.544469
2,8.972186916,3.27198,6.63923,6.63923,3.05923,3.06125,3.06736,0.152293,0.150849,0.146478
2,8.972186916,3.89366,6.63923,6.63923,3.05923,3.06125,3.06736,0.59731,0.595866,0.591495
2,9.017046729,3.04294,6.62575,6.62575,3.04716,3.04917,3.05529,-0.00301591,-0.00445827,-0.00884051
2,9.039476636,2.48671,6.61899,6.61899,3.04112,3.04313,3.04926,-0.396867,-0.398308,-0.402696
2,9.061906542,4.84254,6.61222,6.61222,3.03508,3.03709,3.04323,1.29384,1.29239,1.288
2,9.106766355,1.57055,6.59864,6.59864,3.02301,3.02502,3.03117,-1.03971,-1.04115,-1.04556
2,9.106766355,3.61554,6.59864,6.59864,3.02301,3.02502,3.03117,0.424157,0.422718,0.418312
2,9.129196262,1.29243,6.59183,6.59183,3.01697,3.01898,3.02514,-1.23448,-1.23592,-1.24033
2,9.174056075,4.41718,6.57818,6.57818,3.00489,3.0069,3.01308,1.01096,1.00952,1.0051
2,9.196485981,3.43558,6.57133,6.57133,2.99886,3.00086,3.00705,0.312624,0.311189,0.30676
2,9.241345794,3.73006,6.55761,6.55761,2.98678,2.98878,2.99499,0.532065,0.530632,0.526191
2,9.286205607,2.55215,6.54385,6.54385,2.97471,2.9767,2.98293,-0.302481,-0.303912,-0.308365
2,9.286205607,3.27198,6.54385,6.54385,2.97471,2.9767,2.98293,0.212801,0.211371,0.206917
2,9.308635514,1.35787,6.53695,6.53695,2.96867,2.97067,2.9769,-1.15306,-1.15449,-1.15895
2,9.331065421,3.10838,6.53004,6.53004,2.96263,2.96463,2.97087,0.104335,0.102906,0.0984407
2,9.375925234,5.54601,6.51619,6.51619,2.95056,2.95255,2.95881,1.85791,1.85649,1.85201
2,9.39835514,4.26994,6.50925,6.50925,2.94452,2.94651,2.95278,0.948777,0.947352,0.942869
2,9.420785047,7.39468,6.50231,6.50231,2.93848,2.94047,2.94675,3.18989,3.18847,3.18398
2,9.443214953,2.38855,6.49535,6.49535,2.93245,2.93444,2.94072,-0.389342,-0.390765,-0.39526
2,9.443214953,2.84663,6.49535,6.49535,2.93245,2.93444,2.94072,-0.0614347,-0.0628582,-0.067353
2,9.443214953,4.15542,6.49535,6.49535,2.93245,2.93444,2.94072,0.875443,0.874019,0.869525
2,9.510504673,4.89162,6.47443,6.47443,2.91434,2.91632,2.92263,1.4154,1.41398,1.40947
2,9.532934579,0.719836,6.46743,6.46743,2.9083,2.91029,2.9166,-1.56658,-1.568,-1.57251
2,9.532934579,4.40082,6.46743,6.46743,2.9083,2.91029,2.9166,1.06839,1.06697,1.06245
2,9.645084112,3.41922,6.43235,6.43235,2.87813,2.8801,2.88645,0.387336,0.385922,0.381374
2,9.645084112,2.68303,6.43235,6.43235,2.87813,2.8801,2.88645,-0.139658,-0.141072,-0.14562
2,9.667514019,1.42331,6.4253,6.4253,2.87209,2.87406,2.88043,-1.03708,-1.0385,-1.04305
2,9.667514019,2.48671,6.4253,6.4253,2.87209,2.87406,2.88043,-0.275869,-0.277282,-0.281836
2,9.734803738,3.25562,6.40414,6.40414,2.85398,2.85595,2.86234,0.287507,0.286097,0.281526
2,9.846953271,2.42127,6.36871,6.36871,2.82381,2.82577,2.8322,-0.288154,-0.289558,-0.294159
2,9.869383178,2.78119,6.36161,6.36161,2.81778,2.81974,2.82617,-0.0261931,-0.027596,-0.0322028
2,9.959102804,1.79959,6.33312,6.33312,2.79364,2.7956,2.80206,-0.711574,-0.712973,-0.717603
2,9.959102804,3.1411,6.33312,6.33312,2.79364,2.7956,2.80206,0.248726,0.247327,0.242697
2,10.00396262,2.61759,6.31884,6.31884,2.78157,2.78352,2.79001,-0.117387,-0.118784,-0.123426
2,10.02639252,2.35583,6.3117,6.3117,2.77554,2.77749,2.78398,-0.300444,-0.301839,-0.306487
2,10.07125234,2.04499,6.29738,6.29738,2.76347,2.76542,2.77193,-0.514315,-0.515708,-0.520368
2,10.13854206,2.53579,6.27587,6.27587,2.74538,2.74732,2.75385,-0.15003,-0.15142,-0.156098
2,10.16097196,3.01022,6.26869,6.26869,2.73934,2.74128,2.74783,0.193907,0.192517,0.187834
2,10.18340187,5.33e-15,6.26151,6.26151,2.73331,2.73525,2.7418,-1.95659,-1.95798,-1.96267
2,10.20583178,3.40286,6.25432,6.25432,2.72728,2.72922,2.73577,0.483606,0.482219,0.477524
2,10.2731215,2.35583,6.23272,6.23272,2.70918,2.71112,2.7177,-0.252942,-0.254327,-0.259039
2,10.2731215,3.9591,6.23272,6.23272,2.70918,2.71112,2.7177,0.894733,0.893348,0.888636
2,10.31798131,2.74847,6.21829,6.21829,2.69712,2.69905,2.70565,0.0367563,0.0353737,0.0306496
2,10.40770093,5.87321,6.18939,6.18939,2.67299,2.67492,2.68155,2.29082,2.28944,2.28469
2,10.40770093,2.30675,6.18939,6.18939,2.67299,2.67492,2.68155,-0.262171,-0.263549,-0.268297
2,10.40770093,3.7955,6.18939,6.18939,2.67299,2.67492,2.68155,0.803527,0.802149,0.797401
2,10.40770093,3.35378,6.18939,6.18939,2.67299,2.67492,2.68155,0.487331,0.485953,0.481205
2,10.40770093,3.01022,6.18939,6.18939,2.67299,2.67492,2.68155,0.241401,0.240022,0.235275
2,10.47499065,2.53579,6.16767,6.16767,2.6549,2.65682,2.66348,-0.0852671,-0.0866425,-0.0914075
2,10.49742056,3.19018,6.16042,6.16042,2.64887,2.65079,2.65746,0.387488,0.386114,0.381343
2,10.51985047,4.46626,6.15317,6.15317,2.64284,2.64476,2.65143,1.30526,1.30389,1.29911
2,10.54228037,3.51738,6.14592,6.14592,2.63681,2.63873,2.64541,0.63034,0.628968,0.624185
2,10.632,1.86503,6.11686,6.11686,2.6127,2.61461,2.62132,-0.535204,-0.536572,-0.541378
2,10.65442991,1.01431,6.10958,6.10958,2.60667,2.60858,2.6153,-1.13986,-1.14123,-1.14604
2,10.92358879,2.53579,6.02205,6.02205,2.53434,2.53623,2.54305,0.00103639,-0.000318702,-0.00520066
2,10.94601869,4.15542,6.01474,6.01474,2.52831,2.53021,2.53703,1.16474,1.16338,1.15849
2,11.03573832,0.327198,5.98546,5.98546,2.50421,2.5061,2.51296,-1.55838,-1.55973,-1.56464
2,11.03573832,1.50511,5.98546,5.98546,2.50421,2.5061,2.51296,-0.71519,-0.716539,-0.72145
2,11.03573832,2.38855,5.98546,5.98546,2.50421,2.5061,2.51296,-0.0827972,-0.084147,-0.0890577
2,11.08059813,1.66871,5.9708,5.9708,2.49217,2.49405,2.50092,-0.589455,-0.590803,-0.595725
2,11.14788785,1.42331,5.9488,5.9488,2.47409,2.47597,2.48287,-0.752184,-0.753528,-0.758468
2,11.17031776,2.19223,5.94146,5.94146,2.46807,2.46995,2.47686,-0.197457,-0.1988,-0.203745
2,11.19274766,1.79959,5.93412,5.93412,2.46205,2.46392,2.47084,-0.474209,-0.475551,-0.480502
2,11.26003738,2.58487,5.91208,5.91208,2.44398,2.44585,2.45279,0.10085,0.0995113,0.0945431
2,11.28246729,1.47239,5.90473,5.90473,2.43796,2.43983,2.44678,-0.691185,-0.692523,-0.697497
2,11.3048972,3.25562,5.89738,5.89738,2.43194,2.43381,2.44076,0.589621,0.588284,0.583304
2,11.39461682,2.91207,5.86795,5.86795,2.40786,2.40972,2.41671,0.360929,0.359597,0.354594
2,11.43947664,2.45399,5.85323,5.85323,2.39582,2.39768,2.40468,0.0416401,0.0403099,0.0352957
2,11.46190654,2.06135,5.84586,5.84586,2.3898,2.39166,2.39867,-0.235115,-0.236444,-0.241464
2,11.48433645,1.93047,5.8385,5.8385,2.38378,2.38563,2.39266,-0.324494,-0.325822,-0.330848
2,11.52919626,2.71575,5.82376,5.82376,2.37174,2.3736,2.38063,0.246249,0.244923,0.239886
2,11.52919626,4.38446,5.82376,5.82376,2.37174,2.3736,2.38063,1.44077,1.43944,1.4344
2,11.64134579,0.359918,5.78688,5.78688,2.34166,2.3435,2.35058,-1.4186,-1.41992,-1.42498
2,11.91050467,0.834356,5.69822,5.69822,2.2695,2.27132,2.27849,-1.02732,-1.02863,-1.03376
2,11.93293458,2.15951,5.69082,5.69082,2.26349,2.26531,2.27249,-0.0744295,-0.0757345,-0.0808741
2,11.93293458,0.687117,5.69082,5.69082,2.26349,2.26531,2.27249,-1.12842,-1.12972,-1.13486
2,11.97779439,1.11247,5.67602,5.67602,2.25147,2.25328,2.26048,-0.815327,-0.81663,-0.821781
2,12.02265421,1.73415,5.66122,5.66122,2.23945,2.24126,2.24847,-0.361707,-0.363007,-0.36817
2,12.04508411,3.69734,5.65381,5.65381,2.23344,2.23525,2.24247,1.04791,1.04661,1.04144
2,12.11237383,1.96319,5.6316,5.6316,2.21542,2.21723,2.22447,-0.180551,-0.181847,-0.187032
2,12.17966355,1.45603,5.60937,5.60937,2.1974,2.1992,2.20647,-0.530694,-0.531986,-0.537187
2,12.24695327,2.84663,5.58714,5.58714,2.17938,2.18119,2.18847,0.477633,0.476344,0.471126
2,12.26938318,2.61759,5.57972,5.57972,2.17338,2.17518,2.18248,0.317977,0.316689,0.311466
2,12.38153271,3.28834,5.54264,5.54264,2.14337,2.14516,2.1525,0.819607,0.818325,0.813074
2,12.42639252,1.89775,5.5278,5.5278,2.13138,2.13316,2.14051,-0.167236,-0.168515,-0.173778
2,12.42639252,1.60327,5.5278,5.5278,2.13138,2.13316,2.14051,-0.378034,-0.379313,-0.384575
2,12.47125234,2.09407,5.51295,5.51295,2.11938,2.12116,2.12853,-0.0181174,-0.0193938,-0.024667
2,12.47125234,1.06339,5.51295,5.51295,2.11938,2.12116,2.12853,-0.755909,-0.757185,-0.762458
2,12.51611215,3.32106,5.49811,5.49811,2.10739,2.10916,2.11655,0.868791,0.867517,0.862233
2,12.53854206,2.20859,5.49068,5.49068,2.10139,2.10317,2.11056,0.076737,0.0754644,0.0701747
2,12.60583178,1.93047,5.46841,5.46841,2.08341,2.08518,2.09259,-0.109476,-0.110745,-0.116051
2,12.6955514,0.736196,5.43869,5.43869,2.05944,2.0612,2.06864,-0.947219,-0.948483,-0.953811
2,12.91985047,1.79959,5.36436,5.36436,1.99957,2.00132,2.00883,-0.143149,-0.144401,-0.149782
2,12.91985047,0.916155,5.36436,5.36436,1.99957,2.00132,2.00883,-0.775541,-0.776793,-0.782174
2,12.98714019,4.33538,5.34205,5.34205,1.98162,1.98337,1.9909,1.6849,1.68365,1.67825
2,13.05442991,1.66871,5.31973,5.31973,1.96368,1.96542,1.97298,-0.211151,-0.212395,-0.217807
2,13.05442991,4.5317,5.31973,5.31973,1.96368,1.96542,1.97298,1.83827,1.83702,1.83161
2,13.18900935,0.458078,5.27509,5.27509,1.92783,1.92956,1.93717,-1.0521,-1.05334,-1.05878
2,13.23386916,2.38855,5.2602,5.2602,1.91589,1.91762,1.92523,0.338344,0.337108,0.331656
2,13.25629907,0.539877,5.25276,5.25276,1.90992,1.91165,1.91927,-0.980723,-0.981957,-0.987415
2,13.30115888,3.58282,5.23787,5.23787,1.89798,1.89971,1.90734,1.20606,1.20483,1.19936
2,13.3908785,2.02863,5.20808,5.20808,1.87412,1.87584,1.88351,0.1106,0.109373,0.103885
2,13.41330841,3.76278,5.20064,5.20064,1.86816,1.86988,1.87755,1.35623,1.355,1.34951
2,13.41330841,4.08998,5.20064,5.20064,1.86816,1.86988,1.87755,1.59045,1.58922,1.58373
2,13.45816822,2.65031,5.18574,5.18574,1.85624,1.85795,1.86564,0.568418,0.567194,0.561692
2,13.48059813,0.556237,5.1783,5.1783,1.85028,1.85199,1.85968,-0.926321,-0.927543,-0.93305
2,13.52545794,2.14315,5.1634,5.1634,1.83837,1.84007,1.84778,0.218172,0.216952,0.211435
2,13.74975701,1.40695,5.08889,5.08889,1.77887,1.78056,1.78833,-0.266233,-0.26744,-0.273004
2,13.81704673,0.997955,5.06654,5.06654,1.76105,1.76273,1.77052,-0.546249,-0.547452,-0.55303
2,13.99648598,0.719836,5.0069,5.0069,1.71359,1.71525,1.7231,-0.71136,-0.712553,-0.718167
2,14.0637757,1.55419,4.98454,4.98454,1.69581,1.69748,1.70534,-0.101378,-0.102567,-0.108195
2,14.24321495,0.0981595,4.92488,4.92488,1.6485,1.65014,1.65805,-1.10978,-1.11096,-1.11662
2,14.24321495,2.43763,4.92488,4.92488,1.6485,1.65014,1.65805,0.564887,0.563709,0.558047
2,14.31050467,2.78119,4.90251,4.90251,1.63078,1.63242,1.64035,0.823498,0.822324,0.81665
2,14.4002243,2.87935,4.87267,4.87267,1.60719,1.60882,1.61677,0.910653,0.909484,0.903794
2,14.4002243,4.05726,4.87267,4.87267,1.60719,1.60882,1.61677,1.75384,1.75267,1.74698
2,14.44508411,0.196319,4.85776,4.85776,1.5954,1.59703,1.60499,-1.00151,-1.00268,-1.00837
2,14.44508411,1.01431,4.85776,4.85776,1.5954,1.59703,1.60499,-0.415962,-0.417128,-0.422826
2,14.44508411,1.37423,4.85776,4.85776,1.5954,1.59703,1.60499,-0.158321,-0.159487,-0.165185
2,14.53480374,2.73211,4.82792,4.82792,1.57186,1.57348,1.58146,0.830543,0.829383,0.823669
2,14.64695327,1.22699,4.79061,4.79061,1.54248,1.54409,1.5521,-0.225835,-0.226988,-0.23272
2,14.87125234,1.79959,4.716,4.716,1.4839,1.48549,1.49355,0.225981,0.224844,0.219078
2,14.98340187,0.179959,4.67869,4.67869,1.45471,1.45629,1.46436,-0.912508,-0.913638,-0.91942
2,15.02826168,1.79959,4.66376,4.66376,1.44305,1.44463,1.45271,0.255222,0.254096,0.248308
2,15.0955514,1.86503,4.64137,4.64137,1.42559,1.42716,1.43525,0.314566,0.313445,0.307649
2,15.25256075,3.68098,4.58912,4.58912,1.38495,1.3865,1.39462,1.64357,1.64246,1.63665
2,15.27499065,0.572597,4.58166,4.58166,1.37916,1.38071,1.38883,-0.577363,-0.578471,-0.584288
2,15.29742056,1.68507,4.5742,4.5742,1.37337,1.37491,1.38304,0.223127,0.22202,0.216201
2,15.38714019,1.86503,4.54434,4.54434,1.35025,1.35178,1.35992,0.368499,0.3674,0.361572
2,15.47685981,0.883436,4.51448,4.51448,1.32718,1.32871,1.33686,-0.317648,-0.318741,-0.324577
2,15.52171963,2.81391,4.49955,4.49955,1.31567,1.31719,1.32535,1.07249,1.0714,1.06556
2,15.90302804,1.66871,4.37263,4.37263,1.2185,1.21998,1.22817,0.322277,0.321218,0.315355
2,16.08246729,1.81595,4.3129,4.3129,1.17323,1.17469,1.18289,0.46008,0.459036,0.453168
2,16.26190654,2.56851,4.25317,4.25317,1.1283,1.12974,1.13793,1.03095,1.02992,1.02405
2,16.30676636,1.97955,4.23823,4.23823,1.11713,1.11856,1.12675,0.617352,0.616328,0.610462
3,0,0.620408,5.47868,5.47868,6.28253,6.26398,6.53307,-4.05313,-4.03985,-4.23248
3,2.018691589,4.5551,6.24303,6.24303,5.82187,5.80621,6.05246,-0.906795,-0.895581,-1.07186
3,2.041121495,2.61224,6.25129,6.25129,5.81675,5.80112,6.04712,-2.29389,-2.2827,-2.45879
3,3.005607477,5.24082,6.59566,6.59566,5.59666,5.58241,5.81749,-0.254724,-0.244521,-0.412801
3,3.857943925,3.72245,6.86972,6.86972,5.40216,5.38913,5.61456,-1.20239,-1.19306,-1.35444
3,4.014953271,2.1551,6.91512,6.91512,5.36633,5.35352,5.57718,-2.2987,-2.28953,-2.44964
3,4.014953271,3.2,6.91512,6.91512,5.36633,5.35352,5.57718,-1.55073,-1.54156,-1.70167
3,4.037383178,5.01224,6.92144,6.92144,5.36121,5.34843,5.57184,-0.2498,-0.240656,-0.400578
3,4.351401869,3.82041,7.00506,7.00506,5.28955,5.27723,5.49708,-1.05166,-1.04284,-1.20022
3,5.001869159,3.11837,7.14238,7.14238,5.14112,5.12972,5.34222,-1.44795,-1.43979,-1.5919
3,5.136448598,5.8449,7.1634,7.1634,5.11041,5.09921,5.31018,0.525773,0.533792,0.382772
3,5.226168224,1.94286,7.17581,7.17581,5.08993,5.07886,5.28881,-2.25278,-2.24485,-2.39515
3,5.45046729,4.81633,7.20094,7.20094,5.03875,5.028,5.23541,-0.159217,-0.15152,-0.299997
3,5.876635514,3.59184,7.22407,7.22407,4.9415,4.93136,5.13395,-0.966133,-0.958873,-1.1039
3,5.943925234,4.70204,7.22468,7.22468,4.92614,4.9161,5.11793,-0.160421,-0.153229,-0.297709
3,6.011214953,4.3102,7.22447,7.22447,4.91079,4.90084,5.10191,-0.429919,-0.422796,-0.56673
3,6.03364486,6.33469,7.22421,7.22421,4.90567,4.89575,5.09657,1.02294,1.03004,0.886289
3,6.347663551,4.60408,7.21115,7.21115,4.83401,4.82454,5.02181,-0.164593,-0.157815,-0.299024
3,6.841121495,5.12653,7.15737,7.15737,4.72141,nan,4.90433,0.289998,nan,0.159059
3,6.908411215,6.12245,7.14722,7.14722,4.70606,nan,4.88831,1.0139,nan,0.883438
3,6.998130841,4.19592,7.13275,7.13275,4.68558,nan,4.86695,-0.350518,nan,-0.480346
3,7.020560748,6.17143,7.12897,7.12897,4.68046,nan,4.86161,1.06728,nan,0.937612
3,7.042990654,5.40408,7.12513,7.12513,4.67535,nan,4.85627,0.521653,nan,0.392143
3,7.155140187,7.77143,7.10499,7.10499,4.64975,nan,4.82957,2.2346,nan,2.10588
3,7.244859813,4.76735,7.08783,7.08783,4.62928,nan,4.80821,0.0988323,nan,-0.0292497
3,7.289719626,6.85714,7.07892,7.07892,4.61904,nan,4.79753,1.6021,nan,1.47434
3,7.334579439,5.81224,7.0698,7.0698,4.60881,nan,4.78685,0.86146,nan,0.734013
3,7.334579439,4.44082,7.0698,7.0698,4.60881,nan,4.78685,-0.120254,nan,-0.247701
3,7.379439252,4.01633,7.06047,7.06047,4.59857,nan,4.77617,-0.41679,nan,-0.543919
3,7.446728972,6.23673,7.04611,7.04611,4.58322,nan,4.76015,1.18364,nan,1.05699
3,7.648598131,4.81633,7.00054,7.00054,nan,nan,4.71209,nan,nan,0.0746179
3,7.693457944,6.44898,6.98994,6.98994,nan,nan,4.70141,nan,nan,1.25097
3,7.85046729,4.76735,6.95167,6.95167,nan,nan,4.66403,nan,nan,0.0739597
3,7.962616822,6.80816,6.92327,6.92327,nan,nan,4.63733,nan,nan,1.55396
3,8.007476636,5.74694,6.91168,6.91168,nan,nan,4.62665,nan,nan,0.801942
3,8.007476636,3.6898,6.91168,6.91168,nan,nan,4.62665,nan,nan,-0.670629
3,8.007476636,5.3551,6.91168,6.91168,nan,nan,4.62665,nan,nan,0.521452
3,8.142056075,8.26122,6.87621,6.87621,nan,nan,4.59461,nan,nan,2.62469
3,8.231775701,4.5551,6.85201,6.85201,nan,nan,4.57325,nan,nan,-0.0129889
3,8.321495327,5.48571,6.82741,6.82741,nan,nan,4.55189,nan,nan,0.668464
3,8.343925234,4.32653,6.82119,6.82119,nan,nan,4.54655,nan,nan,-0.157495
3,8.456074766,5.9102,6.7898,6.7898,nan,nan,4.51985,nan,nan,0.995263
3,8.747663551,4.75102,6.70582,6.70582,nan,nan,4.45043,nan,nan,0.215174
3,8.882242991,3.98367,6.66608,6.66608,nan,nan,4.41839,nan,nan,-0.311183
3,8.94953271,6.66122,6.64601,6.64601,nan,nan,4.40237,nan,nan,1.61696
3,9.01682243,4.8,6.62582,6.62582,nan,nan,4.38635,nan,nan,0.296105
3,9.039252336,5.9102,6.61906,6.61906,nan,nan,4.38101,nan,nan,1.09465
3,9.039252336,4.60408,6.61906,6.61906,nan,nan,4.38101,nan,nan,0.159683
3,9.151401869,7.72245,6.58508,6.58508,nan,nan,4.35431,nan,nan,2.41103
3,9.218691589,3.80408,6.56455,6.56455,nan,nan,4.33829,nan,nan,-0.382404
3,9.285981308,5.06122,6.54392,6.54392,nan,nan,4.32227,nan,nan,0.528968
3,9.330841121,6.22041,6.53011,6.53011,nan,nan,4.31159,nan,nan,1.36639
3,9.353271028,5.32245,6.52319,6.52319,nan,nan,4.30625,nan,nan,0.727428
3,9.375700935,4.39184,6.51626,6.51626,nan,nan,4.30091,nan,nan,0.0650878
3,9.487850467,6.26939,6.48148,6.48148,nan,nan,4.27421,nan,nan,1.42821
3,9.66728972,4.34286,6.42537,6.42537,nan,nan,4.23149,nan,nan,0.0797182
3,9.846728972,4.71837,6.36878,6.36878,nan,nan,4.18877,nan,nan,0.3791
3,9.958878505,5.02857,6.33319,6.33319,nan,nan,4.16208,nan,nan,0.620266
3,10.00373832,6.92245,6.31892,6.31892,nan,nan,4.1514,nan,nan,1.98361
3,10.02616822,4.35918,6.31177,6.31177,nan,nan,4.14606,nan,nan,0.152564
3,10.02616822,5.51837,6.31177,6.31177,nan,nan,4.14606,nan,nan,0.982346
3,10.11588785,7.24898,6.28312,6.28312,nan,nan,4.1247,nan,nan,2.23646
3,10.22803738,3.80408,6.24719,6.24719,nan,nan,4.098,nan,nan,-0.210396
3,10.2953271,5.1102,6.22558,6.22558,nan,nan,4.08198,nan,nan,0.736037
3,10.34018692,5.20816,6.21115,6.21115,nan,nan,4.0713,nan,nan,0.813804
3,10.38504673,3.15102,6.1967,6.1967,nan,nan,4.06062,nan,nan,-0.651122
3,10.45233645,4.63673,6.17499,6.17499,nan,nan,4.0446,nan,nan,0.423868
3,10.65420561,4.70204,6.10966,6.10966,nan,nan,3.99654,nan,nan,0.505017
3,10.69906542,4.13061,6.0951,6.0951,nan,nan,3.98587,nan,nan,0.103614
3,10.74392523,3.4449,6.08053,6.08053,nan,nan,3.97519,nan,nan,-0.379598
3,10.85607477,6.07347,6.04405,6.04405,nan,nan,3.94849,nan,nan,1.52113
3,10.94579439,4.21224,6.01481,6.01481,nan,nan,3.92713,nan,nan,0.204094
3,10.99065421,5.42041,6.00018,6.00018,nan,nan,3.91645,nan,nan,1.07658
3,11.01308411,5.99184,5.99285,5.99285,nan,nan,3.91111,nan,nan,1.48945
3,11.03551402,4.81633,5.98553,5.98553,nan,nan,3.90577,nan,nan,0.651805
3,11.14766355,6.38367,5.94887,5.94887,nan,nan,3.87908,nan,nan,1.79287
3,11.23738318,2.48163,5.9195,5.9195,nan,nan,3.85772,nan,nan,-0.985047
3,11.28224299,4.65306,5.90481,5.90481,nan,nan,3.84704,nan,nan,0.576978
3,11.3271028,3.65714,5.8901,5.8901,nan,nan,3.83636,nan,nan,-0.128289
3,11.37196262,2.13878,5.87539,5.87539,nan,nan,3.82568,nan,nan,-1.20754
3,11.41682243,4.16327,5.86067,5.86067,nan,nan,3.815,nan,nan,0.249298
3,11.6635514,2.67755,5.77957,5.77957,nan,nan,3.75627,nan,nan,-0.772183
3,11.68598131,3.2,5.77219,5.77219,nan,nan,3.75093,nan,nan,-0.394375
3,11.73084112,2.38367,5.75742,5.75742,nan,nan,3.74025,nan,nan,-0.971084
3,11.86542056,3.36327,5.71308,5.71308,nan,nan,3.70822,nan,nan,-0.246928
3,11.93271028,4.94694,5.69089,5.69089,nan,nan,3.6922,nan,nan,0.898183
3,12,3.78776,5.66869,5.66869,nan,nan,3.67618,nan,nan,0.0798667
3,12.02242991,6.22041,5.66129,5.66129,nan,nan,3.67084,nan,nan,1.82506
3,12.04485981,3.08571,5.65389,5.65389,nan,nan,3.66551,nan,nan,-0.415034
3,12.11214953,5.64898,5.63167,5.63167,nan,nan,3.64949,nan,nan,1.4313
3,12.22429907,2.51429,5.59462,5.59462,nan,nan,3.62279,nan,nan,-0.793507
3,12.29158879,4.88163,5.57238,5.57238,nan,nan,3.60678,nan,nan,0.912584
3,12.31401869,5.19184,5.56496,5.56496,nan,nan,3.60144,nan,nan,1.13846
3,12.3364486,2.82449,5.55755,5.55755,nan,nan,3.5961,nan,nan,-0.552344
3,12.3588785,2.30204,5.55013,5.55013,nan,nan,3.59076,nan,nan,-0.922508
3,12.44859813,4.73469,5.52045,5.52045,nan,nan,3.56941,nan,nan,0.834152
3,12.65046729,2.36735,5.45362,5.45362,nan,nan,3.52136,nan,nan,-0.826079
3,12.6728972,3.46122,5.44619,5.44619,nan,nan,3.51602,nan,nan,-0.0392241
3,12.74018692,3.05306,5.4239,5.4239,nan,nan,3.5,nan,nan,-0.319936
3,12.87476636,3.00408,5.3793,5.3793,nan,nan,3.46797,nan,nan,-0.332069
3,12.94205607,4.08163,5.357,5.357,nan,nan,3.45196,nan,nan,0.450741
3,12.98691589,4.44082,5.34212,5.34212,nan,nan,3.44128,nan,nan,0.715499
3,13.00934579,4.57143,5.33468,5.33468,nan,nan,3.43594,nan,nan,0.812817
3,13.0317757,2.62857,5.32725,5.32725,nan,nan,3.43061,nan,nan,-0.574123
3,13.16635514,4.60408,5.2826,5.2826,nan,nan,3.39858,nan,nan,0.86294
3,13.23364486,2.10612,5.26027,5.26027,nan,nan,3.38256,nan,nan,-0.913719
3,13.30093458,3.55918,5.23794,5.23794,nan,nan,3.36655,nan,nan,0.137894
3,13.30093458,2.35102,5.23794,5.23794,nan,nan,3.36655,nan,nan,-0.726949
3,13.32336449,3.13469,5.2305,5.2305,nan,nan,3.36121,nan,nan,-0.162149
3,13.3682243,2.93878,5.2156,5.2156,nan,nan,3.35054,nan,nan,-0.294752
3,13.45794393,3.98367,5.18582,5.18582,nan,nan,3.32919,nan,nan,0.468504
3,13.65981308,5.33e-15,5.11877,5.11877,nan,nan,3.28115,nan,nan,-2.34875
3,13.68224299,2.17143,5.11132,5.11132,nan,nan,3.27581,nan,nan,-0.790553
3,13.74953271,1.69796,5.08897,5.08897,nan,nan,3.2598,nan,nan,-1.11802
3,13.86168224,0.897959,5.0517,5.0517,nan,nan,3.23311,nan,nan,-1.67158
3,13.92897196,3.57551,5.02934,5.02934,nan,nan,3.2171,nan,nan,0.25656
3,13.99626168,3.5102,5.00698,5.00698,nan,nan,3.20109,nan,nan,0.221273
3,14.01869159,1.50204,4.99952,4.99952,nan,nan,3.19575,nan,nan,-1.21242
3,14.0411215,2.69388,4.99207,4.99207,nan,nan,3.19042,nan,nan,-0.35544
3,14.13084112,5.30612,4.96224,4.96224,nan,nan,3.16907,nan,nan,1.52977
3,14.24299065,1.6,4.92496,4.92496,nan,nan,3.14239,nan,nan,-1.10409
3,14.28785047,3.88571,4.91004,4.91004,nan,nan,3.13172,nan,nan,0.539736
3,14.33271028,2.77551,4.89512,4.89512,nan,nan,3.12104,nan,nan,-0.247345
3,14.44485981,4.27755,4.85783,4.85783,nan,nan,3.09436,nan,nan,0.846964
3,14.64672897,2.25306,4.79069,4.79069,nan,nan,3.04634,nan,nan,-0.567858
3,14.69158879,5.07755,4.77577,4.77577,nan,nan,3.03567,nan,nan,1.46164
3,14.93831776,2.93878,4.69369,4.69369,nan,nan,2.97699,nan,nan,-0.027355
3,14.98317757,3.10204,4.67876,4.67876,nan,nan,2.96632,nan,nan,0.0971528
3,15.00560748,1.19184,4.6713,4.6713,nan,nan,2.96099,nan,nan,-1.26642
3,15.05046729,1.51837,4.65637,4.65637,nan,nan,2.95032,nan,nan,-1.02504
3,15.11775701,5.38776,4.63398,4.63398,nan,nan,2.93432,nan,nan,1.75625
3,15.25233645,1.76327,4.5892,4.5892,nan,nan,2.90231,nan,nan,-0.815368
3,15.29719626,2.98776,4.57427,4.57427,nan,nan,2.89165,nan,nan,0.0687974
3,15.36448598,1.25714,4.55188,4.55188,nan,nan,2.87565,nan,nan,-1.15858
3,15.4317757,3.96735,4.52948,4.52948,nan,nan,2.85965,nan,nan,0.792927
3,15.67850467,0.0163265,4.44737,4.44737,nan,nan,2.80099,nan,nan,-1.99336
3,15.92523364,2.59592,4.36524,4.36524,nan,nan,2.74235,nan,nan,-0.104822
3,16.1271028,0.881633,4.29804,4.29804,nan,nan,2.69438,nan,nan,-1.29763
3,16.21682243,1.24082,4.26818,4.26818,nan,nan,2.67307,nan,nan,-1.02525
3,16.30654206,2.85714,4.23831,4.23831,nan,nan,2.65175,nan,nan,0.147026
3,16.35140187,0.914286,4.22337,4.22337,nan,nan,2.6411,nan,nan,-1.23611
3,16.4635514,2.84082,4.18604,4.18604,nan,nan,2.61446,nan,nan,0.162035
3,16.66542056,2.74286,4.11883,4.11883,nan,nan,2.56652,nan,nan,0.126229
3,16.97943925,0.163265,4.01429,4.01429,nan,nan,2.49198,nan,nan,-1.66697
3,17.00186916,2.17143,4.00682,4.00682,nan,nan,2.48665,nan,nan,-0.225649
3,17.11401869,2.23673,3.96948,3.96948,nan,nan,2.46004,nan,nan,-0.159852
3,17.20373832,0.555102,3.93961,3.93961,nan,nan,2.43876,nan,nan,-1.34838
3,17.29345794,0.457143,3.90974,3.90974,nan,nan,2.41748,nan,nan,-1.40327
3,17.29345794,1.95918,3.90974,3.90974,nan,nan,2.41748,nan,nan,-0.328063
3,17.31588785,3.2,3.90227,3.90227,nan,nan,2.41216,nan,nan,0.563962
3,17.42803738,2.67755,3.86493,3.86493,nan,nan,2.38557,nan,nan,0.209013
3,18.03364486,1.81224,3.6633,3.6633,nan,nan,2.24209,nan,nan,-0.307694
3,18.12336449,4.5551,3.63343,3.63343,nan,nan,2.22085,nan,nan,1.67093
3,18.23551402,0.555102,3.59609,3.59609,nan,nan,2.19432,nan,nan,-1.1734
3,18.37009346,1.30612,3.55129,3.55129,nan,nan,2.16249,nan,nan,-0.613015
3,18.43738318,2.20408,3.52889,3.52889,nan,nan,2.14658,nan,nan,0.0411614
3,18.95327103,2.04082,3.35715,3.35715,nan,nan,2.02477,nan,nan,0.0114872
3,19.13271028,2.57959,3.29742,3.29742,nan,nan,1.98247,nan,nan,0.427438
3,19.26728972,0.359184,3.25263,3.25263,nan,nan,1.95078,nan,nan,-1.13932
3,19.44672897,1.63265,3.19291,3.19291,nan,nan,1.90856,nan,nan,-0.197503
3,20.43364486,1.66531,2.86455,2.86455,nan,nan,1.67743,nan,nan,-0.00867555
4,0,1.95122,5.47868,5.47868,3.58664,3.58354,3.55212,-1.17069,-1.16847,-1.14598
4,0.993314231,2.05765,5.85853,5.85853,4.45516,4.45001,4.41405,-1.71621,-1.71253,-1.68679
4,1.107927412,5.62306,5.90201,5.90201,4.55538,4.54999,4.51352,0.764281,0.768138,0.794248
4,1.184336199,0.922395,5.93095,5.93095,4.62219,4.61665,4.57982,-2.64844,-2.64447,-2.61811
4,1.222540592,4.25721,5.9454,5.9454,4.6556,4.64998,4.61298,-0.285185,-0.281158,-0.254674
4,1.910219675,7.34368,6.20297,6.20297,5.25695,5.2499,5.20976,1.49375,1.4988,1.52753
4,1.986628462,4.00887,6.23121,6.23121,5.32376,5.31656,5.27607,-0.941244,-0.936086,-0.907106
4,2.101241643,5.81818,6.27339,6.27339,5.42399,5.41654,5.37554,0.282177,0.287505,0.316861
4,2.17765043,4.00887,6.30138,6.30138,5.4908,5.4832,5.44184,-1.06082,-1.05538,-1.02577
4,2.215854823,2.80266,6.31534,6.31534,5.52421,5.51653,5.475,-1.94818,-1.94268,-1.91295
4,2.215854823,4.47007,6.31534,6.31534,5.52421,5.51653,5.475,-0.754593,-0.749095,-0.719364
4,2.521489971,3.051,6.42584,6.42584,5.79148,5.78317,5.74023,-1.96173,-1.95578,-1.92504
4,2.903533906,8.26608,6.56049,6.56049,6.12556,6.11646,6.07176,1.53225,1.53877,1.57076
4,3.018147087,4.82483,6.59995,6.59995,6.22579,6.21645,6.17121,-1.00285,-0.996164,-0.963781
4,3.094555874,6.56319,6.62597,6.62597,6.29261,6.28311,6.23751,0.193695,0.200495,0.233134
4,3.132760267,6.17295,6.63889,6.63889,6.32601,6.31644,6.27066,-0.109569,-0.102713,-0.0699448
4,3.209169054,4.15078,6.66454,6.66454,6.39283,6.3831,6.33696,-1.60494,-1.59797,-1.56494
4,3.209169054,4.66519,6.66454,6.66454,6.39283,6.3831,6.33696,-1.2367,-1.22973,-1.19671
4,3.209169054,6.03104,6.66454,6.66454,6.39283,6.3831,6.33696,-0.258981,-0.252011,-0.218985
4,3.896848138,8.26608,6.88116,6.88116,6.99418,6.98302,6.93346,0.910462,0.918451,0.953931
4,3.915950334,7.18404,6.88673,6.88673,7.01089,6.99969,6.95002,0.123945,0.131962,0.167517
4,4.011461318,6.29712,6.91414,6.91414,7.09441,7.08301,7.0328,-0.570727,-0.562569,-0.526628
4,4.087870105,8.2306,6.93551,6.93551,7.16122,7.14967,7.099,0.765493,0.773764,0.810033
4,4.106972302,7.55654,6.94077,6.94077,7.17793,7.16633,7.11555,0.271023,0.279322,0.315677
4,4.183381089,7.73392,6.96149,6.96149,7.24474,7.23299,7.1817,0.350172,0.358584,0.3953
4,4.240687679,7.27273,6.97667,6.97667,7.29485,7.28298,7.23127,-0.0158394,-0.00734216,0.0296765
4,4.240687679,4.50554,6.97667,6.97667,7.29485,7.28298,7.23127,-1.99668,-1.98818,-1.95117
4,4.508118434,7.94678,7.04299,7.04299,7.47193,7.46833,7.44419,0.33992,0.342493,0.359771
4,4.508118434,6.38581,7.04299,7.04299,7.47193,7.46833,7.44419,-0.777478,-0.774905,-0.757627
4,4.699140401,7.50333,7.0853,7.0853,7.43796,7.44167,7.45873,0.0467887,0.0441349,0.0319216
4,4.890162369,8.54989,7.12284,7.12284,7.33139,7.33762,7.37139,0.872238,0.86778,0.843608
4,4.928366762,7.57428,7.12973,7.12973,7.30624,7.31267,7.34804,0.191874,0.187269,0.161948
4,5.023877746,6.40355,7.14601,7.14601,7.24054,7.24724,7.28523,-0.599147,-0.603946,-0.631136
4,5.062082139,7.25499,7.15213,7.15213,7.21349,7.22023,7.25885,0.0297096,0.024881,-0.00276529
4,5.11938873,8.08869,7.16089,7.16089,7.17236,7.17912,7.2184,0.655939,0.651102,0.622982
4,5.17669532,7.5388,7.16913,7.16913,7.13078,7.1375,7.17719,0.29208,0.287263,0.258856
4,5.214899713,6.7051,7.17433,7.17433,7.10287,7.10956,7.14941,-0.284738,-0.289529,-0.318053
4,5.23400191,6.26164,7.17683,7.17683,7.08888,7.09555,7.13545,-0.592163,-0.596938,-0.625504
4,5.520534862,6.29712,7.207,7.207,6.87736,6.88354,6.92332,-0.415355,-0.41978,-0.448258
4,5.539637058,5.10865,7.2085,7.2085,6.86321,6.86935,6.90909,-1.25597,-1.26037,-1.28882
4,5.711556829,6.52772,7.21903,7.21903,6.73577,6.74156,6.7809,-0.148929,-0.153078,-0.181235
4,5.902578797,7.60976,7.2244,7.2244,6.5941,6.5995,6.63833,0.727043,0.723175,0.695377
4,5.921680993,6.86475,7.22457,7.22457,6.57993,6.58529,6.62407,0.203882,0.200042,0.17228
4,6.036294174,7.41463,7.22417,7.22417,6.49492,6.50004,6.53852,0.658365,0.654694,0.627153
4,6.074498567,5.42794,7.22351,7.22351,6.46658,6.47163,6.51,-0.743493,-0.747107,-0.774574
4,6.074498567,5.14412,7.22351,7.22351,6.46658,6.47163,6.51,-0.946656,-0.95027,-0.977737
4,6.112702961,8.42572,7.22258,7.22258,6.43824,6.44321,6.48148,1.4227,1.41915,1.39175
4,6.189111748,5.39246,7.21993,7.21993,6.38156,6.38637,6.42444,-0.708032,-0.711476,-0.738722
4,6.227316141,6.95344,7.21822,7.21822,6.35322,6.35796,6.39592,0.429651,0.426264,0.399092
4,6.227316141,5.78271,7.21822,7.21822,6.35322,6.35796,6.39592,-0.408397,-0.411785,-0.438956
4,6.227316141,5.85366,7.21822,7.21822,6.35322,6.35796,6.39592,-0.357606,-0.360994,-0.388166
4,6.532951289,4.64745,7.19546,7.19546,6.12652,nan,6.16775,-1.05877,nan,-1.08828
4,6.532951289,5.60532,7.19546,7.19546,6.12652,nan,6.16775,-0.37309,nan,-0.402604
4,6.723973257,5.21508,7.17352,7.17352,5.98483,nan,6.02514,-0.551011,nan,-0.579873
4,6.914995224,5.78271,7.1462,7.1462,5.84314,nan,5.88254,-0.043258,nan,-0.0714655
4,6.914995224,5.56984,7.1462,7.1462,5.84314,nan,5.88254,-0.19563,nan,-0.223838
4,7.029608405,6.03104,7.12743,7.12743,5.75812,nan,5.79698,0.195366,nan,0.167551
4,7.067812798,6.13747,7.1208,7.1208,5.72978,nan,5.76846,0.291838,nan,0.264153
4,7.067812798,5.78271,7.1208,7.1208,5.72978,nan,5.76846,0.0378835,nan,0.0101993
4,7.106017192,7.84035,7.114,7.114,5.70144,nan,5.73994,1.5311,nan,1.50355
4,7.182425979,4.75388,7.09987,7.09987,5.64477,nan,5.68289,-0.637726,nan,-0.665019
4,7.220630372,5.35698,7.09256,7.09256,5.61643,nan,5.65437,-0.185719,nan,-0.212881
4,7.220630372,4.50554,7.09256,7.09256,5.61643,nan,5.65437,-0.795209,nan,-0.82237
4,7.258834766,4.36364,7.08508,7.08508,5.58809,nan,5.62585,-0.876505,nan,-0.903536
4,7.526265521,6.102,7.02858,7.02858,5.38972,nan,5.42621,0.509869,nan,0.483752
4,7.526265521,4.32816,7.02858,7.02858,5.38972,nan,5.42621,-0.759901,nan,-0.786018
4,7.698185291,7.04213,6.98882,6.98882,5.2622,nan,5.29786,1.27413,nan,1.2486
4,7.908309456,6.91796,6.93712,6.93712,5.10634,nan,5.141,1.29682,nan,1.27201
4,7.908309456,4.39911,6.93712,6.93712,5.10634,nan,5.141,-0.506255,nan,-0.531066
4,8.022922636,4.61197,6.90767,6.90767,5.02132,nan,5.05544,-0.293027,nan,-0.317445
4,8.022922636,4.15078,6.90767,6.90767,5.02132,nan,5.05544,-0.623167,nan,-0.647585
4,8.06112703,4.39911,6.89767,6.89767,4.99299,nan,5.02691,-0.425114,nan,-0.449401
4,8.099331423,4.89579,6.88759,6.88759,4.96465,nan,4.99839,-0.049293,nan,-0.0734495
4,8.099331423,5.03769,6.88759,6.88759,4.96465,nan,4.99839,0.0522886,nan,0.0281321
4,8.213944604,4.18625,6.85686,6.85686,4.87963,nan,4.91283,-0.496345,nan,-0.52011
4,8.213944604,3.08647,6.85686,6.85686,4.87963,nan,4.91283,-1.2836,nan,-1.30737
4,8.213944604,3.33481,6.85686,6.85686,4.87963,nan,4.91283,-1.10584,nan,-1.1296
4,8.2330468,4.5765,6.85167,6.85167,4.86547,nan,4.89857,-0.206853,nan,-0.230552
4,8.519579752,4.77162,6.77178,6.77178,4.65293,nan,4.68467,0.0849593,nan,0.0622421
4,8.538681948,4.68293,6.76633,6.76633,4.63876,nan,4.67041,0.0316131,nan,0.00896149
4,8.672397326,4.86031,6.7278,6.7278,4.53958,nan,4.57059,0.229587,nan,0.207394
4,8.901623687,6.03104,6.66032,6.66032,4.36956,nan,4.39947,1.18934,nan,1.16794
4,9.016236867,2.55432,6.62599,6.62599,4.28455,nan,4.31391,-1.23855,nan,-1.25957
4,9.054441261,4.70067,6.61447,6.61447,4.25621,nan,4.28539,0.318153,nan,0.297269
4,9.073543457,4.23947,6.6087,6.6087,4.24205,nan,4.27113,-0.00184515,nan,-0.0226634
4,9.092645654,5.42794,6.60292,6.60292,4.22788,nan,4.25687,0.859043,nan,0.83829
4,9.092645654,4.32816,6.60292,6.60292,4.22788,nan,4.25687,0.0717856,nan,0.0510327
4,9.207258835,1.59645,6.56804,6.56804,4.14287,nan,4.17131,-1.82281,nan,-1.84317
4,9.207258835,1.09978,6.56804,6.56804,4.14287,nan,4.17131,-2.17834,nan,-2.1987
4,9.245463228,3.1929,6.55635,6.55635,4.11453,nan,4.14279,-0.659731,nan,-0.679961
4,9.512893983,1.77384,6.47368,6.47368,3.91618,nan,3.94317,-1.53356,nan,-1.55288
4,9.53199618,4.20399,6.46773,6.46773,3.90201,nan,3.92891,0.216165,nan,0.196913
4,9.70391595,7.29047,6.41386,6.41386,3.77451,nan,3.80058,2.51684,nan,2.49817
4,9.894937918,1.77384,6.3535,6.3535,3.63285,nan,3.65801,-1.33074,nan,-1.34875
4,9.914040115,4.949,6.34744,6.34744,3.61868,nan,3.64375,0.952288,nan,0.934342
4,10.04775549,1.63193,6.30488,6.30488,3.51952,nan,3.54395,-1.3512,nan,-1.36869
4,10.04775549,3.22838,6.30488,6.30488,3.51952,nan,3.54395,-0.208408,nan,-0.225898
4,10.12416428,2.09313,6.28047,6.28047,3.46286,nan,3.48693,-0.980504,nan,-0.997732
4,10.12416428,3.58315,6.28047,6.28047,3.46286,nan,3.48693,0.0861035,nan,0.0688755
4,10.20057307,0.922395,6.256,6.256,3.40621,nan,3.42991,-1.778,nan,-1.79496
4,10.20057307,1.20621,6.256,6.256,3.40621,nan,3.42991,-1.57483,nan,-1.5918
4,10.20057307,1.59645,6.256,6.256,3.40621,nan,3.42991,-1.29548,nan,-1.31245
4,10.27698185,1.41907,6.23148,6.23148,3.34956,nan,3.37289,-1.38191,nan,-1.39861
4,10.50620821,2.62528,6.15758,6.15758,3.17963,nan,3.20186,-0.396821,nan,-0.412735
4,10.67812798,4.23947,6.1019,6.1019,3.0522,nan,3.07361,0.849883,nan,0.83456
4,10.88825215,2.34146,6.03357,6.03357,2.89651,nan,2.91691,-0.397323,nan,-0.41192
4,10.92645654,5.35698,6.02112,6.02112,2.86821,nan,2.88842,1.78155,nan,1.76708
4,11.04106972,0.851441,5.98372,5.98372,2.78333,nan,2.80298,-1.38291,nan,-1.39698
4,11.06017192,3.40576,5.97748,5.97748,2.76918,nan,2.78874,0.455688,nan,0.441684
4,11.09837631,2.8204,5.96499,5.96499,2.74089,nan,2.76027,0.0569127,nan,0.0430419
4,11.11747851,2.41242,5.95874,5.95874,2.72675,nan,2.74604,-0.225011,nan,-0.238815
4,11.1938873,0.532151,5.93375,5.93375,2.67019,nan,2.6891,-1.53048,nan,-1.54402
4,11.1938873,1.70288,5.93375,5.93375,2.67019,nan,2.6891,-0.69243,nan,-0.70597
4,11.27029608,0.354767,5.90872,5.90872,2.61364,nan,2.63219,-1.61698,nan,-1.63025
4,11.49952245,1.5255,5.83351,5.83351,2.44412,nan,2.46155,-0.657582,nan,-0.670059
4,11.53772684,2.83814,5.82095,5.82095,2.41589,nan,2.43313,0.302258,nan,0.289914
4,11.72874881,4.96674,5.75811,5.75811,2.27484,nan,2.29115,1.92695,nan,1.91527
4,11.91977077,2.44789,5.69516,5.69516,2.13404,nan,2.14941,0.224667,nan,0.213662
4,12.03438395,0.141907,5.65735,5.65735,2.04971,nan,2.06452,-1.36567,nan,-1.37627
4,12.03438395,2.02217,5.65735,5.65735,2.04971,nan,2.06452,-0.0197145,nan,-0.030315
4,12.07258835,0.922395,5.64473,5.64473,2.02164,nan,2.03626,-0.786873,nan,-0.797338
4,12.11079274,1.38359,5.63212,5.63212,1.99358,nan,2.00801,-0.436647,nan,-0.446976
4,12.11079274,3.01552,5.63212,5.63212,1.99358,nan,2.00801,0.731542,nan,0.721212
4,12.22540592,0.496674,5.59426,5.59426,1.90951,nan,1.92337,-1.01136,nan,-1.02128
4,12.22540592,2.76718,5.59426,5.59426,1.90951,nan,1.92337,0.613951,nan,0.604028
4,12.53104107,0.567627,5.49317,5.49317,1.68645,nan,1.69877,-0.800893,nan,-0.809712
4,12.53104107,2.44789,5.49317,5.49317,1.68645,nan,1.69877,0.545063,nan,0.536245
4,12.70296084,3.40576,5.43624,5.43624,1.56197,nan,1.57341,1.31985,nan,1.31166
4,12.913085,2.55432,5.3666,5.3666,1.41123,nan,1.42156,0.818267,nan,0.810868
4,13.04680038,2.92683,5.32226,5.32226,1.31634,nan,1.32597,1.15284,nan,1.14595
4,13.06590258,0,5.31593,5.31593,1.30287,nan,1.31239,-0.932636,nan,-0.939455
4,13.10410697,0.354767,5.30325,5.30325,1.27599,nan,1.28531,-0.659439,nan,-0.666111
4,13.12320917,1.24169,5.29692,5.29692,1.26258,nan,1.2718,-0.0149562,nan,-0.0215557
4,13.21872015,1.0643,5.26523,5.26523,1.19592,nan,1.20462,-0.0942138,nan,-0.100445
4,13.5243553,2.18182,5.16376,5.16376,0.987766,nan,0.9948,0.854742,nan,0.849706
4,13.5243553,1.77384,5.16376,5.16376,0.987766,nan,0.9948,0.562695,nan,0.557659
4,13.69627507,3.051,5.10666,5.10666,0.875228,nan,0.881313,1.55749,nan,1.55313
4,13.92550143,2.5898,5.0305,5.0305,0.732085,nan,0.736916,1.32981,nan,1.32636
4,14.05921681,2.25277,4.98605,4.98605,0.653073,nan,0.657189,1.14512,nan,1.14217
4,14.0974212,0,4.97335,4.97335,0.631196,nan,0.635111,-0.451831,nan,-0.454634
4,14.0974212,0.283814,4.97335,4.97335,0.631196,nan,0.635111,-0.248668,nan,-0.25147
4,14.51766953,1.31264,4.83362,4.83362,0.414793,nan,0.416703,0.642707,nan,0.64134
4,14.7086915,6.40355,4.77008,4.77008,0.333209,nan,0.334382,4.34535,nan,4.34451
4,14.89971347,0.532151,4.70653,4.70653,0.263071,nan,0.263652,0.192616,nan,0.1922
4,15.05253104,1.70288,4.65568,4.65568,0.2152,nan,0.215414,1.06493,nan,1.06478
4,15.70200573,3.76053,4.43954,4.43954,0.0833281,nan,0.0828846,2.63226,nan,2.63258
4,15.8930277,0.0709534,4.37596,4.37596,0.0616909,nan,0.0612343,0.00663045,nan,0.00695725
4,16.04584527,1.91574,4.32509,4.32509,0.0482744,nan,0.0478357,1.3368,nan,1.33711
4,16.10315186,0.86918,4.30602,4.30602,0.0439934,nan,0.0435656,0.590696,nan,0.591002
4,16.52340019,1.5255,4.16611,4.16611,0.0220189,nan,0.0217014,1.07624,nan,1.07647
4,16.71442216,4.45233,4.10252,4.10252,0.0160004,nan,0.0157358,3.17567,nan,3.17586
4,16.88634193,0.354767,4.04528,4.04528,0.0119846,nan,0.0117637,0.245375,nan,0.245533
4,17.0582617,2.1286,3.98804,3.98804,0.00896628,nan,0.00878407,1.51731,nan,1.51744
4,17.68863419,2.69623,3.77817,3.77817,0.00307484,nan,0.00299233,1.92785,nan,1.92791
