id,time,y10,popPred_medianCOV,popPred,indivPred_SAEM,indivPred_mean,indivPred_mode,indWRes_SAEM,indWRes_mean,indWRes_mode
1,0,0.780488,7.21031,7.21031,3.09799,3.09037,3.05828,-1.68211,-1.67658,-1.65329
1,0,1.59645,7.21031,7.21031,3.09799,3.09037,3.05828,-1.08986,-1.08433,-1.06104
1,0.667302193,5.67627,6.97125,6.97125,4.22459,4.21785,4.1869,1.05367,1.05856,1.08103
1,0.762631077,5.25055,6.93612,6.93612,4.38557,4.37896,4.34817,0.627828,0.632627,0.654974
1,1.029551954,3.22838,6.83696,6.83696,4.83633,4.83008,4.79975,-1.1671,-1.16256,-1.14055
1,1.18207817,7.3082,6.77987,6.77987,5.09391,5.08786,5.0578,1.6072,1.61159,1.63341
1,1.220209724,3.051,6.76556,6.76556,5.15831,5.1523,5.12231,-1.52955,-1.52519,-1.50342
1,1.258341277,5.32151,6.75123,6.75123,5.2227,5.21675,5.18682,0.071715,0.0760365,0.0977583
1,1.258341277,5.74723,6.75123,6.75123,5.2227,5.21675,5.18682,0.380716,0.385037,0.406759
1,1.315538608,5.88914,6.72972,6.72972,5.3193,5.31342,5.28359,0.413606,0.417872,0.439521
1,1.315538608,6.38581,6.72972,6.72972,5.3193,5.31342,5.28359,0.774106,0.778373,0.800022
1,1.410867493,4.15078,6.69379,6.69379,5.48029,5.47453,5.44487,-0.964997,-0.960822,-0.939293
1,1.448999047,3.37029,6.67941,6.67941,5.54468,5.53898,5.50939,-1.57824,-1.5741,-1.55262
1,1.468064824,8.17738,6.67221,6.67221,5.57688,5.5712,5.54164,1.88752,1.89164,1.9131
1,1.601525262,5.32151,6.62174,6.62174,5.80226,5.79677,5.76744,-0.348946,-0.344956,-0.323667
1,1.67778837,6.45676,6.59285,6.59285,5.93105,5.92566,5.89646,0.381575,0.385492,0.406684
1,1.754051478,4.15078,6.56393,6.56393,6.05985,6.05455,6.02548,-1.38566,-1.38182,-1.36072
1,1.754051478,4.61197,6.56393,6.56393,6.05985,6.05455,6.02548,-1.05091,-1.04706,-1.02597
1,1.754051478,8.15965,6.56393,6.56393,6.05985,6.05455,6.02548,1.5241,1.52794,1.54904
1,1.811248808,6.79379,6.54221,6.54221,6.15644,6.15122,6.12225,0.462609,0.466397,0.487426
1,1.982840801,3.29933,6.47697,6.47697,6.44622,6.44123,6.41255,-2.2841,-2.28048,-2.25966
1,1.982840801,6.38581,6.47697,6.47697,6.44622,6.44123,6.41255,-0.0438473,-0.0402248,-0.0194057
1,2.020972355,5.14412,6.46245,6.46245,6.51061,6.50567,6.47706,-0.991839,-0.988253,-0.967481
1,2.020972355,6.66962,6.46245,6.46245,6.51061,6.50567,6.47706,0.115413,0.118999,0.139771
1,2.097235462,7.20177,6.4334,6.4334,6.63941,6.63457,6.60608,0.408183,0.411695,0.432375
1,2.135367016,5.1796,6.41887,6.41887,6.7038,6.69901,6.67059,-1.10631,-1.10283,-1.0822
1,2.230695901,6.31486,6.38252,6.38252,6.86479,6.86013,6.83186,-0.399159,-0.395776,-0.375257
1,2.249761678,7.80488,6.37524,6.37524,6.89699,6.89235,6.86411,0.658972,0.662338,0.682834
1,2.249761678,7.48559,6.37524,6.37524,6.89699,6.89235,6.86411,0.427222,0.430587,0.451083
1,2.326024786,5.46341,6.34613,6.34613,7.02578,7.02125,6.99313,-1.13401,-1.13072,-1.11031
1,2.326024786,7.27273,6.34613,6.34613,7.02578,7.02125,6.99313,0.179241,0.182533,0.202938
1,2.364156339,6.13747,6.33157,6.33157,7.09018,7.08569,7.05764,-0.6915,-0.688246,-0.667886
1,2.402287893,5.74723,6.317,6.317,7.15457,7.15014,7.12215,-1.02149,-1.01827,-0.997959
1,2.440419447,6.03104,6.30243,6.30243,7.21897,7.21458,7.18666,-0.862231,-0.859049,-0.83878
1,2.459485224,8.15965,6.29514,6.29514,7.25116,7.24681,7.21891,0.659402,0.662566,0.682812
1,2.592945663,7.59202,6.24411,6.24411,7.47598,7.472,7.44468,0.0842207,0.0871142,0.10694
1,2.66920877,8.12417,6.21493,6.21493,7.57107,7.5692,7.55358,0.401456,0.402812,0.414149
1,2.745471878,8.37251,6.18574,6.18574,7.60599,7.60612,7.60314,0.556363,0.556269,0.558428
1,2.745471878,7.41463,6.18574,6.18574,7.60599,7.60612,7.60314,-0.138889,-0.138983,-0.136824
1,2.764537655,5.67627,6.17844,6.17844,7.60683,7.60733,7.60687,-1.40125,-1.40162,-1.40128
1,2.802669209,5.8714,6.16384,6.16384,7.60148,7.60259,7.60623,-1.25574,-1.25655,-1.25919
1,2.974261201,5.92461,6.09809,6.09809,7.51634,7.51848,7.52982,-1.15532,-1.15687,-1.16511
1,2.974261201,7.62749,6.09809,6.09809,7.51634,7.51848,7.52982,0.0806812,0.0791273,0.0708969
1,2.974261201,6.68736,6.09809,6.09809,7.51634,7.51848,7.52982,-0.601695,-0.603249,-0.611479
1,3.012392755,6.102,6.08348,6.08348,7.4919,7.49408,7.50595,-1.00883,-1.01042,-1.01903
1,3.012392755,7.98226,6.08348,6.08348,7.4919,7.49408,7.50595,0.355922,0.354334,0.345723
1,3.088655863,6.77605,6.05424,6.05424,7.4414,7.44363,7.45614,-0.482931,-0.484543,-0.49363
1,3.16491897,6.31486,6.02499,6.02499,7.38995,7.39217,7.4051,-0.780333,-0.781945,-0.791334
1,3.203050524,7.48559,6.01037,6.01037,7.36407,7.36628,7.37939,0.0882006,0.0865942,0.0770805
1,3.241182078,8.37251,5.99574,5.99574,7.33814,7.34035,7.35362,0.75077,0.74917,0.73954
1,3.241182078,8.2306,5.99574,5.99574,7.33814,7.34035,7.35362,0.64777,0.646169,0.63654
1,3.241182078,6.95344,5.99574,5.99574,7.33814,7.34035,7.35362,-0.279232,-0.280832,-0.290461
1,3.317445186,4.82483,5.96648,5.96648,7.28622,7.2884,7.30197,-1.78654,-1.78813,-1.79797
1,3.317445186,8.08869,5.96648,5.96648,7.28622,7.2884,7.30197,0.582461,0.580875,0.571029
1,3.317445186,7.7694,5.96648,5.96648,7.28622,7.2884,7.30197,0.350711,0.349125,0.339279
1,3.35557674,5.96009,5.95184,5.95184,7.26023,7.26241,7.27612,-0.943682,-0.94526,-0.955211
1,3.35557674,5.39246,5.95184,5.95184,7.26023,7.26241,7.27612,-1.35568,-1.35726,-1.36721
1,3.393708294,8.2306,5.93721,5.93721,7.23424,7.2364,7.25026,0.723185,0.721616,0.71156
1,3.393708294,6.95344,5.93721,5.93721,7.23424,7.2364,7.25026,-0.203816,-0.205386,-0.215441
1,3.469971401,7.55654,5.90793,5.90793,7.18225,7.18439,7.19853,0.271671,0.270117,0.259855
1,3.469971401,7.27273,5.90793,5.90793,7.18225,7.18439,7.19853,0.0656704,0.0641168,0.053855
1,3.508102955,9.15299,5.89329,5.89329,7.15625,7.15838,7.17266,1.44929,1.44775,1.43738
1,3.546234509,6.95344,5.87865,5.87865,7.13025,7.13237,7.14679,-0.12834,-0.129877,-0.140344
1,3.584366063,7.59202,5.86401,5.86401,7.10426,7.10636,7.12092,0.354032,0.352503,0.341933
1,3.698760724,8.33703,5.82007,5.82007,7.02626,7.02833,7.04332,0.951396,0.949892,0.939015
1,3.736892278,8.01774,5.80542,5.80542,7.00026,7.00232,7.01745,0.738517,0.737021,0.726042
1,3.775023832,5.49889,5.79078,5.79078,6.97426,6.97631,6.99158,-1.07086,-1.07235,-1.08343
1,3.775023832,7.00665,5.79078,5.79078,6.97426,6.97631,6.99158,0.0235133,0.0220243,0.010943
1,3.813155386,4.75388,5.77613,5.77613,6.94826,6.9503,6.96571,-1.59274,-1.59422,-1.60541
1,3.889418494,8.58537,5.74682,5.74682,6.89626,6.89827,6.91397,1.226,1.22454,1.21315
1,3.908484271,8.85144,5.7395,5.7395,6.88326,6.88527,6.90103,1.42857,1.42711,1.41566
1,3.965681602,7.37916,5.71752,5.71752,6.84426,6.84625,6.86223,0.388245,0.386797,0.375204
1,3.965681602,5.81818,5.71752,5.71752,6.84426,6.84625,6.86223,-0.744757,-0.746204,-0.757798
1,3.965681602,6.63415,5.71752,5.71752,6.84426,6.84625,6.86223,-0.152506,-0.153953,-0.165547
1,4.003813155,6.84701,5.70286,5.70286,6.81826,6.82024,6.83636,0.0208659,0.0194258,0.00773002
1,4.003813155,6.98891,5.70286,5.70286,6.81826,6.82024,6.83636,0.123866,0.122426,0.11073
1,4.061010486,8.03548,5.68088,5.68088,6.77926,6.78123,6.79755,0.911799,0.910371,0.898522
1,4.156339371,8.26608,5.64423,5.64423,6.71426,6.7162,6.73288,1.12635,1.12494,1.11284
1,4.194470925,7.96452,5.62958,5.62958,6.68826,6.69019,6.70701,0.926351,0.924947,0.912742
1,4.232602479,7.1663,5.61492,5.61492,6.66226,6.66418,6.68114,0.365847,0.36445,0.352143
1,4.232602479,7.69845,5.61492,5.61492,6.66226,6.66418,6.68114,0.752097,0.750701,0.738394
1,4.289799809,8.07095,5.59293,5.59293,6.62326,6.62517,6.64233,1.05078,1.0494,1.03693
1,4.308865586,6.13747,5.58559,5.58559,6.61026,6.61216,6.6294,-0.343162,-0.344542,-0.357054
1,4.308865586,6.66962,5.58559,5.58559,6.61026,6.61216,6.6294,0.0430887,0.0417086,0.0291966
1,4.327931363,8.26608,5.57826,5.57826,6.59726,6.59915,6.61646,1.21128,1.2099,1.19734
1,4.327931363,5.78271,5.57826,5.57826,6.59726,6.59915,6.61646,-0.591227,-0.592603,-0.605166
1,4.327931363,6.26164,5.57826,5.57826,6.59726,6.59915,6.61646,-0.243601,-0.244977,-0.25754
1,4.34699714,7.62749,5.57093,5.57093,6.58426,6.58615,6.60353,0.757211,0.75584,0.743225
1,4.385128694,6.77605,5.55627,5.55627,6.55826,6.56014,6.57766,0.158081,0.156718,0.144001
1,4.423260248,6.91796,5.54161,5.54161,6.53226,6.53413,6.55179,0.279953,0.278598,0.265778
1,4.461391802,7.02439,5.52694,5.52694,6.50626,6.50811,6.52592,0.376075,0.374728,0.361805
1,4.499523356,7.52106,5.51228,5.51228,6.48026,6.4821,6.50005,0.755448,0.754108,0.741083
1,4.59485224,8.01774,5.47562,5.47562,6.41526,6.41707,6.43538,1.16313,1.16181,1.14853
1,4.652049571,7.66297,5.45362,5.45362,6.37626,6.37806,6.39657,0.933934,0.932628,0.919191
1,4.747378456,7.18404,5.41695,5.41695,6.31126,6.31303,6.33189,0.633488,0.632202,0.618509
1,4.766444233,4.36364,5.40962,5.40962,6.29826,6.30002,6.31896,-1.4042,-1.40549,-1.41923
1,4.804575786,4.75388,5.39495,5.39495,6.27226,6.27401,6.29309,-1.10208,-1.10336,-1.1172
1,4.880838894,8.01774,5.36561,5.36561,6.22026,6.22199,6.24135,1.30466,1.30341,1.28936
1,4.957102002,5.07317,5.33627,5.33627,6.16826,6.16997,6.18961,-0.794847,-0.796089,-0.810344
1,4.995233556,3.5122,5.3216,5.3216,6.14226,6.14396,6.16374,-1.90898,-1.91021,-1.92457
1,4.995233556,6.88248,5.3216,5.3216,6.14226,6.14396,6.16374,0.537277,0.536043,0.521685
1,4.995233556,7.02439,5.3216,5.3216,6.14226,6.14396,6.16374,0.640277,0.639043,0.624686
1,4.995233556,7.27273,5.3216,5.3216,6.14226,6.14396,6.16374,0.820528,0.819294,0.804936
1,4.995233556,6.17295,5.3216,5.3216,6.14226,6.14396,6.16374,0.0222762,0.0210423,0.00668453
1,5.03336511,7.52106,5.30693,5.30693,6.11626,6.11795,6.13787,1.01965,1.01842,1.00396
1,5.03336511,5.46341,5.30693,5.30693,6.11626,6.11795,6.13787,-0.473853,-0.475079,-0.489539
1,5.071496663,5.96009,5.29226,5.29226,6.09026,6.09194,6.112,-0.094481,-0.0956989,-0.110261
1,5.147759771,7.41463,5.26292,5.26292,6.03826,6.03991,6.06026,0.999014,0.997812,0.983045
1,5.147759771,5.28603,5.26292,5.26292,6.03826,6.03991,6.06026,-0.545989,-0.547191,-0.561958
1,5.224022879,5.07317,5.23357,5.23357,5.98626,5.98789,6.00852,-0.662746,-0.663933,-0.678903
1,5.300285987,7.94678,5.20423,5.20423,5.93426,5.93587,5.95678,1.46075,1.45958,1.4444
1,5.300285987,7.20177,5.20423,5.20423,5.93426,5.93587,5.95678,0.919999,0.91883,0.903654
1,5.319351764,2.44789,5.19689,5.19689,5.92126,5.92286,5.94384,-2.52107,-2.52224,-2.53746
1,5.319351764,6.56319,5.19689,5.19689,5.92126,5.92286,5.94384,0.465934,0.464769,0.449541
1,5.338417541,3.68958,5.18955,5.18955,5.90826,5.90986,5.93091,-1.61038,-1.61154,-1.62682
1,5.338417541,6.11973,5.18955,5.18955,5.90826,5.90986,5.93091,0.153494,0.152333,0.137054
1,5.338417541,5.74723,5.18955,5.18955,5.90826,5.90986,5.93091,-0.116882,-0.118042,-0.133322
1,5.376549094,5.46341,5.17488,5.17488,5.88226,5.88385,5.90504,-0.304011,-0.305163,-0.320545
1,5.395614871,6.03104,5.16754,5.16754,5.86926,5.87084,5.89211,0.117425,0.116277,0.100844
1,5.452812202,6.97118,5.14553,5.14553,5.83026,5.83183,5.8533,0.828108,0.826972,0.811385
1,5.452812202,4.47007,5.14553,5.14553,5.83026,5.83183,5.8533,-0.98727,-0.988406,-1.00399
1,5.510009533,7.23725,5.12352,5.12352,5.79126,5.79281,5.8145,1.04954,1.04842,1.03268
1,5.52907531,6.75831,5.11618,5.11618,5.77826,5.77981,5.80156,0.71135,0.710231,0.694438
1,5.605338418,7.62749,5.08683,5.08683,5.72627,5.72778,5.74983,1.37997,1.37887,1.36287
1,5.605338418,6.56319,5.08683,5.08683,5.72627,5.72778,5.74983,0.607467,0.606365,0.590366
1,5.643469971,5.32151,5.07216,5.07216,5.70027,5.70177,5.72396,-0.274914,-0.276007,-0.292109
1,5.681601525,7.73392,5.05748,5.05748,5.67427,5.67576,5.69809,1.49496,1.49388,1.47767
1,5.681601525,5.56984,5.05748,5.05748,5.67427,5.67576,5.69809,-0.0757923,-0.0768767,-0.0930819
1,5.738798856,3.26386,5.03547,5.03547,5.63527,5.63674,5.65928,-1.72124,-1.72231,-1.73867
1,5.757864633,6.35033,5.02813,5.02813,5.62227,5.62374,5.64635,0.528451,0.527384,0.510972
1,5.834127741,5.10865,4.99878,4.99878,5.57027,5.57172,5.59461,-0.335058,-0.336108,-0.352726
1,5.872259295,6.45676,4.98411,4.98411,5.54427,5.5457,5.56874,0.662315,0.661273,0.644552
1,5.929456625,0.674058,4.96209,4.96209,5.50527,5.50669,5.52994,-3.50664,-3.50766,-3.52454
1,5.929456625,5.90687,4.96209,4.96209,5.50527,5.50669,5.52994,0.291495,0.290467,0.273592
1,5.948522402,5.46341,4.95475,4.95475,5.49227,5.49368,5.517,-0.0209448,-0.0219685,-0.0388956
1,5.986653956,4.1153,4.94008,4.94008,5.46627,5.46767,5.49113,-0.980576,-0.98159,-0.998621
1,6.02478551,5.1796,4.9254,4.9254,5.44027,5.44166,5.46526,-0.189204,-0.190208,-0.207343
1,6.062917064,3.97339,4.91072,4.91072,5.41427,5.41565,5.43939,-1.04583,-1.04683,-1.06407
1,6.081982841,3.77827,4.90339,4.90339,5.40127,5.40264,5.42646,-1.17802,-1.17902,-1.1963
1,6.101048618,4.93126,4.89605,4.89605,5.38828,5.38964,5.41353,-0.331712,-0.332699,-0.35004
1,6.139180172,6.35033,4.88137,4.88137,5.36228,5.36362,5.38766,0.71716,0.716182,0.698739
1,6.139180172,6.102,4.88137,4.88137,5.36228,5.36362,5.38766,0.53691,0.535931,0.518488
1,6.234509056,5.97783,4.84468,4.84468,5.29728,5.2986,5.32298,0.493962,0.493004,0.475305
1,6.253574833,5.81818,4.83734,4.83734,5.28428,5.28559,5.31005,0.387522,0.386569,0.368818
1,6.253574833,5.00222,4.83734,4.83734,5.28428,5.28559,5.31005,-0.204729,-0.205682,-0.223433
1,6.291706387,3.90244,4.82266,4.82266,5.25828,5.25958,5.28418,-0.984109,-0.985054,-1.00291
1,6.291706387,3.6541,4.82266,4.82266,5.25828,5.25958,5.28418,-1.16436,-1.1653,-1.18316
1,6.329837941,6.91796,4.80798,4.80798,5.23228,5.23357,5.25831,1.22352,1.22258,1.20462
1,6.329837941,4.15078,4.80798,4.80798,5.23228,5.23357,5.25831,-0.784987,-0.785924,-0.803881
1,6.348903718,6.4745,4.80064,4.80064,5.21928,5.22056,5.24538,0.911076,0.910144,0.892135
1,6.367969495,6.03104,4.79331,4.79331,5.20628,5.20756,5.23244,0.598636,0.597708,0.579648
1,6.406101049,4.64745,4.77863,4.77863,5.18028,5.18155,5.20657,-0.386744,-0.387664,-0.405826
1,6.406101049,4.43459,4.77863,4.77863,5.18028,5.18155,5.20657,-0.541244,-0.542165,-0.560326
1,6.444232602,7.13082,4.76395,4.76395,5.15428,5.15554,5.1807,1.43463,1.43372,1.41545
1,6.444232602,2.98004,4.76395,4.76395,5.15428,5.15554,5.1807,-1.57812,-1.57904,-1.5973
1,6.52049571,4.15078,4.73459,4.73459,5.10228,5.10352,5.12896,-0.690631,-0.691527,-0.709995
1,6.52049571,4.96674,4.73459,4.73459,5.10228,5.10352,5.12896,-0.09838,-0.0992758,-0.117744
1,6.596758818,4.29268,4.70524,4.70524,5.05028,5.05149,5.07722,-0.549888,-0.550768,-0.569441
1,6.615824595,5.25055,4.6979,4.6979,5.03728,5.03849,5.06429,0.154798,0.153923,0.135198
1,6.634890372,5.03769,4.69056,4.69056,5.02428,5.02548,5.05135,0.00973408,0.00886258,-0.00991348
1,6.673021926,5.60532,4.67588,4.67588,4.99828,4.99947,5.02548,0.440607,0.439743,0.420864
1,6.749285033,3.58315,4.64652,4.64652,4.94628,4.94745,4.97374,-0.989404,-0.990251,-1.00933
1,6.787416587,4.5765,4.63185,4.63185,4.92029,4.92144,4.94787,-0.249532,-0.250371,-0.269555
1,6.787416587,5.00222,4.63185,4.63185,4.92029,4.92144,4.94787,0.0594688,0.0586299,0.0394452
1,6.863679695,5.92461,4.60249,4.60249,4.86829,4.86942,4.89613,0.766711,0.765889,0.746501
1,6.882745472,4.77162,4.59515,4.59515,4.85529,4.85641,4.8832,-0.0607296,-0.0615475,-0.0809873
1,6.95900858,5.12639,4.56579,4.56579,4.80329,4.80439,4.83146,0.234512,0.233711,0.214067
1,6.978074357,2.60754,4.55845,4.55845,4.79029,4.79139,4.81852,-1.58431,-1.5851,-1.6048
1,6.978074357,6.06652,4.55845,4.55845,4.79029,4.79139,4.81852,0.926324,0.925527,0.905832
1,6.978074357,4.00887,4.55845,4.55845,4.79029,4.79139,4.81852,-0.567178,-0.567975,-0.58767
1,6.978074357,3.90244,4.55845,4.55845,4.79029,4.79139,4.81852,-0.644429,-0.645225,-0.664921
1,6.978074357,3.68958,4.55845,4.55845,4.79029,4.79139,4.81852,-0.798929,-0.799726,-0.819421
1,7.01620591,5.55211,4.54377,4.54377,4.76429,4.76538,4.79265,0.57182,0.571031,0.551234
1,7.01620591,3.49446,4.54377,4.54377,4.76429,4.76538,4.79265,-0.921683,-0.922472,-0.942269
1,7.054337464,3.83149,4.52909,4.52909,4.73829,4.73937,4.76678,-0.658186,-0.658967,-0.678866
1,7.092469018,5.33925,4.51441,4.51441,4.71229,4.71336,4.74091,0.455061,0.454289,0.434289
1,7.092469018,4.64745,4.51441,4.51441,4.71229,4.71336,4.74091,-0.0470645,-0.0478372,-0.0678372
1,7.20686368,3.40576,4.47038,4.47038,4.63429,4.63533,4.6633,-0.891703,-0.892452,-0.912758
1,7.244995234,3.22838,4.4557,4.4557,4.6083,4.60932,4.63743,-1.00158,-1.00232,-1.02273
1,7.244995234,5.97783,4.4557,4.4557,4.6083,4.60932,4.63743,0.994046,0.993306,0.972897
1,7.283126787,3.86696,4.44102,4.44102,4.5823,4.58331,4.61156,-0.51921,-0.519943,-0.540454
1,7.321258341,2.87361,4.42634,4.42634,4.5563,4.55729,4.58569,-1.22134,-1.22206,-1.24268
1,7.321258341,5.32151,4.42634,4.42634,4.5563,4.55729,4.58569,0.555413,0.554688,0.534075
1,7.321258341,4.25721,4.42634,4.42634,4.5563,4.55729,4.58569,-0.217088,-0.217813,-0.238427
1,7.321258341,3.97339,4.42634,4.42634,4.5563,4.55729,4.58569,-0.423088,-0.423813,-0.444427
1,7.359389895,3.72506,4.41166,4.41166,4.5303,4.53128,4.55983,-0.584467,-0.585185,-0.6059
1,7.359389895,4.7184,4.41166,4.41166,4.5303,4.53128,4.55983,0.136534,0.135817,0.115101
1,7.397521449,4.07982,4.39698,4.39698,4.5043,4.50527,4.53396,-0.308096,-0.308805,-0.329623
1,7.435653003,3.97339,4.3823,4.3823,4.4783,4.47926,4.50809,-0.366476,-0.367176,-0.388097
1,7.473784557,3.29933,4.36762,4.36762,4.4523,4.45325,4.48222,-0.836856,-0.837548,-0.858571
1,7.473784557,5.88914,4.36762,4.36762,4.4523,4.45325,4.48222,1.0429,1.04221,1.02118
1,7.511916111,3.86696,4.35294,4.35294,4.4263,4.42724,4.45635,-0.405985,-0.406668,-0.427794
1,7.607244995,1.04656,4.31624,4.31624,4.3613,4.36222,4.39168,-2.40594,-2.4066,-2.42798
1,7.607244995,2.55432,4.31624,4.31624,4.3613,4.36222,4.39168,-1.31156,-1.31222,-1.3336
1,7.626310772,4.1153,4.30891,4.30891,4.34831,4.34921,4.37874,-0.169123,-0.169781,-0.191214
1,7.626310772,3.97339,4.30891,4.30891,4.34831,4.34921,4.37874,-0.272123,-0.272781,-0.294214
1,7.664442326,4.7184,4.29423,4.29423,4.32231,4.3232,4.35287,0.287499,0.286849,0.265313
1,7.740705434,3.58315,4.26487,4.26487,4.27031,4.27118,4.30113,-0.498762,-0.499395,-0.521135
1,7.740705434,5.35698,4.26487,4.26487,4.27031,4.27118,4.30113,0.78874,0.788107,0.766367
1,7.778836988,3.22838,4.25019,4.25019,4.24431,4.24517,4.27527,-0.737392,-0.738016,-0.75986
1,7.797902765,4.27494,4.24285,4.24285,4.23131,4.23217,4.26233,0.031669,0.0310499,0.0091549
1,7.912297426,5.42794,4.19881,4.19881,4.15332,4.15414,4.18473,0.925157,0.924562,0.90236
1,7.931363203,4.86031,4.19147,4.19147,4.14032,4.14113,4.17179,0.522592,0.522001,0.499747
1,7.969494757,0.461197,4.17679,4.17679,4.11432,4.11512,4.14592,-2.65154,-2.65213,-2.67448
1,7.969494757,3.44124,4.17679,4.17679,4.11432,4.11512,4.14592,-0.48854,-0.489123,-0.511479
1,7.969494757,2.83814,4.17679,4.17679,4.11432,4.11512,4.14592,-0.926291,-0.926874,-0.949229
1,7.988560534,1.54324,4.16945,4.16945,4.10132,4.10212,4.13299,-1.85673,-1.85731,-1.87972
1,8.007626311,3.33481,4.16211,4.16211,4.08832,4.08911,4.12005,-0.546921,-0.547495,-0.569953
1,8.026692088,4.55876,4.15477,4.15477,4.07532,4.07611,4.10712,0.350891,0.35032,0.327812
1,8.083889418,3.86696,4.13275,4.13275,4.03633,4.0371,4.06832,-0.122931,-0.123489,-0.14615
1,8.083889418,2.55432,4.13275,4.13275,4.03633,4.0371,4.06832,-1.07568,-1.07624,-1.0989
1,8.141086749,1.38359,4.11073,4.11073,3.99733,3.99808,4.02952,-1.89713,-1.89767,-1.92049
1,8.160152526,1.84479,4.10339,4.10339,3.98434,3.98508,4.01658,-1.55295,-1.55349,-1.57635
1,8.236415634,4.00887,4.07404,4.07404,3.93234,3.93306,3.96485,0.0555451,0.0550219,0.0319517
1,8.236415634,2.16408,4.07404,4.07404,3.93234,3.93306,3.96485,-1.28346,-1.28398,-1.30705
1,8.236415634,4.7184,4.07404,4.07404,3.93234,3.93306,3.96485,0.570546,0.570023,0.546953
1,8.312678742,2.98004,4.04468,4.04468,3.88035,3.88105,3.91311,-0.653468,-0.653975,-0.677249
1,8.312678742,5.25055,4.04468,4.04468,3.88035,3.88105,3.91311,0.994535,0.994027,0.970754
1,8.331744519,1.20621,4.03734,4.03734,3.86735,3.86804,3.90018,-1.93154,-1.93204,-1.95536
1,8.350810296,4.00887,4.03,4.03,3.85435,3.85504,3.88725,0.112152,0.111654,0.088277
1,8.350810296,3.47672,4.03,4.03,3.85435,3.85504,3.88725,-0.274099,-0.274597,-0.297974
1,8.369876072,2.80266,4.02266,4.02266,3.84136,3.84204,3.87431,-0.753915,-0.754409,-0.777837
1,8.408007626,2.19956,4.00798,4.00798,3.81536,3.81603,3.84845,-1.1728,-1.17328,-1.19681
1,8.465204957,2.30599,3.98596,3.98596,3.77637,3.77702,3.80965,-1.06724,-1.06772,-1.0914
1,8.465204957,5.32151,3.98596,3.98596,3.77637,3.77702,3.80965,1.12151,1.12104,1.09735
1,8.503336511,2.44789,3.97128,3.97128,3.75037,3.75101,3.78378,-0.945376,-0.945842,-0.969627
1,8.579599619,2.94457,3.94192,3.94192,3.69838,3.699,3.73205,-0.54714,-0.54759,-0.571578
1,8.598665396,2.23503,3.93458,3.93458,3.68538,3.686,3.71912,-1.05271,-1.05315,-1.07719
1,8.617731173,3.5122,3.92724,3.92724,3.67239,3.673,3.70619,-0.116272,-0.116714,-0.140804
1,8.617731173,2.76718,3.92724,3.92724,3.67239,3.673,3.70619,-0.657023,-0.657465,-0.681554
1,8.732125834,5.62306,3.88321,3.88321,3.59441,3.59498,3.62859,1.47246,1.47204,1.44764
1,8.751191611,3.08647,3.87587,3.87587,3.58141,3.58198,3.61566,-0.359238,-0.359652,-0.384098
1,8.808388942,3.90244,3.85385,3.85385,3.54242,3.54297,3.57686,0.261312,0.260911,0.236312
1,8.88465205,6.66962,3.82449,3.82449,3.49044,3.49097,3.52514,2.30755,2.30716,2.28236
1,8.903717827,7.02439,3.81715,3.81715,3.47744,3.47797,3.51221,2.57448,2.5741,2.54925
1,8.94184938,1.54324,3.80247,3.80247,3.45145,3.45196,3.48635,-1.38504,-1.38541,-1.41036
1,8.979980934,2.55432,3.7878,3.7878,3.42546,3.42596,3.46048,-0.632297,-0.63266,-0.657717
1,8.979980934,5.28603,3.7878,3.7878,3.42546,3.42596,3.46048,1.35046,1.35009,1.32504
1,9.037178265,1.17073,3.76578,3.76578,3.38648,3.38696,3.42169,-1.60825,-1.6086,-1.63381
1,9.075309819,4.15078,3.7511,3.7511,3.36049,3.36096,3.39583,0.573614,0.573274,0.54796
1,9.151572927,3.68958,3.72174,3.72174,3.30851,3.30896,3.34411,0.276588,0.276265,0.250748
1,9.151572927,1.38359,3.72174,3.72174,3.30851,3.30896,3.34411,-1.39716,-1.39749,-1.423
1,9.208770257,1.11752,3.69973,3.69973,3.26953,3.26996,3.30533,-1.562,-1.56231,-1.58798
1,9.246901811,1.72062,3.68505,3.68505,3.24355,3.24397,3.27947,-1.10539,-1.10569,-1.13146
1,9.304099142,4.15078,3.66303,3.66303,3.20457,3.20497,3.24069,0.686783,0.686492,0.660569
1,9.304099142,2.94457,3.66303,3.66303,3.20457,3.20497,3.24069,-0.188719,-0.18901,-0.214932
1,9.304099142,2.73171,3.66303,3.66303,3.20457,3.20497,3.24069,-0.343219,-0.34351,-0.369432
1,9.304099142,1.88027,3.66303,3.66303,3.20457,3.20497,3.24069,-0.96122,-0.961511,-0.987433
1,9.342230696,3.40576,3.64835,3.64835,3.17859,3.17898,3.21483,0.164891,0.164608,0.138585
1,9.342230696,2.51885,3.64835,3.64835,3.17859,3.17898,3.21483,-0.47886,-0.479143,-0.505166
1,9.456625357,4.39911,3.60432,3.60432,3.10065,3.101,3.13727,0.942466,0.942207,0.91588
1,9.475691134,1.91574,3.59698,3.59698,3.08766,3.08801,3.12435,-0.850609,-0.850864,-0.877241
1,9.532888465,2.76718,3.57497,3.57497,3.04869,3.04902,3.08557,-0.204325,-0.204568,-0.231096
1,9.571020019,1.0643,3.56029,3.56029,3.02271,3.02304,3.05973,-1.42147,-1.42171,-1.44834
1,9.571020019,1.73836,3.56029,3.56029,3.02271,3.02304,3.05973,-0.932222,-0.932457,-0.959086
1,9.609151573,0.248337,3.54561,3.54561,2.99674,2.99705,3.03388,-1.99487,-1.9951,-2.02183
1,9.666348904,2.02217,3.5236,3.5236,2.95778,2.95808,2.99511,-0.679091,-0.679306,-0.706187
1,9.723546235,3.58315,3.50158,3.50158,2.91882,2.9191,2.95635,0.482186,0.481983,0.454951
1,9.742612011,4.54102,3.49425,3.49425,2.90584,2.90612,2.94343,1.18686,1.18666,1.15958
1,9.818875119,4.20399,3.46489,3.46489,2.85391,2.85416,2.89175,0.979929,0.979745,0.952465
1,9.87607245,4.96674,3.44288,3.44288,2.81497,2.8152,2.85299,1.56182,1.56165,1.53422
1,9.971401335,7.21951,3.40619,3.40619,2.75007,2.75028,2.78842,3.24405,3.2439,3.21622
1,9.990467112,3.1929,3.39885,3.39885,2.7371,2.7373,2.7755,0.330838,0.330689,0.302963
1,10.06673022,1.84479,3.3695,3.3695,2.6852,2.68538,2.72385,-0.609994,-0.610127,-0.638051
1,10.06673022,2.94457,3.3695,3.3695,2.6852,2.68538,2.72385,0.188258,0.188124,0.1602
1,10.14299333,1.02882,3.34015,3.34015,2.63331,2.63347,2.67222,-1.16458,-1.1647,-1.19282
1,10.21925643,1.41907,3.31081,3.31081,2.58144,2.58158,2.6206,-0.843684,-0.843786,-0.872103
1,10.21925643,1.91574,3.31081,3.31081,2.58144,2.58158,2.6206,-0.483183,-0.483285,-0.511603
1,10.29551954,2.62528,3.28146,3.28146,2.52959,2.5297,2.56899,0.0694555,0.0693693,0.0408572
1,10.3336511,0.31929,3.26679,3.26679,2.50366,2.50377,2.54319,-1.58548,-1.58556,-1.61417
1,10.3336511,0.709534,3.26679,3.26679,2.50366,2.50377,2.54319,-1.30223,-1.30231,-1.33092
1,10.3336511,1.84479,3.26679,3.26679,2.50366,2.50377,2.54319,-0.478231,-0.47831,-0.506919
1,10.3336511,2.80266,3.26679,3.26679,2.50366,2.50377,2.54319,0.21702,0.216942,0.188332
1,10.37178265,2.30599,3.25211,3.25211,2.47775,2.47785,2.5174,-0.12467,-0.124741,-0.153446
1,10.4099142,2.73171,3.23744,3.23744,2.45184,2.45192,2.49161,0.203137,0.203075,0.174272
1,10.44804576,3.4235,3.22277,3.22277,2.42593,2.42601,2.46582,0.724065,0.724011,0.695113
1,10.44804576,2.02217,3.22277,3.22277,2.42593,2.42601,2.46582,-0.293062,-0.293116,-0.322014
1,10.56244042,0,3.17875,3.17875,2.34826,2.3483,2.38851,-1.70443,-1.70446,-1.73365
1,10.60057197,3.29933,3.16408,3.16408,2.32238,2.32241,2.36274,0.709104,0.709084,0.679805
1,10.60057197,1.73836,3.16408,3.16408,2.32238,2.32241,2.36274,-0.423898,-0.423918,-0.453197
1,10.67683508,2.98004,3.13474,3.13474,2.27064,2.27065,2.31124,0.514906,0.514902,0.485436
1,10.71496663,1.73836,3.12007,3.12007,2.24479,2.24478,2.2855,-0.367579,-0.367575,-0.397132
1,10.73403241,3.37029,3.11274,3.11274,2.23186,2.23185,2.27263,0.826304,0.826312,0.796709
1,10.81029552,3.1929,3.0834,3.0834,2.18018,2.18015,2.22119,0.735062,0.735086,0.705301
1,10.88655863,6.42129,3.05406,3.05406,2.12855,2.1285,2.16978,3.11579,3.11583,3.08587
1,10.9056244,3.051,3.04673,3.04673,2.11565,2.11559,2.15693,0.678905,0.678947,0.64894
1,10.94375596,0.390244,3.03206,3.03206,2.08985,2.08978,2.13125,-1.23363,-1.23358,-1.26367
1,10.94375596,1.02882,3.03206,3.03206,2.08985,2.08978,2.13125,-0.770125,-0.770075,-0.80017
1,10.96282173,1.27716,3.02472,3.02472,2.07696,2.07689,2.11841,-0.580516,-0.580463,-0.610602
1,11.05815062,2.23503,2.98806,2.98806,2.01255,2.01244,2.05427,0.161488,0.161562,0.131206
1,11.05815062,1.95122,2.98806,2.98806,2.01255,2.01244,2.05427,-0.0445128,-0.0444387,-0.0747947
1,11.09628217,0.177384,2.97339,2.97339,1.98681,1.98669,2.02863,-1.31333,-1.31325,-1.34369
1,11.13441373,2.19956,2.95873,2.95873,1.96108,1.96096,2.00301,0.17309,0.173182,0.142658
1,11.22974261,2.53659,2.92207,2.92207,1.89685,1.8967,1.93903,0.464338,0.46445,0.433725
1,11.24880839,0.603104,2.91473,2.91473,1.88402,1.88386,1.92624,-0.929725,-0.929609,-0.960373
1,11.30600572,4.38137,2.89274,2.89274,1.84555,1.84538,1.88792,1.84058,1.8407,1.80982
1,11.3250715,0,2.88541,2.88541,1.83274,1.83256,1.87515,-1.33026,-1.33012,-1.36104
1,11.3250715,0.886918,2.88541,2.88541,1.83274,1.83256,1.87515,-0.686505,-0.686373,-0.71729
1,11.3250715,2.80266,2.88541,2.88541,1.83274,1.83256,1.87515,0.703997,0.704129,0.673212
1,11.36320305,1.45455,2.87075,2.87075,1.80713,1.80694,1.84964,-0.255919,-0.255779,-0.28677
1,11.4013346,1.0643,2.85609,2.85609,1.78155,1.78135,1.82415,-0.520601,-0.520453,-0.551517
1,11.43946616,1.59645,2.84143,2.84143,1.756,1.75578,1.79868,-0.115801,-0.115645,-0.14678
1,11.55386082,0.957871,2.79745,2.79745,1.67949,1.67924,1.72242,-0.523773,-0.523594,-0.554929
1,11.59199237,1.24169,2.78279,2.78279,1.65405,1.65379,1.69705,-0.299308,-0.299121,-0.330518
1,11.59199237,4.39911,2.78279,2.78279,1.65405,1.65379,1.69705,1.99245,1.99263,1.96124
1,11.63012393,2.87361,2.76814,2.76814,1.62865,1.62838,1.67172,0.903634,0.903829,0.872373
1,11.74451859,2.55432,2.72417,2.72417,1.55265,1.55235,1.59591,0.727043,0.727261,0.695643
1,11.8207817,1.70288,2.69487,2.69487,1.5022,1.50188,1.54556,0.145663,0.145897,0.114187
1,11.87797903,6.31486,2.67289,2.67289,1.46448,1.46414,1.50791,3.52055,3.52079,3.48902
1,11.8970448,1.80931,2.66557,2.66557,1.45193,1.45159,1.49539,0.259397,0.259645,0.227857
1,11.93517636,0.425721,2.65092,2.65092,1.42688,1.42653,1.47037,-0.72667,-0.726414,-0.758235
1,11.97330791,0.141907,2.63627,2.63627,1.40188,1.40152,1.4454,-0.914526,-0.914263,-0.946113
1,11.97330791,0.993348,2.63627,2.63627,1.40188,1.40152,1.4454,-0.296525,-0.296262,-0.328112
1,12.01143947,0.283814,2.62162,2.62162,1.37694,1.37657,1.42048,-0.793424,-0.793154,-0.825029
1,12.04957102,0.815965,2.60698,2.60698,1.35207,1.35168,1.39563,-0.389118,-0.38884,-0.420735
1,12.12583413,0.815965,2.57769,2.57769,1.30251,1.30211,1.34609,-0.353152,-0.352861,-0.38478
1,12.16396568,1.09978,2.56305,2.56305,1.27785,1.27744,1.32142,-0.129248,-0.12895,-0.160873
1,12.27836034,1.88027,2.51913,2.51913,1.20433,1.20389,1.24785,0.490614,0.490931,0.45903
1,12.3164919,0.10643,2.5045,2.5045,1.18,1.17956,1.22348,-0.77923,-0.778906,-0.810787
1,12.3164919,0.851441,2.5045,2.5045,1.18,1.17956,1.22348,-0.238479,-0.238155,-0.270036
1,12.3164919,1.41907,2.5045,2.5045,1.18,1.17956,1.22348,0.173522,0.173846,0.141965
1,12.43088656,1.34812,2.4606,2.4606,1.10761,1.10714,1.15092,0.174565,0.174907,0.14313
1,12.46901811,0.780488,2.44597,2.44597,1.0837,1.08322,1.12693,-0.220078,-0.219731,-0.251457
1,12.58341277,0.266075,2.40209,2.40209,1.01269,1.01219,1.05562,-0.541911,-0.541551,-0.573073
1,12.58341277,2.87361,2.40209,2.40209,1.01269,1.01219,1.05562,1.35072,1.35108,1.31956
1,12.60247855,4.87805,2.39478,2.39478,1.00096,1.00046,1.04384,2.8141,2.81446,2.78298
1,12.73593899,2.23503,2.34362,2.34362,0.919952,0.919427,0.962299,0.954525,0.954906,0.923788
1,12.8122021,1.56098,2.31439,2.31439,0.874544,0.874008,0.916511,0.498232,0.498622,0.467771
1,12.92659676,1.63193,2.27057,2.27057,0.807803,0.807251,0.84908,0.598175,0.598575,0.568215
1,12.96472831,4.32816,2.25597,2.25597,0.785955,0.785397,0.826967,2.57104,2.57144,2.54127
1,12.96472831,1.27716,2.25597,2.25597,0.785955,0.785397,0.826967,0.356533,0.356937,0.326764
1,13.04099142,0.674058,2.22678,2.22678,0.742905,0.742339,0.783336,-0.0499713,-0.0495609,-0.0793173
1,13.15538608,1.73836,2.18301,2.18301,0.680081,0.679508,0.7195,0.768129,0.768545,0.739518
1,13.19351764,1.9867,2.16843,2.16843,0.659642,0.659069,0.698686,0.963215,0.963631,0.934876
1,13.26978074,0.745011,2.13927,2.13927,0.619571,0.618998,0.657806,0.0910483,0.091464,0.063296
1,13.3079123,0.0709534,2.1247,2.1247,0.599957,0.599385,0.637758,-0.383966,-0.383551,-0.411404
1,13.34604385,0.567627,2.11013,2.11013,0.580637,0.580065,0.617983,-0.00944267,-0.00902739,-0.0365499
1,13.49857007,1.09978,2.05189,2.05189,0.506454,0.505885,0.541789,0.430652,0.431065,0.405005
1,13.53670162,0.709534,2.03734,2.03734,0.488723,0.488156,0.523509,0.160272,0.160683,0.135023
1,13.57483317,1.70288,2.0228,2.0228,0.471333,0.470768,0.505551,0.893895,0.894305,0.869058
1,13.61296473,4.1153,2.00826,2.00826,0.454291,0.453729,0.487925,2.65727,2.65768,2.63285
1,13.89895138,2.46563,1.89938,1.89938,0.338151,0.337645,0.366934,1.54419,1.54456,1.5233
1,13.99428027,4.89579,1.86316,1.86316,0.3042,0.303716,0.331231,3.33271,3.33306,3.31309
1,13.99428027,1.27716,1.86316,1.86316,0.3042,0.303716,0.331231,0.706204,0.706556,0.686584
1,14.0514776,1.91574,1.84145,1.84145,0.284997,0.284525,0.310958,1.18364,1.18399,1.1648
1,14.2993327,0.886918,1.74755,1.74755,0.211796,0.211387,0.233088,0.490023,0.49032,0.474569
1,14.2993327,0.638581,1.74755,1.74755,0.211796,0.211387,0.233088,0.309773,0.31007,0.294319
1,14.37559581,1.0643,1.71873,1.71873,0.192458,0.19207,0.212342,0.63281,0.633091,0.618377
1,14.45185891,1.27716,1.68995,1.68995,0.174549,0.174184,0.193057,0.800309,0.800574,0.786875
1,14.48999047,0.425721,1.67557,1.67557,0.166115,0.165761,0.18395,0.188429,0.188687,0.175485
1,14.56625357,0.709534,1.64685,1.64685,0.150253,0.14992,0.166772,0.405943,0.406185,0.393953
1,14.60438513,1.84479,1.63251,1.63251,0.142808,0.142486,0.158689,1.23535,1.23558,1.22382
1,14.60438513,1.9867,1.63251,1.63251,0.142808,0.142486,0.158689,1.33835,1.33858,1.32682
1,14.90943756,1.27716,1.51819,1.51819,0.0938319,0.0935925,0.105129,0.858896,0.859069,0.850696
1,15.02383222,0.638581,1.47555,1.47555,0.0797327,0.0795204,0.0895738,0.405628,0.405783,0.398485
1,15.36701621,0.10643,1.34856,1.34856,0.0482782,0.0481351,0.0546154,0.0422084,0.0423123,0.0376087
1,15.40514776,0.638581,1.33454,1.33454,0.045615,0.0454793,0.0516374,0.430392,0.430491,0.426021
1,15.55767398,0.496674,1.27872,1.27872,0.0362948,0.036187,0.0411909,0.334157,0.334235,0.330603
1,15.90085796,1.13525,1.15464,1.15464,0.021543,0.0214678,0.0245691,0.808365,0.808419,0.806168
1,15.97712107,0.567627,1.1274,1.1274,0.0191648,0.0190966,0.021878,0.39809,0.39814,0.396121
1,16.01525262,0.674058,1.11384,1.11384,0.018074,0.0180091,0.0206424,0.476132,0.476179,0.474268
1,16.2821735,1.09978,1.0199,1.0199,0.0119709,0.0119253,0.0137138,0.789563,0.789596,0.788297
1,16.32030505,1.31264,1.00664,1.00664,0.0112842,0.011241,0.0129325,0.944561,0.944593,0.943365
1,16.47283127,0.922395,0.954066,0.954066,0.00890567,0.0088705,0.0102226,0.663037,0.663063,0.662081
1,16.54909438,0.141907,0.928067,0.928067,0.00790981,0.00787814,0.00908643,0.097259,0.097282,0.096405
1,16.62535748,0,0.902275,0.902275,0.00702438,0.00699589,0.00807534,-0.0050985,-0.00507782,-0.00586132
1,16.89227836,0.851441,0.81379,0.81379,0.00463247,0.00461275,0.0053388,0.614639,0.614653,0.614126
1,17.04480458,1.0643,0.764614,0.764614,0.0036503,0.00363406,0.00421239,0.769852,0.769864,0.769444
1,17.57864633,0.425721,0.602073,0.602073,0.00158194,0.00157466,0.0018346,0.307852,0.307858,0.307669
1,18.03622498,2.37694,0.477078,0.477078,0.000772278,0.000767433,0.000898611,1.72469,1.7247,1.7246
1,19.04671115,1.56098,0.259217,0.259217,0.000158482,0.000157209,0.000185515,1.13289,1.13289,1.13287
2,0.000224299,0.556237,7.21023,7.21023,nan,5.24188,5.24938,nan,-3.40098,-3.40642
2,0.045084112,2.87935,7.19469,7.19469,nan,5.23102,5.23858,nan,-1.70692,-1.7124
2,0.067514019,2.97751,7.18688,7.18688,nan,5.22559,5.23318,nan,-1.63173,-1.63724
2,0.134803738,4.05726,7.16331,7.16331,nan,5.20929,5.21698,nan,-0.836181,-0.841761
2,0.157233645,3.27198,7.15541,7.15541,nan,5.20386,5.21158,nan,-1.40221,-1.40782
2,0.269383178,3.40286,7.11561,7.11561,nan,5.1767,5.18458,nan,-1.28751,-1.29323
2,0.426392523,2.01227,7.05916,7.05916,nan,5.13868,5.14679,nan,-2.26924,-2.27513
2,0.426392523,4.13906,7.05916,7.05916,nan,5.13868,5.14679,nan,-0.725557,-0.73144
2,0.51611215,4.90798,7.02658,7.02658,nan,5.11696,5.12519,nan,-0.151686,-0.157662
2,0.650691589,3.81186,6.97735,6.97735,nan,5.08437,5.0928,nan,-0.923624,-0.929741
2,0.650691589,3.5501,6.97735,6.97735,nan,5.08437,5.0928,nan,-1.11362,-1.11973
2,0.673121495,2.86299,6.96911,6.96911,nan,5.07894,5.0874,nan,-1.6084,-1.61454
2,0.762841121,3.09202,6.93604,6.93604,nan,5.05721,5.0658,nan,-1.42639,-1.43262
2,0.807700935,5.51329,6.91945,6.91945,nan,5.04635,5.055,nan,0.338921,0.332641
2,0.897420561,4.25358,6.88618,6.88618,nan,5.02462,5.0334,nan,-0.559646,-0.56602
2,0.9198504669999999,3.01022,6.87784,6.87784,nan,5.01919,5.028,nan,-1.45817,-1.46456
2,0.9198504669999999,4.79346,6.87784,6.87784,nan,5.01919,5.028,nan,-0.163845,-0.170242
2,0.96471028,5.97137,6.86114,6.86114,nan,5.00833,5.01721,nan,0.699004,0.692561
2,0.96471028,4.98978,6.86114,6.86114,nan,5.00833,5.01721,nan,-0.0134664,-0.0199097
2,0.9871401869999999,3.51738,6.85278,6.85278,nan,5.0029,5.01181,nan,-1.07823,-1.0847
2,0.9871401869999999,4.07362,6.85278,6.85278,nan,5.0029,5.01181,nan,-0.674496,-0.680963
2,1.054429907,3.3865,6.82766,6.82766,nan,4.9866,4.99561,nan,-1.1614,-1.16794
2,1.121719626,3.1411,6.80249,6.80249,nan,4.97031,4.97941,nan,-1.32769,-1.3343
2,1.211439252,4.30266,6.76885,6.76885,nan,4.94858,4.95781,nan,-0.46883,-0.47553
2,1.278728972,5.20245,6.74357,6.74357,nan,4.93229,4.94161,nan,0.196095,0.189325
2,1.323588785,5.48057,6.72669,6.72669,nan,4.92142,4.93082,nan,0.405847,0.39903
2,1.346018692,4.10634,6.71824,6.71824,nan,4.91599,4.92542,nan,-0.58767,-0.59451
2,1.390878505,7.00204,6.70133,6.70133,nan,4.90513,4.91462,nan,1.522,1.51512
2,1.413308411,5.10429,6.69287,6.69287,nan,4.8997,4.90922,nan,0.148502,0.141592
2,1.435738318,7.62372,6.68441,6.68441,nan,4.89427,4.90382,nan,1.98112,1.97419
2,1.480598131,5.79141,6.66747,6.66747,nan,4.8834,4.89302,nan,0.659059,0.652078
2,1.480598131,5.62781,6.66747,6.66747,nan,4.8834,4.89302,nan,0.540313,0.533333
2,1.503028037,4.76074,6.659,6.659,nan,4.87797,4.88762,nan,-0.0850931,-0.0920966
2,1.660037383,6.11861,6.59958,6.59958,nan,4.83995,4.84983,nan,0.928088,0.920921
2,1.660037383,4.92434,6.59958,6.59958,nan,4.83995,4.84983,nan,0.0612485,0.0540816
2,1.727327103,4.05726,6.57406,6.57406,nan,4.82366,4.83363,nan,-0.556273,-0.56351
2,1.817046729,6.51125,6.54001,6.54001,nan,4.80193,4.81203,nan,1.24067,1.23334
2,1.884336449,5.07157,6.51444,6.51444,nan,4.78564,4.79583,nan,0.207543,0.200143
2,1.929196262,3.58282,6.49738,6.49738,nan,4.77477,4.78503,nan,-0.865152,-0.872599
2,1.951626168,6.31493,6.48885,6.48885,nan,4.76934,4.77963,nan,1.12183,1.11436
2,1.974056075,5.62781,6.48031,6.48031,nan,4.76391,4.77423,nan,0.627046,0.619552
2,1.996485981,1.68507,6.47178,6.47178,nan,4.75848,4.76883,nan,-2.23077,-2.23829
2,2.041345794,6.72393,6.4547,6.4547,nan,4.74761,4.75804,nan,1.43447,1.4269
2,2.131065421,4.97342,6.42051,6.42051,nan,4.72589,4.73644,nan,0.179662,0.172005
2,2.153495327,6.21677,6.41196,6.41196,nan,4.72046,4.73104,nan,1.08607,1.07839
2,2.175925234,6.49489,6.40341,6.40341,nan,4.71503,4.72564,nan,1.29188,1.28417
2,2.243214953,2.94479,6.37774,6.37774,nan,4.69873,4.70944,nan,-1.27307,-1.28084
2,2.310504673,4.23722,6.35206,6.35206,nan,4.68244,4.69324,nan,-0.323153,-0.330997
2,2.377794393,5.12065,6.32636,6.32636,nan,4.66614,4.67705,nan,0.329897,0.321983
2,2.422654206,3.58282,6.30922,6.30922,nan,4.65528,4.66625,nan,-0.778422,-0.786383
2,2.422654206,7.80368,6.30922,6.30922,nan,4.65528,4.66625,nan,2.2852,2.27724
2,2.422654206,5.21881,6.30922,6.30922,nan,4.65528,4.66625,nan,0.409029,0.401068
2,2.512373832,4.95706,6.27493,6.27493,nan,4.63356,4.64465,nan,0.234806,0.226752
2,2.534803738,7.0184,6.26635,6.26635,nan,4.62812,4.63925,nan,1.73494,1.72686
2,2.534803738,5.62781,6.26635,6.26635,nan,4.62812,4.63925,nan,0.725603,0.717526
2,2.534803738,4.51534,6.26635,6.26635,nan,4.62812,4.63925,nan,-0.0818637,-0.0899408
2,2.669383178,5.54601,6.21487,6.21487,nan,4.59554,4.60686,nan,0.689884,0.681667
2,2.669383178,5.05521,6.21487,6.21487,nan,4.59554,4.60686,nan,0.333649,0.325432
2,2.669383178,4.35174,6.21487,6.21487,nan,4.59554,4.60686,nan,-0.176955,-0.185172
2,2.736672897,3.48466,6.18911,6.18911,nan,4.57924,4.59066,nan,-0.794477,-0.802764
2,2.826392523,5.95501,6.15475,6.15475,nan,4.55751,4.56906,nan,1.01434,1.00596
2,2.91611215,3.10838,6.12038,6.12038,nan,4.53579,4.54746,nan,-1.03605,-1.04453
2,2.91611215,5.75869,6.12038,6.12038,nan,4.53579,4.54746,nan,0.887618,0.879144
2,2.960971963,5.05521,6.10319,6.10319,nan,4.52493,4.53667,nan,0.384899,0.376378
2,2.960971963,3.69734,6.10319,6.10319,nan,4.52493,4.53667,nan,-0.600685,-0.609206
2,2.983401869,5.66053,6.09459,6.09459,nan,4.51949,4.53127,nan,0.828198,0.819654
2,3.005831776,2.68303,6.08599,6.08599,nan,4.51406,4.52587,nan,-1.32902,-1.33759
2,3.005831776,4.7771,6.08599,6.08599,nan,4.51406,4.52587,nan,0.190917,0.18235
2,3.050691589,3.41922,6.0688,6.0688,nan,4.5032,4.51507,nan,-0.786783,-0.795397
2,3.050691589,6.26585,6.0688,6.0688,nan,4.5032,4.51507,nan,1.27938,1.27077
2,3.050691589,5.31697,6.0688,6.0688,nan,4.5032,4.51507,nan,0.59066,0.582046
2,3.095551402,4.07362,6.0516,6.0516,nan,4.49234,4.50427,nan,-0.303918,-0.312579
2,3.140411215,5.90593,6.03439,6.03439,nan,4.48148,4.49347,nan,1.03391,1.0252
2,3.162841121,3.25562,6.02579,6.02579,nan,4.47604,4.48807,nan,-0.885817,-0.894547
2,3.162841121,5.49693,6.02579,6.02579,nan,4.47604,4.48807,nan,0.740991,0.732261
2,3.252560748,5.39877,5.99137,5.99137,nan,4.45432,4.46648,nan,0.685513,0.676689
2,3.297420561,4.76074,5.97416,5.97416,nan,4.44346,4.45568,nan,0.230291,0.221421
2,3.319850467,5.67689,5.96555,5.96555,nan,4.43802,4.45028,nan,0.899206,0.890312
2,3.319850467,4.1227,5.96555,5.96555,nan,4.43802,4.45028,nan,-0.228872,-0.237766
2,3.387140187,6.05317,5.93973,5.93973,nan,4.42173,4.43408,nan,1.18415,1.17518
2,3.409570093,6.51125,5.93112,5.93112,nan,4.4163,4.42868,nan,1.52057,1.51159
2,3.409570093,5.00613,5.93112,5.93112,nan,4.4163,4.42868,nan,0.42812,0.419133
2,3.432,6.87117,5.92251,5.92251,nan,4.41087,4.42328,nan,1.78576,1.77675
2,3.432,3.3047,5.92251,5.92251,nan,4.41087,4.42328,nan,-0.802887,-0.811897
2,3.454429907,3.97546,5.9139,5.9139,nan,4.40544,4.41788,nan,-0.31209,-0.321123
2,3.454429907,4.4499,5.9139,5.9139,nan,4.40544,4.41788,nan,0.0322711,0.0232373
2,3.476859813,4.5317,5.90529,5.90529,nan,4.40001,4.41248,nan,0.0955858,0.0865286
2,3.521719626,5.56237,5.88806,5.88806,nan,4.38914,4.40169,nan,0.851564,0.84246
2,3.521719626,3.45194,5.88806,5.88806,nan,4.38914,4.40169,nan,-0.680247,-0.689351
2,3.544149533,7.31288,5.87945,5.87945,nan,4.38371,4.39629,nan,2.12608,2.11695
2,3.633869159,4.90798,5.845,5.845,nan,4.36199,4.37469,nan,0.396295,0.387074
2,3.656299065,4.02454,5.83638,5.83638,nan,4.35656,4.36929,nan,-0.240987,-0.250231
2,3.678728972,4.56442,5.82777,5.82777,nan,4.35112,4.36389,nan,0.154814,0.145547
2,3.723588785,3.5501,5.81054,5.81054,nan,4.34026,4.35309,nan,-0.573521,-0.582835
2,3.723588785,3.23926,5.81054,5.81054,nan,4.34026,4.35309,nan,-0.799137,-0.808451
2,3.813308411,6.05317,5.77607,5.77607,nan,4.31854,4.3315,nan,1.25905,1.24964
2,3.903028037,4.22086,5.74159,5.74159,nan,4.29681,4.3099,nan,-0.0551292,-0.0646298
2,3.925457944,3.53374,5.73297,5.73297,nan,4.29138,4.3045,nan,-0.549916,-0.55944
2,3.925457944,3.41922,5.73297,5.73297,nan,4.29138,4.3045,nan,-0.633038,-0.642562
2,3.94788785,3.9591,5.72436,5.72436,nan,4.28595,4.2991,nan,-0.237237,-0.246784
2,3.970317757,3.20654,5.71574,5.71574,nan,4.28052,4.2937,nan,-0.779522,-0.789093
2,3.992747664,5.12065,5.70712,5.70712,nan,4.27509,4.28831,nan,0.613737,0.604143
2,3.992747664,3.01022,5.70712,5.70712,nan,4.27509,4.28831,nan,-0.918074,-0.927668
2,4.037607477,2.61759,5.68987,5.68987,nan,4.26423,4.27751,nan,-1.19518,-1.20482
2,4.060037383,4.59714,5.68125,5.68125,nan,4.25879,4.27211,nan,0.245579,0.235915
2,4.08246729,5.51329,5.67263,5.67263,nan,4.25336,4.26671,nan,0.914494,0.904807
2,4.104897196,1.71779,5.66401,5.66401,nan,4.24793,4.26131,nan,-1.83645,-1.84616
2,4.104897196,3.3047,5.66401,5.66401,nan,4.24793,4.26131,nan,-0.684623,-0.694333
2,4.127327103,6.10225,5.65539,5.65539,nan,4.2425,4.25591,nan,1.34986,1.34013
2,4.172186916,4.10634,5.63814,5.63814,nan,4.23164,4.24511,nan,-0.0909453,-0.100726
2,4.239476636,2.71575,5.61227,5.61227,nan,4.21534,4.22892,nan,-1.08845,-1.0983
2,4.261906542,4.40082,5.60365,5.60365,nan,4.20991,4.22352,nan,0.138564,0.12869
2,4.261906542,4.97342,5.60365,5.60365,nan,4.20991,4.22352,nan,0.554172,0.544298
2,4.351626168,3.69734,5.56915,5.56915,nan,4.18819,4.20192,nan,-0.356271,-0.366239
2,4.351626168,4.87526,5.56915,5.56915,nan,4.18819,4.20192,nan,0.498693,0.488726
2,4.418915888,5.88957,5.54328,5.54328,nan,4.1719,4.18572,nan,1.24674,1.2367
2,4.418915888,6.59305,5.54328,5.54328,nan,4.1719,4.18572,nan,1.75734,1.74731
2,4.418915888,2.97751,5.54328,5.54328,nan,4.1719,4.18572,nan,-0.866923,-0.876961
2,4.486205607,4.30266,5.5174,5.5174,nan,4.1556,4.16953,nan,0.106738,0.0966307
2,4.486205607,4.1227,5.5174,5.5174,nan,4.1556,4.16953,nan,-0.0238817,-0.0339889
2,4.508635514,4.84254,5.50878,5.50878,nan,4.15017,4.16413,nan,0.502539,0.492408
2,4.531065421,5.52965,5.50015,5.50015,nan,4.14474,4.15873,nan,1.00521,0.995056
2,4.531065421,2.81391,5.50015,5.50015,nan,4.14474,4.15873,nan,-0.965958,-0.976112
2,4.575925234,6.56033,5.4829,5.4829,nan,4.13388,4.14793,nan,1.76119,1.75099
2,4.66564486,1.43967,5.44839,5.44839,nan,4.11215,4.12634,nan,-1.93976,-1.95006
2,4.66564486,3.07566,5.44839,5.44839,nan,4.11215,4.12634,nan,-0.752314,-0.762608
2,4.66564486,4.0409,5.44839,5.44839,nan,4.11215,4.12634,nan,-0.0517179,-0.0620118
2,4.66564486,3.8773,5.44839,5.44839,nan,4.11215,4.12634,nan,-0.170463,-0.180757
2,4.732934579,3.45194,5.42251,5.42251,nan,4.09586,4.11014,nan,-0.467374,-0.477738
2,4.755364486,3.94274,5.41388,5.41388,nan,4.09043,4.10474,nan,-0.107197,-0.117584
2,4.800224299,4.80982,5.39662,5.39662,nan,4.07957,4.09394,nan,0.530036,0.519602
2,4.889943925,3.27198,5.36211,5.36211,nan,4.05784,4.07235,nan,-0.5704,-0.580927
2,4.912373832,3.56646,5.35348,5.35348,nan,4.05241,4.06695,nan,-0.352717,-0.363267
2,4.912373832,2.37219,5.35348,5.35348,nan,4.05241,4.06695,nan,-1.21956,-1.23011
2,4.934803738,3.41922,5.34485,5.34485,nan,4.04698,4.06155,nan,-0.455645,-0.466219
2,4.934803738,4.41718,5.34485,5.34485,nan,4.04698,4.06155,nan,0.2687,0.258126
2,4.957233645,4.64622,5.33622,5.33622,nan,4.04155,4.05615,nan,0.438885,0.428288
2,5.002093458,3.9591,5.31896,5.31896,nan,4.03069,4.04535,nan,-0.0519608,-0.0626045
2,5.002093458,4.49898,5.31896,5.31896,nan,4.03069,4.04535,nan,0.339898,0.329254
2,5.024523364,3.59918,5.31033,5.31033,nan,4.02526,4.03995,nan,-0.309258,-0.319925
2,5.024523364,4.13906,5.31033,5.31033,nan,4.02526,4.03995,nan,0.0826007,0.0719337
2,5.069383178,5.38241,5.29307,5.29307,nan,4.0144,4.02916,nan,0.992947,0.982234
2,5.114242991,1.91411,5.27581,5.27581,nan,4.00353,4.01836,nan,-1.51656,-1.52733
2,5.114242991,6.11861,5.27581,5.27581,nan,4.00353,4.01836,nan,1.53518,1.52442
2,5.114242991,2.83027,5.27581,5.27581,nan,4.00353,4.01836,nan,-0.851592,-0.862353
2,5.18153271,1.97955,5.24992,5.24992,nan,3.98724,4.00216,nan,-1.45724,-1.46807
2,5.226392523,5.02249,5.23266,5.23266,nan,3.97638,3.99136,nan,0.759302,0.748425
2,5.271252336,3.82822,5.2154,5.2154,nan,3.96552,3.98057,nan,-0.0996537,-0.110577
2,5.293682243,4.90798,5.20677,5.20677,nan,3.96009,3.97517,nan,0.688006,0.677059
2,5.360971963,4.10634,5.18087,5.18087,nan,3.94379,3.95897,nan,0.117981,0.106964
2,5.360971963,2.73211,5.18087,5.18087,nan,3.94379,3.95897,nan,-0.879478,-0.890495
2,5.405831776,5.18609,5.16361,5.16361,nan,3.93293,3.94817,nan,0.909582,0.898518
2,5.405831776,3.10838,5.16361,5.16361,nan,3.93293,3.94817,nan,-0.598481,-0.609544
2,5.428261682,7.47648,5.15498,5.15498,nan,3.9275,3.94278,nan,2.57595,2.56487
2,5.428261682,4.51534,5.15498,5.15498,nan,3.9275,3.94278,nan,0.426669,0.415582
2,5.450691589,3.6319,5.14635,5.14635,nan,3.92207,3.93738,nan,-0.210613,-0.221723
2,5.517981308,4.8589,5.12045,5.12045,nan,3.90578,3.92118,nan,0.691801,0.680621
2,5.517981308,6.08589,5.12045,5.12045,nan,3.90578,3.92118,nan,1.58239,1.57121
2,5.540411215,2.96115,5.11182,5.11182,nan,3.90035,3.91578,nan,-0.6817,-0.692904
2,5.652560748,4.6953,5.06866,5.06866,nan,3.87319,3.88879,nan,0.596707,0.585387
2,5.652560748,4.51534,5.06866,5.06866,nan,3.87319,3.88879,nan,0.466087,0.454767
2,5.652560748,3.66462,5.06866,5.06866,nan,3.87319,3.88879,nan,-0.151387,-0.162707
2,5.652560748,2.56851,5.06866,5.06866,nan,3.87319,3.88879,nan,-0.946979,-0.9583
2,5.719850467,3.89366,5.04276,5.04276,nan,3.8569,3.87259,nan,0.0266812,0.0152911
2,5.719850467,3.2229,5.04276,5.04276,nan,3.8569,3.87259,nan,-0.460174,-0.471564
2,5.876859813,3.59918,4.98234,4.98234,nan,3.81889,3.8348,nan,-0.159468,-0.171021
2,5.921719626,1.86503,4.96507,4.96507,nan,3.80802,3.82401,nan,-1.41028,-1.42188
2,5.966579439,2.66667,4.9478,4.9478,nan,3.79716,3.81321,nan,-0.820548,-0.832194
2,5.989009346,4.80982,4.93917,4.93917,nan,3.79173,3.80781,nan,0.738954,0.727285
2,5.989009346,4.6135,4.93917,4.93917,nan,3.79173,3.80781,nan,0.59646,0.584791
2,5.989009346,4.0409,4.93917,4.93917,nan,3.79173,3.80781,nan,0.180853,0.169183
2,5.989009346,3.3047,4.93917,4.93917,nan,3.79173,3.80781,nan,-0.3535,-0.36517
2,6.011439252,2.84663,4.93054,4.93054,nan,3.7863,3.80241,nan,-0.682045,-0.693738
2,6.101158879,1.76687,4.896,4.896,nan,3.76458,3.78082,nan,-1.45,-1.46178
2,6.101158879,3.0593,4.896,4.896,nan,3.76458,3.78082,nan,-0.51191,-0.523696
2,6.123588785,3.97546,4.88737,4.88737,nan,3.75915,3.77542,nan,0.157005,0.145195
2,6.146018692,3.59918,4.87874,4.87874,nan,3.75372,3.77002,nan,-0.112168,-0.124001
2,6.235738318,1.91411,4.8442,4.8442,nan,3.732,3.74843,nan,-1.31948,-1.3314
2,6.235738318,5.56237,4.8442,4.8442,nan,3.732,3.74843,nan,1.32854,1.31661
2,6.280598131,5.26789,4.82694,4.82694,nan,3.72114,3.73763,nan,1.12268,1.11071
2,6.280598131,4.22086,4.82694,4.82694,nan,3.72114,3.73763,nan,0.362713,0.35074
2,6.280598131,3.86094,4.82694,4.82694,nan,3.72114,3.73763,nan,0.101474,0.0895012
2,6.370317757,2.96115,4.7924,4.7924,nan,3.69941,3.71604,nan,-0.535858,-0.547924
2,6.392747664,4.58078,4.78377,4.78377,nan,3.69398,3.71064,nan,0.64366,0.631571
2,6.41517757,6.75665,4.77513,4.77513,nan,3.68855,3.70524,nan,2.22691,2.2148
2,6.437607477,4.76074,4.7665,4.7665,nan,3.68312,3.69984,nan,0.782163,0.770027
2,6.460037383,5.88957,4.75787,4.75787,nan,3.67769,3.69445,nan,1.60545,1.59329
2,6.48246729,4.98978,4.74923,4.74923,nan,3.67226,3.68905,nan,0.956289,0.944106
2,6.504897196,4.25358,4.7406,4.7406,nan,3.66683,3.68365,nan,0.425878,0.413672
2,6.527327103,1.93047,4.73196,4.73196,nan,3.6614,3.67825,nan,-1.25636,-1.26859
2,6.527327103,5.61145,4.73196,4.73196,nan,3.6614,3.67825,nan,1.4154,1.40317
2,6.527327103,0.670757,4.73196,4.73196,nan,3.6614,3.67825,nan,-2.1707,-2.18293
2,6.639476636,3.56646,4.68879,4.68879,nan,3.63425,3.65126,nan,-0.049203,-0.0615489
2,6.639476636,3.3865,4.68879,4.68879,nan,3.63425,3.65126,nan,-0.179823,-0.192168
2,6.639476636,3.25562,4.68879,4.68879,nan,3.63425,3.65126,nan,-0.274819,-0.287165
2,6.661906542,2.71575,4.68016,4.68016,nan,3.62882,3.64586,nan,-0.662736,-0.675105
2,6.818915888,3.99182,4.61972,4.61972,nan,3.59081,3.60808,nan,0.291065,0.278533
2,6.886205607,3.77914,4.59382,4.59382,nan,3.57452,3.59188,nan,0.14852,0.135918
2,6.886205607,3.20654,4.59382,4.59382,nan,3.57452,3.59188,nan,-0.267087,-0.27969
2,6.931065421,2.01227,4.57655,4.57655,nan,3.56366,3.58109,nan,-1.12604,-1.13869
2,6.953495327,4.25358,4.56791,4.56791,nan,3.55823,3.57569,nan,0.504705,0.492033
2,6.953495327,3.61554,4.56791,4.56791,nan,3.55823,3.57569,nan,0.0415991,0.0289271
2,6.99835514,1.76687,4.55064,4.55064,nan,3.54737,3.56489,nan,-1.29234,-1.30506
2,6.99835514,2.19223,4.55064,4.55064,nan,3.54737,3.56489,nan,-0.983601,-0.996319
2,7.06564486,3.01022,4.52474,4.52474,nan,3.53108,3.5487,nan,-0.378052,-0.39084
2,7.088074766,4.54806,4.51611,4.51611,nan,3.52565,3.5433,nan,0.742093,0.729281
2,7.110504673,1.96319,4.50747,4.50747,nan,3.52022,3.5379,nan,-1.13014,-1.14297
2,7.132934579,3.7955,4.49884,4.49884,nan,3.51479,3.53251,nan,0.203748,0.19089
2,7.177794393,2.42127,4.48157,4.48157,nan,3.50393,3.52171,nan,-0.785828,-0.798733
2,7.200224299,3.17382,4.47293,4.47293,nan,3.4985,3.51631,nan,-0.23566,-0.248588
2,7.222654206,4.1227,4.4643,4.4643,nan,3.49307,3.51091,nan,0.457003,0.444051
2,7.267514019,4.71166,4.44703,4.44703,nan,3.48221,3.50012,nan,0.892367,0.879369
2,7.334803738,3.3865,4.42113,4.42113,nan,3.46592,3.48393,nan,-0.0576452,-0.0707126
2,7.379663551,3.92638,4.40386,4.40386,nan,3.45506,3.47313,nan,0.342096,0.328982
2,7.402093458,1.32515,4.39522,4.39522,nan,3.44963,3.46773,nan,-1.54201,-1.55515
2,7.402093458,5.54601,4.39522,4.39522,nan,3.44963,3.46773,nan,1.52161,1.50848
2,7.424523364,5.85685,4.38659,4.38659,nan,3.4442,3.46234,nan,1.75117,1.73801
2,7.424523364,6.72393,4.38659,4.38659,nan,3.4442,3.46234,nan,2.38052,2.36736
2,7.446953271,4.7771,4.37795,4.37795,nan,3.43878,3.45694,nan,0.971393,0.958209
2,7.446953271,4.64622,4.37795,4.37795,nan,3.43878,3.45694,nan,0.876397,0.863213
2,7.469383178,3.68098,4.36932,4.36932,nan,3.43335,3.45154,nan,0.179742,0.166535
2,7.536672897,1.83231,4.34341,4.34341,nan,3.41706,3.43535,nan,-1.15026,-1.16353
2,7.536672897,4.22086,4.34341,4.34341,nan,3.41706,3.43535,nan,0.583423,0.570146
2,7.536672897,5.00613,4.34341,4.34341,nan,3.41706,3.43535,nan,1.1534,1.14012
2,7.64882243,2.38855,4.30024,4.30024,nan,3.38991,3.40836,nan,-0.726818,-0.740211
2,7.64882243,2.56851,4.30024,4.30024,nan,3.38991,3.40836,nan,-0.596199,-0.609591
2,7.671252336,3.56646,4.2916,4.2916,nan,3.38448,3.40296,nan,0.132087,0.118671
2,7.671252336,3.32106,4.2916,4.2916,nan,3.38448,3.40296,nan,-0.0460306,-0.0594465
2,7.805831776,3.82822,4.2398,4.2398,nan,3.35191,3.37058,nan,0.345723,0.332168
2,7.895551402,3.3047,4.20526,4.20526,nan,3.33019,3.34899,nan,-0.0184991,-0.0321475
2,7.917981308,2.14315,4.19662,4.19662,nan,3.32476,3.3436,nan,-0.857649,-0.87132
2,7.940411215,2.97751,4.18799,4.18799,nan,3.31933,3.3382,nan,-0.248108,-0.261803
2,7.962841121,2.86299,4.17935,4.17935,nan,3.3139,3.3328,nan,-0.32729,-0.341008
2,8.030130841,4.25358,4.15345,4.15345,nan,3.29762,3.31661,nan,0.693865,0.680077
2,8.030130841,3.7955,4.15345,4.15345,nan,3.29762,3.31661,nan,0.361379,0.347591
2,8.052560748,3.68098,4.14481,4.14481,nan,3.29219,3.31122,nan,0.282197,0.268386
2,8.052560748,2.07771,4.14481,4.14481,nan,3.29219,3.31122,nan,-0.881505,-0.895315
2,8.097420561,1.94683,4.12754,4.12754,nan,3.28133,3.30042,nan,-0.96862,-0.982477
2,8.142280374,3.40286,4.11027,4.11027,nan,3.27047,3.28963,nan,0.0960917,0.0821881
2,8.16471028,4.1227,4.10164,4.10164,nan,3.26505,3.28423,nan,0.62251,0.608584
2,8.232,4.35174,4.07573,4.07573,nan,3.24876,3.26804,nan,0.800574,0.786578
2,8.232,1.25971,4.07573,4.07573,nan,3.24876,3.26804,nan,-1.44371,-1.4577
2,8.254429907,3.3047,4.0671,4.0671,nan,3.24333,3.26265,nan,0.0445454,0.030526
2,8.344149533,0.916155,4.03256,4.03256,nan,3.22162,3.24106,nan,-1.67337,-1.68748
2,8.366579439,3.94274,4.02393,4.02393,nan,3.21619,3.23566,nan,0.527351,0.513216
2,8.389009346,3.58282,4.01529,4.01529,nan,3.21076,3.23027,nan,0.270052,0.255894
2,8.411439252,6.08589,4.00666,4.00666,nan,3.20533,3.22487,nan,2.09079,2.07661
2,8.411439252,2.47035,4.00666,4.00666,nan,3.20533,3.22487,nan,-0.533475,-0.547656
2,8.456299065,3.69734,3.98939,3.98939,nan,3.19448,3.21408,nan,0.364993,0.350765
2,8.478728972,3.33742,3.98075,3.98075,nan,3.18905,3.20868,nan,0.107694,0.0934429
2,8.501158879,4.33538,3.97212,3.97212,nan,3.18362,3.20329,nan,0.835978,0.821705
2,8.501158879,0.834356,3.97212,3.97212,nan,3.18362,3.20329,nan,-1.70517,-1.71944
2,8.501158879,3.48466,3.97212,3.97212,nan,3.18362,3.20329,nan,0.218504,0.20423
2,8.523588785,4.02454,3.96348,3.96348,nan,3.17819,3.19789,nan,0.614303,0.600006
2,8.635738318,2.17587,3.92031,3.92031,nan,3.15106,3.17091,nan,-0.707819,-0.722232
2,8.658168224,1.94683,3.91168,3.91168,nan,3.14563,3.16552,nan,-0.870122,-0.884558
2,8.658168224,3.10838,3.91168,3.91168,nan,3.14563,3.16552,nan,-0.0270323,-0.0414681
2,8.703028037,1.75051,3.89441,3.89441,nan,3.13477,3.15473,nan,-1.00474,-1.01922
2,8.725457944,1.14519,3.88577,3.88577,nan,3.12935,3.14933,nan,-1.44016,-1.45466
2,8.792747664,2.56851,3.85987,3.85987,nan,3.11306,3.13314,nan,-0.395255,-0.409829
2,8.904897196,6.90389,3.8167,3.8167,nan,3.08593,3.10617,nan,2.77119,2.7565
2,8.904897196,1.06339,3.8167,3.8167,nan,3.08593,3.10617,nan,-1.46801,-1.4827
2,8.904897196,2.83027,3.8167,3.8167,nan,3.08593,3.10617,nan,-0.185567,-0.200257
2,8.927327103,3.53374,3.80806,3.80806,nan,3.0805,3.10077,nan,0.328976,0.314263
2,8.972186916,2.30675,3.7908,3.7908,nan,3.06965,3.08998,nan,-0.553734,-0.568493
2,8.972186916,3.27198,3.7908,3.7908,nan,3.06965,3.08998,nan,0.146862,0.132103
2,8.972186916,3.89366,3.7908,3.7908,nan,3.06965,3.08998,nan,0.598094,0.583334
2,9.017046729,3.04294,3.77353,3.77353,nan,3.05879,3.07919,nan,-0.0115031,-0.0263086
2,9.039476636,2.48671,3.76489,3.76489,nan,3.05337,3.0738,nan,-0.411298,-0.426126
2,9.061906542,4.84254,3.75626,3.75626,nan,3.04794,3.0684,nan,1.30257,1.28772
2,9.106766355,1.57055,3.73899,3.73899,nan,3.03709,3.05761,nan,-1.06445,-1.07935
2,9.106766355,3.61554,3.73899,3.73899,nan,3.03709,3.05761,nan,0.41986,0.404962
2,9.129196262,1.29243,3.73036,3.73036,nan,3.03166,3.05222,nan,-1.26238,-1.2773
2,9.174056075,4.41718,3.71309,3.71309,nan,3.02081,3.04143,nan,1.01353,0.99856
2,9.196485981,3.43558,3.70446,3.70446,nan,3.01538,3.03603,nan,0.304995,0.290005
2,9.241345794,3.73006,3.68719,3.68719,nan,3.00453,3.02524,nan,0.526613,0.511577
2,9.286205607,2.55215,3.66992,3.66992,nan,2.99368,3.01445,nan,-0.320475,-0.335556
2,9.286205607,3.27198,3.66992,3.66992,nan,2.99368,3.01445,nan,0.202003,0.186922
2,9.308635514,1.35787,3.66129,3.66129,nan,2.98825,3.00906,nan,-1.18338,-1.19848
2,9.331065421,3.10838,3.65265,3.65265,nan,2.98282,3.00367,nan,0.0911348,0.0760075
2,9.375925234,5.54601,3.63538,3.63538,nan,2.97197,2.99288,nan,1.86831,1.85314
2,9.39835514,4.26994,3.62675,3.62675,nan,2.96655,2.98748,nan,0.946039,0.930843
2,9.420785047,7.39468,3.61812,3.61812,nan,2.96112,2.98209,nan,3.21801,3.20279
2,9.443214953,2.38855,3.60948,3.60948,nan,2.9557,2.9767,nan,-0.411653,-0.426895
2,9.443214953,2.84663,3.60948,3.60948,nan,2.9557,2.9767,nan,-0.0791668,-0.0944091
2,9.443214953,4.15542,3.60948,3.60948,nan,2.9557,2.9767,nan,0.870794,0.855552
2,9.510504673,4.89162,3.58358,3.58358,nan,2.93942,2.96052,nan,1.41696,1.40165
2,9.532934579,0.719836,3.57495,3.57495,nan,2.934,2.95512,nan,-1.6071,-1.62244
2,9.532934579,4.40082,3.57495,3.57495,nan,2.934,2.95512,nan,1.06466,1.04933
2,9.645084112,3.41922,3.53178,3.53178,nan,2.90687,2.92816,nan,0.37188,0.35643
2,9.645084112,2.68303,3.53178,3.53178,nan,2.90687,2.92816,nan,-0.162473,-0.177922
2,9.667514019,1.42331,3.52315,3.52315,nan,2.90145,2.92276,nan,-1.07287,-1.08835
2,9.667514019,2.48671,3.52315,3.52315,nan,2.90145,2.92276,nan,-0.301029,-0.316502
2,9.734803738,3.25562,3.49725,3.49725,nan,2.88517,2.90659,nan,0.268884,0.253342
2,9.846953271,2.42127,3.45409,3.45409,nan,2.85805,2.87962,nan,-0.31703,-0.332688
2,9.869383178,2.78119,3.44545,3.44545,nan,2.85263,2.87423,nan,-0.0518543,-0.0675348
2,9.959102804,1.79959,3.41092,3.41092,nan,2.83093,2.85266,nan,-0.748578,-0.764351
2,9.959102804,3.1411,3.41092,3.41092,nan,2.83093,2.85266,nan,0.225131,0.209359
2,10.00396262,2.61759,3.39366,3.39366,nan,2.82009,2.84188,nan,-0.14698,-0.162798
2,10.02639252,2.35583,3.38503,3.38503,nan,2.81466,2.83649,nan,-0.333036,-0.348877
2,10.07125234,2.04499,3.36776,3.36776,nan,2.80382,2.82571,nan,-0.550779,-0.566666
2,10.13854206,2.53579,3.34187,3.34187,nan,2.78755,2.80953,nan,-0.182736,-0.198692
2,10.16097196,3.01022,3.33324,3.33324,nan,2.78213,2.80414,nan,0.165561,0.149582
2,10.18340187,5.33e-15,3.3246,3.3246,nan,2.7767,2.79875,nan,-2.01541,-2.03141
2,10.20583178,3.40286,3.31597,3.31597,nan,2.77128,2.79336,nan,0.458421,0.442396
2,10.2731215,2.35583,3.29008,3.29008,nan,2.75501,2.77719,nan,-0.289741,-0.305835
2,10.2731215,3.9591,3.29008,3.29008,nan,2.75501,2.77719,nan,0.87396,0.857867
2,10.31798131,2.74847,3.27282,3.27282,nan,2.74417,2.76641,nan,0.00311739,-0.0130218
2,10.40770093,5.87321,3.23829,3.23829,nan,2.72249,2.74485,nan,2.28689,2.27066
2,10.40770093,2.30675,3.23829,3.23829,nan,2.72249,2.74485,nan,-0.301754,-0.317985
2,10.40770093,3.7955,3.23829,3.23829,nan,2.72249,2.74485,nan,0.778826,0.762595
2,10.40770093,3.35378,3.23829,3.23829,nan,2.72249,2.74485,nan,0.458214,0.441984
2,10.40770093,3.01022,3.23829,3.23829,nan,2.72249,2.74485,nan,0.20885,0.192619
2,10.47499065,2.53579,3.2124,3.2124,nan,2.70622,2.72868,nan,-0.123707,-0.140006
2,10.49742056,3.19018,3.20377,3.20377,nan,2.7008,2.72329,nan,0.355208,0.338886
2,10.51985047,4.46626,3.19514,3.19514,nan,2.69538,2.7179,nan,1.28535,1.26901
2,10.54228037,3.51738,3.18651,3.18651,nan,2.68996,2.71251,nan,0.600567,0.584199
2,10.632,1.86503,3.15199,3.15199,nan,2.66828,2.69096,nan,-0.583022,-0.599482
2,10.65442991,1.01431,3.14336,3.14336,nan,2.66286,2.68557,nan,-1.19656,-1.21305
2,10.92358879,2.53579,3.03982,3.03982,nan,2.59784,2.62092,nan,-0.0450365,-0.0617921
2,10.94601869,4.15542,3.03119,3.03119,nan,2.59242,2.61553,nan,1.13447,1.11769
2,11.03573832,0.327198,2.99668,2.99668,nan,2.57075,2.59399,nan,-1.62843,-1.6453
2,11.03573832,1.50511,2.99668,2.99668,nan,2.57075,2.59399,nan,-0.77347,-0.790339
2,11.03573832,2.38855,2.99668,2.99668,nan,2.57075,2.59399,nan,-0.132247,-0.149116
2,11.08059813,1.66871,2.97942,2.97942,nan,2.55992,2.58322,nan,-0.646862,-0.663776
2,11.14788785,1.42331,2.95354,2.95354,nan,2.54367,2.56706,nan,-0.813186,-0.830168
2,11.17031776,2.19223,2.94492,2.94492,nan,2.53825,2.56168,nan,-0.251153,-0.268158
2,11.19274766,1.79959,2.93629,2.93629,nan,2.53284,2.5563,nan,-0.53221,-0.549238
2,11.26003738,2.58487,2.91042,2.91042,nan,2.51659,2.54014,nan,0.0495577,0.0324621
2,11.28246729,1.47239,2.90179,2.90179,nan,2.51117,2.53476,nan,-0.753979,-0.771097
2,11.3048972,3.25562,2.89317,2.89317,nan,2.50576,2.52938,nan,0.544273,0.527132
2,11.39461682,2.91207,2.85867,2.85867,nan,2.4841,2.50784,nan,0.310627,0.293396
2,11.43947664,2.45399,2.84142,2.84142,nan,2.47328,2.49708,nan,-0.0140007,-0.0312773
2,11.46190654,2.06135,2.8328,2.8328,nan,2.46786,2.4917,nan,-0.29506,-0.312359
2,11.48433645,1.93047,2.82418,2.82418,nan,2.46245,2.48632,nan,-0.386127,-0.403449
2,11.52919626,2.71575,2.80693,2.80693,nan,2.45163,2.47555,nan,0.191706,0.174339
2,11.52919626,4.38446,2.80693,2.80693,nan,2.45163,2.47555,nan,1.40291,1.38554
2,11.64134579,0.359918,2.76382,2.76382,nan,2.42457,2.44865,nan,-1.49858,-1.51606
2,11.91050467,0.834356,2.66039,2.66039,nan,2.35965,2.38411,nan,-1.10711,-1.12485
2,11.93293458,2.15951,2.65178,2.65178,nan,2.35425,2.37873,nan,-0.141346,-0.159117
2,11.93293458,0.687117,2.65178,2.65178,nan,2.35425,2.37873,nan,-1.21005,-1.22782
2,11.97779439,1.11247,2.63455,2.63455,nan,2.34343,2.36798,nan,-0.893465,-0.91128
2,12.02265421,1.73415,2.61732,2.61732,nan,2.33262,2.35722,nan,-0.434386,-0.452245
2,12.04508411,3.69734,2.6087,2.6087,nan,2.32721,2.35185,nan,0.994479,0.976598
2,12.11237383,1.96319,2.58286,2.58286,nan,2.311,2.33572,nan,-0.252449,-0.270396
2,12.17966355,1.45603,2.55702,2.55702,nan,2.29478,2.3196,nan,-0.60879,-0.626804
2,12.24695327,2.84663,2.53119,2.53119,nan,2.27857,2.30348,nan,0.412309,0.394229
2,12.26938318,2.61759,2.52258,2.52258,nan,2.27317,2.29811,nan,0.249987,0.231885
2,12.38153271,3.28834,2.47953,2.47953,nan,2.24616,2.27125,nan,0.756445,0.738233
2,12.42639252,1.89775,2.46232,2.46232,nan,2.23536,2.26051,nan,-0.245049,-0.263305
2,12.42639252,1.60327,2.46232,2.46232,nan,2.23536,2.26051,nan,-0.45879,-0.477046
2,12.47125234,2.09407,2.44511,2.44511,nan,2.22456,2.24978,nan,-0.0947162,-0.113016
2,12.47125234,1.06339,2.44511,2.44511,nan,2.22456,2.24978,nan,-0.84281,-0.86111
2,12.51611215,3.32106,2.4279,2.4279,nan,2.21377,2.23904,nan,0.803709,0.785366
2,12.53854206,2.20859,2.4193,2.4193,nan,2.20837,2.23367,nan,0.000160411,-0.0182048
2,12.60583178,1.93047,2.39349,2.39349,nan,2.19218,2.21757,nan,-0.189954,-0.208384
2,12.6955514,0.736196,2.3591,2.3591,nan,2.17059,2.19611,nan,-1.04113,-1.05965
2,12.91985047,1.79959,2.27316,2.27316,nan,2.11667,2.14248,nan,-0.230145,-0.248877
2,12.91985047,0.916155,2.27316,2.27316,nan,2.11667,2.14248,nan,-0.871368,-0.890101
2,12.98714019,4.33538,2.24739,2.24739,nan,2.1005,2.1264,nan,1.62214,1.60334
2,13.05442991,1.66871,2.22163,2.22163,nan,2.08434,2.11032,nan,-0.301674,-0.320535
2,13.05442991,4.5317,2.22163,2.22163,nan,2.08434,2.11032,nan,1.77636,1.7575
2,13.18900935,0.458078,2.17015,2.17015,nan,2.05203,2.07819,nan,-1.15694,-1.17592
2,13.23386916,2.38855,2.153,2.153,nan,2.04126,2.06748,nan,0.25207,0.23304
2,13.25629907,0.539877,2.14442,2.14442,nan,2.03588,2.06213,nan,-1.08584,-1.10489
2,13.30115888,3.58282,2.12728,2.12728,nan,2.02512,2.05142,nan,1.13063,1.11153
2,13.3908785,2.02863,2.093,2.093,nan,2.0036,2.03002,nan,0.0181644,-0.00101165
2,13.41330841,3.76278,2.08444,2.08444,nan,1.99823,2.02467,nan,1.28077,1.26157
2,13.41330841,4.08998,2.08444,2.08444,nan,1.99823,2.02467,nan,1.51826,1.49906
2,13.45816822,2.65031,2.06731,2.06731,nan,1.98747,2.01398,nan,0.481103,0.461865
2,13.48059813,0.556237,2.05875,2.05875,nan,1.9821,2.00863,nan,-1.03493,-1.05419
2,13.52545794,2.14315,2.04163,2.04163,nan,1.97135,1.99794,nan,0.124696,0.105396
2,13.74975701,1.40695,1.95614,1.95614,nan,1.91765,1.94453,nan,-0.370681,-0.390186
2,13.81704673,0.997955,1.93053,1.93053,nan,1.90156,1.92851,nan,-0.655863,-0.675427
2,13.99648598,0.719836,1.86232,1.86232,nan,1.85868,1.88585,nan,-0.826607,-0.84633
2,14.0637757,1.55419,1.83678,1.83678,nan,1.84262,1.86987,nan,-0.209347,-0.229129
2,14.24321495,0.0981595,1.76878,1.76878,nan,1.79982,1.82729,nan,-1.23512,-1.25505
2,14.24321495,2.43763,1.76878,1.76878,nan,1.79982,1.82729,nan,0.462939,0.443002
2,14.31050467,2.78119,1.74333,1.74333,nan,1.78379,1.81134,nan,0.72394,0.703945
2,14.4002243,2.87935,1.70943,1.70943,nan,1.76243,1.79008,nan,0.81069,0.79062
2,14.4002243,4.05726,1.70943,1.70943,nan,1.76243,1.79008,nan,1.66565,1.64558
2,14.44508411,0.196319,1.69251,1.69251,nan,1.75176,1.77946,nan,-1.12898,-1.14909
2,14.44508411,1.01431,1.69251,1.69251,nan,1.75176,1.77946,nan,-0.535257,-0.555364
2,14.44508411,1.37423,1.69251,1.69251,nan,1.75176,1.77946,nan,-0.274018,-0.294125
2,14.53480374,2.73211,1.65869,1.65869,nan,1.73043,1.75823,nan,0.727049,0.706868
2,14.64695327,1.22699,1.61651,1.61651,nan,1.70379,1.73172,nan,-0.346072,-0.366344
2,14.87125234,1.79959,1.53245,1.53245,nan,1.65062,1.67879,nan,0.10813,0.0876807
2,14.98340187,0.179959,1.49061,1.49061,nan,1.62409,1.65238,nan,-1.04819,-1.06872
2,15.02826168,1.79959,1.4739,1.4739,nan,1.61348,1.64182,nan,0.135082,0.114514
2,15.0955514,1.86503,1.44889,1.44889,nan,1.59759,1.626,nan,0.194113,0.173496
2,15.25256075,3.68098,1.39074,1.39074,nan,1.56058,1.58914,nan,1.53905,1.51832
2,15.27499065,0.572597,1.38246,1.38246,nan,1.55529,1.58388,nan,-0.713271,-0.734017
2,15.29742056,1.68507,1.37419,1.37419,nan,1.55002,1.57862,nan,0.0980276,0.0772654
2,15.38714019,1.86503,1.34116,1.34116,nan,1.52892,1.55761,nan,0.243961,0.223137
2,15.47685981,0.883436,1.30825,1.30825,nan,1.50785,1.53662,nan,-0.453218,-0.474102
2,15.52171963,2.81391,1.29185,1.29185,nan,1.49733,1.52614,nan,0.955611,0.934697
2,15.90302804,1.66871,1.15387,1.15387,nan,1.40825,1.43738,nan,0.189047,0.167904
2,16.08246729,1.81595,1.09,1.09,nan,1.36658,1.39585,nan,0.326163,0.304925
2,16.26190654,2.56851,1.02696,1.02696,nan,1.32509,1.35447,nan,0.902507,0.881182
2,16.30676636,1.97955,1.01134,1.01134,nan,1.31475,1.34416,nan,0.482531,0.461187
3,0,0.620408,7.21031,7.21031,nan,5.93448,6.67664,nan,-3.85711,-4.39579
3,2.018691589,4.5551,6.46332,6.46332,nan,5.43909,6.17212,nan,-0.641622,-1.17368
3,2.041121495,2.61224,6.45478,6.45478,nan,5.43358,6.16651,nan,-2.04781,-2.57979
3,3.005607477,5.24082,6.08608,6.08608,nan,5.19689,5.92509,nan,0.0318795,-0.496666
3,3.857943925,3.72245,5.75892,5.75892,nan,4.98773,5.71165,nan,-0.918379,-1.44382
3,4.014953271,2.1551,5.69858,5.69858,nan,4.9492,5.67232,nan,-2.02804,-2.5529
3,4.014953271,3.2,5.69858,5.69858,nan,4.9492,5.67232,nan,-1.26962,-1.79448
3,4.037383178,5.01224,5.68996,5.68996,nan,4.9437,5.6667,nan,0.0497543,-0.475023
3,4.351401869,3.82041,5.56924,5.56924,nan,4.86664,5.58804,nan,-0.759383,-1.283
3,5.001869159,3.11837,5.31905,5.31905,nan,4.70701,5.42509,nan,-1.15309,-1.67429
3,5.136448598,5.8449,5.26727,5.26727,nan,4.67399,5.39137,nan,0.849881,0.329182
3,5.226168224,1.94286,5.23275,5.23275,nan,4.65197,5.36889,nan,-1.96635,-2.48672
3,5.45046729,4.81633,5.14643,5.14643,nan,4.59693,5.3127,nan,0.159246,-0.360279
3,5.876635514,3.59184,4.98242,4.98242,nan,4.49235,5.20592,nan,-0.653618,-1.17155
3,5.943925234,4.70204,4.95652,4.95652,nan,4.47584,5.18905,nan,0.164186,-0.353489
3,6.011214953,4.3102,4.93062,4.93062,nan,4.45932,5.17219,nan,-0.108235,-0.625657
3,6.03364486,6.33469,4.92199,4.92199,nan,4.45382,5.16657,nan,1.36519,0.847856
3,6.347663551,4.60408,4.80112,4.80112,nan,4.37676,5.08789,nan,0.164995,-0.351161
3,6.841121495,5.12653,4.61117,4.61117,nan,4.25567,4.96424,nan,0.632095,0.117799
3,6.908411215,6.12245,4.58527,4.58527,nan,4.23916,4.94737,nan,1.36695,0.852904
3,6.998130841,4.19592,4.55073,4.55073,nan,4.21714,4.92489,nan,-0.0154056,-0.529109
3,7.020560748,6.17143,4.5421,4.5421,nan,4.21164,4.91927,nan,1.42247,0.908854
3,7.042990654,5.40408,4.53346,4.53346,nan,4.20613,4.91365,nan,0.869505,0.355971
3,7.155140187,7.77143,4.49029,4.49029,nan,4.17861,4.88555,nan,2.60777,2.09466
3,7.244859813,4.76735,4.45575,4.45575,nan,4.1566,4.86306,nan,0.443299,-0.0694727
3,7.289719626,6.85714,4.43848,4.43848,nan,4.14559,4.85182,nan,1.96812,1.45552
3,7.334579439,5.81224,4.42121,4.42121,nan,4.13458,4.84058,nan,1.2177,0.705264
3,7.334579439,4.44082,4.42121,4.42121,nan,4.13458,4.84058,nan,0.222274,-0.290159
3,7.379439252,4.01633,4.40394,4.40394,nan,4.12357,4.82934,nan,-0.0778433,-0.590107
3,7.446728972,6.23673,4.37804,4.37804,nan,4.10706,4.81247,nan,1.54578,1.03377
3,7.648598131,4.81633,4.30033,4.30033,nan,4.05753,4.76189,nan,0.55076,0.0395145
3,7.693457944,6.44898,4.28306,4.28306,nan,4.04652,4.75064,nan,1.74378,1.2327
3,7.85046729,4.76735,4.22261,4.22261,nan,4.00799,4.7113,nan,0.551163,0.0406824
3,7.962616822,6.80816,4.17944,4.17944,nan,3.98047,4.68319,nan,2.05242,1.54237
3,8.007476636,5.74694,4.16217,4.16217,nan,3.96946,4.67195,nan,1.29014,0.780259
3,8.007476636,3.6898,4.16217,4.16217,nan,3.96946,4.67195,nan,-0.202991,-0.712876
3,8.007476636,5.3551,4.16217,4.16217,nan,3.96946,4.67195,nan,1.00574,0.495852
3,8.142056075,8.26122,4.11036,4.11036,nan,3.93644,4.63822,nan,3.13905,2.62968
3,8.231775701,4.5551,4.07582,4.07582,nan,3.91443,4.61574,nan,0.465022,-0.0440118
3,8.321495327,5.48571,4.04128,4.04128,nan,3.89241,4.59325,nan,1.15647,0.647774
3,8.343925234,4.32653,4.03265,4.03265,nan,3.88691,4.58763,nan,0.319092,-0.189516
3,8.456074766,5.9102,3.98947,3.98947,nan,3.85939,4.55953,nan,1.48854,0.980361
3,8.747663551,4.75102,3.87723,3.87723,nan,3.78784,4.48645,nan,0.699103,0.192032
3,8.882242991,3.98367,3.82542,3.82542,nan,3.75482,4.45272,nan,0.166108,-0.340451
3,8.94953271,6.66122,3.79952,3.79952,nan,3.73831,4.43586,nan,2.12154,1.61523
3,9.01682243,4.8,3.77361,3.77361,nan,3.7218,4.419,nan,0.782589,0.276543
3,9.039252336,5.9102,3.76498,3.76498,nan,3.7163,4.41338,nan,1.5924,1.08644
3,9.039252336,4.60408,3.76498,3.76498,nan,3.7163,4.41338,nan,0.64438,0.13842
3,9.151401869,7.72245,3.72181,3.72181,nan,3.68878,4.38527,nan,2.92776,2.42222
3,9.218691589,3.80408,3.69591,3.69591,nan,3.67227,4.36841,nan,0.0956727,-0.409604
3,9.285981308,5.06122,3.67001,3.67001,nan,3.65576,4.35154,nan,1.02013,0.515108
3,9.330841121,6.22041,3.65274,3.65274,nan,3.64475,4.3403,nan,1.86949,1.36464
3,9.353271028,5.32245,3.6441,3.6441,nan,3.63925,4.33468,nan,1.22171,0.716952
3,9.375700935,4.39184,3.63547,3.63547,nan,3.63375,4.32906,nan,0.550243,0.0455664
3,9.487850467,6.26939,3.5923,3.5923,nan,3.60623,4.30095,nan,1.933,1.42875
3,9.66728972,4.34286,3.52324,3.52324,nan,3.56221,4.25598,nan,0.566618,0.063056
3,9.846728972,4.71837,3.45417,3.45417,nan,3.51819,4.21101,nan,0.871127,0.368253
3,9.958878505,5.02857,3.41101,3.41101,nan,3.49067,4.18291,nan,1.11625,0.613808
3,10.00373832,6.92245,3.39375,3.39375,nan,3.47967,4.17166,nan,2.49887,1.9966
3,10.02616822,4.35918,3.38511,3.38511,nan,3.47416,4.16604,nan,0.642373,0.140187
3,10.02616822,5.51837,3.38511,3.38511,nan,3.47416,4.16604,nan,1.48374,0.981556
3,10.11588785,7.24898,3.35059,3.35059,nan,3.45215,4.14356,nan,2.75585,2.25401
3,10.22803738,3.80408,3.30743,3.30743,nan,3.42464,4.11545,nan,0.275408,-0.226002
3,10.2953271,5.1102,3.28153,3.28153,nan,3.40814,4.09859,nan,1.23541,0.734259
3,10.34018692,5.20816,3.26427,3.26427,nan,3.39713,4.08735,nan,1.3145,0.813521
3,10.38504673,3.15102,3.24701,3.24701,nan,3.38613,4.07611,nan,-0.170648,-0.671454
3,10.45233645,4.63673,3.22112,3.22112,nan,3.36962,4.05924,nan,0.919708,0.419161
3,10.65420561,4.70204,3.14345,3.14345,nan,3.32011,4.00865,nan,1.00305,0.503281
3,10.69906542,4.13061,3.12619,3.12619,nan,3.3091,3.99741,nan,0.596276,0.0966815
3,10.74392523,3.4449,3.10893,3.10893,nan,3.2981,3.98617,nan,0.10655,-0.39287
3,10.85607477,6.07347,3.06579,3.06579,nan,3.27059,3.95806,nan,2.03441,1.53542
3,10.94579439,4.21224,3.03127,3.03127,nan,3.24859,3.93558,nan,0.69945,0.200811
3,10.99065421,5.42041,3.01402,3.01402,nan,3.23759,3.92434,nan,1.58436,1.08589
3,11.01308411,5.99184,3.00539,3.00539,nan,3.23208,3.91872,nan,2.00311,1.50473
3,11.03551402,4.81633,2.99676,2.99676,nan,3.22658,3.9131,nan,1.15388,0.655591
3,11.14766355,6.38367,2.95363,2.95363,nan,3.19908,3.88499,nan,2.31147,1.81362
3,11.23738318,2.48163,2.91913,2.91913,nan,3.17707,3.86251,nan,-0.504772,-1.00228
3,11.28224299,4.65306,2.90188,2.90188,nan,3.16607,3.85127,nan,1.0793,0.581966
3,11.3271028,3.65714,2.88463,2.88463,nan,3.15507,3.84003,nan,0.364418,-0.132742
3,11.37196262,2.13878,2.86738,2.86738,nan,3.14407,3.82878,nan,-0.729673,-1.22666
3,11.41682243,4.16327,2.85013,2.85013,nan,3.13307,3.81754,nan,0.747746,0.250935
3,11.6635514,2.67755,2.75529,2.75529,nan,3.07257,3.75572,nan,-0.286716,-0.782564
3,11.68598131,3.2,2.74667,2.74667,nan,3.06707,3.7501,nan,0.0964844,-0.399276
3,11.73084112,2.38367,2.72943,2.72943,nan,3.05607,3.73886,nan,-0.488046,-0.983631
3,11.86542056,3.36327,2.67772,2.67772,nan,3.02307,3.70513,nan,0.246921,-0.248137
3,11.93271028,4.94694,2.65186,2.65186,nan,3.00658,3.68827,nan,1.40837,0.913578
3,12,3.78776,2.62602,2.62602,nan,2.99008,3.67141,nan,0.578977,0.0844466
3,12.02242991,6.22041,2.6174,2.6174,nan,2.98458,3.66579,nan,2.34866,1.85422
3,12.04485981,3.08571,2.60879,2.60879,nan,2.97908,3.66017,nan,0.0773974,-0.416956
3,12.11214953,5.64898,2.58294,2.58294,nan,2.96259,3.64331,nan,1.94986,1.45577
3,12.22429907,2.51429,2.53988,2.53988,nan,2.93509,3.61521,nan,-0.305435,-0.799081
3,12.29158879,4.88163,2.51405,2.51405,nan,2.9186,3.59835,nan,1.42483,0.931447
3,12.31401869,5.19184,2.50544,2.50544,nan,2.9131,3.59273,nan,1.65397,1.16068
3,12.3364486,2.82449,2.49684,2.49684,nan,2.90761,3.58711,nan,-0.0603281,-0.553529
3,12.3588785,2.30204,2.48823,2.48823,nan,2.90211,3.58149,nan,-0.435547,-0.928659
3,12.44859813,4.73469,2.4538,2.4538,nan,2.88012,3.55901,nan,1.3461,0.853349
3,12.65046729,2.36735,2.37638,2.37638,nan,2.83065,3.50843,nan,-0.336279,-0.828229
3,12.6728972,3.46122,2.36778,2.36778,nan,2.82515,3.50281,nan,0.461679,-0.0301816
3,12.74018692,3.05306,2.34199,2.34199,nan,2.80867,3.48595,nan,0.17739,-0.314201
3,12.87476636,3.00408,2.29042,2.29042,nan,2.77569,3.45223,nan,0.165772,-0.325279
3,12.94205607,4.08163,2.26465,2.26465,nan,2.75921,3.43537,nan,0.959855,0.469076
3,12.98691589,4.44082,2.24748,2.24748,nan,2.74822,3.42413,nan,1.22854,0.737939
3,13.00934579,4.57143,2.23889,2.23889,nan,2.74272,3.41851,nan,1.32733,0.83682
3,13.0317757,2.62857,2.2303,2.2303,nan,2.73723,3.41289,nan,-0.0788669,-0.569284
3,13.16635514,4.60408,2.17881,2.17881,nan,2.70427,3.37918,nan,1.37894,0.889072
3,13.23364486,2.10612,2.15308,2.15308,nan,2.68779,3.36232,nan,-0.422188,-0.911785
3,13.30093458,3.55918,2.12736,2.12736,nan,2.67131,3.34546,nan,0.644447,0.155125
3,13.30093458,2.35102,2.12736,2.12736,nan,2.67131,3.34546,nan,-0.232474,-0.721795
3,13.32336449,3.13469,2.11879,2.11879,nan,2.66581,3.33984,nan,0.340326,-0.148903
3,13.3682243,2.93878,2.10165,2.10165,nan,2.65483,3.32861,nan,0.206096,-0.28295
3,13.45794393,3.98367,2.0674,2.0674,nan,2.63286,3.30613,nan,0.980458,0.491781
3,13.65981308,5.33e-15,1.9904,1.9904,nan,2.58345,3.25556,nan,-1.87514,-2.36298
3,13.68224299,2.17143,1.98186,1.98186,nan,2.57796,3.24994,nan,-0.29507,-0.782818
3,13.74953271,1.69796,1.95623,1.95623,nan,2.56149,3.23309,nan,-0.626774,-1.11424
3,13.86168224,0.897959,1.91355,1.91355,nan,2.53404,3.205,nan,-1.18752,-1.67452
3,13.92897196,3.57551,1.88797,1.88797,nan,2.51758,3.18814,nan,0.767877,0.281162
3,13.99626168,3.5102,1.86241,1.86241,nan,2.50112,3.17129,nan,0.732425,0.245994
3,14.01869159,1.50204,1.85389,1.85389,nan,2.49563,3.16567,nan,-0.721176,-1.20751
3,14.0411215,2.69388,1.84538,1.84538,nan,2.49014,3.16005,nan,0.147876,-0.338364
3,14.13084112,5.30612,1.81135,1.81135,nan,2.4682,3.13758,nan,2.05985,1.57399
3,14.24299065,1.6,1.76887,1.76887,nan,2.44077,3.1095,nan,-0.610258,-1.09564
3,14.28785047,3.88571,1.75189,1.75189,nan,2.4298,3.09826,nan,1.05674,0.571556
3,14.33271028,2.77551,1.73494,1.73494,nan,2.41884,3.08703,nan,0.258884,-0.226109
3,14.44485981,4.27755,1.69259,1.69259,nan,2.39142,3.05894,nan,1.36901,0.884501
3,14.64672897,2.25306,1.61659,1.61659,nan,2.3421,3.0084,nan,-0.0646245,-0.548244
3,14.69158879,5.07755,1.59975,1.59975,nan,2.33114,2.99716,nan,1.99343,1.51001
3,14.93831776,2.93878,1.50741,1.50741,nan,2.27089,2.93539,nan,0.48477,0.00245489
3,14.98317757,3.10204,1.49069,1.49069,nan,2.25994,2.92416,nan,0.61122,0.129109
3,15.00560748,1.19184,1.48234,1.48234,nan,2.25447,2.91855,nan,-0.771289,-1.2533
3,15.05046729,1.51837,1.46564,1.46564,nan,2.24352,2.90732,nan,-0.526338,-1.00814
3,15.11775701,5.38776,1.44065,1.44065,nan,2.2271,2.89048,nan,2.29409,1.8126
3,15.25233645,1.76327,1.39082,1.39082,nan,2.19428,2.85679,nan,-0.312843,-0.793713
3,15.29719626,2.98776,1.37427,1.37427,nan,2.18334,2.84556,nan,0.583866,0.103207
3,15.36448598,1.25714,1.34949,1.34949,nan,2.16694,2.82872,nan,-0.660358,-1.1407
3,15.4317757,3.96735,1.32477,1.32477,nan,2.15054,2.81188,nan,1.31869,0.838669
3,15.67850467,0.0163265,1.23478,1.23478,nan,2.09045,2.75015,nan,-1.50546,-1.98429
3,15.92523364,2.59592,1.14592,1.14592,nan,2.03043,2.68843,nan,0.410446,-0.0671469
3,16.1271028,0.881633,1.07424,1.07424,nan,1.98138,2.63794,nan,-0.79823,-1.27478
3,16.21682243,1.24082,1.04272,1.04272,nan,1.9596,2.61551,nan,-0.521715,-0.997794
3,16.30654206,2.85714,1.01142,1.01142,nan,1.93783,2.59308,nan,0.667264,0.191664
3,16.35140187,0.914286,0.995863,0.995863,nan,1.92695,2.58187,nan,-0.735022,-1.21038
3,16.4635514,2.84082,0.957243,0.957243,nan,1.89977,2.55383,nan,0.683043,0.2083
3,16.66542056,2.74286,0.888812,0.888812,nan,1.85089,2.50339,nan,0.647419,0.173813
3,16.97943925,0.163265,0.785556,0.785556,nan,1.77501,2.42496,nan,-1.16985,-1.6416
3,17.00186916,2.17143,0.778347,0.778347,nan,1.7696,2.41936,nan,0.29166,-0.179954
3,17.11401869,2.23673,0.742666,0.742666,nan,1.74256,2.39136,nan,0.358686,-0.112231
3,17.20373832,0.555102,0.714577,0.714577,nan,1.72095,2.36897,nan,-0.846208,-1.31656
3,17.29345794,0.457143,0.686916,0.686916,nan,1.69936,2.34658,nan,-0.90164,-1.37141
3,17.29345794,1.95918,0.686916,0.686916,nan,1.69936,2.34658,nan,0.188585,-0.281183
3,17.31588785,3.2,0.68007,0.68007,nan,1.69397,2.34098,nan,1.09312,0.6235
3,17.42803738,2.67755,0.646272,0.646272,nan,1.66702,2.31301,nan,0.733471,0.264597
3,18.03364486,1.81224,0.47774,0.47774,nan,1.52221,2.16211,nan,0.210519,-0.25394
3,18.12336449,4.5551,0.455003,0.455003,nan,1.50087,2.13978,nan,2.21685,1.75311
3,18.23551402,0.555102,0.427462,0.427462,nan,1.47424,2.11188,nan,-0.667137,-1.12996
3,18.37009346,1.30612,0.395742,0.395742,nan,1.44236,2.07842,nan,-0.0988877,-0.560558
3,18.43738318,2.20408,0.380436,0.380436,nan,1.42646,2.0617,nan,0.564422,0.103344
3,18.95327103,2.04082,0.275756,0.275756,nan,1.30533,1.93371,nan,0.533839,0.0777422
3,19.13271028,2.57959,0.244646,0.244646,nan,1.26358,1.88929,nan,0.9552,0.501044
3,19.26728972,0.359184,0.223083,0.223083,nan,1.23242,1.85601,nan,-0.633821,-1.08644
3,19.44672897,1.63265,0.196637,0.196637,nan,1.19109,1.8117,nan,0.320498,-0.129955
3,20.43364486,1.66531,0.0929806,0.0929806,nan,0.969295,1.56946,nan,0.505185,0.0695703
4,0,1.95122,7.21031,7.21031,1.0917,1.08186,1.46288,0.623863,0.631007,0.354452
4,0.993314231,2.05765,6.85048,6.85048,2.79221,2.79025,2.98546,-0.533166,-0.53174,-0.673429
4,1.107927412,5.62306,6.80766,6.80766,2.98409,2.98237,3.16258,1.91544,1.91669,1.78589
4,1.184336199,0.922395,6.77902,6.77902,3.11206,3.11051,3.2807,-1.58932,-1.5882,-1.71172
4,1.222540592,4.25721,6.76468,6.76468,3.17606,3.17459,3.33976,0.78473,0.785793,0.66591
4,1.910219675,7.34368,6.5046,6.5046,4.32856,4.3286,4.40322,2.18846,2.18844,2.13427
4,1.986628462,4.00887,6.47553,6.47553,4.45664,4.45685,4.5214,-0.325008,-0.325154,-0.372009
4,2.101241643,5.81818,6.43188,6.43188,4.64877,4.64922,4.69866,0.848795,0.848467,0.812585
4,2.17765043,4.00887,6.40275,6.40275,4.77685,4.77747,4.81682,-0.557424,-0.557873,-0.586438
4,2.215854823,2.80266,6.38818,6.38818,4.84089,4.8416,4.87591,-1.47941,-1.47992,-1.50482
4,2.215854823,4.47007,6.38818,6.38818,4.84089,4.8416,4.87591,-0.269157,-0.269667,-0.294571
4,2.521489971,3.051,6.27144,6.27144,5.35323,5.3546,5.3485,-1.67103,-1.67202,-1.6676
4,2.903533906,8.26608,6.1252,6.1252,5.99366,5.99587,5.9388,1.64938,1.64778,1.6892
4,3.018147087,4.82483,6.08127,6.08127,6.18579,6.18825,6.11565,-0.987824,-0.989604,-0.936913
4,3.094555874,6.56319,6.05198,6.05198,6.31388,6.3165,6.23343,0.18096,0.179058,0.239351
4,3.132760267,6.17295,6.03733,6.03733,6.37792,6.38062,6.29227,-0.148775,-0.150737,-0.0866092
4,3.209169054,4.15078,6.00802,6.00802,6.50601,6.50888,6.40984,-1.7095,-1.71158,-1.63969
4,3.209169054,4.66519,6.00802,6.00802,6.50601,6.50888,6.40984,-1.33612,-1.3382,-1.26632
4,3.209169054,6.03104,6.00802,6.00802,6.50601,6.50888,6.40984,-0.344744,-0.346827,-0.27494
4,3.896848138,8.26608,5.74397,5.74397,7.58999,7.59154,7.42707,0.49072,0.489595,0.608976
4,3.915950334,7.18404,5.73663,5.73663,7.59743,7.5986,7.45016,-0.300056,-0.3009,-0.193163
4,4.011461318,6.29712,5.69992,5.69992,7.59285,7.59267,7.5411,-0.94048,-0.940352,-0.902916
4,4.087870105,8.2306,5.67055,5.67055,7.55866,7.55802,7.57122,0.487715,0.488177,0.478595
4,4.106972302,7.55654,5.66321,5.66321,7.54796,7.54727,7.57256,0.00622553,0.00673193,-0.0116278
4,4.183381089,7.73392,5.63384,5.63384,7.50083,7.50001,7.55832,0.169186,0.169781,0.127459
4,4.240687679,7.27273,5.61181,5.61181,7.463,7.46216,7.53302,-0.138106,-0.137496,-0.188929
4,4.240687679,4.50554,5.61181,5.61181,7.463,7.46216,7.53302,-2.14661,-2.146,-2.19743
4,4.508118434,7.94678,5.50897,5.50897,7.27989,7.27916,7.36072,0.48405,0.48458,0.425382
4,4.508118434,6.38581,5.50897,5.50897,7.27989,7.27916,7.36072,-0.648952,-0.648422,-0.70762
4,4.699140401,7.50333,5.4355,5.4355,7.1481,7.14748,7.22787,0.257836,0.258286,0.199937
4,4.890162369,8.54989,5.36202,5.36202,7.01627,7.01576,7.09463,1.11315,1.11352,1.05627
4,4.928366762,7.57428,5.34733,5.34733,6.9899,6.98941,7.06798,0.424161,0.424513,0.367487
4,5.023877746,6.40355,5.31058,5.31058,6.92398,6.92355,7.00135,-0.377747,-0.377434,-0.433901
4,5.062082139,7.25499,5.29588,5.29588,6.89762,6.89721,6.9747,0.259392,0.259689,0.203445
4,5.11938873,8.08869,5.27383,5.27383,6.85807,6.85769,6.93472,0.893224,0.893497,0.83759
4,5.17669532,7.5388,5.25178,5.25178,6.81852,6.81817,6.89474,0.522805,0.523054,0.467482
4,5.214899713,6.7051,5.23708,5.23708,6.79215,6.79183,6.86808,-0.0631838,-0.0629499,-0.118298
4,5.23400191,6.26164,5.22973,5.22973,6.77897,6.77866,6.85476,-0.375491,-0.375265,-0.430501
4,5.520534862,6.29712,5.11947,5.11947,6.58122,6.58107,6.65486,-0.206208,-0.206103,-0.259659
4,5.539637058,5.10865,5.11212,5.11212,6.56803,6.5679,6.64153,-1.05927,-1.05917,-1.11261
4,5.711556829,6.52772,5.04596,5.04596,6.44938,6.44935,6.52159,0.0568551,0.0568791,0.00444439
4,5.902578797,7.60976,4.97244,4.97244,6.31755,6.31763,6.38833,0.937918,0.937864,0.886548
4,5.921680993,6.86475,4.96508,4.96508,6.30437,6.30446,6.375,0.406736,0.406674,0.35547
4,6.036294174,7.41463,4.92097,4.92097,6.22527,6.22542,6.29504,0.863275,0.863164,0.812632
4,6.074498567,5.42794,4.90627,4.90627,6.1989,6.19908,6.26839,-0.559589,-0.559717,-0.610024
4,6.074498567,5.14412,4.90627,4.90627,6.1989,6.19908,6.26839,-0.765589,-0.765717,-0.816025
4,6.112702961,8.42572,4.89156,4.89156,6.17254,6.17273,6.24174,1.63543,1.63528,1.5852
4,6.189111748,5.39246,4.86215,4.86215,6.1198,6.12005,6.18843,-0.527925,-0.528103,-0.577738
4,6.227316141,6.95344,4.84745,4.84745,6.09343,6.0937,6.16178,0.624215,0.62402,0.574609
4,6.227316141,5.78271,4.84745,4.84745,6.09343,6.0937,6.16178,-0.225537,-0.225731,-0.275142
4,6.227316141,5.85366,4.84745,4.84745,6.09343,6.0937,6.16178,-0.174037,-0.174231,-0.223642
4,6.532951289,4.64745,4.7298,4.7298,5.8825,5.88295,5.94855,-0.896434,-0.896759,-0.944379
4,6.532951289,5.60532,4.7298,4.7298,5.8825,5.88295,5.94855,-0.201183,-0.201508,-0.249128
4,6.723973257,5.21508,4.65627,4.65627,nan,5.75122,5.81529,nan,-0.38915,-0.435651
4,6.914995224,5.78271,4.58273,4.58273,nan,5.6195,5.68202,nan,0.118458,0.0730774
4,6.914995224,5.56984,4.58273,4.58273,nan,5.6195,5.68202,nan,-0.0360419,-0.0814229
4,7.029608405,6.03104,4.53861,4.53861,nan,5.54047,5.60207,nan,0.356073,0.311364
4,7.067812798,6.13747,4.52391,4.52391,nan,5.51412,5.57541,nan,0.452445,0.40796
4,7.067812798,5.78271,4.52391,4.52391,nan,5.51412,5.57541,nan,0.194945,0.150459
4,7.106017192,7.84035,4.5092,4.5092,nan,5.48778,5.54876,nan,1.70757,1.66331
4,7.182425979,4.75388,4.47978,4.47978,nan,5.43509,5.49545,nan,-0.494442,-0.538255
4,7.220630372,5.35698,4.46508,4.46508,nan,5.40875,5.4688,nan,-0.0375695,-0.0811593
4,7.220630372,4.50554,4.46508,4.46508,nan,5.40875,5.4688,nan,-0.655571,-0.69916
4,7.258834766,4.36364,4.45037,4.45037,nan,5.3824,5.44215,nan,-0.739449,-0.782815
4,7.526265521,6.102,4.34742,4.34742,nan,5.19799,5.25558,nan,0.656152,0.614355
4,7.526265521,4.32816,4.34742,4.34742,nan,5.19799,5.25558,nan,-0.63135,-0.673147
4,7.698185291,7.04213,4.28124,4.28124,nan,5.07945,5.13564,nan,1.42457,1.38379
4,7.908309456,6.91796,4.20034,4.20034,nan,4.93455,4.98905,nan,1.43962,1.40006
4,7.908309456,4.39911,4.20034,4.20034,nan,4.93455,4.98905,nan,-0.388637,-0.428193
4,8.022922636,4.61197,4.15622,4.15622,nan,4.85552,4.90909,nan,-0.176772,-0.215657
4,8.022922636,4.15078,4.15622,4.15622,nan,4.85552,4.90909,nan,-0.511522,-0.550407
4,8.06112703,4.39911,4.14152,4.14152,nan,4.82917,4.88244,nan,-0.31215,-0.350812
4,8.099331423,4.89579,4.12681,4.12681,nan,4.80283,4.85579,nan,0.0674731,0.0290343
4,8.099331423,5.03769,4.12681,4.12681,nan,4.80283,4.85579,nan,0.170473,0.132034
4,8.213944604,4.18625,4.08269,4.08269,nan,4.7238,4.77583,nan,-0.390164,-0.427931
4,8.213944604,3.08647,4.08269,4.08269,nan,4.7238,4.77583,nan,-1.18842,-1.22618
4,8.213944604,3.33481,4.08269,4.08269,nan,4.7238,4.77583,nan,-1.00817,-1.04593
4,8.2330468,4.5765,4.07533,4.07533,nan,4.71062,4.7625,nan,-0.0973531,-0.135008
4,8.519579752,4.77162,3.96503,3.96503,nan,4.51304,4.56261,nan,0.187681,0.151706
4,8.538681948,4.68293,3.95767,3.95767,nan,4.49987,4.54928,nan,0.132866,0.0970033
4,8.672397326,4.86031,3.9062,3.9062,nan,4.40767,4.456,nan,0.32854,0.293461
4,8.901623687,6.03104,3.81796,3.81796,nan,4.24961,4.29609,nan,1.29301,1.25928
4,9.016236867,2.55432,3.77384,3.77384,nan,4.17058,4.21613,nan,-1.17313,-1.20619
4,9.054441261,4.70067,3.75913,3.75913,nan,4.14424,4.18948,nan,0.40387,0.371032
4,9.073543457,4.23947,3.75178,3.75178,nan,4.13107,4.17616,nan,0.0786793,0.0459532
4,9.092645654,5.42794,3.74443,3.74443,nan,4.1179,4.16283,nan,0.950866,0.918252
4,9.092645654,4.32816,3.74443,3.74443,nan,4.1179,4.16283,nan,0.152615,0.12
4,9.207258835,1.59645,3.70031,3.70031,nan,4.03887,4.08288,nan,-1.77278,-1.80472
4,9.207258835,1.09978,3.70031,3.70031,nan,4.03887,4.08288,nan,-2.13328,-2.16522
4,9.245463228,3.1929,3.6856,3.6856,nan,4.01253,4.05623,nan,-0.594907,-0.626625
4,9.512893983,1.77384,3.58266,3.58266,nan,3.82814,3.86968,nan,-1.49107,-1.52122
4,9.53199618,4.20399,3.57531,3.57531,nan,3.81497,3.85635,nan,0.282365,0.252327
4,9.70391595,7.29047,3.50914,3.50914,nan,3.69644,3.73643,nan,2.60865,2.57962
4,9.894937918,1.77384,3.43562,3.43562,nan,3.56475,3.6032,nan,-1.2999,-1.3278
4,9.914040115,4.949,3.42827,3.42827,nan,3.55158,3.58987,nan,1.01429,0.986496
4,10.04775549,1.63193,3.37681,3.37681,nan,3.4594,3.49661,nan,-1.32643,-1.35344
4,10.04775549,3.22838,3.37681,3.37681,nan,3.4594,3.49661,nan,-0.167682,-0.194691
4,10.12416428,2.09313,3.3474,3.3474,nan,3.40673,3.44333,nan,-0.953454,-0.980015
4,10.12416428,3.58315,3.3474,3.3474,nan,3.40673,3.44333,nan,0.128048,0.101487
4,10.20057307,0.922395,3.318,3.318,nan,3.35407,3.39004,nan,-1.76498,-1.79109
4,10.20057307,1.20621,3.318,3.318,nan,3.35407,3.39004,nan,-1.55898,-1.58509
4,10.20057307,1.59645,3.318,3.318,nan,3.35407,3.39004,nan,-1.27573,-1.30184
4,10.27698185,1.41907,3.28859,3.28859,nan,3.3014,3.33676,nan,-1.36625,-1.39191
4,10.50620821,2.62528,3.20039,3.20039,nan,3.14343,3.17693,nan,-0.376091,-0.400405
4,10.67812798,4.23947,3.13424,3.13424,nan,3.02498,3.05708,nan,0.881512,0.85821
4,10.88825215,2.34146,3.05341,3.05341,nan,2.88025,2.91064,nan,-0.391064,-0.413127
4,10.92645654,5.35698,3.03871,3.03871,nan,2.85394,2.88402,nan,1.81679,1.79495
4,11.04106972,0.851441,2.99463,2.99463,nan,2.77502,2.80418,nan,-1.39619,-1.41735
4,11.06017192,3.40576,2.98728,2.98728,nan,2.76187,2.79087,nan,0.467355,0.446306
4,11.09837631,2.8204,2.97259,2.97259,nan,2.73558,2.76427,nan,0.0615671,0.0407433
4,11.11747851,2.41242,2.96524,2.96524,nan,2.72243,2.75096,nan,-0.225015,-0.245726
4,11.1938873,0.532151,2.93585,2.93585,nan,2.66985,2.69776,nan,-1.5516,-1.57186
4,11.1938873,1.70288,2.93585,2.93585,nan,2.66985,2.69776,nan,-0.70185,-0.722109
4,11.27029608,0.354767,2.90647,2.90647,nan,2.61728,2.64456,nan,-1.6422,-1.662
4,11.49952245,1.5255,2.81834,2.81834,nan,2.45967,2.48508,nan,-0.678049,-0.696496
4,11.53772684,2.83814,2.80365,2.80365,nan,2.43342,2.45852,nan,0.293756,0.275536
4,11.72874881,4.96674,2.73023,2.73023,nan,2.30227,2.3258,nan,1.93395,1.91687
4,11.91977077,2.44789,2.65684,2.65684,nan,2.17131,2.19327,nan,0.200751,0.184813
4,12.03438395,0.141907,2.61281,2.61281,nan,2.09286,2.11387,nan,-1.41606,-1.43131
4,12.03438395,2.02217,2.61281,2.61281,nan,2.09286,2.11387,nan,-0.0513097,-0.0665586
4,12.07258835,0.922395,2.59814,2.59814,nan,2.06674,2.08743,nan,-0.830599,-0.845618
4,12.11079274,1.38359,2.58347,2.58347,nan,2.04063,2.061,nan,-0.476896,-0.491685
4,12.11079274,3.01552,2.58347,2.58347,nan,2.04063,2.061,nan,0.707606,0.692817
4,12.22540592,0.496674,2.53946,2.53946,nan,1.96238,1.98181,nan,-1.06386,-1.07795
4,12.22540592,2.76718,2.53946,2.53946,nan,1.96238,1.98181,nan,0.584147,0.57005
4,12.53104107,0.567627,2.42218,2.42218,nan,1.75458,1.77144,nan,-0.861523,-0.873765
4,12.53104107,2.44789,2.42218,2.42218,nan,1.75458,1.77144,nan,0.503229,0.490987
4,12.70296084,3.40576,2.35626,2.35626,nan,1.63842,1.65384,nan,1.28279,1.2716
4,12.913085,2.55432,2.27575,2.27575,nan,1.49746,1.5111,nan,0.767103,0.757204
4,13.04680038,2.92683,2.22455,2.22455,nan,1.40851,1.42101,nan,1.10204,1.09297
4,13.06590258,0,2.21724,2.21724,nan,1.39586,1.40819,nan,-1.01315,-1.02211
4,13.10410697,0.354767,2.20263,2.20263,nan,1.3706,1.38261,nan,-0.737324,-0.746041
4,13.12320917,1.24169,2.19532,2.19532,nan,1.358,1.36985,nan,-0.0844253,-0.093024
4,13.21872015,1.0643,2.15879,2.15879,nan,1.29525,1.30628,nan,-0.167627,-0.175633
4,13.5243553,2.18182,2.04205,2.04205,nan,1.09802,1.10644,nan,0.78665,0.780538
4,13.5243553,1.77384,2.04205,2.04205,nan,1.09802,1.10644,nan,0.490524,0.484413
4,13.69627507,3.051,1.97651,1.97651,nan,0.990217,0.997184,nan,1.49578,1.49072
4,13.92550143,2.5898,1.88929,1.88929,nan,0.851224,0.856302,nan,1.26191,1.25822
4,14.05921681,2.25277,1.83851,1.83851,nan,0.773251,0.777267,nan,1.07388,1.07096
4,14.0974212,0,1.82402,1.82402,nan,0.75146,0.755181,nan,-0.545432,-0.548132
4,14.0974212,0.283814,1.82402,1.82402,nan,0.75146,0.755181,nan,-0.339432,-0.342132
4,14.51766953,1.31264,1.66515,1.66515,nan,0.529178,0.529971,nan,0.568659,0.568083
4,14.7086915,6.40355,1.59333,1.59333,nan,0.440726,0.44046,nan,4.32799,4.32818
4,14.89971347,0.532151,1.52182,1.52182,nan,0.361479,0.360373,nan,0.123878,0.124682
4,15.05253104,1.70288,1.46488,1.46488,nan,0.305112,0.303502,nan,1.01454,1.01571
4,15.70200573,3.76053,1.22626,1.22626,nan,0.134592,0.132359,nan,2.63181,2.63343
4,15.8930277,0.0709534,1.15745,1.15745,nan,0.103206,0.101114,nan,-0.0234101,-0.0218914
4,16.04584527,1.91574,1.10297,1.10297,nan,0.0829507,0.0810208,nan,1.33029,1.3317
4,16.10315186,0.86918,1.08269,1.08269,nan,0.0763334,0.0744714,nan,0.575471,0.576823
4,16.52340019,1.5255,0.936804,0.936804,nan,0.0408375,0.0395067,nan,1.07761,1.07858
4,16.71442216,4.45233,0.87243,0.87243,nan,0.0305181,0.0294117,nan,3.20948,3.21028
4,16.88634193,0.354767,0.815726,0.815726,nan,0.0234219,0.0224944,nan,0.2405,0.241173
4,17.0582617,2.1286,0.760328,0.760328,nan,0.0179407,0.0171719,nan,1.53198,1.53254
4,17.68863419,2.69623,0.570706,0.570706,nan,0.00668163,0.00631676,nan,1.95215,1.95242
