id,time,y10,popPred_medianCOV,popPred,indivPred_SAEM,indivPred_mean,indivPred_mode,indWRes_SAEM,indWRes_mean,indWRes_mode
1,0,0.780488,4.49056,4.49056,7.18382,7.13719,7.05189,-3.55367,-3.53728,-3.50706
1,0,1.59645,4.49056,4.49056,7.18382,7.13719,7.05189,-3.10083,-3.08322,-3.05076
1,0.667302193,5.67627,4.14698,4.14698,7.05278,7.12267,7.1023,-0.769722,-0.805542,-0.79513
1,0.762631077,5.25055,4.0979,4.0979,7.02445,7.11069,7.1008,-0.993566,-1.03668,-1.03176
1,1.029551954,3.22838,3.96048,3.96048,6.93452,7.06436,7.08434,-2.08672,-2.14359,-2.15226
1,1.18207817,7.3082,3.88195,3.88195,6.87694,7.02983,7.0668,0.243638,0.15587,0.13488
1,1.220209724,3.051,3.86232,3.86232,6.86193,7.02033,7.06151,-2.15484,-2.22378,-2.24148
1,1.258341277,5.32151,3.84269,3.84269,6.84668,7.0105,7.05585,-0.86316,-0.94678,-0.969647
1,1.258341277,5.74723,3.84269,3.84269,6.84668,7.0105,7.05585,-0.622226,-0.708139,-0.731633
1,1.315538608,5.88914,3.81324,3.81324,6.82339,6.99514,7.0467,-0.529456,-0.620537,-0.647522
1,1.315538608,6.38581,3.81324,3.81324,6.82339,6.99514,7.0467,-0.247982,-0.341873,-0.369691
1,1.410867493,4.15078,3.76416,3.76416,6.78351,6.96797,7.0297,-1.49552,-1.58312,-1.61201
1,1.448999047,3.37029,3.74453,3.74453,6.76721,6.95657,7.02229,-1.93147,-2.01664,-2.04576
1,1.468064824,8.17738,3.73472,3.73472,6.75899,6.95076,7.01846,0.806879,0.689987,0.649343
1,1.601525262,5.32151,3.66601,3.66601,6.7002,6.90811,6.98934,-0.787024,-0.894702,-0.936067
1,1.67778837,6.45676,3.62675,3.62675,6.6657,6.88225,6.97093,-0.119517,-0.240301,-0.288882
1,1.754051478,4.15078,3.5875,3.5875,6.6306,6.85539,6.95128,-1.42145,-1.52988,-1.57527
1,1.754051478,4.61197,3.5875,3.5875,6.6306,6.85539,6.95128,-1.15709,-1.269,-1.31585
1,1.754051478,8.15965,3.5875,3.5875,6.6306,6.85539,6.95128,0.876457,0.737757,0.679696
1,1.811248808,6.79379,3.55805,3.55805,6.60391,6.83462,6.93577,0.109012,-0.0231235,-0.079933
1,1.982840801,3.29933,3.46973,3.46973,6.52216,6.76934,6.88542,-1.85932,-1.97277,-2.02492
1,1.982840801,6.38581,3.46973,3.46973,6.52216,6.76934,6.88542,-0.0786622,-0.218045,-0.282112
1,2.020972355,5.14412,3.4501,3.4501,6.50368,6.75427,6.8735,-0.785224,-0.916216,-0.977192
1,2.020972355,6.66962,3.4501,3.4501,6.50368,6.75427,6.8735,0.0958437,-0.0481656,-0.115201
1,2.097235462,7.20177,3.41085,3.41085,6.46641,6.72356,6.8489,0.425666,0.272607,0.199683
1,2.135367016,5.1796,3.39122,3.39122,6.44763,6.70794,6.83623,-0.73483,-0.87205,-0.938134
1,2.230695901,6.31486,3.34216,3.34216,6.4003,6.66815,6.80355,-0.0496567,-0.20206,-0.277276
1,2.249761678,7.80488,3.33234,3.33234,6.39077,6.66007,6.79685,0.822289,0.655065,0.57216
1,2.249761678,7.48559,3.33234,3.33234,6.39077,6.66007,6.79685,0.636624,0.472365,0.39093
1,2.326024786,5.46341,3.29309,3.29309,6.35246,6.62737,6.7695,-0.518165,-0.667317,-0.742533
1,2.326024786,7.27273,3.29309,3.29309,6.35246,6.62737,6.7695,0.536366,0.369992,0.286091
1,2.364156339,6.13747,3.27347,3.27347,6.33319,6.61081,6.75552,-0.114203,-0.271637,-0.351661
1,2.402287893,5.74723,3.25385,3.25385,6.31385,6.5941,6.74134,-0.331019,-0.486488,-0.566109
1,2.440419447,6.03104,3.23422,3.23422,6.29444,6.57726,6.72697,-0.15406,-0.314092,-0.39664
1,2.459485224,8.15965,3.22441,3.22441,6.28472,6.5688,6.71971,1.09726,0.915246,0.821033
1,2.592945663,7.59202,3.15574,3.15574,6.21621,6.50867,6.66768,0.808521,0.62551,0.528672
1,2.66920877,8.12417,3.1165,3.1165,6.17676,6.4737,6.63703,1.14719,0.954958,0.852111
1,2.745471878,8.37251,3.07726,3.07726,6.13712,6.43832,6.60577,1.32003,1.12149,1.0142
1,2.745471878,7.41463,3.07726,3.07726,6.13712,6.43832,6.60577,0.754391,0.566094,0.464329
1,2.764537655,5.67627,3.06745,3.06745,6.12718,6.42942,6.59787,-0.266427,-0.436927,-0.529292
1,2.802669209,5.8714,3.04784,3.04784,6.10727,6.41154,6.58195,-0.13954,-0.313695,-0.408475
1,2.974261201,5.92461,2.95957,2.95957,6.01718,6.33005,6.50872,-0.055065,-0.236623,-0.337257
1,2.974261201,7.62749,2.95957,2.95957,6.01718,6.33005,6.50872,0.957946,0.757222,0.645964
1,2.974261201,6.68736,2.95957,2.95957,6.01718,6.33005,6.50872,0.398679,0.208537,0.103144
1,3.012392755,6.102,2.93996,2.93996,5.99706,6.31173,6.49212,0.0625025,-0.12254,-0.225476
1,3.012392755,7.98226,2.93996,2.93996,5.99706,6.31173,6.49212,1.18242,0.976047,0.861243
1,3.088655863,6.77605,2.90074,2.90074,5.95673,6.27488,6.45858,0.489224,0.293478,0.183854
1,3.16491897,6.31486,2.86152,2.86152,5.91628,6.23777,6.42464,0.238591,0.0452427,-0.0637071
1,3.203050524,7.48559,2.84192,2.84192,5.89601,6.21912,6.40752,0.952723,0.744131,0.626253
1,3.241182078,8.37251,2.82231,2.82231,5.87572,6.20042,6.39031,1.49835,1.2777,1.15266
1,3.241182078,8.2306,2.82231,2.82231,5.87572,6.20042,6.39031,1.41319,1.19422,1.07014
1,3.241182078,6.95344,2.82231,2.82231,5.87572,6.20042,6.39031,0.646752,0.44295,0.327461
1,3.317445186,4.82483,2.78311,2.78311,5.83506,6.16286,6.35563,-0.607787,-0.788879,-0.892031
1,3.317445186,8.08869,2.78311,2.78311,5.83506,6.16286,6.35563,1.35586,1.13544,1.0099
1,3.317445186,7.7694,2.78311,2.78311,5.83506,6.16286,6.35563,1.16376,0.947196,0.823837
1,3.35557674,5.96009,2.7635,2.7635,5.8147,6.144,6.33817,0.0875813,-0.108555,-0.220547
1,3.35557674,5.39246,2.7635,2.7635,5.8147,6.144,6.33817,-0.254356,-0.443606,-0.551666
1,3.393708294,8.2306,2.7439,2.7439,5.79432,6.12509,6.32062,1.46948,1.24425,1.11534
1,3.393708294,6.95344,2.7439,2.7439,5.79432,6.12509,6.32062,0.69914,0.48951,0.369536
1,3.469971401,7.55654,2.70471,2.70471,5.75349,6.08714,6.28532,1.09032,0.870362,0.743931
1,3.469971401,7.27273,2.70471,2.70471,5.75349,6.08714,6.28532,0.918694,0.702252,0.577841
1,3.508102955,9.15299,2.68512,2.68512,5.73305,6.0681,6.26756,2.07072,1.8294,1.6904
1,3.546234509,6.95344,2.66552,2.66552,5.71259,6.04902,6.24973,0.752277,0.536962,0.412705
1,3.584366063,7.59202,2.64593,2.64593,5.69212,6.02991,6.23184,1.15332,0.928539,0.798576
1,3.698760724,8.33703,2.58717,2.58717,5.6306,5.97234,6.17781,1.6493,1.4106,1.27188
1,3.736892278,8.01774,2.56759,2.56759,5.61006,5.95308,6.15969,1.46914,1.23309,1.09569
1,3.775023832,5.49889,2.54801,2.54801,5.58951,5.9338,6.14151,-0.0553694,-0.260053,-0.379374
1,3.775023832,7.00665,2.54801,2.54801,5.58951,5.9338,6.14151,0.865851,0.641517,0.51074
1,3.813155386,4.75388,2.52844,2.52844,5.56895,5.91448,6.12329,-0.498647,-0.694816,-0.809339
1,3.889418494,8.58537,2.48929,2.48929,5.5278,5.87576,6.08669,1.87546,1.62606,1.48007
1,3.908484271,8.85144,2.4795,2.4795,5.5175,5.86607,6.07752,2.04632,1.79264,1.64404
1,3.965681602,7.37916,2.45015,2.45015,5.48659,5.83694,6.04993,1.16391,0.927739,0.789141
1,3.965681602,5.81818,2.45015,2.45015,5.48659,5.83694,6.04993,0.203924,-0.0112857,-0.137582
1,3.965681602,6.63415,2.45015,2.45015,5.48659,5.83694,6.04993,0.705736,0.479568,0.346841
1,4.003813155,6.84701,2.43059,2.43059,5.46598,5.8175,6.03148,0.85044,0.620067,0.484714
1,4.003813155,6.98891,2.43059,2.43059,5.46598,5.8175,6.03148,0.937826,0.705536,0.569057
1,4.061010486,8.03548,2.40125,2.40125,5.43504,5.78828,6.00374,1.60452,1.35594,1.20964
1,4.156339371,8.26608,2.35237,2.35237,5.38342,5.73949,5.95732,1.78454,1.52919,1.37852
1,4.194470925,7.96452,2.33283,2.33283,5.36276,5.71994,5.93869,1.61279,1.36018,1.21099
1,4.232602479,7.1663,2.31329,2.31329,5.3421,5.70037,5.92003,1.1323,0.889416,0.745843
1,4.232602479,7.69845,2.31329,2.31329,5.3421,5.70037,5.92003,1.46261,1.21229,1.06432
1,4.289799809,8.07095,2.28399,2.28399,5.31108,5.67099,5.89199,1.7165,1.45882,1.3063
1,4.308865586,6.13747,2.27422,2.27422,5.30074,5.66119,5.88263,0.520751,0.28969,0.152869
1,4.308865586,6.66962,2.27422,2.27422,5.30074,5.66119,5.88263,0.851942,0.613358,0.472082
1,4.327931363,8.26608,2.26446,2.26446,5.2904,5.65138,5.87326,1.85319,1.59131,1.43618
1,4.327931363,5.78271,2.26446,2.26446,5.2904,5.65138,5.87326,0.306598,0.0799259,-0.0543511
1,4.327931363,6.26164,2.26446,2.26446,5.2904,5.65138,5.87326,0.604869,0.371407,0.233108
1,4.34699714,7.62749,2.25469,2.25469,5.28005,5.64157,5.86388,1.46291,1.20939,1.05914
1,4.385128694,6.77605,2.23517,2.23517,5.25936,5.62193,5.84511,0.94646,0.703706,0.559735
1,4.423260248,6.91796,2.21565,2.21565,5.23866,5.60229,5.82632,1.04934,0.803209,0.657128
1,4.461391802,7.02439,2.19614,2.19614,5.21796,5.58262,5.80749,1.13029,0.881283,0.733386
1,4.499523356,7.52106,2.17664,2.17664,5.19725,5.56295,5.78865,1.45598,1.1984,1.0453
1,4.59485224,8.01774,2.1279,2.1279,5.14545,5.51371,5.74144,1.80569,1.5373,1.37754
1,4.652049571,7.66297,2.09867,2.09867,5.11435,5.48413,5.71306,1.60546,1.34018,1.18212
1,4.747378456,7.18404,2.05,2.05,5.06251,5.43478,5.66565,1.34096,1.07934,0.92326
1,4.766444233,4.36364,2.04027,2.04027,5.05214,5.4249,5.65616,-0.435481,-0.655246,-0.786395
1,4.804575786,4.75388,2.02082,2.02082,5.0314,5.40514,5.63716,-0.175768,-0.402609,-0.538049
1,4.880838894,8.01774,1.98195,1.98195,4.98989,5.36559,5.59911,1.92297,1.64373,1.47685
1,4.957102002,5.07317,1.94311,1.94311,4.94838,5.32601,5.56101,0.0794703,-0.157101,-0.298603
1,4.995233556,3.5122,1.9237,1.9237,4.92762,5.30621,5.54194,-0.902627,-1.11613,-1.24389
1,4.995233556,6.88248,1.9237,1.9237,4.92762,5.30621,5.54194,1.24663,0.980671,0.821527
1,4.995233556,7.02439,1.9237,1.9237,4.92762,5.30621,5.54194,1.33713,1.06896,0.908492
1,4.995233556,7.27273,1.9237,1.9237,4.92762,5.30621,5.54194,1.49549,1.22346,1.06068
1,4.995233556,6.17295,1.9237,1.9237,4.92762,5.30621,5.54194,0.794156,0.539239,0.386703
1,5.03336511,7.52106,1.90431,1.90431,4.90686,5.2864,5.52285,1.66939,1.39206,1.22605
1,5.03336511,5.46341,1.90431,1.90431,4.90686,5.2864,5.52285,0.355409,0.110271,-0.036471
1,5.071496663,5.96009,1.88492,1.88492,4.88609,5.26658,5.50376,0.686782,0.432566,0.280334
1,5.147759771,7.41463,1.84619,1.84619,4.84455,5.22693,5.46553,1.64801,1.36806,1.2003
1,5.147759771,5.28603,1.84619,1.84619,4.84455,5.22693,5.46553,0.283091,0.0369569,-0.110539
1,5.224022879,5.07317,1.80751,1.80751,4.803,5.18726,5.42726,0.173721,-0.0715277,-0.218588
1,5.300285987,7.94678,1.76888,1.76888,4.76144,5.14756,5.38895,2.05387,1.75951,1.5829
1,5.300285987,7.20177,1.76888,1.76888,4.76144,5.14756,5.38895,1.5735,1.29122,1.12185
1,5.319351764,2.44789,1.75923,1.75923,4.75105,5.13764,5.37937,-1.48608,-1.69179,-1.81524
1,5.319351764,6.56319,1.75923,1.75923,4.75105,5.13764,5.37937,1.16926,0.896644,0.733054
1,5.338417541,3.68958,1.74959,1.74959,4.74066,5.12771,5.36978,-0.678666,-0.90514,-1.04106
1,5.338417541,6.11973,1.74959,1.74959,4.74066,5.12771,5.36978,0.890446,0.624366,0.464675
1,5.338417541,5.74723,1.74959,1.74959,4.74066,5.12771,5.36978,0.649925,0.389916,0.233869
1,5.376549094,5.46341,1.73031,1.73031,4.71988,5.10785,5.3506,0.48076,0.224077,0.0699846
1,5.395614871,6.03104,1.72068,1.72068,4.70948,5.09792,5.34101,0.855093,0.588438,0.428337
1,5.452812202,6.97118,1.69181,1.69181,4.6783,5.06812,5.31222,1.48667,1.20243,1.03171
1,5.452812202,4.47007,1.69181,1.69181,4.6783,5.06812,5.31222,-0.135019,-0.377874,-0.523741
1,5.510009533,7.23725,1.66297,1.66297,4.64712,5.03831,5.28342,1.68294,1.3921,1.21735
1,5.52907531,6.75831,1.65337,1.65337,4.63673,5.02837,5.27382,1.37947,1.0959,0.925504
1,5.605338418,7.62749,1.61502,1.61502,4.59514,4.98861,5.23538,1.97719,1.67608,1.49507
1,5.605338418,6.56319,1.61502,1.61502,4.59514,4.98861,5.23538,1.28323,1.00009,0.82988
1,5.643469971,5.32151,1.59587,1.59587,4.57435,4.96872,5.21615,0.487857,0.224365,0.0659286
1,5.681601525,7.73392,1.57675,1.57675,4.55355,4.94883,5.19692,2.07955,1.77359,1.58958
1,5.681601525,5.56984,1.57675,1.57675,4.55355,4.94883,5.19692,0.664522,0.39547,0.233659
1,5.738798856,3.26386,1.5481,1.5481,4.52236,4.91899,5.16806,-0.824637,-1.05609,-1.19533
1,5.757864633,6.35033,1.53856,1.53856,4.51196,4.90904,5.15844,1.20545,0.92025,0.748664
1,5.834127741,5.10865,1.50048,1.50048,4.47036,4.86924,5.11993,0.41972,0.15326,-0.00710482
1,5.872259295,6.45676,1.48148,1.48148,4.44956,4.84934,5.10067,1.32176,1.03039,0.855013
1,5.929456625,0.674058,1.45304,1.45304,4.41836,4.81948,5.07177,-2.47091,-2.66259,-2.77799
1,5.929456625,5.90687,1.45304,1.45304,4.41836,4.81948,5.07177,0.98229,0.698429,0.527526
1,5.948522402,5.46341,1.44357,1.44357,4.40796,4.80953,5.06214,0.697005,0.420269,0.253643
1,5.986653956,4.1153,1.42466,1.42466,4.38716,4.78962,5.04286,-0.179786,-0.433973,-0.587044
1,6.02478551,5.1796,1.40578,1.40578,4.36635,4.7697,5.02359,0.538588,0.264152,0.0988645
1,6.062917064,3.97339,1.38693,1.38693,4.34555,4.74979,5.00431,-0.24682,-0.501,-0.654107
1,6.081982841,3.77827,1.37752,1.37752,4.33515,4.73983,4.99466,-0.369593,-0.620898,-0.772282
1,6.101048618,4.93126,1.36812,1.36812,4.32474,4.72987,4.98502,0.402829,0.13013,-0.0341519
1,6.139180172,6.35033,1.34935,1.34935,4.30394,4.70995,4.96573,1.36109,1.06135,0.880751
1,6.139180172,6.102,1.34935,1.34935,4.30394,4.70995,4.96573,1.19592,0.90067,0.722783
1,6.234509056,5.97783,1.30258,1.30258,4.25192,4.66015,4.9175,1.15206,0.855411,0.676632
1,6.253574833,5.81818,1.29326,1.29326,4.24152,4.65019,4.90785,1.0532,0.758748,0.581285
1,6.253574833,5.00222,1.29326,1.29326,4.24152,4.65019,4.90785,0.508139,0.228685,0.0602583
1,6.291706387,3.90244,1.27465,1.27465,4.22071,4.63026,4.88855,-0.212909,-0.47344,-0.630477
1,6.291706387,3.6541,1.27465,1.27465,4.22071,4.63026,4.88855,-0.379035,-0.63498,-0.789253
1,6.329837941,6.91796,1.25608,1.25608,4.1999,4.61033,4.86924,1.82088,1.5031,1.31154
1,6.329837941,4.15078,1.25608,1.25608,4.1999,4.61033,4.86924,-0.0329112,-0.299339,-0.459947
1,6.348903718,6.4745,1.24681,1.24681,4.1895,4.60037,4.85959,1.53188,1.22156,1.03449
1,6.367969495,6.03104,1.23756,1.23756,4.17909,4.59041,4.84994,1.24245,0.939641,0.757085
1,6.406101049,4.64745,1.21908,1.21908,4.15829,4.57048,4.83063,0.328651,0.0502725,-0.117568
1,6.406101049,4.43459,1.21908,1.21908,4.15829,4.57048,4.83063,0.185638,-0.0887508,-0.254186
1,6.444232602,7.13082,1.20066,1.20066,4.13748,4.55055,4.81132,2.01403,1.6875,1.49062
1,6.444232602,2.98004,1.20066,1.20066,4.13748,4.55055,4.81132,-0.778761,-1.02711,-1.17686
1,6.52049571,4.15078,1.16397,1.16397,4.09586,4.51068,4.77269,0.0370596,-0.236017,-0.4007
1,6.52049571,4.96674,1.16397,1.16397,4.09586,4.51068,4.77269,0.587667,0.299071,0.125029
1,6.596758818,4.29268,1.12751,1.12751,4.05423,4.47081,4.73405,0.161373,-0.11713,-0.285109
1,6.615824595,5.25055,1.11844,1.11844,4.04383,4.46084,4.72439,0.817263,0.51963,0.340107
1,6.634890372,5.03769,1.10938,1.10938,4.03342,4.45088,4.71473,0.680646,0.386389,0.208897
1,6.673021926,5.60532,1.0913,1.0913,4.01261,4.43094,4.6954,1.08104,0.774324,0.589304
1,6.749285033,3.58315,1.05535,1.05535,3.97099,4.39106,4.65675,-0.264017,-0.53415,-0.697121
1,6.787416587,4.5765,1.03748,1.03748,3.95018,4.37112,4.63742,0.426986,0.135968,-0.0396113
1,6.787416587,5.00222,1.03748,1.03748,3.95018,4.37112,4.63742,0.717215,0.417817,0.237181
1,6.863679695,5.92461,1.00197,1.00197,3.90855,4.33124,4.59876,1.37848,1.05779,0.864288
1,6.882745472,4.77162,0.993136,0.993136,3.89815,4.32127,4.58909,0.597675,0.299176,0.119063
1,6.95900858,5.12639,0.958024,0.958024,3.85652,4.28139,4.55042,0.87148,0.562898,0.376686
1,6.978074357,2.60754,0.949299,0.949299,3.84612,4.27141,4.54075,-0.850637,-1.10916,-1.26517
1,6.978074357,6.06652,0.949299,0.949299,3.84612,4.27141,4.54075,1.52494,1.19664,0.998517
1,6.978074357,4.00887,0.949299,0.949299,3.84612,4.27141,4.54075,0.111777,-0.175016,-0.348084
1,6.978074357,3.90244,0.949299,0.949299,3.84612,4.27141,4.54075,0.0386825,-0.245963,-0.417735
1,6.978074357,3.68958,0.949299,0.949299,3.84612,4.27141,4.54075,-0.107507,-0.387858,-0.557039
1,7.01620591,5.55211,0.931916,0.931916,3.8253,4.25147,4.52141,1.1877,0.868214,0.675408
1,7.01620591,3.49446,0.931916,0.931916,3.8253,4.25147,4.52141,-0.227557,-0.50533,-0.672961
1,7.054337464,3.83149,0.914625,0.914625,3.80449,4.23153,4.50208,0.0185956,-0.267409,-0.440012
1,7.092469018,5.33925,0.897429,0.897429,3.78368,4.21158,4.48274,1.07311,0.754833,0.562746
1,7.092469018,4.64745,0.897429,0.897429,3.78368,4.21158,4.48274,0.595875,0.29176,0.108221
1,7.20686368,3.40576,0.846444,0.846444,3.72124,4.15174,4.42471,-0.218605,-0.501423,-0.672123
1,7.244995234,3.22838,0.82966,0.82966,3.70042,4.1318,4.40537,-0.327589,-0.608092,-0.777398
1,7.244995234,5.97783,0.82966,0.82966,3.70042,4.1318,4.40537,1.58047,1.24257,1.03861
1,7.283126787,3.86696,0.812989,0.812989,3.67961,4.11185,4.38602,0.130212,-0.165065,-0.343292
1,7.321258341,2.87361,0.796434,0.796434,3.6588,4.0919,4.36667,-0.546539,-0.822321,-0.988785
1,7.321258341,5.32151,0.796434,0.796434,3.6588,4.0919,4.36667,1.15735,0.829958,0.632342
1,7.321258341,4.25721,0.796434,0.796434,3.6588,4.0919,4.36667,0.41653,0.111576,-0.0724957
1,7.321258341,3.97339,0.796434,0.796434,3.6588,4.0919,4.36667,0.218977,-0.0799927,-0.260452
1,7.359389895,3.72506,0.779998,0.779998,3.63799,4.07196,4.34733,0.0606967,-0.234478,-0.41265
1,7.359389895,4.7184,0.779998,0.779998,3.63799,4.07196,4.34733,0.75317,0.436949,0.246073
1,7.397521449,4.07982,0.763684,0.763684,3.61717,4.05201,4.32798,0.323003,0.018827,-0.164781
1,7.435653003,3.97339,0.747497,0.747497,3.59636,4.03206,4.30863,0.263625,-0.0397654,-0.222901
1,7.473784557,3.29933,0.731441,0.731441,3.57555,4.01211,4.28928,-0.193424,-0.483809,-0.659097
1,7.473784557,5.88914,0.731441,0.731441,3.57555,4.01211,4.28928,1.62013,1.27406,1.06516
1,7.511916111,3.86696,0.715518,0.715518,3.55474,3.99216,4.26993,0.218973,-0.0851007,-0.268652
1,7.607244995,1.04656,0.676324,0.676324,3.50271,3.94229,4.22156,-1.7291,-1.97523,-2.1238
1,7.607244995,2.55432,0.676324,0.676324,3.50271,3.94229,4.22156,-0.667652,-0.946755,-1.11524
1,7.626310772,4.1153,0.668594,0.668594,3.4923,3.93231,4.21188,0.438918,0.124906,-0.0646479
1,7.626310772,3.97339,0.668594,0.668594,3.4923,3.93231,4.21188,0.338941,0.0280406,-0.159635
1,7.664442326,4.7184,0.653247,0.653247,3.47149,3.91236,4.19253,0.879818,0.55098,0.352475
1,7.740705434,3.58315,0.623017,0.623017,3.42987,3.87246,4.15382,0.108485,-0.198325,-0.383534
1,7.740705434,5.35698,0.623017,0.623017,3.42987,3.87246,4.15382,1.36392,1.01764,0.808608
1,7.778836988,3.22838,0.608141,0.608141,3.40906,3.85251,4.13447,-0.128068,-0.42845,-0.609777
1,7.797902765,4.27494,0.600765,0.600765,3.39865,3.84254,4.12479,0.62162,0.297047,0.101116
1,7.912297426,5.42794,0.557399,0.557399,3.33622,3.78269,4.06673,1.49065,1.13506,0.920408
1,7.931363203,4.86031,0.550324,0.550324,3.32582,3.77271,4.05705,1.09439,0.75087,0.543507
1,7.969494757,0.461197,0.536309,0.536309,3.30501,3.75276,4.0377,-2.03131,-2.27572,-2.42325
1,7.969494757,3.44124,0.536309,0.536309,3.30501,3.75276,4.0377,0.0973108,-0.215377,-0.404129
1,7.969494757,2.83814,0.536309,0.536309,3.30501,3.75276,4.0377,-0.333481,-0.632351,-0.812761
1,7.988560534,1.54324,0.529371,0.529371,3.2946,3.74278,4.02802,-1.25195,-1.52181,-1.68471
1,8.007626311,3.33481,0.522478,0.522478,3.2842,3.73281,4.01834,0.0362079,-0.275561,-0.463756
1,8.026692088,4.55876,0.515632,0.515632,3.27379,3.72283,4.00867,0.919962,0.579182,0.373476
1,8.083889418,3.86696,0.495379,0.495379,3.24258,3.69291,3.97963,0.448058,0.120856,-0.0766513
1,8.083889418,2.55432,0.495379,0.495379,3.24258,3.69291,3.97963,-0.493899,-0.790583,-0.969668
1,8.141086749,1.38359,0.47556,0.47556,3.21137,3.66298,3.9506,-1.31468,-1.58612,-1.74997
1,8.160152526,1.84479,0.469052,0.469052,3.20097,3.65301,3.94092,-0.976223,-1.25916,-1.42995
1,8.236415634,4.00887,0.443521,0.443521,3.15936,3.6131,3.9022,0.61341,0.276388,0.0729642
1,8.236415634,2.16408,0.443521,0.443521,3.15936,3.6131,3.9022,-0.718665,-1.01195,-1.18897
1,8.236415634,4.7184,0.443521,0.443521,3.15936,3.6131,3.9022,1.12575,0.771903,0.558325
1,8.312678742,2.98004,0.418808,0.418808,3.11775,3.5732,3.86349,-0.0997437,-0.415442,-0.605989
1,8.312678742,5.25055,0.418808,0.418808,3.11775,3.5732,3.86349,1.54485,1.1748,0.951439
1,8.331744519,1.20621,0.41276,0.41276,3.10735,3.56323,3.85381,-1.37813,-1.65202,-1.81734
1,8.350810296,4.00887,0.406765,0.406765,3.09695,3.55325,3.84413,0.661565,0.31957,0.113154
1,8.350810296,3.47672,0.406765,0.406765,3.09695,3.55325,3.84413,0.27551,-0.053682,-0.252371
1,8.369876072,2.80266,0.400822,0.400822,3.08654,3.54328,3.83445,-0.206108,-0.519849,-0.70921
1,8.408007626,2.19956,0.389096,0.389096,3.06574,3.52333,3.8151,-0.629862,-0.930522,-1.11198
1,8.465204957,2.30599,0.37191,0.37191,3.03454,3.4934,3.78606,-0.531029,-0.836497,-1.02086
1,8.465204957,5.32151,0.37191,0.37191,3.03454,3.4934,3.78606,1.66693,1.28784,1.05905
1,8.503336511,2.44789,0.360724,0.360724,3.01374,3.47345,3.7667,-0.413084,-0.723528,-0.910887
1,8.579599619,2.94457,0.339007,0.339007,2.97214,3.43356,3.72799,-0.0201947,-0.345987,-0.542602
1,8.598665396,2.23503,0.333715,0.333715,2.96174,3.42358,3.71831,-0.532614,-0.841582,-1.02804
1,8.617731173,3.5122,0.328478,0.328478,2.95135,3.41361,3.70863,0.411376,0.0698598,-0.13624
1,8.617731173,2.76718,0.328478,0.328478,2.95135,3.41361,3.70863,-0.135081,-0.458051,-0.652959
1,8.732125834,5.62306,0.298222,0.298222,2.88896,3.35376,3.65055,2.01498,1.61511,1.37381
1,8.751191611,3.08647,0.293373,0.293373,2.87857,3.34379,3.64088,0.153347,-0.18327,-0.386398
1,8.808388942,3.90244,0.27916,0.27916,2.84738,3.31387,3.61184,0.780039,0.420137,0.202964
1,8.88465205,6.66962,0.260982,0.260982,2.8058,3.27397,3.57312,2.86577,2.43107,2.16876
1,8.903717827,7.02439,0.256576,0.256576,2.79541,3.264,3.56344,3.13912,2.69419,2.42572
1,8.94184938,1.54324,0.247926,0.247926,2.77462,3.24405,3.54409,-0.915503,-1.22038,-1.40434
1,8.979980934,2.55432,0.239495,0.239495,2.75384,3.22411,3.52473,-0.148571,-0.481301,-0.682059
1,8.979980934,5.28603,0.239495,0.239495,2.75384,3.22411,3.52473,1.88564,1.48168,1.23795
1,9.037178265,1.17073,0.227254,0.227254,2.72266,3.19419,3.49569,-1.15846,-1.45729,-1.63759
1,9.075309819,4.15078,0.219361,0.219361,2.70188,3.17424,3.47634,1.08328,0.704343,0.475714
1,9.151572927,3.68958,0.204212,0.204212,2.66033,3.13436,3.43762,0.772017,0.401662,0.178222
1,9.151572927,1.38359,0.204212,0.204212,2.66033,3.13436,3.43762,-0.957655,-1.26655,-1.45291
1,9.208770257,1.11752,0.193397,0.193397,2.62917,3.10444,3.40859,-1.13661,-1.44063,-1.62404
1,9.246901811,1.72062,0.186443,0.186443,2.6084,3.0845,3.38923,-0.668604,-0.99037,-1.18449
1,9.304099142,4.15078,0.176389,0.176389,2.57725,3.05459,3.3602,1.18794,0.797779,0.562406
1,9.304099142,2.94457,0.176389,0.176389,2.57725,3.05459,3.3602,0.277307,-0.0800733,-0.295672
1,9.304099142,2.73171,0.176389,0.176389,2.57725,3.05459,3.3602,0.116608,-0.234988,-0.447097
1,9.304099142,1.88027,0.176389,0.176389,2.57725,3.05459,3.3602,-0.526191,-0.854649,-1.0528
1,9.342230696,3.40576,0.169934,0.169934,2.55649,3.03465,3.34084,0.642209,0.270495,0.046252
1,9.342230696,2.51885,0.169934,0.169934,2.55649,3.03465,3.34084,-0.0284626,-0.375957,-0.585589
1,9.456625357,4.39911,0.151722,0.151722,2.49421,2.97484,3.28278,1.44751,1.04283,0.798703
1,9.475691134,1.91574,0.14885,0.14885,2.48384,2.96487,3.2731,-0.432041,-0.768733,-0.971841
1,9.532888465,2.76718,0.140508,0.140508,2.45271,2.93497,3.24407,0.239747,-0.12322,-0.342177
1,9.571020019,1.0643,0.135169,0.135169,2.43197,2.91503,3.22472,-1.04439,-1.36125,-1.55239
1,9.571020019,1.73836,0.135169,0.135169,2.43197,2.91503,3.22472,-0.529661,-0.865466,-1.06804
1,9.609151573,0.248337,0.130005,0.130005,2.41123,2.8951,3.20536,-1.65437,-1.94971,-2.12787
1,9.666348904,2.02217,0.122575,0.122575,2.38012,2.8652,3.17633,-0.274466,-0.622428,-0.832332
1,9.723546235,3.58315,0.115516,0.115516,2.34903,2.83531,3.14731,0.948642,0.553414,0.314994
1,9.742612011,4.54102,0.113243,0.113243,2.33866,2.82534,3.13763,1.6943,1.2706,1.015
1,9.818875119,4.20399,0.104539,0.104539,2.29722,2.78549,3.09893,1.47176,1.05374,0.801559
1,9.87607245,4.96674,0.0984046,0.0984046,2.26616,2.7556,3.06991,2.08967,1.64634,1.37888
1,9.971401335,7.21951,0.0888914,0.0888914,2.2144,2.7058,3.02154,3.88901,3.37372,3.06283
1,9.990467112,3.1929,0.087091,0.087091,2.20406,2.69584,3.01186,0.768982,0.371811,0.132183
1,10.06673022,1.84479,0.080215,0.080215,2.16269,2.65601,2.97317,-0.248044,-0.608683,-0.826287
1,10.06673022,2.94457,0.080215,0.080215,2.16269,2.65601,2.97317,0.610065,0.216514,-0.0209475
1,10.14299333,1.02882,0.0738366,0.0738366,2.12135,2.61618,2.93449,-0.855308,-1.19474,-1.39958
1,10.21925643,1.41907,0.0679267,0.0679267,2.08004,2.57637,2.8958,-0.519196,-0.873769,-1.08776
1,10.21925643,1.91574,0.0679267,0.0679267,2.08004,2.57637,2.8958,-0.129056,-0.498777,-0.721911
1,10.29551954,2.62528,0.0624564,0.0624564,2.03876,2.53656,2.85712,0.462263,0.0671882,-0.171283
1,10.3336511,0.31929,0.0598774,0.0598774,2.01814,2.51667,2.83779,-1.34121,-1.66682,-1.86337
1,10.3336511,0.709534,0.0598774,0.0598774,2.01814,2.51667,2.83779,-1.03312,-1.3708,-1.57464
1,10.3336511,1.84479,0.0598774,0.0598774,2.01814,2.51667,2.83779,-0.136855,-0.50965,-0.734693
1,10.3336511,2.80266,0.0598774,0.0598774,2.01814,2.51667,2.83779,0.619368,0.216942,-0.0259878
1,10.37178265,2.30599,0.057398,0.057398,1.99752,2.49677,2.81845,0.24394,-0.144944,-0.379721
1,10.4099142,2.73171,0.055015,0.055015,1.97692,2.47688,2.79911,0.597911,0.193909,-0.0500203
1,10.44804576,3.4235,0.052725,0.052725,1.95632,2.45699,2.77978,1.1642,0.736606,0.478403
1,10.44804576,2.02217,0.052725,0.052725,1.95632,2.45699,2.77978,0.0522542,-0.331381,-0.563038
1,10.56244042,0,0.0463818,0.0463818,1.8946,2.39733,2.72179,-1.51102,-1.83571,-2.03185
1,10.60057197,3.29933,0.044433,0.044433,1.87405,2.37746,2.70246,1.13866,0.707024,0.446244
1,10.60057197,1.73836,0.044433,0.044433,1.87405,2.37746,2.70246,-0.108405,-0.49015,-0.72079
1,10.67683508,2.98004,0.0407664,0.0407664,1.833,2.33772,2.66381,0.919501,0.494187,0.237139
1,10.71496663,1.73836,0.0390431,0.0390431,1.81249,2.31785,2.64448,-0.0595247,-0.446551,-0.680503
1,10.73403241,3.37029,0.0382077,0.0382077,1.80224,2.30792,2.63482,1.2602,0.819299,0.552752
1,10.81029552,3.1929,0.0350343,0.0350343,1.76129,2.26821,2.59619,1.15449,0.715396,0.449829
1,10.88655863,6.42129,0.0321148,0.0321148,1.7204,2.22852,2.55756,3.80391,3.25411,2.92144
1,10.9056244,3.051,0.0314223,0.0314223,1.71019,2.2186,2.5479,1.0859,0.646562,0.380688
1,10.94375596,0.390244,0.0300804,0.0300804,1.68979,2.19876,2.52859,-1.05429,-1.40701,-1.62052
1,10.94375596,1.02882,0.0300804,0.0300804,1.68979,2.19876,2.52859,-0.536222,-0.910198,-1.13658
1,10.96282173,1.27716,0.0294304,0.0294304,1.67959,2.18885,2.51894,-0.326762,-0.709848,-0.941779
1,11.05815062,2.23503,0.0263788,0.0263788,1.6287,2.1393,2.47068,0.494443,0.0748418,-0.179397
1,11.05815062,1.95122,0.0263788,0.0263788,1.6287,2.1393,2.47068,0.263004,-0.147025,-0.395464
1,11.09628217,0.177384,0.025246,0.025246,1.60838,2.11948,2.45138,-1.16893,-1.52065,-1.73383
1,11.13441373,2.19956,0.0241606,0.0241606,1.58808,2.09968,2.43208,0.500349,0.0783271,-0.177564
1,11.22974261,2.53659,0.0216418,0.0216418,1.53746,2.05021,2.38386,0.821079,0.382984,0.117072
1,11.24880839,0.603104,0.0211697,0.0211697,1.52735,2.04032,2.37422,-0.760198,-1.1326,-1.35869
1,11.30600572,4.38137,0.0198129,0.0198129,1.49708,2.01066,2.34529,2.37848,1.87278,1.56555
1,11.3250715,0,0.0193799,0.0193799,1.48701,2.00078,2.33566,-1.22729,-1.58183,-1.79728
1,11.3250715,0.886918,0.0193799,0.0193799,1.48701,2.00078,2.33566,-0.495279,-0.880625,-1.1148
1,11.3250715,2.80266,0.0193799,0.0193799,1.48701,2.00078,2.33566,1.08586,0.633971,0.359358
1,11.36320305,1.45455,0.0185413,0.0185413,1.46688,1.98103,2.31638,-0.0101992,-0.416913,-0.6642
1,11.4013346,1.0643,0.0177382,0.0177382,1.44679,1.96128,2.29711,-0.316772,-0.711458,-0.951566
1,11.43946616,1.59645,0.0169693,0.0169693,1.42673,1.94155,2.27785,0.140805,-0.274162,-0.526757
1,11.55386082,0.957871,0.0148535,0.0148535,1.36678,1.8824,2.22008,-0.340992,-0.738097,-0.980295
1,11.59199237,1.24169,0.0142076,0.0142076,1.34687,1.86271,2.20083,-0.0878675,-0.496604,-0.746077
1,11.59199237,4.39911,0.0142076,0.0142076,1.34687,1.86271,2.20083,2.5497,2.02823,1.70995
1,11.63012393,2.87361,0.0135893,0.0135893,1.32701,1.84303,2.18159,1.29419,0.825448,0.539134
1,11.74451859,2.55432,0.0118891,0.0118891,1.2677,1.78408,2.1239,1.0822,0.619965,0.336898
1,11.8207817,1.70288,0.0108741,0.0108741,1.22841,1.74485,2.08547,0.400455,-0.0338897,-0.300393
1,11.87797903,6.31486,0.0101694,0.0101694,1.19909,1.71547,2.05667,4.32884,3.72332,3.3512
1,11.8970448,1.80931,0.00994473,0.00994473,1.18935,1.70568,2.04707,0.525049,0.083959,-0.187264
1,11.93517636,0.425721,0.00950994,0.00950994,1.1699,1.68613,2.02788,-0.631325,-1.02285,-1.26387
1,11.97330791,0.141907,0.00909396,0.00909396,1.15052,1.66659,2.0087,-0.857117,-1.23935,-1.47494
1,11.97330791,0.993348,0.00909396,0.00909396,1.15052,1.66659,2.0087,-0.133566,-0.54725,-0.802225
1,12.01143947,0.283814,0.008696,0.008696,1.13121,1.64707,1.98953,-0.721338,-1.10996,-1.34979
1,12.04957102,0.815965,0.00831528,0.00831528,1.11196,1.62757,1.97037,-0.252393,-0.661897,-0.914957
1,12.12583413,0.815965,0.00760269,0.00760269,1.07368,1.58864,1.93207,-0.220501,-0.632226,-0.887394
1,12.16396568,1.09978,0.00726944,0.00726944,1.05466,1.56921,1.91294,0.0386674,-0.384735,-0.647546
1,12.27836034,1.88027,0.00635418,0.00635418,0.998082,1.51106,1.8556,0.759875,0.304096,0.0197381
1,12.3164919,0.10643,0.00607528,0.00607528,0.979399,1.49173,1.83651,-0.753193,-1.14288,-1.38647
1,12.3164919,0.851441,0.00607528,0.00607528,0.979399,1.49173,1.83651,-0.110401,-0.528244,-0.789421
1,12.3164919,1.41907,0.00607528,0.00607528,0.979399,1.49173,1.83651,0.379345,-0.0599466,-0.334531
1,12.43088656,1.34812,0.00530945,0.00530945,0.923925,1.43392,1.77931,0.367813,-0.0711406,-0.347207
1,12.46901811,0.780488,0.00507613,0.00507613,0.905638,1.41471,1.76028,-0.108696,-0.526708,-0.790195
1,12.58341277,0.266075,0.00443561,0.00443561,0.851446,1.3573,1.70326,-0.510898,-0.910735,-1.16463
1,12.58341277,2.87361,0.00443561,0.00443561,0.851446,1.3573,1.70326,1.76491,1.26551,0.948405
1,12.60247855,4.87805,0.00433697,0.00433697,0.842516,1.34776,1.69377,3.52497,2.9488,2.58246
1,12.73593899,2.23503,0.00370498,0.00370498,0.7809,1.2813,1.62747,1.27729,0.801252,0.495495
1,12.8122021,1.56098,0.00338593,0.00338593,0.746437,1.24356,1.58969,0.717728,0.267543,-0.0234946
1,12.92659676,1.63193,0.00295796,0.00295796,0.695856,1.18734,1.53319,0.828644,0.376591,0.0811727
1,12.96472831,4.32816,0.00282764,0.00282764,0.679311,1.1687,1.5144,3.23499,2.6806,2.31688
1,12.96472831,1.27716,0.00282764,0.00282764,0.679311,1.1687,1.5144,0.530043,0.0920202,-0.195348
1,13.04099142,0.674058,0.00258392,0.00258392,0.64672,1.13161,1.47691,0.0243098,-0.389476,-0.6632
1,13.15538608,1.73836,0.00225706,0.00225706,0.599153,1.07645,1.42088,1.01749,0.566177,0.263519
1,13.19351764,1.9867,0.00215754,0.00215754,0.583668,1.0582,1.40226,1.25492,0.795495,0.485877
1,13.26978074,0.745011,0.00197145,0.00197145,0.553278,1.02193,1.36513,0.171978,-0.238017,-0.517204
1,13.3079123,0.0709534,0.0018845,0.0018845,0.538383,1.00391,1.34662,-0.419849,-0.803187,-1.06566
1,13.34604385,0.567627,0.00180137,0.00180137,0.523693,0.985967,1.32815,0.0395166,-0.36073,-0.636332
1,13.49857007,1.09978,0.0015039,0.0015039,0.467065,0.915092,1.25465,0.572105,0.160268,-0.130411
1,13.53670162,0.709534,0.00143754,0.00143754,0.45346,0.89761,1.23638,0.23184,-0.163466,-0.444353
1,13.57483317,1.70288,0.00137409,0.00137409,0.440083,0.880229,1.21816,1.14473,0.71613,0.409473
1,13.61296473,4.1153,0.00131345,0.00131345,0.426937,0.862954,1.19999,3.34764,2.83563,2.46667
1,13.89895138,2.46563,0.000936163,0.000936163,0.335952,0.737102,1.0655,1.94963,1.52439,1.1988
1,13.99428027,4.89579,0.000836215,0.000836215,0.308692,0.696785,1.02147,4.21016,3.71678,3.33022
1,13.99428027,1.27716,0.000836215,0.000836215,0.308692,0.696785,1.02147,0.888888,0.513725,0.219787
1,14.0514776,1.91574,0.000781439,0.000781439,0.293085,0.673033,0.995267,1.49153,1.1024,0.793057
1,14.2993327,0.886918,0.000582609,0.000582609,0.231906,0.574271,0.883904,0.605611,0.279887,0.00262269
1,14.2993327,0.638581,0.000582609,0.000582609,0.231906,0.574271,0.883904,0.376003,0.0575716,-0.213486
1,14.37559581,1.0643,0.000532274,0.000532274,0.215159,0.545356,0.850433,0.786361,0.465818,0.186677
1,14.45185891,1.27716,0.000486286,0.000486286,0.199362,0.517189,0.81738,0.999628,0.683963,0.402528
1,14.48999047,0.425721,0.000464803,0.000464803,0.191814,0.503394,0.801019,0.217099,-0.0699952,-0.329053
1,14.56625357,0.709534,0.000424641,0.000424641,0.1774,0.476401,0.768646,0.494583,0.210617,-0.0519808
1,14.60438513,1.84479,0.000405881,0.000405881,0.170529,0.463209,0.752641,1.55714,1.24969,0.961797
1,14.60438513,1.9867,0.000405881,0.000405881,0.170529,0.463209,0.752641,1.68912,1.37805,1.08677
1,14.90943756,1.27716,0.000282743,0.000282743,0.123107,0.365346,0.62943,1.07825,0.832406,0.576909
1,15.02383222,0.638581,0.000246894,0.000246894,0.108504,0.332305,0.585684,0.495961,0.280479,0.0473041
1,15.36701621,0.10643,0.000164381,0.000164381,0.0734829,0.245516,0.463774,0.0309318,-0.128429,-0.323214
1,15.40514776,0.638581,0.000157116,0.000157116,0.0703069,0.23701,0.451163,0.533676,0.371103,0.169718
1,15.55767398,0.496674,0.000131129,0.000131129,0.0588299,0.205201,0.402716,0.411647,0.270181,0.085473
1,15.90085796,1.13525,8.73013e-05,8.73013e-05,0.0391077,0.14594,0.305921,1.03255,0.922296,0.761386
1,15.97712107,0.567627,7.9755e-05,7.9755e-05,0.0356749,0.134917,0.28677,0.501256,0.403827,0.258317
1,16.01525262,0.674058,7.623e-05,7.623e-05,0.0340688,0.129676,0.277518,0.603152,0.508302,0.365037
1,16.2821735,1.09978,5.55523e-05,5.55523e-05,0.0246257,0.0976884,0.218729,1.0142,0.93858,0.815629
1,16.32030505,1.31264,5.3097e-05,5.3097e-05,0.0235037,0.0937412,0.21117,1.21619,1.14208,1.02042
1,16.47283127,0.922395,4.4314e-05,4.4314e-05,0.0194929,0.0793473,0.182953,0.852145,0.791025,0.686894
1,16.54909438,0.141907,4.04833e-05,4.04833e-05,0.0177466,0.0729318,0.170023,0.117201,0.0647592,-0.026151
1,16.62535748,0,3.69837e-05,3.69837e-05,0.0161539,0.0669958,0.15785,-0.0152508,-0.0629372,-0.146988
1,16.89227836,0.851441,2.69514e-05,2.69514e-05,0.0116096,0.0495729,0.120832,0.793232,0.754572,0.682772
1,17.04480458,1.0643,2.24931e-05,2.24931e-05,0.00960603,0.0416341,0.103249,0.996369,0.963093,0.899658
1,17.57864633,0.425721,1.19453e-05,1.19453e-05,0.00493631,0.0223758,0.0583331,0.397696,0.380563,0.345423
1,18.03622498,2.37694,6.94486e-06,6.94486e-06,0.0027838,0.0130311,0.0351031,2.24436,2.23243,2.20682
1,19.04671115,1.56098,2.09636e-06,2.09636e-06,0.000783254,0.00389639,0.0110731,1.47518,1.47179,1.46398
2,0.000224299,0.556237,4.49044,4.49044,5.65618,5.65774,5.67917,-3.1029,-3.10354,-3.11237
2,0.045084112,2.87935,4.46734,4.46734,5.64305,5.64459,5.66607,-1.68288,-1.68366,-1.69444
2,0.067514019,2.97751,4.45579,4.45579,5.63649,5.63802,5.65952,-1.61978,-1.62056,-1.63144
2,0.134803738,4.05726,4.42115,4.42115,5.61679,5.61831,5.63988,-0.951206,-0.952041,-0.963884
2,0.157233645,3.27198,4.4096,4.4096,5.61022,5.61173,5.63333,-1.42676,-1.42755,-1.43876
2,0.269383178,3.40286,4.35186,4.35186,5.57739,5.57887,5.60059,-1.32962,-1.33041,-1.34184
2,0.426392523,2.01227,4.27102,4.27102,5.53143,5.53287,5.55476,-2.15809,-2.15878,-2.16918
2,0.426392523,4.13906,4.27102,4.27102,5.53143,5.53287,5.55476,-0.853856,-0.854663,-0.866878
2,0.51611215,4.90798,4.22483,4.22483,5.50516,5.50658,5.52856,-0.366831,-0.367671,-0.38064
2,0.650691589,3.81186,4.15553,4.15553,5.46576,5.46715,5.48928,-1.01849,-1.01925,-1.03142
2,0.650691589,3.5501,4.15553,4.15553,5.46576,5.46715,5.48928,-1.17968,-1.18043,-1.19237
2,0.673121495,2.86299,4.14399,4.14399,5.4592,5.46058,5.48273,-1.59944,-1.60015,-1.61152
2,0.762841121,3.09202,4.09779,4.09779,5.43293,5.43429,5.45654,-1.44458,-1.44529,-1.45695
2,0.807700935,5.51329,4.0747,4.0747,5.4198,5.42115,5.44344,0.0577421,0.0569056,0.043076
2,0.897420561,4.25358,4.0285,4.0285,5.39354,5.39486,5.41725,-0.705248,-0.706007,-0.718826
2,0.9198504669999999,3.01022,4.01696,4.01696,5.38697,5.38829,5.4107,-1.47102,-1.47171,-1.48345
2,0.9198504669999999,4.79346,4.01696,4.01696,5.38697,5.38829,5.4107,-0.367339,-0.368123,-0.381447
2,0.96471028,5.97137,3.99386,3.99386,5.37384,5.37514,5.39761,0.370137,0.369297,0.354873
2,0.96471028,4.98978,3.99386,3.99386,5.37384,5.37514,5.39761,-0.237905,-0.238694,-0.252244
2,0.9871401869999999,3.51738,3.98231,3.98231,5.36727,5.36857,5.39106,-1.14639,-1.1471,-1.15936
2,0.9871401869999999,4.07362,3.98231,3.98231,5.36727,5.36857,5.39106,-0.801682,-0.802421,-0.815178
2,1.054429907,3.3865,3.94767,3.94767,5.34757,5.34886,5.37142,-1.21682,-1.21752,-1.22973
2,1.121719626,3.1411,3.91302,3.91302,5.32787,5.32914,5.35177,-1.35859,-1.35926,-1.37133
2,1.211439252,4.30266,3.86683,3.86683,5.30161,5.30285,5.32558,-0.621676,-0.6224,-0.635611
2,1.278728972,5.20245,3.83219,3.83219,5.28191,5.28314,5.30594,-0.0495117,-0.0502716,-0.0643821
2,1.323588785,5.48057,3.8091,3.8091,5.26878,5.26999,5.29284,0.132085,0.131317,0.116897
2,1.346018692,4.10634,3.79755,3.79755,5.26221,5.26342,5.28629,-0.721165,-0.721863,-0.735045
2,1.390878505,7.00204,3.77445,3.77445,5.24908,5.25028,5.2732,1.09463,1.0938,1.07789
2,1.413308411,5.10429,3.76291,3.76291,5.24251,5.24371,5.26665,-0.0863473,-0.0870849,-0.101266
2,1.435738318,7.62372,3.75136,3.75136,5.23595,5.23713,5.2601,1.4923,1.49144,1.4749
2,1.480598131,5.79141,3.72827,3.72827,5.22282,5.22399,5.247,0.35566,0.354899,0.339997
2,1.480598131,5.62781,3.72827,3.72827,5.22282,5.22399,5.247,0.253328,0.252574,0.237824
2,1.503028037,4.76074,3.71672,3.71672,5.21625,5.21742,5.24046,-0.285048,-0.285757,-0.299726
2,1.660037383,6.11861,3.63589,3.63589,5.17028,5.17141,5.19462,0.59521,0.594458,0.579019
2,1.660037383,4.92434,3.63589,3.63589,5.17028,5.17141,5.19462,-0.154369,-0.155066,-0.169375
2,1.727327103,4.05726,3.60125,3.60125,5.15059,5.1517,5.17498,-0.6871,-0.687748,-0.701314
2,1.817046729,6.51125,3.55507,3.55507,5.12432,5.12541,5.14879,0.873105,0.872358,0.856337
2,1.884336449,5.07157,3.52043,3.52043,5.10462,5.10569,5.12914,-0.0208321,-0.0215057,-0.0362291
2,1.929196262,3.58282,3.49734,3.49734,5.09149,5.09255,5.11605,-0.951784,-0.952386,-0.965725
2,1.951626168,6.31493,3.48579,3.48579,5.08493,5.08598,5.1095,0.776313,0.775594,0.759582
2,1.974056075,5.62781,3.47425,3.47425,5.07836,5.07941,5.10295,0.346934,0.346249,0.330874
2,1.996485981,1.68507,3.4627,3.4627,5.07179,5.07284,5.0964,-2.13936,-2.13987,-2.15144
2,2.041345794,6.72393,3.43961,3.43961,5.05866,5.05969,5.08331,1.05284,1.05211,1.03558
2,2.131065421,4.97342,3.39343,3.39343,5.0324,5.03341,5.05712,-0.0373547,-0.0379905,-0.0529246
2,2.153495327,6.21677,3.38189,3.38189,5.02583,5.02683,5.05057,0.754573,0.753888,0.737701
2,2.175925234,6.49489,3.37034,3.37034,5.01926,5.02026,5.04402,0.935351,0.934658,0.918166
2,2.243214953,2.94479,3.33571,3.33571,4.99957,5.00055,5.02438,-1.30415,-1.30469,-1.31775
2,2.310504673,4.23722,3.30108,3.30108,4.97987,4.98083,5.00473,-0.471964,-0.472545,-0.486969
2,2.377794393,5.12065,3.26645,3.26645,4.96017,4.96111,4.98509,0.102123,0.101515,0.0861227
2,2.422654206,3.58282,3.24337,3.24337,4.94704,4.94797,4.972,-0.868855,-0.869396,-0.883296
2,2.422654206,7.80368,3.24337,3.24337,4.94704,4.94797,4.972,1.81937,1.81866,1.80051
2,2.422654206,5.21881,3.24337,3.24337,4.94704,4.94797,4.972,0.173092,0.172487,0.156938
2,2.512373832,4.95706,3.1972,3.1972,4.92077,4.92168,4.9458,0.0231477,0.0225655,0.00716612
2,2.534803738,7.0184,3.18566,3.18566,4.91421,4.91511,4.93926,1.34305,1.34239,1.32487
2,2.534803738,5.62781,3.18566,3.18566,4.91421,4.91511,4.93926,0.455475,0.45487,0.438759
2,2.534803738,4.51534,3.18566,3.18566,4.91421,4.91511,4.93926,-0.254588,-0.25515,-0.270129
2,2.669383178,5.54601,3.11641,3.11641,4.87481,4.87568,4.89997,0.429528,0.428947,0.412739
2,2.669383178,5.05521,3.11641,3.11641,4.87481,4.87568,4.89997,0.115447,0.114884,0.0991814
2,2.669383178,4.35174,3.11641,3.11641,4.87481,4.87568,4.89997,-0.334736,-0.335273,-0.350252
2,2.736672897,3.48466,3.08179,3.08179,4.85511,4.85597,4.88033,-0.878154,-0.878651,-0.892816
2,2.826392523,5.95501,3.03563,3.03563,4.82885,4.82968,4.85414,0.722878,0.722305,0.70546
2,2.91611215,3.10838,2.98948,2.98948,4.80259,4.80339,4.82795,-1.08941,-1.08987,-1.10385
2,2.91611215,5.75869,2.98948,2.98948,4.80259,4.80339,4.82795,0.614794,0.614242,0.597477
2,2.960971963,5.05521,2.96641,2.96641,4.78945,4.79025,4.81485,0.171038,0.170517,0.154432
2,2.960971963,3.69734,2.96641,2.96641,4.78945,4.79025,4.81485,-0.702865,-0.70334,-0.717994
2,2.983401869,5.66053,2.95487,2.95487,4.78289,4.78368,4.8083,0.565083,0.564545,0.547791
2,3.005831776,2.68303,2.94333,2.94333,4.77632,4.77711,4.80176,-1.34839,-1.34882,-1.36246
2,3.005831776,4.7771,2.94333,2.94333,4.77632,4.77711,4.80176,0.000498135,-7.00839e-06,-0.0158578
2,3.050691589,3.41922,2.92026,2.92026,4.76319,4.76396,4.78866,-0.866472,-0.866926,-0.881393
2,3.050691589,6.26585,2.92026,2.92026,4.76319,4.76396,4.78866,0.968782,0.968233,0.950743
2,3.050691589,5.31697,2.92026,2.92026,4.76319,4.76396,4.78866,0.35703,0.356514,0.340031
2,3.095551402,4.07362,2.89719,2.89719,4.75006,4.75082,4.77557,-0.436491,-0.43696,-0.452179
2,3.140411215,5.90593,2.87412,2.87412,4.73693,4.73768,4.76247,0.754996,0.754474,0.737238
2,3.162841121,3.25562,2.86259,2.86259,4.73036,4.7311,4.75592,-0.95287,-0.953303,-0.96773
2,3.162841121,5.49693,2.86259,2.86259,4.73036,4.7311,4.75592,0.495305,0.494799,0.477971
2,3.252560748,5.39877,2.81646,2.81646,4.7041,4.70482,4.72973,0.449642,0.449153,0.432306
2,3.297420561,4.76074,2.7934,2.7934,4.69096,4.69167,4.71663,0.0452013,0.0447394,0.0285213
2,3.319850467,5.67689,2.78187,2.78187,4.6844,4.6851,4.71009,0.643259,0.642772,0.625529
2,3.319850467,4.1227,2.78187,2.78187,4.6844,4.6851,4.71009,-0.36405,-0.364489,-0.380044
2,3.387140187,6.05317,2.74728,2.74728,4.6647,4.66539,4.69044,0.901092,0.900605,0.882856
2,3.409570093,6.51125,2.73575,2.73575,4.65813,4.65881,4.6839,1.20317,1.20267,1.18439
2,3.409570093,5.00613,2.73575,2.73575,4.65813,4.65881,4.6839,0.225946,0.225494,0.208857
2,3.432,6.87117,2.72422,2.72422,4.65157,4.65224,4.67735,1.44175,1.44125,1.42254
2,3.432,3.3047,2.72422,2.72422,4.65157,4.65224,4.67735,-0.874863,-0.875262,-0.890065
2,3.454429907,3.97546,2.7127,2.7127,4.645,4.64567,4.6708,-0.435097,-0.435512,-0.451078
2,3.454429907,4.4499,2.7127,2.7127,4.645,4.64567,4.6708,-0.126787,-0.127216,-0.143303
2,3.476859813,4.5317,2.70117,2.70117,4.63844,4.6391,4.66425,-0.0693938,-0.0698222,-0.086029
2,3.521719626,5.56237,2.67812,2.67812,4.6253,4.62596,4.65116,0.609756,0.609304,0.5919
2,3.521719626,3.45194,2.67812,2.67812,4.6253,4.62596,4.65116,-0.763513,-0.763904,-0.778978
2,3.544149533,7.31288,2.6666,2.6666,4.61874,4.61938,4.64461,1.75387,1.75337,1.734
2,3.633869159,4.90798,2.6205,2.6205,4.59247,4.5931,4.61842,0.205754,0.205339,0.188503
2,3.656299065,4.02454,2.60898,2.60898,4.58591,4.58653,4.61187,-0.366258,-0.366646,-0.382527
2,3.678728972,4.56442,2.59746,2.59746,4.57934,4.57995,4.60532,-0.009742,-0.0101411,-0.0266545
2,3.723588785,3.5501,2.57442,2.57442,4.56621,4.56681,4.59223,-0.663832,-0.664198,-0.679633
2,3.723588785,3.23926,2.57442,2.57442,4.56621,4.56681,4.59223,-0.866906,-0.867263,-0.88235
2,3.813308411,6.05317,2.52836,2.52836,4.53995,4.54052,4.56604,0.990363,0.989946,0.971567
2,3.903028037,4.22086,2.4823,2.4823,4.51368,4.51424,4.53985,-0.191987,-0.192343,-0.208771
2,3.925457944,3.53374,2.47079,2.47079,4.50712,4.50767,4.5333,-0.638468,-0.638804,-0.654478
2,3.925457944,3.41922,2.47079,2.47079,4.50712,4.50767,4.5333,-0.713585,-0.713918,-0.729461
2,3.94788785,3.9591,2.45928,2.45928,4.50055,4.50109,4.52675,-0.355313,-0.355657,-0.371845
2,3.970317757,3.20654,2.44778,2.44778,4.49398,4.49452,4.5202,-0.845229,-0.84555,-0.860907
2,3.992747664,5.12065,2.43627,2.43627,4.48742,4.48795,4.51366,0.415917,0.415552,0.397972
2,3.992747664,3.01022,2.43627,2.43627,4.48742,4.48795,4.51366,-0.970238,-0.970552,-0.985712
2,4.037607477,2.61759,2.41326,2.41326,4.47429,4.47481,4.50056,-1.22059,-1.22089,-1.23565
2,4.060037383,4.59714,2.40175,2.40175,4.46772,4.46824,4.49401,0.0851162,0.0847748,0.0677021
2,4.08246729,5.51329,2.39025,2.39025,4.46115,4.46166,4.48747,0.692294,0.691935,0.673773
2,4.104897196,1.71779,2.37875,2.37875,4.45459,4.45509,4.48092,-1.80159,-1.80186,-1.81566
2,4.104897196,3.3047,2.37875,2.37875,4.45459,4.45509,4.48092,-0.75695,-0.757255,-0.772894
2,4.127327103,6.10225,2.36725,2.36725,4.44802,4.44852,4.47437,1.08944,1.08907,1.07016
2,4.172186916,4.10634,2.34425,2.34425,4.43489,4.43538,4.46128,-0.216571,-0.216884,-0.233542
2,4.239476636,2.71575,2.30977,2.30977,4.41519,4.41566,4.44163,-1.12173,-1.122,-1.13713
2,4.261906542,4.40082,2.29827,2.29827,4.40863,4.40909,4.43509,-0.00515715,-0.0054627,-0.0225876
2,4.261906542,4.97342,2.29827,2.29827,4.40863,4.40909,4.43509,0.372959,0.372641,0.354845
2,4.351626168,3.69734,2.25232,2.25232,4.38236,4.3828,4.4089,-0.453171,-0.453448,-0.469868
2,4.351626168,4.87526,2.25232,2.25232,4.38236,4.3828,4.4089,0.326068,0.325767,0.307957
2,4.418915888,5.88957,2.21788,2.21788,4.36267,4.36309,4.38925,1.01148,1.01117,0.992054
2,4.418915888,6.59305,2.21788,2.21788,4.36267,4.36309,4.38925,1.47748,1.47716,1.45721
2,4.418915888,2.97751,2.21788,2.21788,4.36267,4.36309,4.38925,-0.917581,-0.917834,-0.933489
2,4.486205607,4.30266,2.18345,2.18345,4.34297,4.34337,4.36961,-0.0267394,-0.0270077,-0.0443297
2,4.486205607,4.1227,2.18345,2.18345,4.34297,4.34337,4.36961,-0.146112,-0.146377,-0.163484
2,4.508635514,4.84254,2.17198,2.17198,4.3364,4.3368,4.36306,0.335886,0.335611,0.317612
2,4.531065421,5.52965,2.16051,2.16051,4.32984,4.33023,4.35651,0.796595,0.796312,0.777457
2,4.531065421,2.81391,2.16051,2.16051,4.32984,4.33023,4.35651,-1.00648,-1.00671,-1.02231
2,4.575925234,6.56033,2.13757,2.13757,4.31671,4.31709,4.34342,1.49096,1.49067,1.4705
2,4.66564486,1.43967,2.09173,2.09173,4.29044,4.2908,4.31723,-1.89786,-1.89805,-1.91216
2,4.66564486,3.07566,2.09173,2.09173,4.29044,4.2908,4.31723,-0.808722,-0.808941,-0.82503
2,4.66564486,4.0409,2.09173,2.09173,4.29044,4.2908,4.31723,-0.16613,-0.166365,-0.183623
2,4.66564486,3.8773,2.09173,2.09173,4.29044,4.2908,4.31723,-0.275043,-0.275276,-0.292336
2,4.732934579,3.45194,2.05737,2.05737,4.27075,4.27109,4.29759,-0.545848,-0.546063,-0.562698
2,4.755364486,3.94274,2.04593,2.04593,4.26418,4.26452,4.29104,-0.214382,-0.214602,-0.231866
2,4.800224299,4.80982,2.02304,2.02304,4.25105,4.25137,4.27794,0.373006,0.37278,0.354392
2,4.889943925,3.27198,1.97731,1.97731,4.22478,4.22509,4.25175,-0.6372,-0.637389,-0.654014
2,4.912373832,3.56646,1.96588,1.96588,4.21822,4.21852,4.24521,-0.43607,-0.43626,-0.453279
2,4.912373832,2.37219,1.96588,1.96588,4.21822,4.21852,4.24521,-1.23512,-1.2353,-1.25084
2,4.934803738,3.41922,1.95446,1.95446,4.21165,4.21194,4.23866,-0.530432,-0.530616,-0.547484
2,4.934803738,4.41718,1.95446,1.95446,4.21165,4.21194,4.23866,0.137573,0.137376,0.119272
2,4.957233645,4.64622,1.94304,1.94304,4.20509,4.20537,4.23211,0.295415,0.295218,0.276799
2,5.002093458,3.9591,1.92021,1.92021,4.19196,4.19223,4.21902,-0.156081,-0.156261,-0.173893
2,5.002093458,4.49898,1.92021,1.92021,4.19196,4.19223,4.21902,0.205793,0.205606,0.187303
2,5.024523364,3.59918,1.9088,1.9088,4.18539,4.18566,4.21247,-0.393109,-0.393281,-0.410495
2,5.024523364,4.13906,1.9088,1.9088,4.18539,4.18566,4.21247,-0.0310693,-0.0312484,-0.049136
2,5.069383178,5.38241,1.886,1.886,4.17226,4.17252,4.19937,0.812265,0.812079,0.79257
2,5.114242991,1.91411,1.86321,1.86321,4.15913,4.15937,4.18628,-1.50825,-1.50839,-1.52361
2,5.114242991,6.11861,1.86321,1.86321,4.15913,4.15937,4.18628,1.31642,1.31624,1.29573
2,5.114242991,2.83027,1.86321,1.86321,4.15913,4.15937,4.18628,-0.892758,-0.892907,-0.909281
2,5.18153271,1.97955,1.82905,1.82905,4.13943,4.13966,4.16664,-1.45305,-1.45318,-1.46856
2,5.226392523,5.02249,1.80631,1.80631,4.1263,4.12652,4.15354,0.603463,0.603308,0.584008
2,5.271252336,3.82822,1.78358,1.78358,4.11317,4.11337,4.14045,-0.192048,-0.192183,-0.210034
2,5.293682243,4.90798,1.77222,1.77222,4.1066,4.1068,4.1339,0.540356,0.540214,0.520955
2,5.360971963,4.10634,1.73818,1.73818,4.08691,4.08709,4.11426,0.0131223,0.0129993,-0.00533677
2,5.360971963,2.73211,1.73818,1.73818,4.08691,4.08709,4.11426,-0.914782,-0.914893,-0.931469
2,5.405831776,5.18609,1.71552,1.71552,4.07377,4.07394,4.10116,0.751747,0.751623,0.731833
2,5.405831776,3.10838,1.71552,1.71552,4.07377,4.07394,4.10116,-0.652446,-0.652553,-0.669673
2,5.428261682,7.47648,1.70419,1.70419,4.06721,4.06737,4.09462,2.30517,2.30504,2.28226
2,5.428261682,4.51534,1.70419,1.70419,4.06721,4.06737,4.09462,0.303001,0.302887,0.283924
2,5.450691589,3.6319,1.69288,1.69288,4.06064,4.0608,4.08807,-0.290026,-0.29013,-0.307986
2,5.517981308,4.8589,1.65896,1.65896,4.04095,4.04109,4.06843,0.554074,0.553973,0.534428
2,5.517981308,6.08589,1.65896,1.65896,4.04095,4.04109,4.06843,1.38523,1.38512,1.36399
2,5.540411215,2.96115,1.64767,1.64767,4.03438,4.03452,4.06188,-0.727339,-0.727424,-0.744537
2,5.652560748,4.6953,1.59131,1.59131,4.00155,4.00166,4.02914,0.471241,0.471164,0.451622
2,5.652560748,4.51534,1.59131,1.59131,4.00155,4.00166,4.02914,0.349,0.348924,0.329618
2,5.652560748,3.66462,1.59131,1.59131,4.00155,4.00166,4.02914,-0.228868,-0.228939,-0.24713
2,5.652560748,2.56851,1.59131,1.59131,4.00155,4.00166,4.02914,-0.973429,-0.973494,-0.990247
2,5.719850467,3.89366,1.55758,1.55758,3.98186,3.98195,4.0095,-0.0599923,-0.0600533,-0.0786439
2,5.719850467,3.2229,1.55758,1.55758,3.98186,3.98195,4.0095,-0.516251,-0.516309,-0.534016
2,5.876859813,3.59918,1.47919,1.47919,3.9359,3.93595,3.96367,-0.229784,-0.229817,-0.24825
2,5.921719626,1.86503,1.45688,1.45688,3.92277,3.92281,3.95058,-1.40556,-1.40558,-1.42176
2,5.966579439,2.66667,1.43461,1.43461,3.90964,3.90966,3.93748,-0.849813,-0.84983,-0.867141
2,5.989009346,4.80982,1.42349,1.42349,3.90307,3.90309,3.93094,0.620225,0.62021,0.599981
2,5.989009346,4.6135,1.42349,1.42349,3.90307,3.90309,3.93094,0.48594,0.485925,0.465961
2,5.989009346,4.0409,1.42349,1.42349,3.90307,3.90309,3.93094,0.0942761,0.0942614,0.0750683
2,5.989009346,3.3047,1.42349,1.42349,3.90307,3.90309,3.93094,-0.409292,-0.409306,-0.427507
2,6.011439252,2.84663,1.41238,1.41238,3.89651,3.89652,3.92439,-0.718467,-0.718477,-0.736093
2,6.101158879,1.76687,1.36807,1.36807,3.87025,3.87024,3.8982,-1.44209,-1.44209,-1.45836
2,6.101158879,3.0593,1.36807,1.36807,3.87025,3.87024,3.8982,-0.555988,-0.555983,-0.574015
2,6.123588785,3.97546,1.35702,1.35702,3.86368,3.86367,3.89165,0.076673,0.0766821,0.057371
2,6.146018692,3.59918,1.34599,1.34599,3.85711,3.8571,3.88511,-0.177006,-0.176993,-0.195826
2,6.235738318,1.91411,1.30198,1.30198,3.83085,3.83081,3.85892,-1.31782,-1.3178,-1.33445
2,6.235738318,5.56237,1.30198,1.30198,3.83085,3.83081,3.85892,1.19048,1.19051,1.16884
2,6.280598131,5.26789,1.28006,1.28006,3.81772,3.81767,3.84583,0.997973,0.998013,0.976677
2,6.280598131,4.22086,1.28006,1.28006,3.81772,3.81767,3.84583,0.277428,0.277466,0.257573
2,6.280598131,3.86094,1.28006,1.28006,3.81772,3.81767,3.84583,0.0297408,0.0297776,0.0103813
2,6.370317757,2.96115,1.23642,1.23642,3.79146,3.79139,3.81964,-0.572477,-0.572428,-0.590714
2,6.392747664,4.58078,1.22555,1.22555,3.7849,3.78482,3.81309,0.54899,0.54905,0.528478
2,6.41517757,6.75665,1.21469,1.21469,3.77833,3.77825,3.80654,2.05538,2.05545,2.03181
2,6.437607477,4.76074,1.20386,1.20386,3.77177,3.77167,3.8,0.682822,0.682891,0.661995
2,6.460037383,5.88957,1.19304,1.19304,3.7652,3.7651,3.79345,1.46743,1.46751,1.445
2,6.48246729,4.98978,1.18224,1.18224,3.75864,3.75853,3.7869,0.850824,0.850903,0.829611
2,6.504897196,4.25358,1.17146,1.17146,3.75207,3.75196,3.78036,0.346747,0.346827,0.32653
2,6.527327103,1.93047,1.1607,1.1607,3.74551,3.74539,3.77381,-1.25553,-1.25546,-1.27253
2,6.527327103,5.61145,1.1607,1.1607,3.74551,3.74539,3.77381,1.29074,1.29084,1.26859
2,6.527327103,0.670757,1.1607,1.1607,3.74551,3.74539,3.77381,-2.12692,-2.12686,-2.14216
2,6.639476636,3.56646,1.1072,1.1072,3.71268,3.71254,3.74108,-0.101385,-0.101286,-0.120826
2,6.639476636,3.3865,1.1072,1.1072,3.71268,3.71254,3.74108,-0.226164,-0.226065,-0.24535
2,6.639476636,3.25562,1.1072,1.1072,3.71268,3.71254,3.74108,-0.316911,-0.316814,-0.335913
2,6.661906542,2.71575,1.09656,1.09656,3.70612,3.70597,3.73453,-0.687018,-0.686921,-0.705287
2,6.818915888,3.99182,1.02277,1.02277,3.66017,3.65997,3.6887,0.23083,0.230966,0.210534
2,6.886205607,3.77914,0.991536,0.991536,3.64047,3.64026,3.66906,0.0966509,0.0967974,0.0765637
2,6.886205607,3.20654,0.991536,0.991536,3.64047,3.64026,3.66906,-0.302441,-0.3023,-0.321706
2,6.931065421,2.01227,0.97085,0.97085,3.62734,3.62712,3.65597,-1.12675,-1.12661,-1.14436
2,6.953495327,4.25358,0.960551,0.960551,3.62078,3.62055,3.64943,0.441682,0.441846,0.420814
2,6.953495327,3.61554,0.960551,0.960551,3.62078,3.62055,3.64943,-0.00365423,-0.00349701,-0.0236009
2,6.99835514,1.76687,0.940043,0.940043,3.60765,3.60741,3.63633,-1.28604,-1.2859,-1.30338
2,6.99835514,2.19223,0.940043,0.940043,3.60765,3.60741,3.63633,-0.988871,-0.988722,-1.00682
2,7.06564486,3.01022,0.909516,0.909516,3.58795,3.5877,3.61669,-0.404202,-0.404032,-0.423427
2,7.088074766,4.54806,0.899406,0.899406,3.58139,3.58113,3.61015,0.67664,0.676834,0.655144
2,7.110504673,1.96319,0.88933,0.88933,3.57483,3.57456,3.6036,-1.12864,-1.12847,-1.1464
2,7.132934579,3.7955,0.879288,0.879288,3.56826,3.56799,3.59705,0.159213,0.159406,0.138749
2,7.177794393,2.42127,0.859311,0.859311,3.55513,3.55485,3.58396,-0.795188,-0.795006,-0.813702
2,7.200224299,3.17382,0.849377,0.849377,3.54857,3.54828,3.57742,-0.262937,-0.26274,-0.282585
2,7.222654206,4.1227,0.83948,0.83948,3.542,3.54171,3.57087,0.407635,0.40785,0.38656
2,7.267514019,4.71166,0.819802,0.819802,3.52888,3.52857,3.55778,0.831079,0.831312,0.809068
2,7.334803738,3.3865,0.790581,0.790581,3.50918,3.50886,3.53814,-0.0863249,-0.0860998,-0.106476
2,7.379663551,3.92638,0.771308,0.771308,3.49606,3.49572,3.52505,0.303091,0.303334,0.282074
2,7.402093458,1.32515,0.761736,0.761736,3.48949,3.48915,3.5185,-1.52514,-1.52494,-1.54232
2,7.402093458,5.54601,0.761736,0.761736,3.48949,3.48915,3.5185,1.44917,1.44944,1.4257
2,7.424523364,5.85685,0.752208,0.752208,3.48293,3.48258,3.51196,1.67363,1.67392,1.64967
2,7.424523364,6.72393,0.752208,0.752208,3.48293,3.48258,3.51196,2.28493,2.28523,2.25967
2,7.446953271,4.7771,0.742725,0.742725,3.47636,3.47601,3.50541,0.917465,0.917737,0.895077
2,7.446953271,4.64622,0.742725,0.742725,3.47636,3.47601,3.50541,0.82515,0.825419,0.802957
2,7.469383178,3.68098,0.733287,0.733287,3.4698,3.46944,3.49887,0.149028,0.149284,0.128244
2,7.536672897,1.83231,0.705254,0.705254,3.45011,3.44973,3.47923,-1.1433,-1.14307,-1.1614
2,7.536672897,4.22086,0.705254,0.705254,3.45011,3.44973,3.47923,0.544691,0.54497,0.522996
2,7.536672897,5.00613,0.705254,0.705254,3.45011,3.44973,3.47923,1.09965,1.09994,1.07677
2,7.64882243,2.38855,0.659516,0.659516,3.41729,3.41689,3.4465,-0.728764,-0.7285,-0.747853
2,7.64882243,2.56851,0.659516,0.659516,3.41729,3.41689,3.4465,-0.60128,-0.601012,-0.620642
2,7.671252336,3.56646,0.650522,0.650522,3.41073,3.41032,3.43995,0.110378,0.110671,0.0894696
2,7.671252336,3.32106,0.650522,0.650522,3.41073,3.41032,3.43995,-0.0635475,-0.0632597,-0.084083
2,7.805831776,3.82822,0.597709,0.597709,3.37134,3.3709,3.40068,0.324748,0.325074,0.303239
2,7.895551402,3.3047,0.563649,0.563649,3.34509,3.34463,3.3745,-0.0287634,-0.0284325,-0.0496011
2,7.917981308,2.14315,0.555285,0.555285,3.33853,3.33806,3.36796,-0.851735,-0.851428,-0.870811
2,7.940411215,2.97751,0.546982,0.546982,3.33197,3.33149,3.36141,-0.252683,-0.252352,-0.273081
2,7.962841121,2.86299,0.538742,0.538742,3.3254,3.32492,3.35487,-0.329802,-0.329469,-0.350054
2,8.030130841,4.25358,0.514402,0.514402,3.30571,3.30521,3.33523,0.677016,0.677398,0.654502
2,8.030130841,3.7955,0.514402,0.514402,3.30571,3.30521,3.33523,0.349832,0.350203,0.328032
2,8.052560748,3.68098,0.506419,0.506419,3.29915,3.29864,3.32869,0.272857,0.273229,0.2512
2,8.052560748,2.07771,0.506419,0.506419,3.29915,3.29864,3.32869,-0.872842,-0.872513,-0.891998
2,8.097420561,1.94683,0.490651,0.490651,3.28602,3.28551,3.3156,-0.957919,-0.957586,-0.976932
2,8.142280374,3.40286,0.475151,0.475151,3.2729,3.27237,3.30251,0.0930529,0.0934354,0.0716955
2,8.16471028,4.1227,0.467503,0.467503,3.26634,3.2658,3.29596,0.613447,0.613855,0.590925
2,8.232,4.35174,0.444977,0.444977,3.24665,3.2461,3.27633,0.792778,0.793207,0.769787
2,8.232,1.25971,0.444977,0.444977,3.24665,3.2461,3.27633,-1.42541,-1.42507,-1.44351
2,8.254429907,3.3047,0.437609,0.437609,3.24009,3.23953,3.26979,0.0463779,0.0467801,0.0250063
2,8.344149533,0.916155,0.408853,0.408853,3.21384,3.21326,3.24361,-1.65236,-1.65202,-1.67007
2,8.366579439,3.94274,0.401846,0.401846,3.20728,3.20669,3.23707,0.529163,0.529608,0.506604
2,8.389009346,3.58282,0.394912,0.394912,3.20071,3.20012,3.23052,0.275059,0.275498,0.25304
2,8.411439252,6.08589,0.388052,0.388052,3.19415,3.19355,3.22398,2.08263,2.08315,2.05657
2,8.411439252,2.47035,0.388052,0.388052,3.19415,3.19355,3.22398,-0.521283,-0.520876,-0.541558
2,8.456299065,3.69734,0.374554,0.374554,3.18103,3.18042,3.21089,0.372213,0.372669,0.349905
2,8.478728972,3.33742,0.367918,0.367918,3.17447,3.17385,3.20435,0.117534,0.117983,0.0957695
2,8.501158879,4.33538,0.361357,0.361357,3.1679,3.16728,3.1978,0.842464,0.842951,0.819058
2,8.501158879,0.834356,0.361357,0.361357,3.1679,3.16728,3.1978,-1.68392,-1.68355,-1.70169
2,8.501158879,3.48466,0.361357,0.361357,3.1679,3.16728,3.1978,0.228577,0.229035,0.206541
2,8.523588785,4.02454,0.354871,0.354871,3.16134,3.16072,3.19126,0.6232,0.623681,0.600258
2,8.635738318,2.17587,0.323584,0.323584,3.12854,3.12788,3.15854,-0.689486,-0.689045,-0.709605
2,8.658168224,1.94683,0.317555,0.317555,3.12197,3.12131,3.152,-0.850921,-0.850485,-0.8707
2,8.658168224,3.10838,0.317555,0.317555,3.12197,3.12131,3.152,-0.00984046,-0.00936241,-0.0315093
2,8.703028037,1.75051,0.305729,0.305729,3.10885,3.10818,3.13891,-0.984543,-0.984105,-1.00406
2,8.725457944,1.14519,0.299931,0.299931,3.10229,3.10161,3.13237,-1.41923,-1.41881,-1.43779
2,8.792747664,2.56851,0.282997,0.282997,3.08261,3.08191,3.11274,-0.373363,-0.372878,-0.394352
2,8.904897196,6.90389,0.256305,0.256305,3.04981,3.04908,3.08003,2.80593,2.80661,2.7776
2,8.904897196,1.06339,0.256305,0.256305,3.04981,3.04908,3.08003,-1.44619,-1.44574,-1.46485
2,8.904897196,2.83027,0.256305,0.256305,3.04981,3.04908,3.08003,-0.159834,-0.159316,-0.181423
2,8.927327103,3.53374,0.251194,0.251194,3.04325,3.04252,3.07348,0.357278,0.35783,0.334489
2,8.972186916,2.30675,0.241201,0.241201,3.03013,3.02938,3.0604,-0.527431,-0.526921,-0.548251
2,8.972186916,3.27198,0.241201,0.241201,3.03013,3.02938,3.0604,0.176344,0.176895,0.153919
2,8.972186916,3.89366,0.241201,0.241201,3.03013,3.02938,3.0604,0.629624,0.630199,0.606164
2,9.017046729,3.04294,0.231507,0.231507,3.01701,3.01625,3.04732,0.0189315,0.0194817,-0.00318278
2,9.039476636,2.48671,0.226772,0.226772,3.01045,3.00969,3.04077,-0.382439,-0.381907,-0.403658
2,9.061906542,4.84254,0.222111,0.222111,3.00389,3.00312,3.03423,1.34327,1.3439,1.31807
2,9.106766355,1.57055,0.213011,0.213011,2.99077,2.98999,3.02115,-1.0386,-1.03809,-1.05838
2,9.106766355,3.61554,0.213011,0.213011,2.99077,2.98999,3.02115,0.456897,0.45749,0.433681
2,9.129196262,1.29243,0.20857,0.20857,2.98421,2.98343,3.01461,-1.23781,-1.23731,-1.25715
2,9.174056075,4.41718,0.199905,0.199905,2.97109,2.9703,3.00152,1.0591,1.05975,1.03442
2,9.196485981,3.43558,0.19568,0.19568,2.96453,2.96373,2.99498,0.345166,0.345772,0.322107
2,9.241345794,3.73006,0.187443,0.187443,2.95141,2.9506,2.9819,0.571128,0.571757,0.547497
2,9.286205607,2.55215,0.179486,0.179486,2.9383,2.93747,2.96882,-0.283517,-0.282931,-0.305219
2,9.286205607,3.27198,0.179486,0.179486,2.9383,2.93747,2.96882,0.245,0.245618,0.222073
2,9.308635514,1.35787,0.175611,0.175611,2.93174,2.93091,2.96228,-1.15613,-1.1556,-1.17584
2,9.331065421,3.10838,0.171804,0.171804,2.92518,2.92435,2.95574,0.134648,0.135268,0.111928
2,9.375925234,5.54601,0.164392,0.164392,2.91206,2.91122,2.94266,1.93776,1.93851,1.9108
2,9.39835514,4.26994,0.160786,0.160786,2.9055,2.90465,2.93612,1.0043,1.00499,0.979478
2,9.420785047,7.39468,0.157245,0.157245,2.89895,2.89809,2.92958,3.31076,3.31161,3.28054
2,9.443214953,2.38855,0.153769,0.153769,2.89239,2.89153,2.92304,-0.371225,-0.370615,-0.392886
2,9.443214953,2.84663,0.153769,0.153769,2.89239,2.89153,2.92304,-0.0337172,-0.033085,-0.0561667
2,9.443214953,4.15542,0.153769,0.153769,2.89239,2.89153,2.92304,0.93059,0.931285,0.905889
2,9.510504673,4.89162,0.143725,0.143725,2.87272,2.87184,2.90342,1.48974,1.49049,1.46365
2,9.532934579,0.719836,0.140502,0.140502,2.86616,2.86527,2.89688,-1.58456,-1.58402,-1.60347
2,9.532934579,4.40082,0.140502,0.140502,2.86616,2.86527,2.89688,1.13299,1.13372,1.10771
2,9.645084112,3.41922,0.125293,0.125293,2.83337,2.83246,2.86418,0.433602,0.434307,0.409833
2,9.645084112,2.68303,0.125293,0.125293,2.83337,2.83246,2.86418,-0.111276,-0.110608,-0.133761
2,9.667514019,1.42331,0.122428,0.122428,2.82682,2.8259,2.85764,-1.03929,-1.03868,-1.05961
2,9.667514019,2.48671,0.122428,0.122428,2.82682,2.8259,2.85764,-0.25185,-0.251188,-0.274028
2,9.734803738,3.25562,0.114169,0.114169,2.80715,2.80621,2.83803,0.332596,0.333314,0.308964
2,9.846953271,2.42127,0.101487,0.101487,2.77437,2.77341,2.80534,-0.262529,-0.261832,-0.284871
2,9.869383178,2.78119,0.0991051,0.0991051,2.76782,2.76685,2.7988,0.0099453,0.0106672,-0.0130701
2,9.959102804,1.79959,0.0900704,0.0900704,2.7416,2.74061,2.77265,-0.702145,-0.701459,-0.723555
2,9.959102804,3.1411,0.0900704,0.0900704,2.7416,2.74061,2.77265,0.29778,0.298543,0.273978
2,10.00396262,2.61759,0.0858367,0.0858367,2.72849,2.72749,2.75958,-0.0827476,-0.0820051,-0.105688
2,10.02639252,2.35583,0.083788,0.083788,2.72194,2.72093,2.75304,-0.273301,-0.272569,-0.295809
2,10.07125234,2.04499,0.0798232,0.0798232,2.70883,2.70781,2.73997,-0.496062,-0.495338,-0.518082
2,10.13854206,2.53579,0.0741958,0.0741958,2.68917,2.68813,2.72036,-0.114792,-0.114024,-0.137802
2,10.16097196,3.01022,0.0724023,0.0724023,2.68262,2.68157,2.71383,0.245307,0.246108,0.221402
2,10.18340187,5.33e-15,0.0706487,0.0706487,2.67607,2.67502,2.70729,-2.00481,-2.00419,-2.0233
2,10.20583178,3.40286,0.0689343,0.0689343,2.66951,2.66846,2.70076,0.549678,0.550514,0.524986
2,10.2731215,2.35583,0.064019,0.064019,2.64986,2.64879,2.68115,-0.220725,-0.219938,-0.243625
2,10.2731215,3.9591,0.064019,0.064019,2.64986,2.64879,2.68115,0.982835,0.983722,0.957013
2,10.31798131,2.74847,0.060925,0.060925,2.63676,2.63567,2.66808,0.083946,0.0847672,0.0602563
2,10.40770093,5.87321,0.0551507,0.0551507,2.61055,2.60945,2.64195,2.45676,2.4578,2.42717
2,10.40770093,2.30675,0.0551507,0.0551507,2.61055,2.60945,2.64195,-0.228762,-0.227949,-0.251788
2,10.40770093,3.7955,0.0551507,0.0551507,2.61055,2.60945,2.64195,0.892256,0.893166,0.866491
2,10.40770093,3.35378,0.0551507,0.0551507,2.61055,2.60945,2.64195,0.559646,0.560528,0.534694
2,10.40770093,3.01022,0.0551507,0.0551507,2.61055,2.60945,2.64195,0.30095,0.301809,0.27663
2,10.47499065,2.53579,0.0511611,0.0511611,2.5909,2.58978,2.62235,-0.0415661,-0.0407227,-0.0651236
2,10.49742056,3.19018,0.0498928,0.0498928,2.58435,2.58323,2.61582,0.457119,0.458011,0.432313
2,10.51985047,4.46626,0.0486541,0.0486541,2.57781,2.57667,2.60929,1.42563,1.42661,1.39842
2,10.54228037,3.51738,0.0474446,0.0474446,2.57126,2.57012,2.60276,0.714616,0.715541,0.689124
2,10.632,1.86503,0.0428855,0.0428855,2.54507,2.5439,2.57663,-0.51469,-0.513857,-0.537253
2,10.65442991,1.01431,0.0418126,0.0418126,2.53852,2.53735,2.5701,-1.1542,-1.15342,-1.17521
2,10.92358879,2.53579,0.0307831,0.0307831,2.45997,2.45874,2.49176,0.0577653,0.0587131,0.0334616
2,10.94601869,4.15542,0.0300026,0.0300026,2.45343,2.45219,2.48523,1.29749,1.29856,1.27005
2,11.03573832,0.327198,0.0270674,0.0270674,2.42726,2.426,2.45913,-1.60427,-1.60347,-1.62452
2,11.03573832,1.50511,0.0270674,0.0270674,2.42726,2.426,2.45913,-0.704445,-0.703549,-0.726957
2,11.03573832,2.38855,0.0270674,0.0270674,2.42726,2.426,2.45913,-0.029574,-0.0286108,-0.053784
2,11.08059813,1.66871,0.0257061,0.0257061,2.41418,2.4129,2.44608,-0.570065,-0.569147,-0.592963
2,11.14788785,1.42331,0.023788,0.023788,2.39456,2.39327,2.42651,-0.743876,-0.742962,-0.766405
2,11.17031776,2.19223,0.0231801,0.0231801,2.38802,2.38672,2.41999,-0.150033,-0.149054,-0.174088
2,11.19274766,1.79959,0.0225874,0.0225874,2.38148,2.38018,2.41346,-0.446131,-0.445177,-0.469461
2,11.26003738,2.58487,0.0208964,0.0208964,2.36187,2.36054,2.3939,0.171241,0.172274,0.14627
2,11.28246729,1.47239,0.0203607,0.0203607,2.35533,2.354,2.38738,-0.678351,-0.677403,-0.701185
2,11.3048972,3.25562,0.0198384,0.0198384,2.34879,2.34746,2.38086,0.697074,0.698172,0.670713
2,11.39461682,2.91207,0.0178772,0.0178772,2.32265,2.32129,2.35478,0.454026,0.455118,0.428178
2,11.43947664,2.45399,0.0169691,0.0169691,2.30958,2.30821,2.34174,0.111354,0.112419,0.0863321
2,11.46190654,2.06135,0.0165322,0.0165322,2.30304,2.30167,2.33522,-0.186468,-0.185431,-0.210751
2,11.48433645,1.93047,0.0161063,0.0161063,2.29651,2.29513,2.32871,-0.282549,-0.281517,-0.30661
2,11.52919626,2.71575,0.0152866,0.0152866,2.28345,2.28206,2.31567,0.334043,0.335153,0.308347
2,11.52919626,4.38446,0.0152866,0.0152866,2.28345,2.28206,2.31567,1.62348,1.62473,1.59446
2,11.64134579,0.359918,0.0134124,0.0134124,2.25079,2.24938,2.2831,-1.46493,-1.464,-1.48611
2,11.91050467,0.834356,0.00978906,0.00978906,2.17248,2.171,2.20497,-1.04326,-1.04223,-1.06579
2,11.93293458,2.15951,0.00953497,0.00953497,2.16596,2.16447,2.19846,-0.00503416,-0.00387343,-0.0303076
2,11.93293458,0.687117,0.00953497,0.00953497,2.16596,2.16447,2.19846,-1.15357,-1.15255,-1.17584
2,11.97779439,1.11247,0.00904622,0.00904622,2.15292,2.15142,2.18545,-0.812457,-0.811384,-0.83566
2,12.02265421,1.73415,0.00858227,0.00858227,2.13988,2.13837,2.17244,-0.317159,-0.316017,-0.341711
2,12.04508411,3.69734,0.00835921,0.00835921,2.13336,2.13185,2.16594,1.2232,1.22454,1.19457
2,12.11237383,1.96319,0.00772391,0.00772391,2.11381,2.11228,2.14643,-0.117992,-0.116806,-0.143165
2,12.17966355,1.45603,0.0071365,0.0071365,2.09427,2.09272,2.12693,-0.500759,-0.499607,-0.524993
2,12.24695327,2.84663,0.00659342,0.00659342,2.07473,2.07317,2.10744,0.606586,0.607894,0.579342
2,12.26938318,2.61759,0.00642167,0.00642167,2.06822,2.06665,2.10094,0.431942,0.433233,0.405136
2,12.38153271,3.28834,0.00562732,0.00562732,2.03569,2.03409,2.06847,0.987534,0.988924,0.959116
2,12.42639252,1.89775,0.00533764,0.00533764,2.02268,2.02107,2.05549,-0.0985895,-0.0973321,-0.124155
2,12.42639252,1.60327,0.00533764,0.00533764,2.02268,2.02107,2.05549,-0.330989,-0.329762,-0.355932
2,12.47125234,2.09407,0.00506278,0.00506278,2.00967,2.00805,2.04251,0.0666783,0.0679676,0.0406215
2,12.47125234,1.06339,0.00506278,0.00506278,2.00967,2.00805,2.04251,-0.747586,-0.746404,-0.771459
2,12.51611215,3.32106,0.004802,0.004802,1.99667,1.99504,2.02954,1.04743,1.04886,1.01869
2,12.53854206,2.20859,0.00467666,0.00467666,1.99017,1.98853,2.02305,0.172835,0.174153,0.146419
2,12.60583178,1.93047,0.00431985,0.00431985,1.97068,1.96902,2.0036,-0.0318654,-0.0305594,-0.0578027
2,12.6955514,0.736196,0.00388589,0.00388589,1.9447,1.94303,1.97768,-0.959859,-0.958662,-0.983381
2,12.91985047,1.79959,0.00298163,0.00298163,1.87984,1.87812,1.91294,-0.0640832,-0.0627123,-0.0902641
2,12.91985047,0.916155,0.00298163,0.00298163,1.87984,1.87812,1.91294,-0.769521,-0.768251,-0.793775
2,12.98714019,4.33538,0.00275373,0.00275373,1.86041,1.85867,1.89354,1.97948,1.98116,1.94764
2,13.05442991,1.66871,0.0025432,0.0025432,1.84099,1.83923,1.87416,-0.138011,-0.136621,-0.164127
2,13.05442991,4.5317,0.0025432,0.0025432,1.84099,1.83923,1.87416,2.1555,2.15723,2.12309
2,13.18900935,0.458078,0.00216907,0.00216907,1.80219,1.8004,1.83542,-1.08023,-1.07896,-1.10389
2,13.23386916,2.38855,0.00205699,0.00205699,1.78927,1.78746,1.82252,0.48215,0.483672,0.45414
2,13.25629907,0.539877,0.00200314,0.00200314,1.78281,1.781,1.81607,-1.00053,-0.999228,-1.02446
2,13.30115888,3.58282,0.00189961,0.00189961,1.76989,1.76808,1.80317,1.46094,1.46263,1.43015
2,13.3908785,2.02863,0.0017083,0.0017083,1.74409,1.74225,1.77741,0.229791,0.231311,0.20232
2,13.41330841,3.76278,0.00166356,0.00166356,1.73764,1.7358,1.77097,1.63636,1.6381,1.60495
2,13.41330841,4.08998,0.00166356,0.00166356,1.73764,1.7358,1.77097,1.90074,1.90252,1.8686
2,13.45816822,2.65031,0.00157755,0.00157755,1.72475,1.7229,1.7581,0.748675,0.750291,0.719691
2,13.48059813,0.556237,0.00153623,0.00153623,1.71831,1.71645,1.75167,-0.940506,-0.939148,-0.964801
2,13.52545794,2.14315,0.00145679,0.00145679,1.70544,1.70357,1.73881,0.354639,0.356208,0.326686
2,13.74975701,1.40695,0.00111707,0.00111707,1.64117,1.63925,1.67462,-0.190793,-0.189261,-0.217425
2,13.81704673,0.997955,0.00103151,0.00103151,1.62193,1.62,1.6554,-0.509119,-0.507624,-0.534911
2,13.99648598,0.719836,0.000834033,0.000834033,1.57073,1.56876,1.60424,-0.697288,-0.695788,-0.722693
2,14.0637757,1.55419,0.000770138,0.000770138,1.55158,1.54959,1.5851,0.00214782,0.00377883,-0.025297
2,14.24321495,0.0981595,0.000622661,0.000622661,1.50061,1.49859,1.53416,-1.15616,-1.15469,-1.18043
2,14.24321495,2.43763,0.000622661,0.000622661,1.50061,1.49859,1.53416,0.77246,0.774262,0.742673
2,14.31050467,2.78119,0.000574948,0.000574948,1.48155,1.47951,1.51511,1.07315,1.07501,1.04244
2,14.4002243,2.87935,0.000516966,0.000516966,1.45618,1.45412,1.48974,1.17771,1.17961,1.14663
2,14.4002243,4.05726,0.000516966,0.000516966,1.45618,1.45412,1.48974,2.15246,2.15454,2.11859
2,14.44508411,0.196319,0.000490205,0.000490205,1.44351,1.44145,1.47707,-1.0332,-1.03168,-1.05796
2,14.44508411,1.01431,0.000490205,0.000490205,1.44351,1.44145,1.47707,-0.355556,-0.353909,-0.382258
2,14.44508411,1.37423,0.000490205,0.000490205,1.44351,1.44145,1.47707,-0.0573912,-0.0556911,-0.0849495
2,14.53480374,2.73211,0.000440765,0.000440765,1.41822,1.41614,1.45178,1.09082,1.09275,1.0599
2,14.64695327,1.22699,0.000385914,0.000385914,1.38669,1.38459,1.42024,-0.132944,-0.131217,-0.16041
2,14.87125234,1.79959,0.000295833,0.000295833,1.32393,1.32178,1.35744,0.398137,0.400005,0.369015
2,14.98340187,0.179959,0.000259013,0.000259013,1.29271,1.29055,1.32619,-0.933919,-0.932279,-0.959224
2,15.02826168,1.79959,0.000245601,0.000245601,1.28026,1.27809,1.31372,0.436341,0.438247,0.40704
2,15.0955514,1.86503,0.000226774,0.000226774,1.26162,1.25943,1.29505,0.507811,0.509744,0.478277
2,15.25256075,3.68098,0.000188265,0.000188265,1.2183,1.21609,1.25166,2.08036,2.08262,2.0462
2,15.27499065,0.572597,0.000183326,0.000183326,1.21213,1.20992,1.24548,-0.540542,-0.538779,-0.567073
2,15.29742056,1.68507,0.000178516,0.000178516,1.20597,1.20376,1.23931,0.405157,0.407107,0.375867
2,15.38714019,1.86503,0.000160506,0.000160506,1.18139,1.17916,1.21467,0.57938,0.581379,0.549567
2,15.47685981,0.883436,0.000144312,0.000144312,1.1569,1.15467,1.19012,-0.232262,-0.230407,-0.259717
2,15.52171963,2.81391,0.000136839,0.000136839,1.1447,1.14246,1.17789,1.41921,1.4214,1.38694
2,15.90302804,1.66871,8.7077e-05,8.7077e-05,1.0421,1.03982,1.07492,0.537621,0.539692,0.507987
2,16.08246729,1.81595,7.03916e-05,7.03916e-05,0.994612,0.992312,1.02719,0.707684,0.709812,0.677641
2,16.26190654,2.56851,5.69032e-05,5.69032e-05,0.9477,0.945389,0.980008,1.4024,1.40469,1.37047
2,16.30676636,1.97955,5.39561e-05,5.39561e-05,0.936069,0.933756,0.968303,0.903811,0.906003,0.873366
3,0,0.620408,4.49056,4.49056,6.28594,6.27611,6.59234,-3.31539,-3.31161,-3.43095
3,2.018691589,4.5551,3.45127,3.45127,5.78942,5.77496,6.09567,-0.744727,-0.736669,-0.912039
3,2.041121495,2.61224,3.43973,3.43973,5.78391,5.7694,6.09015,-1.91428,-1.90725,-2.05967
3,3.005607477,5.24082,2.94345,2.94345,5.54669,5.52996,5.85284,-0.18739,-0.177331,-0.367808
3,3.857943925,3.72245,2.50544,2.50544,5.33705,5.31837,5.64313,-1.00252,-0.992114,-1.16954
3,4.014953271,2.1551,2.42488,2.42488,5.29844,5.27939,5.6045,-1.95659,-1.94712,-2.10554
3,4.014953271,3.2,2.42488,2.42488,5.29844,5.27939,5.6045,-1.30618,-1.29592,-1.46772
3,4.037383178,5.01224,2.41337,2.41337,5.29292,5.27382,5.59898,-0.174769,-0.163079,-0.358273
3,4.351401869,3.82041,2.25244,2.25244,5.21568,5.19587,5.52172,-0.873158,-0.861864,-1.04396
3,5.001869159,3.11837,1.92033,1.92033,5.0557,5.03439,5.36168,-1.22508,-1.2133,-1.39069
3,5.136448598,5.8449,1.85193,1.85193,5.0226,5.00098,5.32856,0.521115,0.535578,0.320773
3,5.226168224,1.94286,1.80642,1.80642,5.00053,4.97871,5.30649,-1.94055,-1.92947,-2.09262
3,5.45046729,4.81633,1.69299,1.69299,4.94537,4.92302,5.2513,-0.0821934,-0.0680621,-0.271577
3,5.876635514,3.59184,1.47931,1.47931,4.84055,4.81723,5.14644,-0.800921,-0.787183,-0.977254
3,5.943925234,4.70204,1.44585,1.44585,4.824,4.80052,5.12989,-0.0783102,-0.0633347,-0.269243
3,6.011214953,4.3102,1.41249,1.41249,4.80745,4.78382,5.11333,-0.319635,-0.304925,-0.505952
3,6.03364486,6.33469,1.4014,1.4014,4.80193,4.77825,5.10781,0.985638,1.00245,0.773185
3,6.347663551,4.60408,1.24741,1.24741,4.7247,4.7003,5.03055,-0.0779646,-0.0622922,-0.270125
3,6.841121495,5.12653,1.01244,1.01244,4.60333,4.5778,4.90914,0.340952,0.358212,0.138802
3,6.908411215,6.12245,0.981282,0.981282,4.58678,4.56109,4.89258,1.00187,1.0204,0.786115
3,6.998130841,4.19592,0.940145,0.940145,4.56472,4.53882,4.87051,-0.240964,-0.224436,-0.43182
3,7.020560748,6.17143,0.929937,0.929937,4.5592,4.53325,4.86499,1.05378,1.07263,0.836588
3,7.042990654,5.40408,0.919761,0.919761,4.55368,4.52768,4.85947,0.556043,0.574056,0.348874
3,7.155140187,7.77143,0.869381,0.869381,4.5261,4.49984,4.83188,2.12597,2.147,1.88651
3,7.244859813,4.76735,0.82972,0.82972,4.50404,4.47757,4.8098,0.172751,0.190456,-0.0272862
3,7.289719626,6.85714,0.810119,0.810119,4.493,4.46643,4.79876,1.55221,1.57249,1.32392
3,7.334579439,5.81224,0.790678,0.790678,4.48197,4.4553,4.78773,0.874065,0.893211,0.659438
3,7.334579439,4.44082,0.790678,0.790678,4.48197,4.4553,4.78773,-0.0270398,-0.00953266,-0.223292
3,7.379439252,4.01633,0.771404,0.771404,4.47094,4.44416,4.77669,-0.298928,-0.281837,-0.489774
3,7.446728972,6.23673,0.74282,0.74282,4.45439,4.42746,4.76013,1.1733,1.19322,0.952177
3,7.648598131,4.81633,0.659606,0.659606,4.40474,4.37735,4.71047,0.271866,0.290504,0.0684911
3,7.693457944,6.44898,0.641671,0.641671,4.3937,4.36621,4.69943,1.35859,1.37937,1.13278
3,7.85046729,4.76735,0.580646,0.580646,4.35509,4.32723,4.6608,0.273237,0.292258,0.0691668
3,7.962616822,6.80816,0.538824,0.538824,4.32751,4.29939,4.6332,1.64725,1.66915,1.4145
3,8.007476636,5.74694,0.522532,0.522532,4.31647,4.28826,4.62217,0.950605,0.971244,0.73205
3,8.007476636,3.6898,0.522532,0.522532,4.31647,4.28826,4.62217,-0.416454,-0.398477,-0.606827
3,8.007476636,5.3551,0.522532,0.522532,4.31647,4.28826,4.62217,0.690213,0.710344,0.477026
3,8.142056075,8.26122,0.475228,0.475228,4.28337,4.25485,4.58905,2.64949,2.67375,2.39536
3,8.231775701,4.5551,0.445051,0.445051,4.26131,4.23258,4.56698,0.195982,0.215577,-0.00775984
3,8.321495327,5.48571,0.416005,0.416005,4.23924,4.21031,4.54491,0.832762,0.853806,0.615526
3,8.343925234,4.32653,0.408924,0.408924,4.23373,4.20474,4.53939,0.0620255,0.0815643,-0.139314
3,8.456074766,5.9102,0.374621,0.374621,4.20614,4.1769,4.51179,1.14109,1.16303,0.916971
3,8.747663551,4.75102,0.294267,0.294267,4.13443,4.10452,4.44005,0.414951,0.435993,0.204908
3,8.882242991,3.98367,0.261543,0.261543,4.10133,4.07111,4.40694,-0.0793662,-0.0591029,-0.279538
3,8.94953271,6.66122,0.24621,0.24621,4.08479,4.05441,4.39039,1.73991,1.76418,1.50143
3,9.01682243,4.8,0.231555,0.231555,4.06824,4.0377,4.37383,0.494745,0.516494,0.282094
3,9.039252336,5.9102,0.226819,0.226819,4.06272,4.03213,4.36831,1.24957,1.27298,1.02101
3,9.039252336,4.60408,0.226819,0.226819,4.06272,4.03213,4.36831,0.366156,0.387674,0.156122
3,9.151401869,7.72245,0.204245,0.204245,4.03514,4.0043,4.34072,2.49878,2.52515,2.24356
3,9.218691589,3.80408,0.191568,0.191568,4.01859,3.98759,4.32416,-0.145535,-0.124776,-0.345433
3,9.285981308,5.06122,0.179525,0.179525,4.00204,3.97089,4.30761,0.719449,0.742237,0.501117
3,9.330841121,6.22041,0.171841,0.171841,3.99101,3.95975,4.29657,1.51549,1.54013,1.28023
3,9.353271028,5.32245,0.168101,0.168101,3.98549,3.95419,4.29105,0.909185,0.932532,0.68661
3,9.375700935,4.39184,0.164428,0.164428,3.97998,3.94862,4.28553,0.280191,0.302192,0.0707941
3,9.487850467,6.26939,0.147043,0.147043,3.9524,3.92078,4.25794,1.57933,1.60447,1.3421
3,9.66728972,4.34286,0.122456,0.122456,3.90827,3.87624,4.21379,0.297156,0.319781,0.0863794
3,9.846728972,4.71837,0.101511,0.101511,3.86414,3.8317,4.16965,0.585921,0.609576,0.368373
3,9.958878505,5.02857,0.0900921,0.0900921,3.83656,3.80386,4.14205,0.819214,0.843649,0.596291
3,10.00373832,6.92245,0.0858574,0.0858574,3.82553,3.79273,4.13102,2.13004,2.15765,1.87902
3,10.02616822,4.35918,0.0838083,0.0838083,3.82001,3.78716,4.1255,0.370985,0.394513,0.157363
3,10.02616822,5.51837,0.0838083,0.0838083,3.82001,3.78716,4.1255,1.16858,1.19398,0.937955
3,10.11588785,7.24898,0.0760485,0.0760485,3.79795,3.76489,4.10342,2.37827,2.40673,2.12148
3,10.22803738,3.80408,0.067275,0.067275,3.77037,3.73705,4.07583,0.0232791,0.0463933,-0.183633
3,10.2953271,5.1102,0.0624697,0.0624697,3.75382,3.72035,4.05928,0.937703,0.96315,0.710976
3,10.34018692,5.20816,0.0594455,0.0594455,3.74279,3.70922,4.04824,1.01385,1.03958,0.785322
3,10.38504673,3.15102,0.0565583,0.0565583,3.73176,3.69808,4.03721,-0.402115,-0.379716,-0.600454
3,10.45233645,4.63673,0.052473,0.052473,3.71521,3.68138,4.02065,0.63884,0.663905,0.417927
3,10.65420561,4.70204,0.0418232,0.0418232,3.66557,3.63128,3.97099,0.721098,0.746801,0.497656
3,10.69906542,4.13061,0.0397531,0.0397531,3.65454,3.62015,3.95995,0.331479,0.356311,0.116267
3,10.74392523,3.4449,0.037781,0.037781,3.64351,3.60901,3.94891,-0.138398,-0.114645,-0.343637
3,10.85607477,6.07347,0.0332525,0.0332525,3.61593,3.58118,3.92132,1.71591,1.74456,1.4702
3,10.94579439,4.21224,0.0300103,0.0300103,3.59387,3.55891,3.89925,0.432454,0.458063,0.214151
3,10.99065421,5.42041,0.0285058,0.0285058,3.58284,3.54778,3.88821,1.28611,1.31399,1.04915
3,11.01308411,5.99184,0.0277811,0.0277811,3.57732,3.54221,3.8827,1.69059,1.71956,1.44477
3,11.03551402,4.81633,0.0270744,0.0270744,3.57181,3.53664,3.87718,0.871734,0.898659,0.643571
3,11.14766355,6.38367,0.0237941,0.0237941,3.54423,3.50881,3.84959,1.9929,2.02297,1.73994
3,11.23738318,2.48163,0.0214514,0.0214514,3.52217,3.48654,3.82752,-0.73149,-0.708282,-0.925559
3,11.28224299,4.65306,0.020366,0.020366,3.51114,3.47541,3.81648,0.803405,0.830707,0.575766
3,11.3271028,3.65714,0.0193343,0.0193343,3.50011,3.46428,3.80544,0.110569,0.136156,-0.102147
3,11.37196262,2.13878,0.0183537,0.0183537,3.48908,3.45315,3.79441,-0.951547,-0.92866,-1.14126
3,11.41682243,4.16327,0.0174219,0.0174219,3.47805,3.44201,3.78337,0.483252,0.510012,0.262075
3,11.6635514,2.67755,0.0130691,0.0130691,3.41739,3.38079,3.72268,-0.5241,-0.499512,-0.724138
3,11.68598131,3.2,0.0127311,0.0127311,3.41187,3.37522,3.71716,-0.150153,-0.124511,-0.358467
3,11.73084112,2.38367,0.0120808,0.0120808,3.40085,3.36409,3.70612,-0.721439,-0.697252,-0.917379
3,11.86542056,3.36327,0.0103202,0.0103202,3.36776,3.33069,3.67302,-0.00319485,0.0232215,-0.215387
3,11.93271028,4.94694,0.00953748,0.00953748,3.35122,3.314,3.65646,1.13592,1.16562,0.898404
3,12,3.78776,0.00881354,0.00881354,3.33467,3.2973,3.63991,0.322923,0.350527,0.103049
3,12.02242991,6.22041,0.00858453,0.00858453,3.32916,3.29173,3.63439,2.06151,2.09398,1.80321
3,12.04485981,3.08571,0.00836141,0.00836141,3.32364,3.28617,3.62888,-0.169717,-0.143383,-0.378894
3,12.11214953,5.64898,0.00772595,0.00772595,3.3071,3.26947,3.61232,1.67252,1.70414,1.42241
3,12.22429907,2.51429,0.00677152,0.00677152,3.27953,3.24165,3.58474,-0.547641,-0.521995,-0.749105
3,12.29158879,4.88163,0.00625601,0.00625601,3.26299,3.22495,3.56819,1.15979,1.1904,0.920257
3,12.31401869,5.19184,0.00609299,0.00609299,3.25748,3.21939,3.56267,1.38657,1.41789,1.14192
3,12.3364486,2.82449,0.00593419,0.00593419,3.25196,3.21382,3.55715,-0.306544,-0.279986,-0.513746
3,12.3588785,2.30204,0.0057795,0.0057795,3.24645,3.20826,3.55163,-0.677519,-0.65197,-0.876572
3,12.44859813,4.73469,0.00519978,0.00519978,3.2244,3.186,3.52957,1.08527,1.11605,0.846739
3,12.65046729,2.36735,0.00409824,0.00409824,3.17478,3.13592,3.47991,-0.582352,-0.555941,-0.784538
3,12.6728972,3.46122,0.00399118,0.00399118,3.16926,3.13035,3.47439,0.210661,0.239432,-0.0092909
3,12.74018692,3.05306,0.00368644,0.00368644,3.15273,3.11366,3.45784,-0.0720005,-0.0439086,-0.285898
3,12.87476636,3.00408,0.00314475,0.00314475,3.11965,3.08028,3.42474,-0.0836968,-0.0553478,-0.297835
3,12.94205607,4.08163,0.00290442,0.00290442,3.10311,3.06359,3.40819,0.709551,0.740408,0.477385
3,12.98691589,4.44082,0.00275446,0.00275446,3.09209,3.05246,3.39716,0.978809,1.01058,0.740424
3,13.00934579,4.57143,0.0026824,0.0026824,3.08657,3.0469,3.39164,1.07804,1.11016,0.83734
3,13.0317757,2.62857,0.00261222,0.00261222,3.08106,3.04134,3.38613,-0.328657,-0.300701,-0.537885
3,13.16635514,4.60408,0.00222797,0.00222797,3.04799,3.00796,3.35303,1.13305,1.16572,0.89045
3,13.23364486,2.10612,0.00205754,0.00205754,3.03146,2.99127,3.33648,-0.674614,-0.647282,-0.87679
3,13.30093458,3.55918,0.00190012,0.00190012,3.01492,2.97458,3.31993,0.397291,0.428043,0.170707
3,13.30093458,2.35102,0.00190012,0.00190012,3.01492,2.97458,3.31993,-0.484622,-0.456569,-0.69132
3,13.32336449,3.13469,0.00185036,0.00185036,3.00941,2.96902,3.31441,0.0914911,0.121358,-0.128284
3,13.3682243,2.93878,0.00175471,0.00175471,2.99839,2.95789,3.30338,-0.0435685,-0.0140168,-0.260467
3,13.45794393,3.98367,0.00157797,0.00157797,2.97634,2.93565,3.28132,0.737465,0.769634,0.502566
3,13.65981308,5.33e-15,0.00124259,0.00124259,2.92675,2.88559,3.23168,-2.15076,-2.12718,-2.32095
3,13.68224299,2.17143,0.00121003,0.00121003,2.92124,2.88003,3.22616,-0.551238,-0.522586,-0.757808
3,13.74953271,1.69796,0.00111736,0.00111736,2.90471,2.86335,3.20962,-0.888285,-0.860557,-1.08744
3,13.86168224,0.897959,0.000978407,0.000978407,2.87716,2.83555,3.18204,-1.45995,-1.43382,-1.64648
3,13.92897196,3.57551,0.000903464,0.000903464,2.86063,2.81887,3.16549,0.527996,0.560633,0.295926
3,13.99626168,3.5102,0.000834255,0.000834255,2.8441,2.80219,3.14895,0.492592,0.525275,0.261056
3,14.01869159,1.50204,0.000812383,0.000812383,2.8386,2.79663,3.14343,-0.988822,-0.960866,-1.18662
3,14.0411215,2.69388,0.000791084,0.000791084,2.83309,2.79107,3.13792,-0.103034,-0.0721694,-0.321146
3,14.13084112,5.30612,0.000711323,0.000711323,2.81105,2.76883,3.11586,1.84983,1.88725,1.58669
3,14.24299065,1.6,0.000622826,0.000622826,2.78351,2.74104,3.08829,-0.87931,-0.850536,-1.0804
3,14.28785047,3.88571,0.000590589,0.000590589,2.7725,2.72993,3.07726,0.827784,0.862268,0.587372
3,14.33271028,2.77551,0.000560019,0.000560019,2.76148,2.71881,3.06623,0.0104391,0.0423367,-0.211395
3,14.44485981,4.27755,0.000490336,0.000490336,2.73395,2.69102,3.03866,1.15124,1.18719,0.902721
3,14.64672897,2.25306,0.000386016,0.000386016,2.6844,2.64102,2.98904,-0.322931,-0.291436,-0.538291
3,14.69158879,5.07755,0.000366031,0.000366031,2.67339,2.62991,2.97802,1.80149,1.84028,1.53687
3,14.93831776,2.93878,0.000273229,0.000273229,2.61284,2.56881,2.91738,0.245384,0.279491,0.0157361
3,14.98317757,3.10204,0.000259082,0.000259082,2.60183,2.5577,2.90635,0.376909,0.411578,0.144027
3,15.00560748,1.19184,0.000252285,0.000252285,2.59633,2.55215,2.90084,-1.05875,-1.02899,-1.25837
3,15.05046729,1.51837,0.000239221,0.000239221,2.58532,2.54105,2.88982,-0.804995,-0.774268,-1.01067
3,15.11775701,5.38776,0.000220883,0.000220883,2.56882,2.52439,2.87328,2.12957,2.17068,1.85535
3,15.25233645,1.76327,0.000188315,0.000188315,2.53581,2.49108,2.84022,-0.585133,-0.553199,-0.796661
3,15.29719626,2.98776,0.000178563,0.000178563,2.52481,2.47998,2.8292,0.350942,0.386282,0.117392
3,15.36448598,1.25714,0.000164874,0.000164874,2.50831,2.46334,2.81266,-0.949695,-0.918807,-1.15311
3,15.4317757,3.96735,0.000152234,0.000152234,2.49181,2.44669,2.79613,1.12146,1.15987,0.869327
3,15.67850467,0.0163265,0.00011363,0.00011363,2.43134,2.38567,2.73553,-1.84427,-1.81596,-2.02777
3,15.92523364,2.59592,8.48147e-05,8.48147e-05,2.37089,2.32469,2.67494,0.17267,0.208889,-0.0592082
3,16.1271028,0.881633,6.67637e-05,6.67637e-05,2.32147,2.27483,2.62539,-1.1092,-1.07728,-1.31151
3,16.21682243,1.24082,6.00273e-05,6.00273e-05,2.29951,2.25268,2.60336,-0.817014,-0.78381,-1.02656
3,16.30654206,2.85714,5.39704e-05,5.39704e-05,2.27756,2.23053,2.58135,0.448066,0.486249,0.208147
3,16.35140187,0.914286,5.11752e-05,5.11752e-05,2.26658,2.21946,2.57034,-1.04635,-1.01372,-1.25092
3,16.4635514,2.84082,4.48042e-05,4.48042e-05,2.23915,2.1918,2.54282,0.466569,0.505214,0.225581
3,16.66542056,2.74286,3.52682e-05,3.52682e-05,2.1898,2.14202,2.4933,0.43058,0.46959,0.189648
3,16.97943925,0.163265,2.43055e-05,2.43055e-05,2.11311,2.06468,2.41631,-1.5275,-1.49544,-1.72263
3,17.00186916,2.17143,2.36677e-05,2.36677e-05,2.10764,2.05916,2.41081,0.0499932,0.0883365,-0.183108
3,17.11401869,2.23673,2.07211e-05,2.07211e-05,2.08028,2.03157,2.38333,0.122894,0.161795,-0.112377
3,17.20373832,0.555102,1.86303e-05,1.86303e-05,2.0584,2.00951,2.36135,-1.18293,-1.14904,-1.38706
3,17.29345794,0.457143,1.67504e-05,1.67504e-05,2.03653,1.98746,2.33937,-1.24503,-1.2112,-1.44794
3,17.29345794,1.95918,1.67504e-05,1.67504e-05,2.03653,1.98746,2.33937,-0.0609729,-0.0223804,-0.292466
3,17.31588785,3.2,1.63108e-05,1.63108e-05,2.03107,1.98195,2.33388,0.921878,0.964484,0.666572
3,17.42803738,2.67755,1.42802e-05,1.42802e-05,2.00375,1.95441,2.30642,0.532583,0.5739,0.286254
3,18.03364486,1.81224,6.96613e-06,6.96613e-06,1.85655,1.80606,2.15829,-0.035449,0.0049726,-0.270097
3,18.12336449,4.5551,6.2633e-06,6.2633e-06,1.8348,1.78414,2.13637,2.18033,2.23032,1.89126
3,18.23551402,0.555102,5.48363e-06,5.48363e-06,1.80763,1.75677,2.10898,-1.00618,-0.969423,-1.21771
3,18.37009346,1.30612,4.675e-06,4.675e-06,1.77507,1.72397,2.07614,-0.377735,-0.338016,-0.605043
3,18.43738318,2.20408,4.31657e-06,4.31657e-06,1.7588,1.70759,2.05972,0.359161,0.402193,0.113583
3,18.95327103,2.04082,2.34189e-06,2.34189e-06,1.63448,1.58243,1.93407,0.331192,0.375267,0.0848553
3,19.13271028,2.57959,1.89317e-06,1.89317e-06,1.59142,1.5391,1.89046,0.808362,0.854948,0.549797
3,19.26728972,0.359184,1.61401e-06,1.61401e-06,1.5592,1.5067,1.85779,-0.984345,-0.945499,-1.19885
3,19.44672897,1.63265,1.30475e-06,1.30475e-06,1.51634,1.46361,1.81429,0.0957538,0.139798,-0.145829
3,20.43364486,1.66531,4.06172e-07,4.06172e-07,1.2834,1.22978,1.57642,0.320788,0.367543,0.0728031
4,0,1.95122,4.49056,4.49056,7.19444,7.20127,6.78659,-2.90806,-2.91071,-2.74622
4,0.993314231,2.05765,3.97913,3.97913,7.05346,6.94236,6.98007,-2.79347,-2.74905,-2.76419
4,1.107927412,5.62306,3.92013,3.92013,7.02066,6.89832,6.9926,-0.782973,-0.719545,-0.768506
4,1.184336199,0.922395,3.88079,3.88079,6.9972,6.86776,6.9996,-3.40792,-3.36059,-3.40879
4,1.222540592,4.25721,3.86112,3.86112,6.98502,6.85214,7.00269,-1.53137,-1.46812,-1.5397
4,1.910219675,7.34368,3.50711,3.50711,6.72332,6.54132,7.00751,0.353645,0.462373,0.188478
4,1.986628462,4.00887,3.46778,3.46778,6.69029,6.50414,7.00185,-1.53158,-1.44113,-1.67858
4,2.101241643,5.81818,3.40878,3.40878,6.63963,6.44767,6.99101,-0.470605,-0.364788,-0.658183
4,2.17765043,4.00887,3.36946,3.36946,6.60517,6.40959,6.98223,-1.49047,-1.39441,-1.66948
4,2.215854823,2.80266,3.34979,3.34979,6.58776,6.39044,6.97737,-2.17518,-2.0863,-2.34468
4,2.215854823,4.47007,3.34979,3.34979,6.58776,6.39044,6.97737,-1.21697,-1.1167,-1.4082
4,2.521489971,3.051,3.19251,3.19251,6.44453,6.23483,6.92773,-1.96693,-1.86892,-2.18363
4,2.903533906,8.26608,2.99595,2.99595,6.25795,6.03578,6.84049,1.17712,1.32524,0.807091
4,3.018147087,4.82483,2.937,2.937,6.20077,5.97536,6.80942,-0.809356,-0.686195,-1.12562
4,3.094555874,6.56319,2.89771,2.89771,6.1624,5.93494,6.78756,0.236311,0.375639,-0.127423
4,3.132760267,6.17295,2.87806,2.87806,6.14314,5.91469,6.77631,0.017594,0.15461,-0.342881
4,3.209169054,4.15078,2.83877,2.83877,6.10451,5.87412,6.75316,-1.15602,-1.0343,-1.48093
4,3.209169054,4.66519,2.83877,2.83877,6.10451,5.87412,6.75316,-0.85164,-0.725565,-1.18819
4,3.209169054,6.03104,2.83877,2.83877,6.10451,5.87412,6.75316,-0.0434718,0.0941825,-0.410933
4,3.896848138,8.26608,2.48548,2.48548,5.75119,5.50578,6.51305,1.52099,1.69549,1.01191
4,3.915950334,7.18404,2.47567,2.47567,5.74127,5.49549,6.50571,0.873119,1.03786,0.391727
4,4.011461318,6.29712,2.42667,2.42667,5.69161,5.444,6.46855,0.367582,0.526089,-0.0992237
4,4.087870105,8.2306,2.38748,2.38748,5.65181,5.40277,6.43833,1.56942,1.74843,1.0392
4,4.106972302,7.55654,2.37768,2.37768,5.64185,5.39246,6.43071,1.16599,1.33893,0.653085
4,4.183381089,7.73392,2.33851,2.33851,5.60198,5.3512,6.39999,1.30156,1.47811,0.775241
4,4.240687679,7.27273,2.30915,2.30915,5.57205,5.32023,6.37669,1.04024,1.21364,0.521479
4,4.240687679,4.50554,2.30915,2.30915,5.57205,5.32023,6.37669,-0.652339,-0.506395,-1.08898
4,4.508118434,7.94678,2.17224,2.17224,5.43204,5.17555,6.26548,1.55194,1.73875,0.985099
4,4.508118434,6.38581,2.17224,2.17224,5.43204,5.17555,6.26548,0.588606,0.75935,0.070504
4,4.699140401,7.50333,2.07462,2.07462,5.33178,5.07207,6.18389,1.34879,1.53577,0.776923
4,4.890162369,8.54989,1.9772,1.9772,5.23135,4.9685,6.10084,2.07462,2.27772,1.44941
4,4.928366762,7.57428,1.95774,1.95774,5.21125,4.94778,6.08408,1.4792,1.67271,0.882847
4,5.023877746,6.40355,1.90913,1.90913,5.16098,4.89597,6.04198,0.780364,0.963411,0.214759
4,5.062082139,7.25499,1.88971,1.88971,5.14086,4.87523,6.02507,1.32946,1.52286,0.7313
4,5.11938873,8.08869,1.86059,1.86059,5.11067,4.84413,5.99962,1.87641,2.08056,1.24409
4,5.17669532,7.5388,1.83151,1.83151,5.08048,4.81303,5.97408,1.55201,1.75151,0.933299
4,5.214899713,6.7051,1.81213,1.81213,5.06035,4.79229,5.95701,1.03975,1.23082,0.446677
4,5.23400191,6.26164,1.80245,1.80245,5.05028,4.78192,5.94847,0.766285,0.952802,0.187093
4,5.520534862,6.29712,1.65767,1.65767,4.89916,4.62632,5.81932,0.893168,1.08712,0.287741
4,5.539637058,5.10865,1.64806,1.64806,4.88908,4.61594,5.81066,0.140378,0.320809,-0.422995
4,5.711556829,6.52772,1.56174,1.56174,4.79833,4.52254,5.7324,1.11234,1.31388,0.48157
4,5.902578797,7.60976,1.4664,1.4664,4.69746,4.41874,5.64496,1.88587,2.10574,1.19626
4,5.921680993,6.86475,1.4569,1.4569,4.68737,4.40836,5.63619,1.41092,1.62211,0.748418
4,6.036294174,7.41463,1.40009,1.40009,4.62683,4.34607,5.58349,1.81385,2.03504,1.11923
4,6.074498567,5.42794,1.38122,1.38122,4.60664,4.32531,5.5659,0.535094,0.732299,-0.084416
4,6.074498567,5.14412,1.38122,1.38122,4.60664,4.32531,5.5659,0.350182,0.543807,-0.258082
4,6.112702961,8.42572,1.36238,1.36238,4.58646,4.30454,5.54828,2.50479,2.74095,1.76267
4,6.189111748,5.39246,1.32482,1.32482,4.54608,4.26301,5.51302,0.553699,0.75334,-0.0740196
4,6.227316141,6.95344,1.3061,1.3061,4.5259,4.24225,5.49537,1.59027,1.81096,0.896198
4,6.227316141,5.78271,1.3061,1.3061,4.5259,4.24225,5.49537,0.823331,1.02896,0.176609
4,6.227316141,5.85366,1.3061,1.3061,4.5259,4.24225,5.49537,0.869812,1.07635,0.22022
4,6.532951289,4.64745,1.158,1.158,4.36436,4.0761,5.35377,0.187511,0.386078,-0.438092
4,6.532951289,5.60532,1.158,1.158,4.36436,4.0761,5.35377,0.821965,1.03334,0.15602
4,6.723973257,5.21508,1.06725,1.06725,4.26337,3.97225,5.26498,0.634772,0.845965,-0.0311286
4,6.914995224,5.78271,0.978247,0.978247,4.16237,3.86839,5.17601,1.08833,1.31264,0.38065
4,6.914995224,5.56984,0.978247,0.978247,4.16237,3.86839,5.17601,0.945359,1.16668,0.247099
4,7.029608405,6.03104,0.925828,0.925828,4.10177,3.80608,5.12255,1.30133,1.53244,0.571985
4,7.067812798,6.13747,0.908537,0.908537,4.08156,3.78531,5.10472,1.3887,1.62246,0.650976
4,7.067812798,5.78271,0.908537,0.908537,4.08156,3.78531,5.10472,1.14907,1.37775,0.427355
4,7.106017192,7.84035,0.891343,0.891343,4.06136,3.76453,5.08689,2.55621,2.81556,1.73762
4,7.182425979,4.75388,0.857257,0.857257,4.02096,3.72299,5.0512,0.497176,0.714259,-0.18807
4,7.220630372,5.35698,0.840372,0.840372,4.00075,3.70222,5.03336,0.921302,1.14823,0.204948
4,7.220630372,4.50554,0.840372,0.840372,4.00075,3.70222,5.03336,0.342909,0.55742,-0.334255
4,7.258834766,4.36364,0.823597,0.823597,3.98055,3.68145,5.0155,0.260605,0.474073,-0.413301
4,7.526265521,6.102,0.709562,0.709562,3.83912,3.53605,4.89044,1.55488,1.80202,0.774522
4,7.526265521,4.32816,0.709562,0.709562,3.83912,3.53605,4.89044,0.336031,0.556285,-0.359452
4,7.698185291,7.04213,0.639794,0.639794,3.7482,3.44258,4.80996,2.2781,2.5452,1.43463
4,7.908309456,6.91796,0.558884,0.558884,3.63708,3.32836,4.71152,2.28729,2.5596,1.42744
4,7.908309456,4.39911,0.558884,0.558884,3.63708,3.32836,4.71152,0.531258,0.763513,-0.202112
4,8.022922636,4.61197,0.516982,0.516982,3.57647,3.26605,4.65781,0.725086,0.964157,-0.0297588
4,8.022922636,4.15078,0.516982,0.516982,3.57647,3.26605,4.65781,0.402145,0.633776,-0.329206
4,8.06112703,4.39911,0.503387,0.503387,3.55626,3.24529,4.6399,0.59105,0.827825,-0.156526
4,8.099331423,4.89579,0.489985,0.489985,3.53606,3.22452,4.62199,0.954912,1.20092,0.178203
4,8.099331423,5.03769,0.489985,0.489985,3.53606,3.22452,4.62199,1.05457,1.30289,0.270564
4,8.213944604,4.18625,0.45096,0.45096,3.47545,3.16223,4.56824,0.501396,0.739262,-0.249524
4,8.213944604,3.08647,0.45096,0.45096,3.47545,3.16223,4.56824,-0.274379,-0.0546883,-0.96792
4,8.213944604,3.33481,0.45096,0.45096,3.47545,3.16223,4.56824,-0.0992037,0.124591,-0.805702
4,8.2330468,4.5765,0.444632,0.444632,3.46535,3.15185,4.55929,0.784376,1.02928,0.0112489
4,8.519579752,4.77162,0.356025,0.356025,3.31383,2.99614,4.42487,1.0406,1.29787,0.228719
4,8.538681948,4.68293,0.35055,0.35055,3.30373,2.98576,4.41591,0.985239,1.2416,0.176237
4,8.672397326,4.86031,0.313771,0.313771,3.23303,2.91312,4.35316,1.16857,1.4324,0.336172
4,8.901623687,6.03104,0.257057,0.257057,3.11185,2.78863,4.24557,2.11539,2.40805,1.19234
4,9.016236867,2.55432,0.231679,0.231679,3.05127,2.7264,4.19177,-0.361755,-0.128413,-1.09758
4,9.054441261,4.70067,0.223654,0.223654,3.03107,2.70566,4.17383,1.21725,1.49115,0.353576
4,9.073543457,4.23947,0.219722,0.219722,3.02098,2.6953,4.16486,0.889044,1.15511,0.0501003
4,9.092645654,5.42794,0.215844,0.215844,3.01088,2.68493,4.1559,1.7649,2.05355,0.854778
4,9.092645654,4.32816,0.215844,0.215844,3.01088,2.68493,4.1559,0.961856,1.2302,0.115757
4,9.207258835,1.59645,0.193677,0.193677,2.95031,2.62273,4.10208,-0.99312,-0.772046,-1.69005
4,9.207258835,1.09978,0.193677,0.193677,2.95031,2.62273,4.10208,-1.35745,-1.14568,-2.02505
4,9.245463228,3.1929,0.186701,0.186701,2.93012,2.602,4.08415,0.193058,0.445242,-0.601896
4,9.512893983,1.77384,0.143378,0.143378,2.78884,2.45698,3.95857,-0.753806,-0.520643,-1.48853
4,9.53199618,4.20399,0.140635,0.140635,2.77875,2.44663,3.9496,1.05929,1.34042,0.173438
4,9.70391595,7.29047,0.117898,0.117898,2.68797,2.3535,3.86886,3.44484,3.79358,2.34611
4,9.894937918,1.77384,0.0964527,0.0964527,2.58715,2.25013,3.77915,-0.613536,-0.36902,-1.38381
4,9.914040115,4.949,0.0945116,0.0945116,2.57707,2.2398,3.77017,1.79073,2.10078,0.814001
4,10.04775549,1.63193,0.0818781,0.0818781,2.50653,2.16753,3.70737,-0.663955,-0.41774,-1.4396
4,10.04775549,3.22838,0.0818781,0.0818781,2.50653,2.16753,3.70737,0.547997,0.827415,-0.332246
4,10.12416428,2.09313,0.0753667,0.0753667,2.46624,2.12627,3.67149,-0.284149,-0.0259332,-1.09764
4,10.12416428,3.58315,0.0753667,0.0753667,2.46624,2.12627,3.67149,0.850602,1.1401,-0.0614338
4,10.20057307,0.922395,0.0693328,0.0693328,2.42596,2.08503,3.6356,-1.14872,-0.912888,-1.89173
4,10.20057307,1.20621,0.0693328,0.0693328,2.42596,2.08503,3.6356,-0.931884,-0.690041,-1.69385
4,10.20057307,1.59645,0.0693328,0.0693328,2.42596,2.08503,3.6356,-0.633739,-0.383627,-1.42176
4,10.27698185,1.41907,0.0637471,0.0637471,2.38569,2.04383,3.59972,-0.740859,-0.492207,-1.52437
4,10.50620821,2.62528,0.049404,0.049404,2.265,1.92047,3.49206,0.278802,0.560918,-0.610679
4,10.67812798,4.23947,0.0407068,0.0407068,2.1746,1.82821,3.41132,1.60958,1.93369,0.586923
4,10.88825215,2.34146,0.0320527,0.0320527,2.06428,1.71587,3.31264,0.218009,0.50642,-0.693309
4,10.92645654,5.35698,0.0306822,0.0306822,2.04425,1.6955,3.2947,2.60978,2.96904,1.4742
4,11.04106972,0.851441,0.026902,0.026902,1.9842,1.63451,3.24088,-0.896781,-0.638248,-1.71489
4,11.06017192,3.40576,0.0263175,0.0263175,1.9742,1.62436,3.23191,1.13427,1.45319,0.12486
4,11.09837631,2.8204,0.0251852,0.0251852,1.95421,1.60409,3.21397,0.68744,0.993918,-0.28303
4,11.11747851,2.41242,0.0246369,0.0246369,1.94421,1.59396,3.205,0.371887,0.669382,-0.570356
4,11.1938873,0.532151,0.0225576,0.0225576,1.90427,1.55351,3.16912,-1.09345,-0.838207,-1.9027
4,11.1938873,1.70288,0.0225576,0.0225576,1.90427,1.55351,3.16912,-0.160488,0.122582,-1.05796
4,11.27029608,0.354767,0.0206497,0.0206497,1.86438,1.51317,3.13325,-1.20699,-0.953947,-2.0102
4,11.49952245,1.5255,0.0158241,0.0158241,1.74501,1.39291,3.02564,-0.177263,0.110318,-1.09416
4,11.53772684,2.83814,0.0151354,0.0151354,1.72517,1.37299,3.0077,0.90024,1.22115,-0.123844
4,11.72874881,4.96674,0.0121104,0.0121104,1.62625,1.27404,2.91805,2.7246,3.10427,1.50651
4,11.91977077,2.44789,0.00968329,0.00968329,1.52787,1.17635,2.82842,0.756685,1.0781,-0.281741
4,12.03438395,0.141907,0.00846489,0.00846489,1.46917,1.11846,2.77465,-1.09712,-0.832217,-1.95737
4,12.03438395,2.02217,0.00846489,0.00846489,1.46917,1.11846,2.77465,0.457118,0.770147,-0.559445
4,12.07258835,0.922395,0.00809351,0.00809351,1.44966,1.0993,2.75673,-0.436565,-0.151011,-1.36566
4,12.11079274,1.38359,0.00773828,0.00773828,1.43018,1.08021,2.73881,-0.0386369,0.259421,-1.01036
4,12.11079274,3.01552,0.00773828,0.00773828,1.43018,1.08021,2.73881,1.31484,1.65487,0.206298
4,12.22540592,0.496674,0.00676271,0.00676271,1.37195,1.02341,2.68506,-0.729582,-0.452683,-1.63831
4,12.22540592,2.76718,0.00676271,0.00676271,1.37195,1.02341,2.68506,1.16299,1.49862,0.0614809
4,12.53104107,0.567627,0.00471821,0.00471821,1.2185,0.875957,2.5418,-0.549816,-0.268508,-1.49456
4,12.53104107,2.44789,0.00471821,0.00471821,1.2185,0.875957,2.5418,1.03852,1.36892,-0.0710948
4,12.70296084,3.40576,0.00385205,0.00385205,1.13362,0.796118,2.46128,1.93373,2.2891,0.719571
4,12.913085,2.55432,0.00300556,0.00300556,1.03167,0.702253,2.36293,1.30763,1.63856,0.146957
4,13.04680038,2.92683,0.00256624,0.00256624,0.968015,0.644964,2.30039,1.69178,2.02946,0.483399
4,13.06590258,0,0.00250894,0.00250894,0.959008,0.63695,2.29146,-0.828938,-0.566913,-1.76951
4,13.10410697,0.354767,0.00239814,0.00239814,0.941064,0.621054,2.27361,-0.507594,-0.237354,-1.48388
4,13.12320917,1.24169,0.00234459,0.00234459,0.932128,0.613173,2.26468,0.268218,0.560632,-0.791669
4,13.21872015,1.0643,0.00209418,0.00209418,0.887819,0.574469,2.22006,0.153526,0.438498,-0.897623
4,13.5243553,2.18182,0.0014587,0.0014587,0.750776,0.459094,2.07747,1.26046,1.55887,0.0819821
4,13.5243553,1.77384,0.0014587,0.0014587,0.750776,0.459094,2.07747,0.901108,1.18969,-0.238557
4,13.69627507,3.051,0.00119009,0.00119009,0.677422,0.400408,1.99743,2.10473,2.41175,0.833182
4,13.92550143,2.5898,0.000907185,0.000907185,0.584601,0.329679,1.89095,1.79337,2.07027,0.557529
4,14.05921681,2.25277,0.000774309,0.000774309,0.533408,0.292514,1.82899,1.54506,1.80195,0.339825
4,14.0974212,0,0.000740048,0.000740048,0.519213,0.282455,1.81131,-0.467194,-0.259894,-1.45461
4,14.0974212,0.283814,0.000740048,0.000740048,0.519213,0.282455,1.81131,-0.211815,0.00125022,-1.22669
4,14.51766953,1.31264,0.000449806,0.000449806,0.376879,0.187893,1.61769,0.853332,1.04432,-0.248989
4,14.7086915,6.40355,0.000358687,0.000358687,0.321146,0.154165,1.53033,5.57599,5.82141,4.00722
4,14.89971347,0.532151,0.000286021,0.000286021,0.271267,0.125638,1.4435,0.240302,0.37972,-0.754987
4,15.05253104,1.70288,0.000238637,0.000238637,0.235572,0.106207,1.3745,1.35617,1.49425,0.273658
4,15.70200573,3.76053,0.000110508,0.000110508,0.122696,0.0503151,1.08763,3.39903,3.49112,2.28407
4,15.8930277,0.0709534,8.81155e-05,8.81155e-05,0.0999182,0.0400874,1.00594,-0.0271232,0.0290724,-0.804794
4,16.04584527,1.91574,7.35149e-05,7.35149e-05,0.0844863,0.0333658,0.941772,1.7174,1.77415,0.843174
4,16.10315186,0.86918,6.86866e-05,6.86866e-05,0.0792783,0.0311359,0.91801,0.741164,0.790033,-0.0423628
4,16.52340019,1.5255,4.17354e-05,4.17354e-05,0.0492289,0.0186634,0.749737,1.38924,1.42224,0.683353
4,16.71442216,4.45233,3.32778e-05,3.32778e-05,0.0394575,0.0147592,0.677369,4.15668,4.19005,3.3474
4,16.88634193,0.354767,2.71418e-05,2.71418e-05,0.0322715,0.0119392,0.61486,0.303987,0.323795,-0.231966
4,17.0582617,2.1286,2.21371e-05,2.21371e-05,0.0263547,0.00965206,0.555112,1.98274,2.00176,1.41112
4,17.68863419,2.69623,1.04853e-05,1.04853e-05,0.0124274,0.00440961,0.36353,2.53468,2.54425,2.12991
