id,time,y10,popPred_medianCOV,popPred,indivPred_SAEM,indivPred_mean,indivPred_mode,indWRes_SAEM,indWRes_mean,indWRes_mode
1,0,0.780488,7.45038,7.45038,3.11671,3.14673,3.11974,-1.69609,-1.71789,-1.6983
1,0,1.59645,7.45038,7.45038,3.11671,3.14673,3.11974,-1.1037,-1.1255,-1.10591
1,0.667302193,5.67627,7.56608,7.56608,4.21767,4.24899,4.22411,1.05895,1.03621,1.05427
1,0.762631077,5.25055,7.56559,7.56559,4.37498,4.40649,4.38191,0.635663,0.612792,0.630636
1,1.029551954,3.22838,7.5439,7.5439,4.81548,4.8475,4.82377,-1.15223,-1.17548,-1.15825
1,1.18207817,7.3082,7.51983,7.51983,5.0672,5.0995,5.07626,1.62697,1.60352,1.62039
1,1.220209724,3.051,7.51269,7.51269,5.13013,5.16251,5.13938,-1.50945,-1.53295,-1.51617
1,1.258341277,5.32151,7.50514,7.50514,5.19306,5.22551,5.20251,0.0932566,0.0696963,0.0863939
1,1.258341277,5.74723,7.50514,7.50514,5.19306,5.22551,5.20251,0.40233,0.378769,0.395467
1,1.315538608,5.88914,7.49309,7.49309,5.28745,5.32001,5.29719,0.436824,0.413184,0.429749
1,1.315538608,6.38581,7.49309,7.49309,5.28745,5.32001,5.29719,0.797409,0.773769,0.790335
1,1.410867493,4.15078,7.47123,7.47123,5.44477,5.47752,5.455,-0.939441,-0.963213,-0.946869
1,1.448999047,3.37029,7.46192,7.46192,5.5077,5.54052,5.51813,-1.55176,-1.57559,-1.55933
1,1.468064824,8.17738,7.45715,7.45715,5.53917,5.57202,5.54969,1.91534,1.89149,1.90771
1,1.601525262,5.32151,7.42186,7.42186,5.75942,5.79253,5.77062,-0.317924,-0.341962,-0.326058
1,1.67778837,6.45676,7.40036,7.40036,5.88528,5.91853,5.89687,0.414897,0.390754,0.406481
1,1.754051478,4.15078,7.37802,7.37802,6.01114,6.04454,6.02312,-1.35062,-1.37487,-1.35932
1,1.754051478,4.61197,7.37802,7.37802,6.01114,6.04454,6.02312,-1.01579,-1.04004,-1.02449
1,1.754051478,8.15965,7.37802,7.37802,6.01114,6.04454,6.02312,1.55982,1.53557,1.55112
1,1.811248808,6.79379,7.36077,7.36077,6.10553,6.13904,6.1178,0.499676,0.475347,0.490769
1,1.982840801,3.29933,7.30688,7.30688,6.38872,6.42256,6.40185,-2.24289,-2.26746,-2.25243
1,1.982840801,6.38581,7.30688,7.30688,6.38872,6.42256,6.40185,-0.00211041,-0.0266774,-0.0116454
1,2.020972355,5.14412,7.29453,7.29453,6.45165,6.48556,6.46497,-0.949261,-0.97388,-0.958935
1,2.020972355,6.66962,7.29453,7.29453,6.45165,6.48556,6.46497,0.158251,0.133631,0.148577
1,2.097235462,7.20177,7.26947,7.26947,6.57751,6.61156,6.59122,0.453219,0.428493,0.443265
1,2.135367016,5.1796,7.25677,7.25677,6.64043,6.67457,6.65434,-1.06057,-1.08534,-1.07066
1,2.230695901,6.31486,7.22461,7.22461,6.79776,6.83207,6.81214,-0.350588,-0.375499,-0.36103
1,2.249761678,7.80488,7.21811,7.21811,6.82922,6.86357,6.8437,0.708325,0.683387,0.697813
1,2.249761678,7.48559,7.21811,7.21811,6.82922,6.86357,6.8437,0.47652,0.451582,0.466008
1,2.326024786,5.46341,7.19191,7.19191,6.95508,6.98958,6.96995,-1.08295,-1.10799,-1.09374
1,2.326024786,7.27273,7.19191,7.19191,6.95508,6.98958,6.96995,0.23061,0.205566,0.219819
1,2.364156339,6.13747,7.1787,7.1787,7.01801,7.05258,7.03307,-0.639272,-0.664369,-0.650202
1,2.402287893,5.74723,7.16541,7.16541,7.08094,7.11558,7.09619,-0.968276,-0.993426,-0.979345
1,2.440419447,6.03104,7.15206,7.15206,7.14387,7.17859,7.15931,-0.807914,-0.833117,-0.819122
1,2.459485224,8.15965,7.14536,7.14536,7.17534,7.21009,7.19087,0.714607,0.689379,0.70333
1,2.592945663,7.59202,7.09807,7.09807,7.39559,7.43059,7.41179,0.14261,0.117196,0.130847
1,2.66920877,8.12417,7.07076,7.07076,7.51404,7.53929,7.52665,0.442956,0.424619,0.433802
1,2.745471878,8.37251,7.04328,7.04328,7.58162,7.59049,7.58695,0.57418,0.567742,0.570315
1,2.745471878,7.41463,7.04328,7.04328,7.58162,7.59049,7.58695,-0.121235,-0.127672,-0.125099
1,2.764537655,5.67627,7.03638,7.03638,7.58926,7.59459,7.59298,-1.38882,-1.3927,-1.39153
1,2.802669209,5.8714,7.02256,7.02256,7.59508,7.59447,7.59611,-1.25139,-1.25095,-1.25214
1,2.974261201,5.92461,6.95992,6.95992,7.52983,7.51816,7.52611,-1.16538,-1.15692,-1.16269
1,2.974261201,7.62749,6.95992,6.95992,7.52983,7.51816,7.52611,0.0709075,0.0793759,0.0736069
1,2.974261201,6.68736,6.95992,6.95992,7.52983,7.51816,7.52611,-0.611629,-0.60316,-0.608929
1,3.012392755,6.102,6.94591,6.94591,7.50641,7.49418,7.50256,-1.0196,-1.01073,-1.01681
1,3.012392755,7.98226,6.94591,6.94591,7.50641,7.49418,7.50256,0.345469,0.354346,0.348263
1,3.088655863,6.77605,6.91782,6.91782,7.45687,7.44417,7.45309,-0.494274,-0.485052,-0.49153
1,3.16491897,6.31486,6.88962,6.88962,7.40571,7.39293,7.40221,-0.791963,-0.782684,-0.789417
1,3.203050524,7.48559,6.87549,6.87549,7.37988,7.36713,7.37655,0.0767404,0.0860034,0.0791637
1,3.241182078,8.37251,6.86134,6.86134,7.35397,7.34126,7.35081,0.739455,0.748687,0.741748
1,3.241182078,8.2306,6.86134,6.86134,7.35397,7.34126,7.35081,0.636431,0.645663,0.638724
1,3.241182078,6.95344,6.86134,6.86134,7.35397,7.34126,7.35081,-0.290789,-0.281556,-0.288495
1,3.317445186,4.82483,6.83297,6.83297,7.30202,7.28942,7.29924,-1.79844,-1.78929,-1.79642
1,3.317445186,8.08869,6.83297,6.83297,7.30202,7.28942,7.29924,0.571124,0.580272,0.573145
1,3.317445186,7.7694,6.83297,6.83297,7.30202,7.28942,7.29924,0.33932,0.348467,0.34134
1,3.35557674,5.96009,6.81875,6.81875,7.27601,7.26348,7.27342,-0.955358,-0.946259,-0.953477
1,3.35557674,5.39246,6.81875,6.81875,7.27601,7.26348,7.27342,-1.36746,-1.35836,-1.36557
1,3.393708294,8.2306,6.80452,6.80452,7.24999,7.23752,7.24759,0.711922,0.720971,0.713662
1,3.393708294,6.95344,6.80452,6.80452,7.24999,7.23752,7.24759,-0.215297,-0.206248,-0.213557
1,3.469971401,7.55654,6.77601,6.77601,7.19793,7.18561,7.19593,0.260349,0.269296,0.261807
1,3.469971401,7.27273,6.77601,6.77601,7.19793,7.18561,7.19593,0.0543005,0.0632469,0.0557581
1,3.508102955,9.15299,6.76173,6.76173,7.1719,7.15965,7.17009,1.43827,1.44717,1.43959
1,3.546234509,6.95344,6.74743,6.74743,7.14587,7.13369,7.14425,-0.139704,-0.130863,-0.13853
1,3.584366063,7.59202,6.73312,6.73312,7.11983,7.10773,7.11841,0.342807,0.351595,0.343839
1,3.698760724,8.33703,6.69011,6.69011,7.04173,7.02984,7.04089,0.94039,0.94902,0.940995
1,3.736892278,8.01774,6.67574,6.67574,7.01569,7.00388,7.01505,0.727487,0.736064,0.72795
1,3.775023832,5.49889,6.66137,6.66137,6.98965,6.97791,6.98921,-1.08229,-1.07377,-1.08197
1,3.775023832,7.00665,6.66137,6.66137,6.98965,6.97791,6.98921,0.0123406,0.020865,0.0126617
1,3.813155386,4.75388,6.64699,6.64699,6.96362,6.95195,6.96337,-1.60427,-1.5958,-1.60409
1,3.889418494,8.58537,6.61818,6.61818,6.91155,6.90002,6.91169,1.21519,1.22356,1.21509
1,3.908484271,8.85144,6.61098,6.61098,6.89853,6.88704,6.89877,1.41781,1.42615,1.41764
1,3.965681602,7.37916,6.58934,6.58934,6.85947,6.8481,6.86001,0.37729,0.38555,0.376901
1,3.965681602,5.81818,6.58934,6.58934,6.85947,6.8481,6.86001,-0.755978,-0.747718,-0.756367
1,3.965681602,6.63415,6.58934,6.58934,6.85947,6.8481,6.86001,-0.163588,-0.155328,-0.163977
1,4.003813155,6.84701,6.57491,6.57491,6.83344,6.82213,6.83417,0.00985035,0.0180575,0.00931941
1,4.003813155,6.98891,6.57491,6.57491,6.83344,6.82213,6.83417,0.112875,0.121082,0.112344
1,4.061010486,8.03548,6.55324,6.55324,6.79439,6.78319,6.79541,0.901032,0.90916,0.900289
1,4.156339371,8.26608,6.51709,6.51709,6.7293,6.71828,6.73081,1.1157,1.1237,1.1146
1,4.194470925,7.96452,6.50262,6.50262,6.70326,6.69232,6.70497,0.915676,0.923621,0.914437
1,4.232602479,7.1663,6.48813,6.48813,6.67723,6.66636,6.67913,0.355065,0.362957,0.353685
1,4.232602479,7.69845,6.48813,6.48813,6.67723,6.66636,6.67913,0.741407,0.749299,0.740026
1,4.289799809,8.07095,6.4664,6.4664,6.63817,6.62741,6.64037,1.0402,1.04801,1.03861
1,4.308865586,6.13747,6.45915,6.45915,6.62516,6.61443,6.62745,-0.354058,-0.346272,-0.355722
1,4.308865586,6.66962,6.45915,6.45915,6.62516,6.61443,6.62745,0.0322836,0.0400689,0.0306198
1,4.327931363,8.26608,6.4519,6.4519,6.61214,6.60145,6.61453,1.20076,1.20852,1.19902
1,4.327931363,5.78271,6.4519,6.4519,6.61214,6.60145,6.61453,-0.602168,-0.594409,-0.603902
1,4.327931363,6.26164,6.4519,6.4519,6.61214,6.60145,6.61453,-0.254461,-0.246702,-0.256195
1,4.34699714,7.62749,6.44465,6.44465,6.59912,6.58847,6.60161,0.7466,0.754332,0.744794
1,4.385128694,6.77605,6.43015,6.43015,6.57308,6.56251,6.57577,0.147355,0.155034,0.145408
1,4.423260248,6.91796,6.41563,6.41563,6.54705,6.53655,6.54993,0.269281,0.276907,0.267193
1,4.461391802,7.02439,6.40112,6.40112,6.52101,6.51058,6.52409,0.365451,0.373024,0.363221
1,4.499523356,7.52106,6.38659,6.38659,6.49498,6.48462,6.49825,0.744938,0.752458,0.742566
1,4.59485224,8.01774,6.35026,6.35026,6.42989,6.41972,6.43364,1.15278,1.16016,1.15005
1,4.652049571,7.66297,6.32845,6.32845,6.39084,6.38077,6.39488,0.923571,0.930876,0.920631
1,4.747378456,7.18404,6.29207,6.29207,6.32575,6.31587,6.33028,0.623118,0.63029,0.619824
1,4.766444233,4.36364,6.2848,6.2848,6.31273,6.30289,6.31736,-1.41504,-1.40789,-1.4184
1,4.804575786,4.75388,6.27024,6.27024,6.28669,6.27692,6.29152,-1.11282,-1.10573,-1.11633
1,4.880838894,8.01774,6.24111,6.24111,6.23462,6.225,6.23984,1.29454,1.30153,1.29075
1,4.957102002,5.07317,6.21196,6.21196,6.18255,6.17308,6.18816,-0.805408,-0.798531,-0.809483
1,4.995233556,3.5122,6.19739,6.19739,6.15651,6.14711,6.16232,-1.91977,-1.91295,-1.92399
1,4.995233556,6.88248,6.19739,6.19739,6.15651,6.14711,6.16232,0.527055,0.533879,0.522838
1,4.995233556,7.02439,6.19739,6.19739,6.15651,6.14711,6.16232,0.630079,0.636903,0.625862
1,4.995233556,7.27273,6.19739,6.19739,6.15651,6.14711,6.16232,0.810372,0.817196,0.806155
1,4.995233556,6.17295,6.19739,6.19739,6.15651,6.14711,6.16232,0.0119332,0.0187568,0.00771601
1,5.03336511,7.52106,6.18281,6.18281,6.13048,6.12115,6.13648,1.00957,1.01634,1.00521
1,5.03336511,5.46341,6.18281,6.18281,6.13048,6.12115,6.13648,-0.484286,-0.477517,-0.488646
1,5.071496663,5.96009,6.16822,6.16822,6.10444,6.09519,6.11064,-0.104799,-0.0980828,-0.109301
1,5.147759771,7.41463,6.13905,6.13905,6.05237,6.04326,6.05896,0.989005,0.995614,0.984218
1,5.147759771,5.28603,6.13905,6.13905,6.05237,6.04326,6.05896,-0.556361,-0.549752,-0.561147
1,5.224022879,5.07317,6.10986,6.10986,6.0003,5.99134,6.00728,-0.673093,-0.666591,-0.678164
1,5.300285987,7.94678,6.08067,6.08067,5.94823,5.93942,5.9556,1.45095,1.45735,1.4456
1,5.300285987,7.20177,6.08067,6.08067,5.94823,5.93942,5.9556,0.910076,0.916471,0.904721
1,5.319351764,2.44789,6.07337,6.07337,5.93521,5.92644,5.94268,-2.53179,-2.52542,-2.53722
1,5.319351764,6.56319,6.07337,6.07337,5.93521,5.92644,5.94268,0.455917,0.462286,0.450491
1,5.338417541,3.68958,6.06607,6.06607,5.92219,5.91345,5.92976,-1.62088,-1.61453,-1.62637
1,5.338417541,6.11973,6.06607,6.06607,5.92219,5.91345,5.92976,0.143417,0.149759,0.13792
1,5.338417541,5.74723,6.06607,6.06607,5.92219,5.91345,5.92976,-0.127022,-0.12068,-0.132519
1,5.376549094,5.46341,6.05146,6.05146,5.89615,5.88749,5.90392,-0.314169,-0.30788,-0.319808
1,5.395614871,6.03104,6.04416,6.04416,5.88314,5.87451,5.891,0.107379,0.113642,0.101669
1,5.452812202,6.97118,6.02225,6.02225,5.84408,5.83557,5.85224,0.818269,0.824451,0.812345
1,5.452812202,4.47007,6.02225,6.02225,5.84408,5.83557,5.85224,-0.997535,-0.991354,-1.00346
1,5.510009533,7.23725,6.00033,6.00033,5.80503,5.79662,5.81348,1.03979,1.04589,1.03366
1,5.52907531,6.75831,5.99303,5.99303,5.79201,5.78364,5.80056,0.701537,0.707611,0.695328
1,5.605338418,7.62749,5.9638,5.9638,5.73994,5.73172,5.74888,1.37037,1.37633,1.36387
1,5.605338418,6.56319,5.9638,5.9638,5.73994,5.73172,5.74888,0.597683,0.60365,0.591189
1,5.643469971,5.32151,5.94918,5.94918,5.7139,5.70576,5.72304,-0.284878,-0.278965,-0.291514
1,5.681601525,7.73392,5.93456,5.93456,5.68787,5.6798,5.6972,1.48544,1.4913,1.47866
1,5.681601525,5.56984,5.93456,5.93456,5.68787,5.6798,5.6972,-0.0856831,-0.079824,-0.0924615
1,5.738798856,3.26386,5.91263,5.91263,5.64881,5.64085,5.65844,-1.73148,-1.7257,-1.73847
1,5.757864633,6.35033,5.90532,5.90532,5.63579,5.62787,5.64552,0.518755,0.524507,0.511692
1,5.834127741,5.10865,5.87607,5.87607,5.58372,5.57595,5.59384,-0.344903,-0.339259,-0.352251
1,5.872259295,6.45676,5.86144,5.86144,5.55768,5.54998,5.568,0.652731,0.658321,0.64524
1,5.929456625,0.674058,5.8395,5.8395,5.51863,5.51104,5.52924,-3.51716,-3.51165,-3.52486
1,5.929456625,5.90687,5.8395,5.8395,5.51863,5.51104,5.52924,0.281865,0.287374,0.274161
1,5.948522402,5.46341,5.83219,5.83219,5.50561,5.49806,5.51632,-0.0306355,-0.025153,-0.0384102
1,5.986653956,4.1153,5.81756,5.81756,5.47958,5.4721,5.49048,-0.990465,-0.985036,-0.998382
1,6.02478551,5.1796,5.80292,5.80292,5.45354,5.44614,5.46464,-0.19888,-0.193505,-0.206939
1,6.062917064,3.97339,5.78829,5.78829,5.42751,5.42017,5.4388,-1.05569,-1.05036,-1.06389
1,6.081982841,3.77827,5.78097,5.78097,5.41449,5.40719,5.42588,-1.18789,-1.1826,-1.19616
1,6.101048618,4.93126,5.77366,5.77366,5.40147,5.39421,5.41296,-0.341369,-0.336101,-0.349712
1,6.139180172,6.35033,5.75902,5.75902,5.37543,5.36825,5.38712,0.707776,0.712992,0.699292
1,6.139180172,6.102,5.75902,5.75902,5.37543,5.36825,5.38712,0.527483,0.532699,0.518999
1,6.234509056,5.97783,5.72243,5.72243,5.31035,5.30334,5.32252,0.484591,0.489676,0.475753
1,6.253574833,5.81818,5.71511,5.71511,5.29733,5.29036,5.3096,0.378139,0.383198,0.36923
1,6.253574833,5.00222,5.71511,5.71511,5.29733,5.29036,5.3096,-0.214251,-0.209192,-0.22316
1,6.291706387,3.90244,5.70047,5.70047,5.27129,5.2644,5.28376,-0.993788,-0.988782,-1.00284
1,6.291706387,3.6541,5.70047,5.70047,5.27129,5.2644,5.28376,-1.17408,-1.16907,-1.18313
1,6.329837941,6.91796,5.68583,5.68583,5.24526,5.23844,5.25792,1.21438,1.21933,1.20519
1,6.329837941,4.15078,5.68583,5.68583,5.24526,5.23844,5.25792,-0.794594,-0.789641,-0.803786
1,6.348903718,6.4745,5.67851,5.67851,5.23224,5.22545,5.245,0.901881,0.906808,0.892617
1,6.367969495,6.03104,5.67119,5.67119,5.21922,5.21247,5.23208,0.589381,0.594281,0.580046
1,6.406101049,4.64745,5.65655,5.65655,5.19319,5.18651,5.20624,-0.396205,-0.391358,-0.405682
1,6.406101049,4.43459,5.65655,5.65655,5.19319,5.18651,5.20624,-0.550741,-0.545894,-0.560218
1,6.444232602,7.13082,5.6419,5.6419,5.16715,5.16055,5.1804,1.42562,1.43042,1.416
1,6.444232602,2.98004,5.6419,5.6419,5.16715,5.16055,5.1804,-1.58784,-1.58304,-1.59746
1,6.52049571,4.15078,5.61261,5.61261,5.11508,5.10862,5.12872,-0.700084,-0.695396,-0.709987
1,6.52049571,4.96674,5.61261,5.61261,5.11508,5.10862,5.12872,-0.107694,-0.103006,-0.117597
1,6.596758818,4.29268,5.58332,5.58332,5.06301,5.0567,5.07704,-0.559255,-0.554673,-0.569444
1,6.615824595,5.25055,5.576,5.576,5.04999,5.04371,5.06412,0.14561,0.150166,0.135351
1,6.634890372,5.03769,5.56868,5.56868,5.03697,5.03073,5.0512,0.000524577,0.00505398,-0.00980585
1,6.673021926,5.60532,5.55403,5.55403,5.01094,5.00477,5.02536,0.431524,0.436001,0.421051
1,6.749285033,3.58315,5.52473,5.52473,4.95886,4.95284,4.97368,-0.998769,-0.994398,-1.00953
1,6.787416587,4.5765,5.51008,5.51008,4.93283,4.92688,4.94784,-0.258697,-0.254379,-0.269596
1,6.787416587,5.00222,5.51008,5.51008,4.93283,4.92688,4.94784,0.0503765,0.0546944,0.0394769
1,6.863679695,5.92461,5.48078,5.48078,4.88076,4.87495,4.89616,0.757839,0.762051,0.746654
1,6.882745472,4.77162,5.47346,5.47346,4.86774,4.86197,4.88324,-0.0697832,-0.0655975,-0.0810392
1,6.95900858,5.12639,5.44415,5.44415,4.81567,4.81005,4.83156,0.225582,0.229662,0.21404
1,6.978074357,2.60754,5.43683,5.43683,4.80265,4.79707,4.81864,-1.59365,-1.5896,-1.60526
1,6.978074357,6.06652,5.43683,5.43683,4.80265,4.79707,4.81864,0.917569,0.921622,0.905956
1,6.978074357,4.00887,5.43683,5.43683,4.80265,4.79707,4.81864,-0.576284,-0.572231,-0.587897
1,6.978074357,3.90244,5.43683,5.43683,4.80265,4.79707,4.81864,-0.653553,-0.649499,-0.665165
1,6.978074357,3.68958,5.43683,5.43683,4.80265,4.79707,4.81864,-0.808089,-0.804036,-0.819702
1,7.01620591,5.55211,5.42217,5.42217,4.77661,4.7711,4.79281,0.563007,0.567008,0.551253
1,7.01620591,3.49446,5.42217,5.42217,4.77661,4.7711,4.79281,-0.930846,-0.926845,-0.942601
1,7.054337464,3.83149,5.40752,5.40752,4.75058,4.74514,4.76697,-0.667262,-0.663313,-0.679158
1,7.092469018,5.33925,5.39287,5.39287,4.72454,4.71918,4.74113,0.446273,0.45017,0.434235
1,7.092469018,4.64745,5.39287,5.39287,4.72454,4.71918,4.74113,-0.0559705,-0.0520742,-0.0680083
1,7.20686368,3.40576,5.3489,5.3489,4.64644,4.64129,4.66361,-0.90073,-0.896991,-0.913193
1,7.244995234,3.22838,5.33425,5.33425,4.62041,4.61533,4.63777,-1.01061,-1.00692,-1.02321
1,7.244995234,5.97783,5.33425,5.33425,4.62041,4.61533,4.63777,0.985488,0.989175,0.972883
1,7.283126787,3.86696,5.31959,5.31959,4.59437,4.58937,4.61193,-0.528099,-0.524465,-0.540844
1,7.321258341,2.87361,5.30494,5.30494,4.56834,4.5634,4.58609,-1.23037,-1.22679,-1.24326
1,7.321258341,5.32151,5.30494,5.30494,4.56834,4.5634,4.58609,0.546802,0.550383,0.533915
1,7.321258341,4.25721,5.30494,5.30494,4.56834,4.5634,4.58609,-0.225881,-0.222299,-0.238768
1,7.321258341,3.97339,5.30494,5.30494,4.56834,4.5634,4.58609,-0.431929,-0.428348,-0.444817
1,7.359389895,3.72506,5.29028,5.29028,4.5423,4.53744,4.56025,-0.593321,-0.589793,-0.60635
1,7.359389895,4.7184,5.29028,5.29028,4.5423,4.53744,4.56025,0.12785,0.131378,0.114821
1,7.397521449,4.07982,5.27562,5.27562,4.51627,4.51148,4.53441,-0.316858,-0.313384,-0.33003
1,7.435653003,3.97339,5.26097,5.26097,4.49023,4.48552,4.50857,-0.375225,-0.371804,-0.388538
1,7.473784557,3.29933,5.24631,5.24631,4.4642,4.45956,4.48273,-0.845689,-0.842321,-0.859145
1,7.473784557,5.88914,5.24631,5.24631,4.4642,4.45956,4.48273,1.03451,1.03787,1.02105
1,7.511916111,3.86696,5.23165,5.23165,4.43816,4.4336,4.45689,-0.41469,-0.411376,-0.428288
1,7.607244995,1.04656,5.19501,5.19501,4.37307,4.36869,4.39229,-2.41505,-2.41187,-2.429
1,7.607244995,2.55432,5.19501,5.19501,4.37307,4.36869,4.39229,-1.32041,-1.31723,-1.33437
1,7.626310772,4.1153,5.18768,5.18768,4.36006,4.35571,4.37937,-0.177693,-0.17454,-0.191718
1,7.626310772,3.97339,5.18768,5.18768,4.36006,4.35571,4.37937,-0.280718,-0.277564,-0.294742
1,7.664442326,4.7184,5.17302,5.17302,4.33402,4.32975,4.35353,0.279062,0.282162,0.264895
1,7.740705434,3.58315,5.1437,5.1437,4.28195,4.27783,4.30186,-0.50733,-0.504338,-0.521782
1,7.740705434,5.35698,5.1437,5.1437,4.28195,4.27783,4.30186,0.780475,0.783467,0.766023
1,7.778836988,3.22838,5.12904,5.12904,4.25591,4.25187,4.27602,-0.745989,-0.743051,-0.760584
1,7.797902765,4.27494,5.12171,5.12171,4.2429,4.23889,4.2631,0.0232665,0.0261776,0.00860021
1,7.912297426,5.42794,5.07773,5.07773,4.16479,4.161,4.18558,0.917044,0.919794,0.90195
1,7.931363203,4.86031,5.0704,5.0704,4.15177,4.14802,4.17266,0.514397,0.51712,0.499231
1,7.969494757,0.461197,5.05574,5.05574,4.12574,4.12206,4.14683,-2.66046,-2.65779,-2.67577
1,7.969494757,3.44124,5.05574,5.05574,4.12574,4.12206,4.14683,-0.496946,-0.494276,-0.512254
1,7.969494757,2.83814,5.05574,5.05574,4.12574,4.12206,4.14683,-0.9348,-0.932129,-0.950107
1,7.988560534,1.54324,5.04841,5.04841,4.11272,4.10908,4.13391,-1.86545,-1.8628,-1.88083
1,8.007626311,3.33481,5.04107,5.04107,4.09971,4.0961,4.12099,-0.555314,-0.552697,-0.570763
1,8.026692088,4.55876,5.03374,5.03374,4.08669,4.08312,4.10807,0.342721,0.345312,0.327201
1,8.083889418,3.86696,5.01175,5.01175,4.04764,4.04418,4.06931,-0.131172,-0.128661,-0.146905
1,8.083889418,2.55432,5.01175,5.01175,4.04764,4.04418,4.06931,-1.08415,-1.08164,-1.09988
1,8.141086749,1.38359,4.98976,4.98976,4.00859,4.00524,4.03055,-1.90575,-1.90332,-1.92169
1,8.160152526,1.84479,4.98243,4.98243,3.99557,3.99226,4.01764,-1.56147,-1.55906,-1.57749
1,8.236415634,4.00887,4.9531,4.9531,3.94351,3.94034,3.96596,0.0474533,0.0497521,0.0311518
1,8.236415634,2.16408,4.9531,4.9531,3.94351,3.94034,3.96596,-1.29186,-1.28956,-1.30816
1,8.236415634,4.7184,4.9531,4.9531,3.94351,3.94034,3.96596,0.562575,0.564874,0.546274
1,8.312678742,2.98004,4.92378,4.92378,3.89144,3.88842,3.91429,-0.661674,-0.659481,-0.678259
1,8.312678742,5.25055,4.92378,4.92378,3.89144,3.88842,3.91429,0.986716,0.988909,0.97013
1,8.331744519,1.20621,4.91645,4.91645,3.87842,3.87544,3.90137,-1.94003,-1.93786,-1.95669
1,8.350810296,4.00887,4.90912,4.90912,3.86541,3.86246,3.88845,0.104152,0.106293,0.0874245
1,8.350810296,3.47672,4.90912,4.90912,3.86541,3.86246,3.88845,-0.282189,-0.280049,-0.298917
1,8.369876072,2.80266,4.90179,4.90179,3.85239,3.84948,3.87553,-0.762105,-0.759991,-0.778904
1,8.408007626,2.19956,4.88712,4.88712,3.82636,3.82352,3.8497,-1.18106,-1.179,-1.198
1,8.465204957,2.30599,4.86513,4.86513,3.78731,3.78458,3.81094,-1.07544,-1.07346,-1.0926
1,8.465204957,5.32151,4.86513,4.86513,3.78731,3.78458,3.81094,1.11382,1.11581,1.09667
1,8.503336511,2.44789,4.85047,4.85047,3.76128,3.75862,3.78511,-0.95352,-0.95159,-0.970817
1,8.579599619,2.94457,4.82114,4.82114,3.70922,3.70671,3.73344,-0.555137,-0.553313,-0.572718
1,8.598665396,2.23503,4.81381,4.81381,3.6962,3.69373,3.72052,-1.06081,-1.05901,-1.07846
1,8.617731173,3.5122,4.80648,4.80648,3.68319,3.68075,3.7076,-0.124142,-0.122371,-0.141864
1,8.617731173,2.76718,4.80648,4.80648,3.68319,3.68075,3.7076,-0.665019,-0.663249,-0.682742
1,8.732125834,5.62306,4.76248,4.76248,3.6051,3.60288,3.6301,1.46504,1.46665,1.44689
1,8.751191611,3.08647,4.75515,4.75515,3.59208,3.5899,3.61718,-0.367072,-0.365487,-0.385292
1,8.808388942,3.90244,4.73316,4.73316,3.55304,3.55097,3.57843,0.253664,0.255169,0.235231
1,8.88465205,6.66962,4.70383,4.70383,3.50098,3.49905,3.52676,2.30043,2.30183,2.28172
1,8.903717827,7.02439,4.6965,4.6965,3.48797,3.48608,3.51385,2.56744,2.56881,2.54865
1,8.94184938,1.54324,4.68183,4.68183,3.46194,3.46012,3.48801,-1.39298,-1.39166,-1.41191
1,8.979980934,2.55432,4.66717,4.66717,3.43591,3.43417,3.46218,-0.640034,-0.638768,-0.659103
1,8.979980934,5.28603,4.66717,4.66717,3.43591,3.43417,3.46218,1.34318,1.34445,1.32412
1,9.037178265,1.17073,4.64517,4.64517,3.39687,3.39524,3.42343,-1.61618,-1.61499,-1.63546
1,9.075309819,4.15078,4.63051,4.63051,3.37085,3.36929,3.3976,0.566227,0.56736,0.546804
1,9.151572927,3.68958,4.60118,4.60118,3.3188,3.31739,3.34595,0.269185,0.270211,0.249478
1,9.151572927,1.38359,4.60118,4.60118,3.3188,3.31739,3.34595,-1.40496,-1.40394,-1.42467
1,9.208770257,1.11752,4.57918,4.57918,3.27977,3.27846,3.3072,-1.56979,-1.56885,-1.58971
1,9.246901811,1.72062,4.56452,4.56452,3.25374,3.25251,3.28138,-1.11305,-1.11215,-1.13311
1,9.304099142,4.15078,4.54252,4.54252,3.21471,3.21359,3.24264,0.679583,0.680396,0.659308
1,9.304099142,2.94457,4.54252,4.54252,3.21471,3.21359,3.24264,-0.196124,-0.195311,-0.216399
1,9.304099142,2.73171,4.54252,4.54252,3.21471,3.21359,3.24264,-0.350661,-0.349848,-0.370935
1,9.304099142,1.88027,4.54252,4.54252,3.21471,3.21359,3.24264,-0.968807,-0.967994,-0.989082
1,9.342230696,3.40576,4.52785,4.52785,3.18869,3.18764,3.21681,0.157595,0.158355,0.137179
1,9.342230696,2.51885,4.52785,4.52785,3.18869,3.18764,3.21681,-0.486307,-0.485547,-0.506723
1,9.456625357,4.39911,4.48386,4.48386,3.11064,3.10981,3.13934,0.935433,0.936034,0.914592
1,9.475691134,1.91574,4.47653,4.47653,3.09763,3.09684,3.12643,-0.85805,-0.857475,-0.878961
1,9.532888465,2.76718,4.45453,4.45453,3.05861,3.05792,3.0877,-0.211573,-0.211078,-0.232698
1,9.571020019,1.0643,4.43986,4.43986,3.03259,3.03198,3.06189,-1.42898,-1.42854,-1.45025
1,9.571020019,1.73836,4.43986,4.43986,3.03259,3.03198,3.06189,-0.939614,-0.939172,-0.96088
1,9.609151573,0.248337,4.4252,4.4252,3.00658,3.00605,3.03607,-2.00249,-2.0021,-2.02389
1,9.666348904,2.02217,4.4032,4.4032,2.96757,2.96714,2.99735,-0.686358,-0.686047,-0.707976
1,9.723546235,3.58315,4.3812,4.3812,2.92856,2.92824,2.95863,0.475232,0.475462,0.453402
1,9.742612011,4.54102,4.37387,4.37387,2.91556,2.91528,2.94572,1.18009,1.18029,1.15819
1,9.818875119,4.20399,4.34454,4.34454,2.86355,2.86342,2.8941,0.973159,0.973257,0.950978
1,9.87607245,4.96674,4.32254,4.32254,2.82455,2.82453,2.85539,1.55523,1.55525,1.53284
1,9.971401335,7.21951,4.28588,4.28588,2.75957,2.75972,2.79089,3.23792,3.23781,3.21518
1,9.990467112,3.1929,4.27854,4.27854,2.74657,2.74677,2.77799,0.324038,0.323897,0.301226
1,10.06673022,1.84479,4.24921,4.24921,2.6946,2.69494,2.7264,-0.616961,-0.617208,-0.640052
1,10.06673022,2.94457,4.24921,4.24921,2.6946,2.69494,2.7264,0.181478,0.18123,0.158387
1,10.14299333,1.02882,4.21988,4.21988,2.64264,2.64313,2.67483,-1.17163,-1.17198,-1.195
1,10.21925643,1.41907,4.19055,4.19055,2.59069,2.59133,2.62326,-0.850598,-0.851059,-0.874244
1,10.21925643,1.91574,4.19055,4.19055,2.59069,2.59133,2.62326,-0.490012,-0.490474,-0.513659
1,10.29551954,2.62528,4.16122,4.16122,2.53876,2.53954,2.57171,0.0628111,0.0622424,0.038888
1,10.3336511,0.31929,4.14656,4.14656,2.5128,2.51366,2.54594,-1.59249,-1.59311,-1.61655
1,10.3336511,0.709534,4.14656,4.14656,2.5128,2.51366,2.54594,-1.30917,-1.30979,-1.33323
1,10.3336511,1.84479,4.14656,4.14656,2.5128,2.51366,2.54594,-0.484977,-0.485599,-0.509038
1,10.3336511,2.80266,4.14656,4.14656,2.5128,2.51366,2.54594,0.210438,0.209815,0.186377
1,10.37178265,2.30599,4.13189,4.13189,2.48685,2.48778,2.52018,-0.131305,-0.131981,-0.155504
1,10.4099142,2.73171,4.11722,4.11722,2.4609,2.4619,2.49442,0.196607,0.195877,0.172271
1,10.44804576,3.4235,4.10256,4.10256,2.43496,2.43603,2.46866,0.717685,0.716903,0.693213
1,10.44804576,2.02217,4.10256,4.10256,2.43496,2.43603,2.46866,-0.29968,-0.300463,-0.324152
1,10.56244042,0,4.05856,4.05856,2.35716,2.35846,2.39143,-1.7113,-1.71224,-1.73618
1,10.60057197,3.29933,4.0439,4.0439,2.33124,2.33261,2.3657,0.702835,0.701839,0.677819
1,10.60057197,1.73836,4.0439,4.0439,2.33124,2.33261,2.3657,-0.430433,-0.431429,-0.455449
1,10.67683508,2.98004,4.01457,4.01457,2.27943,2.28095,2.31426,0.508648,0.507545,0.483362
1,10.71496663,1.73836,3.9999,3.9999,2.25353,2.25512,2.28854,-0.374016,-0.375172,-0.399435
1,10.73403241,3.37029,3.99257,3.99257,2.24059,2.24222,2.27569,0.820162,0.81898,0.794677
1,10.81029552,3.1929,3.96324,3.96324,2.18883,2.19061,2.2243,0.728954,0.727667,0.703205
1,10.88655863,6.42129,3.93391,3.93391,2.13712,2.13904,2.17295,3.1103,3.10891,3.08429
1,10.9056244,3.051,3.92658,3.92658,2.1242,2.12615,2.16012,0.672855,0.671436,0.646778
1,10.94375596,0.390244,3.91191,3.91191,2.09836,2.10039,2.13446,-1.2401,-1.24157,-1.2663
1,10.94375596,1.02882,3.91191,3.91191,2.09836,2.10039,2.13446,-0.776486,-0.777957,-0.802693
1,10.96282173,1.27716,3.90458,3.90458,2.08545,2.08752,2.12164,-0.586819,-0.588316,-0.613091
1,11.05815062,2.23503,3.86792,3.86792,2.02094,2.02318,2.05757,0.155433,0.153804,0.12884
1,11.05815062,1.95122,3.86792,3.86792,2.02094,2.02318,2.05757,-0.0506157,-0.0522446,-0.0772084
1,11.09628217,0.177384,3.85325,3.85325,1.99516,1.99747,2.03196,-1.3197,-1.32138,-1.34642
1,11.13441373,2.19956,3.83859,3.83859,1.96939,1.97178,2.00637,0.167099,0.165366,0.140254
1,11.22974261,2.53659,3.80193,3.80193,1.90506,1.90762,1.94246,0.458491,0.456628,0.431338
1,11.24880839,0.603104,3.79459,3.79459,1.8922,1.8948,1.92969,-0.935884,-0.937773,-0.963098
1,11.30600572,4.38137,3.7726,3.7726,1.85367,1.85638,1.8914,1.83511,1.83315,1.80772
1,11.3250715,0,3.76526,3.76526,1.84084,1.84358,1.87865,-1.33645,-1.33844,-1.3639
1,11.3250715,0.886918,3.76526,3.76526,1.84084,1.84358,1.87865,-0.692545,-0.694537,-0.719998
1,11.3250715,2.80266,3.76526,3.76526,1.84084,1.84358,1.87865,0.698284,0.696292,0.670831
1,11.36320305,1.45455,3.7506,3.7506,1.81519,1.818,1.85316,-0.261826,-0.263869,-0.289396
1,11.4013346,1.0643,3.73594,3.73594,1.78956,1.79245,1.8277,-0.526538,-0.528633,-0.554224
1,11.43946616,1.59645,3.72127,3.72127,1.76396,1.76692,1.80225,-0.12161,-0.123756,-0.149411
1,11.55386082,0.957871,3.67728,3.67728,1.68732,1.69049,1.72607,-0.529582,-0.531878,-0.557712
1,11.59199237,1.24169,3.66262,3.66262,1.66184,1.66507,1.70073,-0.305031,-0.307376,-0.333266
1,11.59199237,4.39911,3.66262,3.66262,1.66184,1.66507,1.70073,1.98726,1.98492,1.95903
1,11.63012393,2.87361,3.64795,3.64795,1.63639,1.63968,1.67542,0.898227,0.895833,0.869889
1,11.74451859,2.55432,3.60396,3.60396,1.56025,1.56375,1.59969,0.721696,0.719157,0.693064
1,11.8207817,1.70288,3.57464,3.57464,1.5097,1.51333,1.54939,0.140251,0.137616,0.111437
1,11.87797903,6.31486,3.55264,3.55264,1.47191,1.47563,1.51177,3.51598,3.51327,3.48704
1,11.8970448,1.80931,3.54531,3.54531,1.45934,1.46309,1.49925,0.254084,0.251356,0.225102
1,11.93517636,0.425721,3.53065,3.53065,1.43423,1.43805,1.47426,-0.732178,-0.734951,-0.761237
1,11.97330791,0.141907,3.51598,3.51598,1.40918,1.41306,1.44931,-0.92004,-0.922859,-0.949174
1,11.97330791,0.993348,3.51598,3.51598,1.40918,1.41306,1.44931,-0.301894,-0.304713,-0.331028
1,12.01143947,0.283814,3.50132,3.50132,1.38419,1.38813,1.42442,-0.798872,-0.801736,-0.828076
1,12.04957102,0.815965,3.48666,3.48666,1.35926,1.36326,1.39958,-0.394433,-0.397339,-0.423702
1,12.12583413,0.815965,3.45734,3.45734,1.3096,1.31372,1.35008,-0.35838,-0.361372,-0.387767
1,12.16396568,1.09978,3.44267,3.44267,1.28488,1.28906,1.32543,-0.134382,-0.137417,-0.16382
1,12.27836034,1.88027,3.39869,3.39869,1.21119,1.21553,1.2519,0.48575,0.482595,0.456193
1,12.3164919,0.10643,3.38403,3.38403,1.1868,1.1912,1.22755,-0.784347,-0.787541,-0.813932
1,12.3164919,0.851441,3.38403,3.38403,1.1868,1.1912,1.22755,-0.243469,-0.246663,-0.273054
1,12.3164919,1.41907,3.38403,3.38403,1.1868,1.1912,1.22755,0.168628,0.165434,0.139043
1,12.43088656,1.34812,3.34005,3.34005,1.11422,1.11877,1.15503,0.169808,0.166505,0.140182
1,12.46901811,0.780488,3.32539,3.32539,1.09024,1.09484,1.13105,-0.224881,-0.228217,-0.254505
1,12.58341277,0.266075,3.28141,3.28141,1.01903,1.02375,1.05976,-0.546645,-0.550072,-0.576214
1,12.58341277,2.87361,3.28141,3.28141,1.01903,1.02375,1.05976,1.34643,1.343,1.31686
1,12.60247855,4.87805,3.27408,3.27408,1.00727,1.01202,1.04798,2.81018,2.80674,2.78063
1,12.73593899,2.23503,3.22277,3.22277,0.926006,0.930867,0.966452,0.950354,0.946824,0.92099
1,12.8122021,1.56098,3.19345,3.19345,0.880444,0.885361,0.920661,0.494066,0.490496,0.464868
1,12.92659676,1.63193,3.14948,3.14948,0.81346,0.81844,0.853212,0.594208,0.590593,0.565348
1,12.96472831,4.32816,3.13483,3.13483,0.791527,0.796522,0.83109,2.56759,2.56397,2.53887
1,12.96472831,1.27716,3.13483,3.13483,0.791527,0.796522,0.83109,0.35257,0.348945,0.323848
1,13.04099142,0.674058,3.10551,3.10551,0.748305,0.753319,0.787433,-0.0539039,-0.0575439,-0.0823103
1,13.15538608,1.73836,3.06155,3.06155,0.685212,0.690229,0.723543,0.764584,0.760942,0.736756
1,13.19351764,1.9867,3.0469,3.0469,0.664681,0.669691,0.702707,0.959783,0.956146,0.932176
1,13.26978074,0.745011,3.01759,3.01759,0.624421,0.629407,0.661775,0.0875481,0.0839289,0.0604293
1,13.3079123,0.0709534,3.00294,3.00294,0.604711,0.609679,0.641698,-0.387508,-0.391114,-0.41436
1,13.34604385,0.567627,2.98828,2.98828,0.585291,0.590238,0.621892,-0.012824,-0.0164156,-0.0393957
1,13.49857007,1.09978,2.92968,2.92968,0.510699,0.515527,0.545546,0.427672,0.424166,0.402372
1,13.53670162,0.709534,2.91503,2.91503,0.492863,0.497652,0.527222,0.157303,0.153827,0.132358
1,13.57483317,1.70288,2.90038,2.90038,0.475368,0.480113,0.509219,0.891175,0.88773,0.866599
1,13.61296473,4.1153,2.88573,2.88573,0.45822,0.462918,0.491545,2.65504,2.65163,2.63085
1,13.89895138,2.46563,2.77589,2.77589,0.341282,0.34551,0.370125,1.54228,1.53921,1.52134
1,13.99428027,4.89579,2.73929,2.73929,0.307071,0.311101,0.334258,3.33141,3.32848,3.31167
1,13.99428027,1.27716,2.73929,2.73929,0.307071,0.311101,0.334258,0.704286,0.70136,0.684548
1,14.0514776,1.91574,2.71733,2.71733,0.287714,0.291618,0.313881,1.18195,1.17911,1.16295
1,14.2993327,0.886918,2.6222,2.6222,0.213884,0.217209,0.235546,0.488622,0.486208,0.472896
1,14.2993327,0.638581,2.6222,2.6222,0.213884,0.217209,0.235546,0.30833,0.305916,0.292603
1,14.37559581,1.0643,2.59293,2.59293,0.194369,0.197508,0.214655,0.631571,0.629292,0.616843
1,14.45185891,1.27716,2.56368,2.56368,0.176292,0.179246,0.195226,0.799231,0.797087,0.785485
1,14.48999047,0.425721,2.54905,2.54905,0.167778,0.170639,0.186047,0.187266,0.185189,0.174003
1,14.56625357,0.709534,2.5198,2.5198,0.151761,0.154438,0.168729,0.404943,0.403,0.392625
1,14.60438513,1.84479,2.50518,2.50518,0.144244,0.14683,0.160577,1.2346,1.23272,1.22274
1,14.60438513,1.9867,2.50518,2.50518,0.144244,0.14683,0.160577,1.33762,1.33574,1.32576
1,14.90943756,1.27716,2.38826,2.38826,0.0947704,0.0966833,0.106508,0.858416,0.857027,0.849894
1,15.02383222,0.638581,2.34445,2.34445,0.0805256,0.0822137,0.0907867,0.405148,0.403922,0.397698
1,15.36701621,0.10643,2.21314,2.21314,0.0487412,0.0498722,0.0554174,0.0418822,0.0410611,0.0370353
1,15.40514776,0.638581,2.19857,2.19857,0.04605,0.0471295,0.0524017,0.430177,0.429394,0.425566
1,15.55767398,0.496674,2.1403,2.1403,0.0366338,0.0375248,0.041819,0.333989,0.333342,0.330225
1,15.90085796,1.13525,2.00941,2.00941,0.0217309,0.0223021,0.0249661,0.808418,0.808004,0.806069
1,15.97712107,0.567627,1.98037,1.98037,0.0193293,0.0198453,0.0222356,0.398064,0.39769,0.395954
1,16.01525262,0.674058,1.96586,1.96586,0.0182278,0.0187181,0.0209817,0.476132,0.475776,0.474133
1,16.2821735,1.09978,1.86444,1.86444,0.0120662,0.012408,0.0139478,0.789679,0.789431,0.788313
1,16.32030505,1.31264,1.84998,1.84998,0.0113735,0.0116976,0.0131542,0.944718,0.944483,0.943425
1,16.47283127,0.922395,1.79219,1.79219,0.00897381,0.00923355,0.0104013,0.663143,0.662955,0.662107
1,16.54909438,0.141907,1.76335,1.76335,0.00796887,0.00820267,0.00924672,0.097239,0.0970692,0.0963112
1,16.62535748,0,1.73454,1.73454,0.00707565,0.00728762,0.0082191,-0.00513692,-0.00529081,-0.00596706
1,16.89227836,0.851441,1.634,1.634,0.00466349,0.00480945,0.00543677,0.61476,0.614655,0.614199
1,17.04480458,1.0643,1.57678,1.57678,0.0036734,0.00379136,0.00429098,0.770016,0.76993,0.769567
1,17.57864633,0.425721,1.37834,1.37834,0.00159073,0.00164589,0.00187074,0.307918,0.307878,0.307715
1,18.03622498,2.37694,1.21133,1.21133,0.000775412,0.000804021,0.000917094,1.7251,1.72507,1.72499
1,19.04671115,1.56098,0.85966,0.85966,0.000158395,0.000165004,0.000189682,1.13315,1.13315,1.13313
2,0.000224299,0.556237,7.45045,7.45045,5.24952,nan,5.25747,-3.40732,nan,-3.41309
2,0.045084112,2.87935,7.46457,7.46457,5.23862,nan,5.24662,-1.71283,nan,-1.71864
2,0.067514019,2.97751,7.47131,7.47131,5.23317,nan,5.2412,-1.63761,nan,-1.64344
2,0.134803738,4.05726,7.49024,7.49024,5.21682,nan,5.22493,-0.841838,nan,-0.847731
2,0.157233645,3.27198,7.49611,7.49611,5.21137,nan,5.21951,-1.40799,nan,-1.4139
2,0.269383178,3.40286,7.52205,7.52205,5.18411,nan,5.1924,-1.29319,nan,-1.2992
2,0.426392523,2.01227,7.54846,7.54846,5.14596,nan,5.15444,-2.27506,nan,-2.28121
2,0.426392523,4.13906,7.54846,7.54846,5.14596,nan,5.15444,-0.731008,nan,-0.737164
2,0.51611215,4.90798,7.55825,7.55825,5.12416,nan,5.13275,-0.156947,nan,-0.163184
2,0.650691589,3.81186,7.56574,7.56574,5.09145,nan,5.10021,-0.928983,nan,-0.935343
2,0.650691589,3.5501,7.56574,7.56574,5.09145,nan,5.10021,-1.11902,nan,-1.12538
2,0.673121495,2.86299,7.56617,7.56617,5.086,nan,5.09479,-1.61391,nan,-1.62029
2,0.762841121,3.09202,7.56559,7.56559,5.0642,nan,5.0731,-1.4318,nan,-1.43826
2,0.807700935,5.51329,7.56396,7.56396,5.0533,nan,5.06225,0.333956,nan,0.327454
2,0.897420561,4.25358,7.55818,7.55818,5.03149,nan,5.04056,-0.564767,nan,-0.571351
2,0.9198504669999999,3.01022,7.55622,7.55622,5.02604,nan,5.03514,-1.46348,nan,-1.47009
2,0.9198504669999999,4.79346,7.55622,7.55622,5.02604,nan,5.03514,-0.168859,nan,-0.175464
2,0.96471028,5.97137,7.55172,7.55172,5.01514,nan,5.0243,0.694221,nan,0.687575
2,0.96471028,4.98978,7.55172,7.55172,5.01514,nan,5.0243,-0.0184171,nan,-0.0250628
2,0.9871401869999999,3.51738,7.54919,7.54919,5.00969,nan,5.01887,-1.08342,nan,-1.09008
2,0.9871401869999999,4.07362,7.54919,7.54919,5.00969,nan,5.01887,-0.679589,nan,-0.686255
2,1.054429907,3.3865,7.5405,7.5405,4.99334,nan,5.00261,-1.16656,nan,-1.17329
2,1.121719626,3.1411,7.53025,7.53025,4.97699,nan,4.98634,-1.33285,nan,-1.33964
2,1.211439252,4.30266,7.51437,7.51437,4.95519,nan,4.96465,-0.473735,nan,-0.480604
2,1.278728972,5.20245,7.50094,7.50094,4.93883,nan,4.94838,0.191388,nan,0.184457
2,1.323588785,5.48057,7.49133,7.49133,4.92793,nan,4.93753,0.401216,nan,0.394245
2,1.346018692,4.10634,7.48633,7.48633,4.92248,nan,4.93211,-0.592519,nan,-0.599511
2,1.390878505,7.00204,7.47599,7.47599,4.91158,nan,4.92127,1.51768,nan,1.51064
2,1.413308411,5.10429,7.47064,7.47064,4.90613,nan,4.91584,0.143867,nan,0.136815
2,1.435738318,7.62372,7.46519,7.46519,4.90068,nan,4.91042,1.97693,nan,1.96986
2,1.480598131,5.79141,7.45398,7.45398,4.88978,nan,4.89958,0.654585,nan,0.647472
2,1.480598131,5.62781,7.45398,7.45398,4.88978,nan,4.89958,0.535812,nan,0.528699
2,1.503028037,4.76074,7.44822,7.44822,4.88433,nan,4.89415,-0.0897275,nan,-0.0968611
2,1.660037383,6.11861,7.40544,7.40544,4.84617,nan,4.8562,0.923788,nan,0.916512
2,1.660037383,4.92434,7.40544,7.40544,4.84617,nan,4.8562,0.0567456,nan,0.0494697
2,1.727327103,4.05726,7.38593,7.38593,4.82982,nan,4.83993,-0.560879,nan,-0.568217
2,1.817046729,6.51125,7.359,7.359,4.80802,nan,4.81824,1.23654,nan,1.22913
2,1.884336449,5.07157,7.33818,7.33818,4.79167,nan,4.80197,0.203214,nan,0.195734
2,1.929196262,3.58282,7.32404,7.32404,4.78076,nan,4.79112,-0.869706,nan,-0.877226
2,1.951626168,6.31493,7.3169,7.3169,4.77531,nan,4.7857,1.11776,nan,1.11022
2,1.974056075,5.62781,7.30971,7.30971,4.76986,nan,4.78028,0.62287,nan,0.61531
2,1.996485981,1.68507,7.30247,7.30247,4.76441,nan,4.77485,-2.2356,nan,-2.24318
2,2.041345794,6.72393,7.28788,7.28788,4.75351,nan,4.76401,1.43052,nan,1.4229
2,2.131065421,4.97342,7.25821,7.25821,4.73171,nan,4.74232,0.175478,nan,0.167776
2,2.153495327,6.21677,7.2507,7.2507,4.72626,nan,4.7369,1.08211,nan,1.07439
2,2.175925234,6.49489,7.24316,7.24316,4.72081,nan,4.73147,1.28798,nan,1.28024
2,2.243214953,2.94479,7.22035,7.22035,4.70446,nan,4.7152,-1.27752,nan,-1.28532
2,2.310504673,4.23722,7.19727,7.19727,4.68811,nan,4.69894,-0.327344,nan,-0.335207
2,2.377794393,5.12065,7.17395,7.17395,4.67175,nan,4.68267,0.325902,nan,0.317977
2,2.422654206,3.58282,7.15829,7.15829,4.66085,nan,4.67182,-0.78265,nan,-0.790616
2,2.422654206,7.80368,7.15829,7.15829,4.66085,nan,4.67182,2.28169,nan,2.27373
2,2.422654206,5.21881,7.15829,7.15829,4.66085,nan,4.67182,0.40508,nan,0.397114
2,2.512373832,4.95706,7.1267,7.1267,4.63905,nan,4.65013,0.230871,nan,0.222824
2,2.534803738,7.0184,7.11876,7.11876,4.6336,nan,4.64471,1.73137,nan,1.7233
2,2.534803738,5.62781,7.11876,7.11876,4.6336,nan,4.64471,0.721797,nan,0.71373
2,2.534803738,4.51534,7.11876,7.11876,4.6336,nan,4.64471,-0.0858588,nan,-0.093926
2,2.669383178,5.54601,7.0707,7.0707,4.6009,nan,4.61218,0.686154,nan,0.677964
2,2.669383178,5.05521,7.0707,7.0707,4.6009,nan,4.61218,0.329835,nan,0.321645
2,2.669383178,4.35174,7.0707,7.0707,4.6009,nan,4.61218,-0.180889,nan,-0.189078
2,2.736672897,3.48466,7.04646,7.04646,4.58455,nan,4.59591,-0.798515,nan,-0.806765
2,2.826392523,5.95501,7.01394,7.01394,4.56274,nan,4.57422,1.01079,nan,1.00245
2,2.91611215,3.10838,6.98122,6.98122,4.54094,nan,4.55253,-1.04004,nan,-1.04845
2,2.91611215,5.75869,6.98122,6.98122,4.54094,nan,4.55253,0.884086,nan,0.875674
2,2.960971963,5.05521,6.96479,6.96479,4.53004,nan,4.54168,0.381277,nan,0.372823
2,2.960971963,3.69734,6.96479,6.96479,4.53004,nan,4.54168,-0.604539,nan,-0.612992
2,2.983401869,5.66053,6.95656,6.95656,4.52459,nan,4.53626,0.824694,nan,0.81622
2,3.005831776,2.68303,6.94832,6.94832,4.51914,nan,4.53084,-1.33302,nan,-1.34151
2,3.005831776,4.7771,6.94832,6.94832,4.51914,nan,4.53084,0.187277,nan,0.178783
2,3.050691589,3.41922,6.93182,6.93182,4.50824,nan,4.51999,-0.790625,nan,-0.799159
2,3.050691589,6.26585,6.93182,6.93182,4.50824,nan,4.51999,1.27602,nan,1.26749
2,3.050691589,5.31697,6.93182,6.93182,4.50824,nan,4.51999,0.587141,nan,0.578607
2,3.095551402,4.07362,6.91527,6.91527,4.49734,nan,4.50915,-0.307619,nan,-0.316194
2,3.140411215,5.90593,6.8987,6.8987,4.48644,nan,4.4983,1.03055,nan,1.02194
2,3.162841121,3.25562,6.89039,6.89039,4.48099,nan,4.49288,-0.889614,nan,-0.898248
2,3.162841121,5.49693,6.89039,6.89039,4.48099,nan,4.49288,0.737576,nan,0.728941
2,3.252560748,5.39877,6.85711,6.85711,4.45919,nan,4.47119,0.68214,nan,0.673424
2,3.297420561,4.76074,6.84043,6.84043,4.44829,nan,4.46035,0.226839,nan,0.218083
2,3.319850467,5.67689,6.83207,6.83207,4.44284,nan,4.45492,0.895925,nan,0.887148
2,3.319850467,4.1227,6.83207,6.83207,4.44284,nan,4.45492,-0.232419,nan,-0.241195
2,3.387140187,6.05317,6.80698,6.80698,4.42648,nan,4.43866,1.18097,nan,1.17214
2,3.409570093,6.51125,6.7986,6.7986,4.42103,nan,4.43323,1.51749,nan,1.50864
2,3.409570093,5.00613,6.7986,6.7986,4.42103,nan,4.43323,0.424783,nan,0.415926
2,3.432,6.87117,6.79021,6.79021,4.41558,nan,4.42781,1.78275,nan,1.77387
2,3.432,3.3047,6.79021,6.79021,4.41558,nan,4.42781,-0.806499,nan,-0.815377
2,3.454429907,3.97546,6.78182,6.78182,4.41013,nan,4.42239,-0.315573,nan,-0.324471
2,3.454429907,4.4499,6.78182,6.78182,4.41013,nan,4.42239,0.028869,nan,0.0199709
2,3.476859813,4.5317,6.77343,6.77343,4.40468,nan,4.41697,0.0922125,nan,0.0832941
2,3.521719626,5.56237,6.75662,6.75662,4.39378,nan,4.40612,0.848396,nan,0.839437
2,3.521719626,3.45194,6.75662,6.75662,4.39378,nan,4.40612,-0.683775,nan,-0.692734
2,3.544149533,7.31288,6.74821,6.74821,4.38833,nan,4.4007,2.12322,nan,2.11424
2,3.633869159,4.90798,6.71452,6.71452,4.36653,nan,4.37901,0.39309,nan,0.384028
2,3.656299065,4.02454,6.70609,6.70609,4.36108,nan,4.37359,-0.244327,nan,-0.253409
2,3.678728972,4.56442,6.69765,6.69765,4.35563,nan,4.36817,0.15158,nan,0.142479
2,3.723588785,3.5501,6.68076,6.68076,4.34473,nan,4.35732,-0.576898,nan,-0.58604
2,3.723588785,3.23926,6.68076,6.68076,4.34473,nan,4.35732,-0.802567,nan,-0.811709
2,3.813308411,6.05317,6.64693,6.64693,4.32293,nan,4.33563,1.25616,nan,1.24693
2,3.903028037,4.22086,6.61304,6.61304,4.30112,nan,4.31394,-0.0582726,nan,-0.0675777
2,3.925457944,3.53374,6.60456,6.60456,4.29567,nan,4.30852,-0.553162,nan,-0.562487
2,3.925457944,3.41922,6.60456,6.60456,4.29567,nan,4.30852,-0.636303,nan,-0.645629
2,3.94788785,3.9591,6.59607,6.59607,4.29022,nan,4.3031,-0.240395,nan,-0.249741
2,3.970317757,3.20654,6.58759,6.58759,4.28477,nan,4.29767,-0.782794,nan,-0.79216
2,3.992747664,5.12065,6.5791,6.5791,4.27932,nan,4.29225,0.610807,nan,0.60142
2,3.992747664,3.01022,6.5791,6.5791,4.27932,nan,4.29225,-0.921365,nan,-0.930751
2,4.037607477,2.61759,6.56211,6.56211,4.26842,nan,4.28141,-1.19851,nan,-1.20793
2,4.060037383,4.59714,6.55361,6.55361,4.26297,nan,4.27598,0.242604,nan,0.233157
2,4.08246729,5.51329,6.54511,6.54511,4.25752,nan,4.27056,0.911689,nan,0.902222
2,4.104897196,1.71779,6.5366,6.5366,4.25207,nan,4.26514,-1.83989,nan,-1.84937
2,4.104897196,3.3047,6.5366,6.5366,4.25207,nan,4.26514,-0.687789,nan,-0.697276
2,4.127327103,6.10225,6.5281,6.5281,4.24662,nan,4.25972,1.34719,nan,1.33768
2,4.172186916,4.10634,6.51107,6.51107,4.23572,nan,4.24887,-0.0939305,nan,-0.103479
2,4.239476636,2.71575,6.48552,6.48552,4.21937,nan,4.23261,-1.09163,nan,-1.10124
2,4.261906542,4.40082,6.477,6.477,4.21392,nan,4.22718,0.135688,nan,0.126059
2,4.261906542,4.97342,6.477,6.477,4.21392,nan,4.22718,0.551394,nan,0.541765
2,4.351626168,3.69734,6.44289,6.44289,4.19212,nan,4.20549,-0.359208,nan,-0.368918
2,4.351626168,4.87526,6.44289,6.44289,4.19212,nan,4.20549,0.495958,nan,0.486247
2,4.418915888,5.88957,6.41729,6.41729,4.17577,nan,4.18923,1.24422,nan,1.23445
2,4.418915888,6.59305,6.41729,6.41729,4.17577,nan,4.18923,1.75494,nan,1.74517
2,4.418915888,2.97751,6.41729,6.41729,4.17577,nan,4.18923,-0.869938,nan,-0.87971
2,4.486205607,4.30266,6.39166,6.39166,4.15942,nan,4.17296,0.103994,nan,0.0941613
2,4.486205607,4.1227,6.39166,6.39166,4.15942,nan,4.17296,-0.0266566,nan,-0.036489
2,4.508635514,4.84254,6.38312,6.38312,4.15397,nan,4.16754,0.499901,nan,0.490049
2,4.531065421,5.52965,6.37457,6.37457,4.14852,nan,4.16212,1.0027,nan,0.992832
2,4.531065421,2.81391,6.37457,6.37457,4.14852,nan,4.16212,-0.968927,nan,-0.9788
2,4.575925234,6.56033,6.35748,6.35748,4.13762,nan,4.15127,1.75889,nan,1.74897
2,4.66564486,1.43967,6.32326,6.32326,4.11581,nan,4.12958,-1.94288,nan,-1.95287
2,4.66564486,3.07566,6.32326,6.32326,4.11581,nan,4.12958,-0.755148,nan,-0.765143
2,4.66564486,4.0409,6.32326,6.32326,4.11581,nan,4.12958,-0.054388,nan,-0.0643828
2,4.66564486,3.8773,6.32326,6.32326,4.11581,nan,4.12958,-0.173161,nan,-0.183156
2,4.732934579,3.45194,6.29759,6.29759,4.09946,nan,4.11331,-0.4701,nan,-0.480156
2,4.755364486,3.94274,6.28903,6.28903,4.09401,nan,4.10789,-0.109824,nan,-0.1199
2,4.800224299,4.80982,6.2719,6.2719,4.08311,nan,4.09705,0.527586,nan,0.51747
2,4.889943925,3.27198,6.23763,6.23763,4.06131,nan,4.07536,-0.573052,nan,-0.58325
2,4.912373832,3.56646,6.22906,6.22906,4.05586,nan,4.06994,-0.355304,nan,-0.365522
2,4.912373832,2.37219,6.22906,6.22906,4.05586,nan,4.06994,-1.22235,nan,-1.23257
2,4.934803738,3.41922,6.22049,6.22049,4.05041,nan,4.06451,-0.458243,nan,-0.468481
2,4.934803738,4.41718,6.22049,6.22049,4.05041,nan,4.06451,0.266272,nan,0.256034
2,4.957233645,4.64622,6.21191,6.21191,4.04496,nan,4.05909,0.436511,nan,0.426252
2,5.002093458,3.9591,6.19476,6.19476,4.03406,nan,4.04825,-0.0544218,nan,-0.0647211
2,5.002093458,4.49898,6.19476,6.19476,4.03406,nan,4.04825,0.337529,nan,0.32723
2,5.024523364,3.59918,6.18619,6.18619,4.02861,nan,4.04283,-0.311766,nan,-0.322085
2,5.024523364,4.13906,6.18619,6.18619,4.02861,nan,4.04283,0.0801852,nan,0.0698657
2,5.069383178,5.38241,6.16903,6.16903,4.01771,nan,4.03198,0.990773,nan,0.980413
2,5.114242991,1.91411,6.15187,6.15187,4.00681,nan,4.02114,-1.5193,nan,-1.5297
2,5.114242991,6.11861,6.15187,6.15187,4.00681,nan,4.02114,1.53317,nan,1.52276
2,5.114242991,2.83027,6.15187,6.15187,4.00681,nan,4.02114,-0.854171,nan,-0.864572
2,5.18153271,1.97955,6.12613,6.12613,3.99046,nan,4.00487,-1.45992,nan,-1.47038
2,5.226392523,5.02249,6.10896,6.10896,3.97956,nan,3.99403,0.75717,nan,0.746668
2,5.271252336,3.82822,6.09178,6.09178,3.96866,nan,3.98318,-0.101959,nan,-0.112502
2,5.293682243,4.90798,6.0832,6.0832,3.96321,nan,3.97776,0.685899,nan,0.675336
2,5.360971963,4.10634,6.05743,6.05743,3.94686,nan,3.96149,0.115782,nan,0.105158
2,5.360971963,2.73211,6.05743,6.05743,3.94686,nan,3.96149,-0.881911,nan,-0.892535
2,5.405831776,5.18609,6.04025,6.04025,3.93596,nan,3.95065,0.907597,nan,0.896933
2,5.405831776,3.10838,6.04025,6.04025,3.93596,nan,3.95065,-0.60082,nan,-0.611484
2,5.428261682,7.47648,6.03166,6.03166,3.93051,nan,3.94523,2.57438,nan,2.56369
2,5.428261682,4.51534,6.03166,6.03166,3.93051,nan,3.94523,0.424584,nan,0.4139
2,5.450691589,3.6319,6.02306,6.02306,3.92506,nan,3.93981,-0.212833,nan,-0.223538
2,5.517981308,4.8589,5.99728,5.99728,3.90871,nan,3.92354,0.689834,nan,0.679069
2,5.517981308,6.08589,5.99728,5.99728,3.90871,nan,3.92354,1.58063,nan,1.56987
2,5.540411215,2.96115,5.98868,5.98868,3.90326,nan,3.91812,-0.683975,nan,-0.694761
2,5.652560748,4.6953,5.9457,5.9457,3.87601,nan,3.89101,0.594801,nan,0.583914
2,5.652560748,4.51534,5.9457,5.9457,3.87601,nan,3.89101,0.464151,nan,0.453264
2,5.652560748,3.66462,5.9457,5.9457,3.87601,nan,3.89101,-0.153468,nan,-0.164356
2,5.652560748,2.56851,5.9457,5.9457,3.87601,nan,3.89101,-0.949247,nan,-0.960134
2,5.719850467,3.89366,5.9199,5.9199,3.85966,nan,3.87474,0.0246838,nan,0.0137357
2,5.719850467,3.2229,5.9199,5.9199,3.85966,nan,3.87474,-0.462285,nan,-0.473234
2,5.876859813,3.59918,5.85968,5.85968,3.82151,nan,3.83679,-0.161411,nan,-0.172501
2,5.921719626,1.86503,5.84247,5.84247,3.81061,nan,3.82594,-1.41249,nan,-1.42362
2,5.966579439,2.66667,5.82526,5.82526,3.79971,nan,3.8151,-0.822591,nan,-0.833762
2,5.989009346,4.80982,5.81665,5.81665,3.79426,nan,3.80968,0.737291,nan,0.7261
2,5.989009346,4.6135,5.81665,5.81665,3.79426,nan,3.80968,0.594764,nan,0.583572
2,5.989009346,4.0409,5.81665,5.81665,3.79426,nan,3.80968,0.179058,nan,0.167867
2,5.989009346,3.3047,5.81665,5.81665,3.79426,nan,3.80968,-0.35542,nan,-0.366611
2,6.011439252,2.84663,5.80805,5.80805,3.78881,nan,3.80426,-0.684028,nan,-0.695239
2,6.101158879,1.76687,5.77361,5.77361,3.76701,nan,3.78257,-1.4521,nan,-1.4634
2,6.101158879,3.0593,5.77361,5.77361,3.76701,nan,3.78257,-0.513797,nan,-0.52509
2,6.123588785,3.97546,5.76501,5.76501,3.76156,nan,3.77715,0.155288,nan,0.143975
2,6.146018692,3.59918,5.7564,5.7564,3.75611,nan,3.77173,-0.113933,nan,-0.125266
2,6.235738318,1.91411,5.72196,5.72196,3.73432,nan,3.75004,-1.32147,nan,-1.33288
2,6.235738318,5.56237,5.72196,5.72196,3.73432,nan,3.75004,1.32717,nan,1.31575
2,6.280598131,5.26789,5.70473,5.70473,3.72342,nan,3.73919,1.12129,nan,1.10984
2,6.280598131,4.22086,5.70473,5.70473,3.72342,nan,3.73919,0.361143,nan,0.349688
2,6.280598131,3.86094,5.70473,5.70473,3.72342,nan,3.73919,0.0998422,nan,0.0883875
2,6.370317757,2.96115,5.67029,5.67029,3.70162,nan,3.71751,-0.537584,nan,-0.549119
2,6.392747664,4.58078,5.66167,5.66167,3.69617,nan,3.71209,0.642225,nan,0.630669
2,6.41517757,6.75665,5.65306,5.65306,3.69072,nan,3.70666,2.22586,nan,2.21429
2,6.437607477,4.76074,5.64445,5.64445,3.68527,nan,3.70124,0.780788,nan,0.769192
2,6.460037383,5.88957,5.63583,5.63583,3.67982,nan,3.69582,1.60428,nan,1.59266
2,6.48246729,4.98978,5.62722,5.62722,3.67437,nan,3.6904,0.954983,nan,0.943346
2,6.504897196,4.25358,5.6186,5.6186,3.66892,nan,3.68498,0.424461,nan,0.412804
2,6.527327103,1.93047,5.60999,5.60999,3.66347,nan,3.67956,-1.25816,nan,-1.26984
2,6.527327103,5.61145,5.60999,5.60999,3.66347,nan,3.67956,1.41423,nan,1.40256
2,6.527327103,0.670757,5.60999,5.60999,3.66347,nan,3.67956,-2.17271,nan,-2.18439
2,6.639476636,3.56646,5.56691,5.56691,3.63622,nan,3.65245,-0.0506477,nan,-0.0624265
2,6.639476636,3.3865,5.56691,5.56691,3.63622,nan,3.65245,-0.181298,nan,-0.193077
2,6.639476636,3.25562,5.56691,5.56691,3.63622,nan,3.65245,-0.276316,nan,-0.288095
2,6.661906542,2.71575,5.5583,5.5583,3.63078,nan,3.64703,-0.664311,nan,-0.67611
2,6.818915888,3.99182,5.49798,5.49798,3.59263,nan,3.60908,0.289812,nan,0.277871
2,6.886205607,3.77914,5.47213,5.47213,3.57628,nan,3.59281,0.147275,nan,0.135274
2,6.886205607,3.20654,5.47213,5.47213,3.57628,nan,3.59281,-0.26843,nan,-0.280431
2,6.931065421,2.01227,5.45489,5.45489,3.56538,nan,3.58197,-1.12756,nan,-1.1396
2,6.953495327,4.25358,5.44627,5.44627,3.55994,nan,3.57655,0.503585,nan,0.491523
2,6.953495327,3.61554,5.44627,5.44627,3.55994,nan,3.57655,0.0403705,nan,0.0283086
2,6.99835514,1.76687,5.42903,5.42903,3.54904,nan,3.56571,-1.29385,nan,-1.30595
2,6.99835514,2.19223,5.42903,5.42903,3.54904,nan,3.56571,-0.985042,nan,-0.997145
2,7.06564486,3.01022,5.40318,5.40318,3.53269,nan,3.54944,-0.379309,nan,-0.391472
2,7.088074766,4.54806,5.39456,5.39456,3.52724,nan,3.54402,0.741112,nan,0.728929
2,7.110504673,1.96319,5.38594,5.38594,3.52179,nan,3.5386,-1.13154,nan,-1.14375
2,7.132934579,3.7955,5.37732,5.37732,3.51634,nan,3.53318,0.202669,nan,0.190445
2,7.177794393,2.42127,5.36008,5.36008,3.50545,nan,3.52234,-0.787113,nan,-0.799376
2,7.200224299,3.17382,5.35146,5.35146,3.5,nan,3.51692,-0.236801,nan,-0.249085
2,7.222654206,4.1227,5.34283,5.34283,3.49455,nan,3.5115,0.456038,nan,0.443734
2,7.267514019,4.71166,5.32559,5.32559,3.48365,nan,3.50065,0.891532,nan,0.879188
2,7.334803738,3.3865,5.29973,5.29973,3.4673,nan,3.48439,-0.0586614,nan,-0.071066
2,7.379663551,3.92638,5.28249,5.28249,3.45641,nan,3.47355,0.341201,nan,0.328756
2,7.402093458,1.32515,5.27387,5.27387,3.45096,nan,3.46813,-1.54333,nan,-1.5558
2,7.402093458,5.54601,5.27387,5.27387,3.45096,nan,3.46813,1.52101,nan,1.50854
2,7.424523364,5.85685,5.26524,5.26524,3.44551,nan,3.46271,1.75063,nan,1.73815
2,7.424523364,6.72393,5.26524,5.26524,3.44551,nan,3.46271,2.38013,nan,2.36764
2,7.446953271,4.7771,5.25662,5.25662,3.44006,nan,3.45729,0.970687,nan,0.958182
2,7.446953271,4.64622,5.25662,5.25662,3.44006,nan,3.45729,0.875669,nan,0.863164
2,7.469383178,3.68098,5.248,5.248,3.43461,nan,3.45186,0.178864,nan,0.166339
2,7.536672897,1.83231,5.22213,5.22213,3.41827,nan,3.4356,-1.1514,nan,-1.16399
2,7.536672897,4.22086,5.22213,5.22213,3.41827,nan,3.4356,0.582682,nan,0.570096
2,7.536672897,5.00613,5.22213,5.22213,3.41827,nan,3.4356,1.15279,nan,1.14021
2,7.64882243,2.38855,5.17902,5.17902,3.39102,nan,3.4085,-0.727798,nan,-0.740484
2,7.64882243,2.56851,5.17902,5.17902,3.39102,nan,3.4085,-0.597148,nan,-0.609834
2,7.671252336,3.56646,5.1704,5.1704,3.38558,nan,3.40308,0.131323,nan,0.118617
2,7.671252336,3.32106,5.1704,5.1704,3.38558,nan,3.40308,-0.0468363,nan,-0.0595429
2,7.805831776,3.82822,5.11866,5.11866,3.35289,nan,3.37055,0.345093,nan,0.332265
2,7.895551402,3.3047,5.08417,5.08417,3.33109,nan,3.34887,-0.0191589,nan,-0.0320671
2,7.917981308,2.14315,5.07554,5.07554,3.32564,nan,3.34345,-0.858492,nan,-0.87142
2,7.940411215,2.97751,5.06692,5.06692,3.3202,nan,3.33803,-0.248794,nan,-0.261743
2,7.962841121,2.86299,5.05829,5.05829,3.31475,nan,3.33261,-0.32798,nan,-0.340948
2,8.030130841,4.25358,5.03242,5.03242,3.2984,nan,3.31635,0.693456,nan,0.680428
2,8.030130841,3.7955,5.03242,5.03242,3.2984,nan,3.31635,0.360892,nan,0.347863
2,8.052560748,3.68098,5.0238,5.0238,3.29296,nan,3.31093,0.281706,nan,0.268657
2,8.052560748,2.07771,5.0238,5.0238,3.29296,nan,3.31093,-0.882269,nan,-0.895318
2,8.097420561,1.94683,5.00655,5.00655,3.28206,nan,3.30009,-0.969377,nan,-0.982466
2,8.142280374,3.40286,4.9893,4.9893,3.27117,nan,3.28925,0.0956122,nan,0.0824831
2,8.16471028,4.1227,4.98068,4.98068,3.26572,nan,3.28383,0.622168,nan,0.609019
2,8.232,4.35174,4.9548,4.9548,3.24937,nan,3.26757,0.800316,nan,0.787106
2,8.232,1.25971,4.9548,4.9548,3.24937,nan,3.26757,-1.44449,nan,-1.4577
2,8.254429907,3.3047,4.94618,4.94618,3.24393,nan,3.26215,0.0441235,nan,0.0308934
2,8.344149533,0.916155,4.91168,4.91168,3.22214,nan,3.24047,-1.67414,nan,-1.68745
2,8.366579439,3.94274,4.90305,4.90305,3.21669,nan,3.23505,0.527113,nan,0.513781
2,8.389009346,3.58282,4.89443,4.89443,3.21124,nan,3.22963,0.269767,nan,0.256415
2,8.411439252,6.08589,4.8858,4.8858,3.20579,nan,3.22421,2.09095,nan,2.07758
2,8.411439252,2.47035,4.8858,4.8858,3.20579,nan,3.22421,-0.533934,nan,-0.547307
2,8.456299065,3.69734,4.86855,4.86855,3.1949,nan,3.21338,0.364773,nan,0.351359
2,8.478728972,3.33742,4.85993,4.85993,3.18945,nan,3.20796,0.107427,nan,0.0939932
2,8.501158879,4.33538,4.8513,4.8513,3.184,nan,3.20254,0.835897,nan,0.822443
2,8.501158879,0.834356,4.8513,4.8513,3.184,nan,3.20254,-1.70584,nan,-1.7193
2,8.501158879,3.48466,4.8513,4.8513,3.184,nan,3.20254,0.218278,nan,0.204823
2,8.523588785,4.02454,4.84268,4.84268,3.17856,nan,3.19712,0.614183,nan,0.600708
2,8.635738318,2.17587,4.79955,4.79955,3.15132,nan,3.17002,-0.708178,nan,-0.721755
2,8.658168224,1.94683,4.79093,4.79093,3.14587,nan,3.1646,-0.870506,nan,-0.884103
2,8.658168224,3.10838,4.79093,4.79093,3.14587,nan,3.1646,-0.0272175,nan,-0.0408147
2,8.703028037,1.75051,4.77367,4.77367,3.13498,nan,3.15377,-1.00512,nan,-1.01876
2,8.725457944,1.14519,4.76505,4.76505,3.12953,nan,3.14835,-1.44063,nan,-1.45429
2,8.792747664,2.56851,4.73917,4.73917,3.11319,nan,3.13209,-0.395442,nan,-0.409161
2,8.904897196,6.90389,4.69604,4.69604,3.08596,nan,3.105,2.77181,nan,2.75799
2,8.904897196,1.06339,4.69604,4.69604,3.08596,nan,3.105,-1.46838,nan,-1.4822
2,8.904897196,2.83027,4.69604,4.69604,3.08596,nan,3.105,-0.185636,nan,-0.199455
2,8.927327103,3.53374,4.68742,4.68742,3.08052,nan,3.09958,0.329042,nan,0.315203
2,8.972186916,2.30675,4.67017,4.67017,3.06962,nan,3.08874,-0.553848,nan,-0.567727
2,8.972186916,3.27198,4.67017,4.67017,3.06962,nan,3.08874,0.146913,nan,0.133034
2,8.972186916,3.89366,4.67017,4.67017,3.06962,nan,3.08874,0.59825,nan,0.584371
2,9.017046729,3.04294,4.65291,4.65291,3.05873,nan,3.07791,-0.0114622,nan,-0.0253814
2,9.039476636,2.48671,4.64429,4.64429,3.05329,nan,3.07249,-0.411337,nan,-0.425276
2,9.061906542,4.84254,4.63566,4.63566,3.04784,nan,3.06707,1.30295,nan,1.28899
2,9.106766355,1.57055,4.61841,4.61841,3.03695,nan,3.05623,-1.0646,nan,-1.0786
2,9.106766355,3.61554,4.61841,4.61841,3.03695,nan,3.05623,0.420057,nan,0.406058
2,9.129196262,1.29243,4.60978,4.60978,3.0315,nan,3.05082,-1.26257,nan,-1.27658
2,9.174056075,4.41718,4.59253,4.59253,3.02061,nan,3.03998,1.01391,nan,0.999845
2,9.196485981,3.43558,4.5839,4.5839,3.01517,nan,3.03456,0.305221,nan,0.291141
2,9.241345794,3.73006,4.56665,4.56665,3.00428,nan,3.02373,0.526919,nan,0.512799
2,9.286205607,2.55215,4.5494,4.5494,2.99339,nan,3.01289,-0.32034,nan,-0.334501
2,9.286205607,3.27198,4.5494,4.5494,2.99339,nan,3.01289,0.202261,nan,0.1881
2,9.308635514,1.35787,4.54077,4.54077,2.98794,nan,3.00747,-1.18343,nan,-1.19761
2,9.331065421,3.10838,4.53215,4.53215,2.9825,nan,3.00206,0.0913943,nan,0.0771934
2,9.375925234,5.54601,4.51489,4.51489,2.97161,nan,2.99122,1.86902,nan,1.85478
2,9.39835514,4.26994,4.50627,4.50627,2.96616,nan,2.98581,0.946541,nan,0.93228
2,9.420785047,7.39468,4.49764,4.49764,2.96072,nan,2.98039,3.21906,nan,3.20478
2,9.443214953,2.38855,4.48902,4.48902,2.95527,nan,2.97497,-0.411442,nan,-0.425744
2,9.443214953,2.84663,4.48902,4.48902,2.95527,nan,2.97497,-0.0788776,nan,-0.0931793
2,9.443214953,4.15542,4.48902,4.48902,2.95527,nan,2.97497,0.871306,nan,0.857005
2,9.510504673,4.89162,4.46314,4.46314,2.93894,nan,2.95872,1.41764,nan,1.40328
2,9.532934579,0.719836,4.45451,4.45451,2.93349,nan,2.9533,-1.60712,nan,-1.6215
2,9.532934579,4.40082,4.45451,4.45451,2.93349,nan,2.9533,1.06528,nan,1.05089
2,9.645084112,3.41922,4.41138,4.41138,2.90627,nan,2.92622,0.372401,nan,0.357918
2,9.645084112,2.68303,4.41138,4.41138,2.90627,nan,2.92622,-0.162078,nan,-0.17656
2,9.667514019,1.42331,4.40275,4.40275,2.90083,nan,2.92081,-1.07268,nan,-1.08718
2,9.667514019,2.48671,4.40275,4.40275,2.90083,nan,2.92081,-0.300653,nan,-0.315155
2,9.734803738,3.25562,4.37687,4.37687,2.8845,nan,2.90456,0.269436,nan,0.254874
2,9.846953271,2.42127,4.33374,4.33374,2.85728,nan,2.87748,-0.316547,nan,-0.331209
2,9.869383178,2.78119,4.32511,4.32511,2.85184,nan,2.87206,-0.0512947,nan,-0.0659773
2,9.959102804,1.79959,4.29061,4.29061,2.83007,nan,2.8504,-0.748127,nan,-0.762889
2,9.959102804,3.1411,4.29061,4.29061,2.83007,nan,2.8504,0.225812,nan,0.211049
2,10.00396262,2.61759,4.27335,4.27335,2.81918,nan,2.83957,-0.146359,nan,-0.161162
2,10.02639252,2.35583,4.26473,4.26473,2.81374,nan,2.83416,-0.332445,nan,-0.347268
2,10.07125234,2.04499,4.24747,4.24747,2.80286,nan,2.82333,-0.550212,nan,-0.565074
2,10.13854206,2.53579,4.22159,4.22159,2.78653,nan,2.80709,-0.18204,nan,-0.196963
2,10.16097196,3.01022,4.21297,4.21297,2.78109,nan,2.80167,0.166352,nan,0.151409
2,10.18340187,5.33e-15,4.20434,4.20434,2.77565,nan,2.79626,-2.01512,nan,-2.03008
2,10.20583178,3.40286,4.19571,4.19571,2.77021,nan,2.79084,0.459308,nan,0.444326
2,10.2731215,2.35583,4.16984,4.16984,2.75388,nan,2.7746,-0.288988,nan,-0.30403
2,10.2731215,3.9591,4.16984,4.16984,2.75388,nan,2.7746,0.874987,nan,0.859945
2,10.31798131,2.74847,4.15258,4.15258,2.743,nan,2.76378,0.00396764,nan,-0.0111147
2,10.40770093,5.87321,4.11808,4.11808,2.72124,nan,2.74212,2.28833,nan,2.27317
2,10.40770093,2.30675,4.11808,4.11808,2.72124,nan,2.74212,-0.30092,nan,-0.316082
2,10.40770093,3.7955,4.11808,4.11808,2.72124,nan,2.74212,0.779914,nan,0.764752
2,10.40770093,3.35378,4.11808,4.11808,2.72124,nan,2.74212,0.459227,nan,0.444065
2,10.40770093,3.01022,4.11808,4.11808,2.72124,nan,2.74212,0.209804,nan,0.194642
2,10.47499065,2.53579,4.0922,4.0922,2.70492,nan,2.72589,-0.122789,nan,-0.138011
2,10.49742056,3.19018,4.08357,4.08357,2.69948,nan,2.72047,0.356252,nan,0.34101
2,10.51985047,4.46626,4.07494,4.07494,2.69404,nan,2.71506,1.28663,nan,1.27137
2,10.54228037,3.51738,4.06632,4.06632,2.6886,nan,2.70965,0.601696,nan,0.586415
2,10.632,1.86503,4.03181,4.03181,2.66684,nan,2.688,-0.582115,nan,-0.597476
2,10.65442991,1.01431,4.02318,4.02318,2.6614,nan,2.68259,-1.19579,nan,-1.21117
2,10.92358879,2.53579,3.91967,3.91967,2.59615,nan,2.61766,-0.0438234,nan,-0.0594418
2,10.94601869,4.15542,3.91104,3.91104,2.59071,nan,2.61225,1.13598,nan,1.12034
2,11.03573832,0.327198,3.87654,3.87654,2.56897,nan,2.59062,-1.62752,nan,-1.64324
2,11.03573832,1.50511,3.87654,3.87654,2.56897,nan,2.59062,-0.772359,nan,-0.788076
2,11.03573832,2.38855,3.87654,3.87654,2.56897,nan,2.59062,-0.130985,nan,-0.146702
2,11.08059813,1.66871,3.85928,3.85928,2.5581,nan,2.5798,-0.645693,nan,-0.66145
2,11.14788785,1.42331,3.83341,3.83341,2.54179,nan,2.56358,-0.812015,nan,-0.82783
2,11.17031776,2.19223,3.82478,3.82478,2.53636,nan,2.55817,-0.249836,nan,-0.265671
2,11.19274766,1.79959,3.81615,3.81615,2.53092,nan,2.55276,-0.530946,nan,-0.546801
2,11.26003738,2.58487,3.79028,3.79028,2.51462,nan,2.53654,0.0510006,nan,0.0350866
2,11.28246729,1.47239,3.78165,3.78165,2.50918,nan,2.53113,-0.752711,nan,-0.768644
2,11.3048972,3.25562,3.77302,3.77302,2.50375,nan,2.52572,0.54586,nan,0.529906
2,11.39461682,2.91207,3.73852,3.73852,2.48202,nan,2.5041,0.312214,nan,0.296182
2,11.43947664,2.45399,3.72127,3.72127,2.47115,nan,2.49329,-0.0124621,nan,-0.0285331
2,11.46190654,2.06135,3.71264,3.71264,2.46572,nan,2.48788,-0.293574,nan,-0.309664
2,11.48433645,1.93047,3.70402,3.70402,2.46029,nan,2.48248,-0.384648,nan,-0.400758
2,11.52919626,2.71575,3.68677,3.68677,2.44943,nan,2.47167,0.193349,nan,0.177199
2,11.52919626,4.38446,3.68677,3.68677,2.44943,nan,2.47167,1.40483,nan,1.38868
2,11.64134579,0.359918,3.64364,3.64364,2.42227,nan,2.44465,-1.49727,nan,-1.51352
2,11.91050467,0.834356,3.54013,3.54013,2.35713,nan,2.37983,-1.10553,nan,-1.12201
2,11.93293458,2.15951,3.53151,3.53151,2.35171,nan,2.37443,-0.139534,nan,-0.156033
2,11.93293458,0.687117,3.53151,3.53151,2.35171,nan,2.37443,-1.20849,nan,-1.22499
2,11.97779439,1.11247,3.51426,3.51426,2.34085,nan,2.36363,-0.891803,nan,-0.90834
2,12.02265421,1.73415,3.49701,3.49701,2.33,nan,2.35283,-0.432588,nan,-0.449164
2,12.04508411,3.69734,3.48838,3.48838,2.32458,nan,2.34744,0.996626,nan,0.980031
2,12.11237383,1.96319,3.46251,3.46251,2.3083,nan,2.33124,-0.250553,nan,-0.267206
2,12.17966355,1.45603,3.43664,3.43664,2.29203,nan,2.31505,-0.606937,nan,-0.623647
2,12.24695327,2.84663,3.41077,3.41077,2.27577,nan,2.29886,0.414443,nan,0.397675
2,12.26938318,2.61759,3.40214,3.40214,2.27035,nan,2.29347,0.252097,nan,0.23531
2,12.38153271,3.28834,3.35902,3.35902,2.24324,nan,2.2665,0.758742,nan,0.74186
2,12.42639252,1.89775,3.34177,3.34177,2.23241,nan,2.25571,-0.242959,nan,-0.259879
2,12.42639252,1.60327,3.34177,3.34177,2.23241,nan,2.25571,-0.456751,nan,-0.473671
2,12.47125234,2.09407,3.32453,3.32453,2.22157,nan,2.24493,-0.0925644,nan,-0.109522
2,12.47125234,1.06339,3.32453,3.32453,2.22157,nan,2.24493,-0.840834,nan,-0.857792
2,12.51611215,3.32106,3.30728,3.30728,2.21073,nan,2.23414,0.806099,nan,0.789103
2,12.53854206,2.20859,3.29866,3.29866,2.20532,nan,2.22875,0.00237553,nan,-0.0146392
2,12.60583178,1.93047,3.27279,3.27279,2.18907,nan,2.21258,-0.187742,nan,-0.204814
2,12.6955514,0.736196,3.2383,3.2383,2.16741,nan,2.19103,-1.03906,nan,-1.05621
2,12.91985047,1.79959,3.15208,3.15208,2.1133,nan,2.13717,-0.227753,nan,-0.245085
2,12.91985047,0.916155,3.15208,3.15208,2.1133,nan,2.13717,-0.869127,nan,-0.886459
2,12.98714019,4.33538,3.12621,3.12621,2.09708,nan,2.12103,1.62501,nan,1.60762
2,13.05442991,1.66871,3.10035,3.10035,2.08086,nan,2.10488,-0.299218,nan,-0.316661
2,13.05442991,4.5317,3.10035,3.10035,2.08086,nan,2.10488,1.77931,nan,1.76187
2,13.18900935,0.458078,3.04863,3.04863,2.04844,nan,2.07261,-1.1546,nan,-1.17215
2,13.23386916,2.38855,3.03139,3.03139,2.03763,nan,2.06186,0.254764,nan,0.237175
2,13.25629907,0.539877,3.02277,3.02277,2.03223,nan,2.05648,-1.08345,nan,-1.10106
2,13.30115888,3.58282,3.00553,3.00553,2.02143,nan,2.04574,1.13357,nan,1.11592
2,13.3908785,2.02863,2.97106,2.97106,1.99984,nan,2.02425,0.0208985,nan,0.00318314
2,13.41330841,3.76278,2.96244,2.96244,1.99445,nan,2.01887,1.28381,nan,1.26608
2,13.41330841,4.08998,2.96244,2.96244,1.99445,nan,2.01887,1.52136,nan,1.50362
2,13.45816822,2.65031,2.9452,2.9452,1.98366,nan,2.00813,0.483986,nan,0.466217
2,13.48059813,0.556237,2.93658,2.93658,1.97826,nan,2.00276,-1.03239,nan,-1.05018
2,13.52545794,2.14315,2.91935,2.91935,1.96748,nan,1.99203,0.127536,nan,0.109714
2,13.74975701,1.40695,2.83319,2.83319,1.9136,nan,1.93839,-0.367824,nan,-0.385823
2,13.81704673,0.997955,2.80734,2.80734,1.89745,nan,1.92231,-0.653032,nan,-0.671083
2,13.99648598,0.719836,2.73844,2.73844,1.85442,nan,1.87948,-0.82371,nan,-0.841898
2,14.0637757,1.55419,2.71261,2.71261,1.8383,nan,1.86343,-0.206265,nan,-0.224504
2,14.24321495,0.0981595,2.64373,2.64373,1.79536,nan,1.82067,-1.23217,nan,-1.25054
2,14.24321495,2.43763,2.64373,2.64373,1.79536,nan,1.82067,0.466284,nan,0.447911
2,14.31050467,2.78119,2.61791,2.61791,1.77928,nan,1.80465,0.727385,nan,0.708963
2,14.4002243,2.87935,2.58348,2.58348,1.75785,nan,1.78331,0.814208,nan,0.795722
2,14.4002243,4.05726,2.58348,2.58348,1.75785,nan,1.78331,1.66937,nan,1.65089
2,14.44508411,0.196319,2.56628,2.56628,1.74714,nan,1.77265,-1.12589,nan,-1.14441
2,14.44508411,1.01431,2.56628,2.56628,1.74714,nan,1.77265,-0.53203,nan,-0.550548
2,14.44508411,1.37423,2.56628,2.56628,1.74714,nan,1.77265,-0.270729,nan,-0.289247
2,14.53480374,2.73211,2.53186,2.53186,1.72574,nan,1.75133,0.730625,nan,0.712044
2,14.64695327,1.22699,2.48886,2.48886,1.69901,nan,1.72471,-0.342684,nan,-0.361343
2,14.87125234,1.79959,2.40289,2.40289,1.64566,nan,1.67157,0.111752,nan,0.0929417
2,14.98340187,0.179959,2.35993,2.35993,1.61904,nan,1.64505,-1.04478,nan,-1.06366
2,15.02826168,1.79959,2.34275,2.34275,1.60841,nan,1.63446,0.138798,nan,0.119887
2,15.0955514,1.86503,2.31699,2.31699,1.59247,nan,1.61857,0.197881,nan,0.178928
2,15.25256075,3.68098,2.25691,2.25691,1.55533,nan,1.58157,1.54322,nan,1.52417
2,15.27499065,0.572597,2.24833,2.24833,1.55003,nan,1.57629,-0.709617,nan,-0.72868
2,15.29742056,1.68507,2.23975,2.23975,1.54474,nan,1.57101,0.101884,nan,0.0828086
2,15.38714019,1.86503,2.20545,2.20545,1.52357,nan,1.54992,0.2479,nan,0.228773
2,15.47685981,0.883436,2.17116,2.17116,1.50244,nan,1.52885,-0.449395,nan,-0.468571
2,15.52171963,2.81391,2.15403,2.15403,1.49188,nan,1.51833,0.959789,nan,0.940588
2,15.90302804,1.66871,2.00858,2.00858,1.40253,nan,1.42925,0.193244,nan,0.173852
2,16.08246729,1.81595,1.94029,1.94029,1.36074,nan,1.38756,0.330482,nan,0.311012
2,16.26190654,2.56851,1.87213,1.87213,1.31913,nan,1.34604,0.907048,nan,0.887508
2,16.30676636,1.97955,1.85511,1.85511,1.30876,nan,1.33569,0.486996,nan,0.46744
3,0,0.620408,7.45038,7.45038,5.93715,5.94279,6.50926,-3.85995,-3.86405,-4.27531
3,2.018691589,4.5551,7.29527,7.29527,5.45425,5.45704,6.03309,-0.652778,-0.654807,-1.07302
3,2.041121495,2.61224,7.28795,7.28795,5.44888,5.45164,6.02779,-2.0594,-2.0614,-2.47969
3,3.005607477,5.24082,6.94841,6.94841,5.21816,5.21956,5.80029,0.0164504,0.0154311,-0.406179
3,3.857943925,3.72245,6.63008,6.63008,5.01427,5.01447,5.59925,-0.937859,-0.938006,-1.36255
3,4.014953271,2.1551,6.57069,6.57069,4.97671,4.97669,5.56221,-2.04848,-2.04847,-2.47356
3,4.014953271,3.2,6.57069,6.57069,4.97671,4.97669,5.56221,-1.28989,-1.28988,-1.71496
3,4.037383178,5.01224,6.56219,6.56219,4.97134,4.97129,5.55692,0.0296956,0.0297325,-0.395434
3,4.351401869,3.82041,6.44298,6.44298,4.89622,4.89573,5.48285,-0.781042,-0.780684,-1.20693
3,5.001869159,3.11837,6.19485,6.19485,4.74063,4.73922,5.32942,-1.17776,-1.17674,-1.60522
3,5.136448598,5.8449,6.14338,6.14338,4.70843,4.70683,5.29767,0.825073,0.826235,0.397285
3,5.226168224,1.94286,6.10904,6.10904,4.68697,4.68524,5.27651,-1.99223,-1.99097,-2.42023
3,5.45046729,4.81633,6.02315,6.02315,4.63332,4.63127,5.2236,0.132864,0.134348,-0.295682
3,5.876635514,3.59184,5.85977,5.85977,4.53138,4.52873,5.12308,-0.682105,-0.680184,-1.11168
3,5.943925234,4.70204,5.83395,5.83395,4.51528,4.51254,5.10721,0.135588,0.137578,-0.294151
3,6.011214953,4.3102,5.80813,5.80813,4.49918,4.49635,5.09134,-0.137199,-0.13514,-0.567102
3,6.03364486,6.33469,5.79952,5.79952,4.49382,4.49095,5.08605,1.33648,1.33856,0.906519
3,6.347663551,4.60408,5.67898,5.67898,4.4187,4.41539,5.01198,0.134584,0.136988,-0.296131
3,6.841121495,5.12653,5.48945,5.48945,4.30067,4.29666,4.89558,0.599576,0.602486,0.167671
3,6.908411215,6.12245,5.46359,5.46359,4.28457,4.28047,4.87971,1.3343,1.33728,0.902231
3,6.998130841,4.19592,5.42912,5.42912,4.26311,4.25888,4.85854,-0.048782,-0.0457113,-0.481065
3,7.020560748,6.17143,5.4205,5.4205,4.25775,4.25348,4.85325,1.38933,1.39243,0.956996
3,7.042990654,5.40408,5.41188,5.41188,4.25238,4.24809,4.84796,0.836135,0.839251,0.403743
3,7.155140187,7.77143,5.36878,5.36878,4.22555,4.2211,4.82151,2.5743,2.57754,2.14164
3,7.244859813,4.76735,5.3343,5.3343,4.20409,4.19952,4.80034,0.408922,0.412245,-0.0239556
3,7.289719626,6.85714,5.31706,5.31706,4.19336,4.18872,4.78976,1.9339,1.93727,1.50092
3,7.334579439,5.81224,5.29982,5.29982,4.18263,4.17793,4.77918,1.1831,1.18651,0.750004
3,7.334579439,4.44082,5.29982,5.29982,4.18263,4.17793,4.77918,0.187441,0.190856,-0.245653
3,7.379439252,4.01633,5.28257,5.28257,4.1719,4.16713,4.7686,-0.112948,-0.109487,-0.54615
3,7.446728972,6.23673,5.25671,5.25671,4.15581,4.15094,4.75273,1.51075,1.51428,1.07739
3,7.648598131,4.81633,5.17911,5.17911,4.10752,4.10237,4.70511,0.514592,0.51833,0.0807417
3,7.693457944,6.44898,5.16186,5.16186,4.09679,4.09158,4.69453,1.70769,1.71147,1.27373
3,7.85046729,4.76735,5.1015,5.1015,4.05924,4.0538,4.6575,0.514088,0.518033,0.0797518
3,7.962616822,6.80816,5.05838,5.05838,4.03241,4.02682,4.63104,2.0152,2.01926,1.58059
3,8.007476636,5.74694,5.04113,5.04113,4.02168,4.01603,4.62046,1.25254,1.25664,0.817823
3,8.007476636,3.6898,5.04113,5.04113,4.02168,4.01603,4.62046,-0.240948,-0.236842,-0.675663
3,8.007476636,5.3551,5.04113,5.04113,4.02168,4.01603,4.62046,0.968064,0.972169,0.533349
3,8.142056075,8.26122,4.98939,4.98939,3.98949,3.98365,4.58872,3.10128,3.10552,2.66624
3,8.231775701,4.5551,4.95489,4.95489,3.96803,3.96206,4.56755,0.426214,0.43055,-0.00903958
3,8.321495327,5.48571,4.92039,4.92039,3.94657,3.94047,4.54639,1.11742,1.12185,0.681949
3,8.343925234,4.32653,4.91176,4.91176,3.94121,3.93508,4.5411,0.279745,0.284197,-0.155777
3,8.456074766,5.9102,4.86864,4.86864,3.91438,3.90809,4.51465,1.44897,1.45353,1.01318
3,8.747663551,4.75102,4.75651,4.75651,3.84464,3.83794,4.44587,0.658033,0.662898,0.221541
3,8.882242991,3.98367,4.70475,4.70475,3.81245,3.80556,4.41412,0.124307,0.129311,-0.312507
3,8.94953271,6.66122,4.67888,4.67888,3.79636,3.78937,4.39825,2.07989,2.08497,1.64292
3,9.01682243,4.8,4.653,4.653,3.78026,3.77318,4.38238,0.740329,0.745471,0.303191
3,9.039252336,5.9102,4.64437,4.64437,3.7749,3.76778,4.37709,1.55023,1.5554,1.11304
3,9.039252336,4.60408,4.64437,4.64437,3.7749,3.76778,4.37709,0.601987,0.607152,0.164795
3,9.151401869,7.72245,4.60124,4.60124,3.74808,3.7408,4.35064,2.88539,2.89067,2.44793
3,9.218691589,3.80408,4.57536,4.57536,3.73198,3.72461,4.33477,0.0523444,0.0576941,-0.385278
3,9.285981308,5.06122,4.54949,4.54949,3.71589,3.70842,4.3189,0.976714,0.982133,0.53893
3,9.330841121,6.22041,4.53223,4.53223,3.70516,3.69763,4.30832,1.82607,1.83154,1.38818
3,9.353271028,5.32245,4.52361,4.52361,3.6998,3.69224,4.30303,1.17805,1.18353,0.740101
3,9.375700935,4.39184,4.51498,4.51498,3.69443,3.68684,4.29774,0.506317,0.511828,0.0683177
3,9.487850467,6.26939,4.47185,4.47185,3.66761,3.65986,4.27128,1.88889,1.89452,1.45062
3,9.66728972,4.34286,4.40284,4.40284,3.62469,3.61669,4.22896,0.521387,0.527197,0.0826893
3,9.846728972,4.71837,4.33383,4.33383,3.58178,3.57352,4.18664,0.825163,0.831158,0.386036
3,9.958878505,5.02857,4.29069,4.29069,3.55496,3.54654,4.16019,1.06984,1.07595,0.630448
3,10.00373832,6.92245,4.27344,4.27344,3.54423,3.53575,4.1496,2.45259,2.45874,2.01308
3,10.02616822,4.35918,4.26481,4.26481,3.53887,3.53035,4.14431,0.59555,0.60173,0.155995
3,10.02616822,5.51837,4.26481,4.26481,3.53887,3.53035,4.14431,1.43712,1.4433,0.997562
3,10.11588785,7.24898,4.23031,4.23031,3.51741,3.50877,4.12315,2.70912,2.71539,2.26935
3,10.22803738,3.80408,4.18717,4.18717,3.49059,3.48179,4.0967,0.227594,0.233981,-0.212442
3,10.2953271,5.1102,4.16129,4.16129,3.4745,3.46561,4.08083,1.18752,1.19398,0.747325
3,10.34018692,5.20816,4.14404,4.14404,3.46377,3.45482,4.07025,1.26643,1.27293,0.826124
3,10.38504673,3.15102,4.12679,4.12679,3.45305,3.44403,4.05967,-0.219271,-0.212722,-0.65968
3,10.45233645,4.63673,4.10091,4.10091,3.43696,3.42784,4.0438,0.871039,0.877657,0.430471
3,10.65420561,4.70204,4.02327,4.02327,3.38868,3.37928,3.99619,0.953497,0.960321,0.512449
3,10.69906542,4.13061,4.00602,4.00602,3.37796,3.36849,3.98561,0.546427,0.553297,0.105273
3,10.74392523,3.4449,3.98876,3.98876,3.36723,3.3577,3.97503,0.0563865,0.0633022,-0.384874
3,10.85607477,6.07347,3.94563,3.94563,3.34041,3.33073,3.94858,1.9842,1.99123,1.54267
3,10.94579439,4.21224,3.91113,3.91113,3.31896,3.30915,3.92742,0.648523,0.655645,0.206785
3,10.99065421,5.42041,3.89388,3.89388,3.30824,3.29836,3.91684,1.53344,1.5406,1.09159
3,11.01308411,5.99184,3.88525,3.88525,3.30287,3.29297,3.91155,1.95219,1.95938,1.51029
3,11.03551402,4.81633,3.87662,3.87662,3.29751,3.28757,3.90626,1.10266,1.10987,0.66071
3,11.14766355,6.38367,3.83349,3.83349,3.2707,3.2606,3.87981,2.26002,2.26735,1.81781
3,11.23738318,2.48163,3.79899,3.79899,3.24925,3.23903,3.85865,-0.557286,-0.549867,-0.999712
3,11.28224299,4.65306,3.78174,3.78174,3.23852,3.22824,3.84807,1.02696,1.03442,0.584426
3,11.3271028,3.65714,3.76448,3.76448,3.22779,3.21745,3.83749,0.311707,0.319218,-0.13093
3,11.37196262,2.13878,3.74723,3.74723,3.21707,3.20666,3.82691,-0.782841,-0.775285,-1.22558
3,11.41682243,4.16327,3.72998,3.72998,3.20634,3.19587,3.81633,0.694724,0.702326,0.251877
3,11.6635514,2.67755,3.6351,3.6351,3.14736,3.13654,3.75814,-0.341082,-0.333229,-0.784507
3,11.68598131,3.2,3.62647,3.62647,3.142,3.13115,3.75285,0.0421086,0.0499845,-0.401369
3,11.73084112,2.38367,3.60922,3.60922,3.13128,3.12036,3.74227,-0.542759,-0.534837,-0.986341
3,11.86542056,3.36327,3.55747,3.55747,3.09911,3.08801,3.71053,0.191779,0.199838,-0.252116
3,11.93271028,4.94694,3.5316,3.5316,3.08302,3.07183,3.69466,1.3532,1.36133,0.909152
3,12,3.78776,3.50572,3.50572,3.06694,3.05565,3.67879,0.523311,0.531508,0.0791056
3,12.02242991,6.22041,3.4971,3.4971,3.06158,3.05026,3.6735,2.29331,2.30153,1.84905
3,12.04485981,3.08571,3.48847,3.48847,3.05622,3.04487,3.66821,0.0214138,0.0296562,-0.422895
3,12.11214953,5.64898,3.4626,3.4626,3.04014,3.02869,3.65235,1.89402,1.90233,1.44956
3,12.22429907,2.51429,3.41948,3.41948,3.01333,3.00173,3.6259,-0.362309,-0.353883,-0.80703
3,12.29158879,4.88163,3.3936,3.3936,2.99725,2.98555,3.61003,1.36806,1.37655,0.923184
3,12.31401869,5.19184,3.38498,3.38498,2.99189,2.98016,3.60474,1.59716,1.60568,1.15223
3,12.3364486,2.82449,3.37636,3.37636,2.98653,2.97477,3.59945,-0.117643,-0.109103,-0.562621
3,12.3588785,2.30204,3.36773,3.36773,2.98117,2.96938,3.59416,-0.493049,-0.484487,-0.938079
3,12.44859813,4.73469,3.33324,3.33324,2.95973,2.94781,3.573,1.28862,1.29728,0.843387
3,12.65046729,2.36735,3.25563,3.25563,2.9115,2.8993,3.5254,-0.395053,-0.386195,-0.840746
3,12.6728972,3.46122,3.24701,3.24701,2.90614,2.89391,3.52011,0.402992,0.411874,-0.0427515
3,12.74018692,3.05306,3.22114,3.22114,2.89006,2.87773,3.50424,0.118338,0.127287,-0.327558
3,12.87476636,3.00408,3.16941,3.16941,2.85791,2.8454,3.47251,0.10612,0.115206,-0.340078
3,12.94205607,4.08163,3.14354,3.14354,2.84184,2.82923,3.45664,0.900092,0.909246,0.453743
3,12.98691589,4.44082,3.1263,3.1263,2.83112,2.81845,3.44606,1.16864,1.17784,0.72219
3,13.00934579,4.57143,3.11768,3.11768,2.82576,2.81306,3.44078,1.26735,1.27658,0.820854
3,13.0317757,2.62857,3.10906,3.10906,2.82041,2.80767,3.43549,-0.139272,-0.130026,-0.58582
3,13.16635514,4.60408,3.05733,3.05733,2.78826,2.77534,3.40375,1.31828,1.32767,0.871438
3,13.23364486,2.10612,3.03147,3.03147,2.77219,2.75918,3.38789,-0.483567,-0.474116,-0.930561
3,13.30093458,3.55918,3.00562,3.00562,2.75612,2.74301,3.37202,0.583021,0.59254,0.135879
3,13.30093458,2.35102,3.00562,3.00562,2.75612,2.74301,3.37202,-0.294106,-0.284586,-0.741247
3,13.32336449,3.13469,2.997,2.997,2.75077,2.73763,3.36673,0.27873,0.288272,-0.168461
3,13.3682243,2.93878,2.97976,2.97976,2.74006,2.72685,3.35616,0.14427,0.153858,-0.303019
3,13.45794393,3.98367,2.94529,2.94529,2.71863,2.7053,3.335,0.918418,0.928097,0.470935
3,13.65981308,5.33e-15,2.86774,2.86774,2.67044,2.65683,3.28741,-1.93874,-1.92886,-2.38666
3,13.68224299,2.17143,2.85912,2.85912,2.66509,2.65144,3.28212,-0.358397,-0.348491,-0.806363
3,13.74953271,1.69796,2.83327,2.83327,2.64903,2.63529,3.26626,-0.690476,-0.680501,-1.13858
3,13.86168224,0.897959,2.7902,2.7902,2.62226,2.60837,3.23982,-1.25184,-1.24175,-1.70019
3,13.92897196,3.57551,2.76436,2.76436,2.6062,2.59221,3.22395,0.703716,0.713873,0.255229
3,13.99626168,3.5102,2.73853,2.73853,2.59015,2.57606,3.20809,0.66796,0.678185,0.219333
3,14.01869159,1.50204,2.72992,2.72992,2.5848,2.57068,3.2028,-0.786081,-0.775833,-1.23475
3,14.0411215,2.69388,2.7213,2.7213,2.57945,2.5653,3.19752,0.0830778,0.093348,-0.365642
3,14.13084112,5.30612,2.68686,2.68686,2.55804,2.54377,3.17637,1.99511,2.00547,1.5462
3,14.24299065,1.6,2.64382,2.64382,2.53129,2.51686,3.14993,-0.676116,-0.665643,-1.12525
3,14.28785047,3.88571,2.6266,2.6266,2.52059,2.5061,3.13936,0.991079,1.0016,0.541855
3,14.33271028,2.77551,2.60939,2.60939,2.50989,2.49534,3.12878,0.192838,0.203402,-0.256476
3,14.44485981,4.27755,2.56636,2.56636,2.48315,2.46844,3.10235,1.30273,1.31341,0.853196
3,14.64672897,2.25306,2.48894,2.48894,2.43503,2.42004,3.05477,-0.132108,-0.12123,-0.582042
3,14.69158879,5.07755,2.47175,2.47175,2.42434,2.40929,3.0442,1.92623,1.93716,1.47621
3,14.93831776,2.93878,2.3772,2.3772,2.36555,2.35017,2.98606,0.416158,0.427328,-0.0343253
3,14.98317757,3.10204,2.36002,2.36002,2.35487,2.33942,2.97548,0.542446,0.55366,0.0918797
3,15.00560748,1.19184,2.35143,2.35143,2.34953,2.33405,2.9702,-0.840484,-0.829247,-1.29109
3,15.05046729,1.51837,2.33425,2.33425,2.33885,2.32331,2.95963,-0.595668,-0.584386,-1.04636
3,15.11775701,5.38776,2.30849,2.30849,2.32282,2.30719,2.94377,2.22514,2.23649,1.77433
3,15.25233645,1.76327,2.257,2.257,2.29079,2.27498,2.91207,-0.382983,-0.371502,-0.834029
3,15.29719626,2.98776,2.23984,2.23984,2.28011,2.26424,2.9015,0.513747,0.525272,0.0626226
3,15.36448598,1.25714,2.21411,2.21411,2.2641,2.24814,2.88565,-0.731054,-0.719462,-1.18229
3,15.4317757,3.96735,2.18839,2.18839,2.2481,2.23204,2.86979,1.24818,1.25983,0.796823
3,15.67850467,0.0163265,2.09417,2.09417,2.18943,2.17304,2.81168,-1.57767,-1.56577,-2.02943
3,15.92523364,2.59592,2.00012,2.00012,2.13082,2.1141,2.75358,0.337661,0.349801,-0.114461
3,16.1271028,0.881633,1.92332,1.92332,2.08291,2.06592,2.70605,-0.872127,-0.859792,-1.32453
3,16.21682243,1.24082,1.88924,1.88924,2.06163,2.04452,2.68493,-0.59591,-0.583489,-1.04843
3,16.30654206,2.85714,1.8552,1.8552,2.04036,2.02313,2.66381,0.592986,0.605492,0.140358
3,16.35140187,0.914286,1.83819,1.83819,2.02972,2.01244,2.65325,-0.809809,-0.79726,-1.26249
3,16.4635514,2.84082,1.79571,1.79571,2.00316,1.98572,2.62686,0.608142,0.620796,0.155332
3,16.66542056,2.74286,1.71942,1.71942,1.95537,1.93768,2.57936,0.571714,0.584558,0.118697
3,16.97943925,0.163265,1.60128,1.60128,1.88116,1.86307,2.5055,-1.24719,-1.23406,-1.70047
3,17.00186916,2.17143,1.59287,1.59287,1.87587,1.85775,2.50023,0.214577,0.227733,-0.23871
3,17.11401869,2.23673,1.55089,1.55089,1.84941,1.83115,2.47386,0.281199,0.294456,-0.172155
3,17.20373832,0.555102,1.51739,1.51739,1.82826,1.80988,2.45277,-0.92431,-0.910972,-1.37771
3,17.29345794,0.457143,1.48397,1.48397,1.80712,1.78864,2.43169,-0.980084,-0.966665,-1.43352
3,17.29345794,1.95918,1.48397,1.48397,1.80712,1.78864,2.43169,0.110397,0.123816,-0.343037
3,17.31588785,3.2,1.47562,1.47562,1.80184,1.78333,2.42641,1.01506,1.0285,0.561623
3,17.42803738,2.67755,1.434,1.434,1.77545,1.7568,2.40006,0.654927,0.668464,0.201456
3,18.03364486,1.81224,1.21226,1.21226,1.63345,1.6141,2.25789,0.129806,0.143856,-0.323535
3,18.12336449,4.5551,1.17995,1.17995,1.6125,1.59304,2.23684,2.13633,2.15045,1.68306
3,18.23551402,0.555102,1.13979,1.13979,1.58634,1.56677,2.21055,-0.748681,-0.73447,-1.20185
3,18.37009346,1.30612,1.09199,1.09199,1.55502,1.5353,2.179,-0.180697,-0.16638,-0.633712
3,18.43738318,2.20408,1.06826,1.06826,1.53938,1.51958,2.16324,0.482576,0.496945,0.0296513
3,18.95327103,2.04082,0.89081,0.89081,1.42007,1.39977,2.04252,0.450662,0.465399,-0.00123373
3,19.13271028,2.57959,0.831303,0.831303,1.37886,1.3584,2.00059,0.871733,0.886586,0.420353
3,19.26728972,0.359184,0.78757,0.78757,1.34806,1.32749,1.96918,-0.717923,-0.702987,-1.16885
3,19.44672897,1.63265,0.730582,0.730582,1.30715,1.28644,1.92733,0.236313,0.251352,-0.213934
3,20.43364486,1.66531,0.451245,0.451245,1.08626,1.065,1.69816,0.420385,0.435822,-0.0238521
4,0,1.95122,7.45038,7.45038,1.16895,1.19908,1.53345,0.567929,0.546054,0.303301
4,0.993314231,2.05765,7.54846,7.54846,2.80634,2.82441,3.03053,-0.54355,-0.556665,-0.70631
4,1.107927412,5.62306,7.53247,7.53247,2.99452,3.01232,3.20451,1.90832,1.8954,1.75586
4,1.184336199,0.922395,7.51942,7.51942,3.12003,3.13765,3.32053,-1.59548,-1.60827,-1.74105
4,1.222540592,4.25721,7.51224,7.51224,3.18279,3.20032,3.37854,0.780028,0.767301,0.637908
4,1.910219675,7.34368,7.33005,7.33005,4.31304,4.32893,4.42308,2.20024,2.18871,2.12036
4,1.986628462,4.00887,7.30566,7.30566,4.43865,4.45436,4.53915,-0.312022,-0.323424,-0.384981
4,2.101241643,5.81818,7.26814,7.26814,4.62707,4.6425,4.71325,0.86475,0.853548,0.802183
4,2.17765043,4.00887,7.24258,7.24258,4.75268,4.76792,4.82931,-0.540004,-0.551073,-0.59564
4,2.215854823,2.80266,7.22966,7.22966,4.81548,4.83064,4.88734,-1.46131,-1.47231,-1.51348
4,2.215854823,4.47007,7.22966,7.22966,4.81548,4.83064,4.88734,-0.250772,-0.261774,-0.302941
4,2.521489971,3.051,7.12348,7.12348,5.31793,5.33235,5.35152,-1.64579,-1.65626,-1.67018
4,2.903533906,8.26608,6.98582,6.98582,5.946,5.9595,5.93132,1.68438,1.67457,1.69503
4,3.018147087,4.82483,6.9438,6.9438,6.13442,6.14764,6.10504,-0.950757,-0.96036,-0.92943
4,3.094555874,6.56319,6.91564,6.91564,6.26003,6.27307,6.22074,0.220097,0.210627,0.248618
4,3.132760267,6.17295,6.90153,6.90153,6.32284,6.33579,6.27855,-0.108818,-0.118221,-0.076667
4,3.209169054,4.15078,6.87322,6.87322,6.44845,6.46122,6.39406,-1.66811,-1.67738,-1.62862
4,3.209169054,4.66519,6.87322,6.87322,6.44845,6.46122,6.39406,-1.29465,-1.30392,-1.25516
4,3.209169054,6.03104,6.87322,6.87322,6.44845,6.46122,6.39406,-0.303037,-0.312308,-0.263548
4,3.896848138,8.26608,6.61538,6.61538,7.55206,7.55763,7.39851,0.518373,0.514333,0.629851
4,3.915950334,7.18404,6.60815,6.60815,7.56743,7.57151,7.42217,-0.278345,-0.281309,-0.172883
4,4.011461318,6.29712,6.57201,6.57201,7.59246,7.59061,7.51973,-0.940415,-0.939072,-0.887614
4,4.087870105,8.2306,6.54306,6.54306,7.5694,7.56503,7.55782,0.480031,0.483202,0.488439
4,4.106972302,7.55654,6.53582,6.53582,7.56029,7.55553,7.56097,-0.00272185,0.000731017,-0.00321559
4,4.183381089,7.73392,6.50683,6.50683,7.51681,7.51108,7.55225,0.157623,0.161788,0.131893
4,4.240687679,7.27273,6.48506,6.48506,7.48015,7.47403,7.52928,-0.15059,-0.146143,-0.186256
4,4.240687679,4.50554,6.48506,6.48506,7.48015,7.47403,7.52928,-2.15956,-2.15512,-2.19523
4,4.508118434,7.94678,6.38332,6.38332,7.29827,7.29129,7.35928,0.470823,0.475891,0.426527
4,4.508118434,6.38581,6.38332,6.38332,7.29827,7.29129,7.35928,-0.662445,-0.657377,-0.706741
4,4.699140401,7.50333,6.31048,6.31048,7.1667,7.15925,7.22653,0.244391,0.249796,0.200957
4,4.890162369,8.54989,6.23755,6.23755,7.03507,7.02717,7.09334,1.09976,1.1055,1.05746
4,4.928366762,7.57428,6.22295,6.22295,7.00874,7.00075,7.06669,0.410579,0.416384,0.368508
4,5.023877746,6.40355,6.18644,6.18644,6.94293,6.9347,7.00008,-0.39159,-0.385619,-0.433083
4,5.062082139,7.25499,6.17183,6.17183,6.9166,6.90829,6.97344,0.245669,0.251707,0.204407
4,5.11938873,8.08869,6.1499,6.1499,6.87711,6.86866,6.93347,0.879607,0.885745,0.838692
4,5.17669532,7.5388,6.12798,6.12798,6.83762,6.82903,6.8935,0.509057,0.515295,0.468489
4,5.214899713,6.7051,6.11336,6.11336,6.81129,6.80261,6.86686,-0.0770975,-0.070793,-0.117435
4,5.23400191,6.26164,6.10604,6.10604,6.79813,6.7894,6.85353,-0.389492,-0.383154,-0.429714
4,5.520534862,6.29712,5.9963,5.9963,6.60068,6.59126,6.65369,-0.220385,-0.213549,-0.258874
4,5.539637058,5.10865,5.98898,5.98898,6.58752,6.57805,6.64037,-1.07366,-1.06679,-1.11203
4,5.711556829,6.52772,5.92308,5.92308,6.46904,6.45917,6.52047,0.0425953,0.0497645,0.00526222
4,5.902578797,7.60976,5.84981,5.84981,6.33741,6.32708,6.38724,0.923722,0.931224,0.887545
4,5.921680993,6.86475,5.84248,5.84248,6.32425,6.31387,6.37392,0.392401,0.399936,0.356339
4,6.036294174,7.41463,5.79851,5.79851,6.24527,6.23461,6.29399,0.84896,0.856694,0.81359
4,6.074498567,5.42794,5.78385,5.78385,6.21894,6.2082,6.26734,-0.574268,-0.566467,-0.609407
4,6.074498567,5.14412,5.78385,5.78385,6.21894,6.2082,6.26734,-0.780317,-0.772516,-0.815456
4,6.112702961,8.42572,5.76918,5.76918,6.19261,6.18178,6.2407,1.62123,1.6291,1.58633
4,6.189111748,5.39246,5.73986,5.73986,6.13996,6.12894,6.18741,-0.542684,-0.534683,-0.57713
4,6.227316141,6.95344,5.72519,5.72519,6.11363,6.10252,6.16076,0.609697,0.617764,0.575482
4,6.227316141,5.78271,5.72519,5.72519,6.11363,6.10252,6.16076,-0.240254,-0.232187,-0.274469
4,6.227316141,5.85366,5.72519,5.72519,6.11363,6.10252,6.16076,-0.188742,-0.180675,-0.222957
4,6.532951289,4.64745,5.60783,5.60783,5.90302,5.89118,5.9476,-0.911545,-0.902948,-0.94391
4,6.532951289,5.60532,5.60783,5.60783,5.90302,5.89118,5.9476,-0.216131,-0.207533,-0.248496
4,6.723973257,5.21508,5.53446,5.53446,5.77139,5.75909,5.81438,-0.40388,-0.394951,-0.435095
4,6.914995224,5.78271,5.46106,5.46106,5.63975,5.62699,5.68116,0.103784,0.113048,0.0737226
4,6.914995224,5.56984,5.46106,5.46106,5.63975,5.62699,5.68116,-0.0507523,-0.0414888,-0.080814
4,7.029608405,6.03104,5.41702,5.41702,5.56077,5.54774,5.60122,0.341417,0.35088,0.312048
4,7.067812798,6.13747,5.40234,5.40234,5.53444,5.52132,5.57458,0.437799,0.447328,0.408661
4,7.067812798,5.78271,5.40234,5.40234,5.53444,5.52132,5.57458,0.180238,0.189767,0.1511
4,7.106017192,7.84035,5.38766,5.38766,5.50812,5.4949,5.54793,1.6932,1.7028,1.6643
4,7.182425979,4.75388,5.3583,5.3583,5.45546,5.44206,5.49464,-0.509348,-0.49962,-0.537794
4,7.220630372,5.35698,5.34361,5.34361,5.42914,5.41564,5.468,-0.0523814,-0.0425869,-0.0805966
4,7.220630372,4.50554,5.34361,5.34361,5.42914,5.41564,5.468,-0.670528,-0.660733,-0.698743
4,7.258834766,4.36364,5.32893,5.32893,5.40281,5.38923,5.44135,-0.754439,-0.744578,-0.782423
4,7.526265521,6.102,5.22613,5.22613,5.21852,5.2043,5.25484,0.641403,0.651729,0.615037
4,7.526265521,4.32816,5.22613,5.22613,5.21852,5.2043,5.25484,-0.646402,-0.636076,-0.672767
4,7.698185291,7.04213,5.16004,5.16004,5.10005,5.08542,5.13494,1.40995,1.42057,1.38462
4,7.908309456,6.91796,5.07926,5.07926,4.95526,4.94011,4.98839,1.42492,1.43592,1.40087
4,7.908309456,4.39911,5.07926,5.07926,4.95526,4.94011,4.98839,-0.403759,-0.392766,-0.427817
4,8.022922636,4.61197,5.03519,5.03519,4.87628,4.86086,4.90846,-0.191883,-0.18069,-0.215249
4,8.022922636,4.15078,5.03519,5.03519,4.87628,4.86086,4.90846,-0.526712,-0.515519,-0.550079
4,8.06112703,4.39911,5.0205,5.0205,4.84995,4.83444,4.88182,-0.327307,-0.316046,-0.350442
4,8.099331423,4.89579,5.00581,5.00581,4.82362,4.80802,4.85517,0.0523918,0.0637194,0.0294865
4,8.099331423,5.03769,5.00581,5.00581,4.82362,4.80802,4.85517,0.155416,0.166744,0.132511
4,8.213944604,4.18625,4.96175,4.96175,4.74464,4.72877,4.77524,-0.405391,-0.393864,-0.427605
4,8.213944604,3.08647,4.96175,4.96175,4.74464,4.72877,4.77524,-1.20383,-1.1923,-1.22604
4,8.213944604,3.33481,4.96175,4.96175,4.74464,4.72877,4.77524,-1.02354,-1.01201,-1.04575
4,8.2330468,4.5765,4.9544,4.9544,4.73148,4.71556,4.76192,-0.112517,-0.100957,-0.134616
4,8.519579752,4.77162,4.84422,4.84422,4.53403,4.51742,4.56209,0.172487,0.184546,0.152119
4,8.538681948,4.68293,4.83687,4.83687,4.52087,4.50421,4.54877,0.117653,0.129746,0.0974002
4,8.672397326,4.86031,4.78545,4.78545,4.42873,4.41175,4.45551,0.313328,0.325653,0.293882
4,8.901623687,6.03104,4.6973,4.6973,4.27078,4.25325,4.29565,1.27795,1.29068,1.25989
4,9.016236867,2.55432,4.65322,4.65322,4.1918,4.174,4.21572,-1.18881,-1.17588,-1.20618
4,9.054441261,4.70067,4.63853,4.63853,4.16548,4.14758,4.18908,0.388548,0.401537,0.371409
4,9.073543457,4.23947,4.63119,4.63119,4.15231,4.13438,4.17576,0.0632747,0.0762969,0.0462517
4,9.092645654,5.42794,4.62384,4.62384,4.13915,4.12117,4.16244,0.93566,0.948715,0.918752
4,9.092645654,4.32816,4.62384,4.62384,4.13915,4.12117,4.16244,0.137221,0.150276,0.120313
4,9.207258835,1.59645,4.57976,4.57976,4.06018,4.04192,4.08251,-1.78866,-1.77541,-1.80488
4,9.207258835,1.09978,4.57976,4.57976,4.06018,4.04192,4.08251,-2.14925,-2.13599,-2.16546
4,9.245463228,3.1929,4.56507,4.56507,4.03385,4.0155,4.05587,-0.610529,-0.597205,-0.626512
4,9.512893983,1.77384,4.46222,4.46222,3.84959,3.83059,3.86938,-1.507,-1.4932,-1.52136
4,9.53199618,4.20399,4.45487,4.45487,3.83643,3.81738,3.85606,0.266848,0.280676,0.252599
4,9.70391595,7.29047,4.38875,4.38875,3.71798,3.69852,3.73618,2.59362,2.60775,2.58041
4,9.894937918,1.77384,4.31528,4.31528,3.58638,3.56646,3.60298,-1.31591,-1.30145,-1.32796
4,9.914040115,4.949,4.30794,4.30794,3.57322,3.55326,3.58966,0.998817,1.01331,0.986879
4,10.04775549,1.63193,4.25651,4.25651,3.4811,3.46082,3.49643,-1.3425,-1.32777,-1.35363
4,10.04775549,3.22838,4.25651,4.25651,3.4811,3.46082,3.49643,-0.183476,-0.16875,-0.194607
4,10.12416428,2.09313,4.22712,4.22712,3.42847,3.408,3.44316,-0.969458,-0.954599,-0.980127
4,10.12416428,3.58315,4.22712,4.22712,3.42847,3.408,3.44316,0.112298,0.127157,0.101629
4,10.20057307,0.922395,4.19774,4.19774,3.37583,3.35519,3.3899,-1.7812,-1.76621,-1.79141
4,10.20057307,1.20621,4.19774,4.19774,3.37583,3.35519,3.3899,-1.57515,-1.56016,-1.58536
4,10.20057307,1.59645,4.19774,4.19774,3.37583,3.35519,3.3899,-1.29183,-1.27684,-1.30204
4,10.27698185,1.41907,4.16835,4.16835,3.3232,3.30237,3.33663,-1.3824,-1.36728,-1.39215
4,10.50620821,2.62528,4.08019,4.08019,3.16533,3.14396,3.17685,-0.392081,-0.376564,-0.400443
4,10.67812798,4.23947,4.01407,4.01407,3.04696,3.02517,3.05704,0.865763,0.881577,0.85844
4,10.88825215,2.34146,3.93326,3.93326,2.90232,2.88003,2.91065,-0.407179,-0.391002,-0.41323
4,10.92645654,5.35698,3.91856,3.91856,2.87602,2.85365,2.88404,1.80118,1.81742,1.79536
4,11.04106972,0.851441,3.87449,3.87449,2.79716,2.77451,2.80422,-1.41259,-1.39615,-1.41772
4,11.06017192,3.40576,3.86714,3.86714,2.78402,2.76133,2.79092,0.45139,0.467862,0.446377
4,11.09837631,2.8204,3.85245,3.85245,2.75773,2.73496,2.76432,0.045495,0.0620315,0.040713
4,11.11747851,2.41242,3.8451,3.8451,2.74459,2.72177,2.75102,-0.24116,-0.224592,-0.245827
4,11.1938873,0.532151,3.81572,3.81572,2.69204,2.66904,2.69783,-1.56808,-1.55138,-1.57228
4,11.1938873,1.70288,3.81572,3.81572,2.69204,2.66904,2.69783,-0.718129,-0.701432,-0.722334
4,11.27029608,0.354767,3.78633,3.78633,2.6395,2.61633,2.64466,-1.65872,-1.64189,-1.66246
4,11.49952245,1.5255,3.69818,3.69818,2.48198,2.45828,2.48523,-0.694404,-0.677196,-0.696763
4,11.53772684,2.83814,3.68348,3.68348,2.45574,2.43195,2.45867,0.27762,0.29489,0.27549
4,11.72874881,4.96674,3.61003,3.61003,2.32465,2.30043,2.32599,1.91816,1.93574,1.91718
4,11.91977077,2.44789,3.53657,3.53657,2.19374,2.16911,2.19351,0.184516,0.202397,0.184685
4,12.03438395,0.141907,3.4925,3.4925,2.11531,2.09044,2.11413,-1.43269,-1.41464,-1.43184
4,12.03438395,2.02217,3.4925,3.4925,2.11531,2.09044,2.11413,-0.0676189,-0.0495633,-0.0667641
4,12.07258835,0.922395,3.47781,3.47781,2.08919,2.06424,2.0877,-0.847094,-0.828983,-0.846012
4,12.11079274,1.38359,3.46312,3.46312,2.06309,2.03806,2.06128,-0.493312,-0.475144,-0.492002
4,12.11079274,3.01552,3.46312,3.46312,2.06309,2.03806,2.06128,0.691468,0.709636,0.692778
4,12.22540592,0.496674,3.41905,3.41905,1.98486,1.9596,1.98211,-1.08042,-1.06208,-1.07843
4,12.22540592,2.76718,3.41905,3.41905,1.98486,1.9596,1.98211,0.56797,0.586308,0.569964
4,12.53104107,0.567627,3.30154,3.30154,1.77704,1.75123,1.77181,-0.878032,-0.859293,-0.874237
4,12.53104107,2.44789,3.30154,3.30154,1.77704,1.75123,1.77181,0.48704,0.50578,0.490836
4,12.70296084,3.40576,3.23545,3.23545,1.66083,1.63476,1.65424,1.26682,1.28575,1.27161
4,12.913085,2.55432,3.15468,3.15468,1.51977,1.49344,1.51154,0.751083,0.770199,0.757059
4,13.04680038,2.92683,3.10328,3.10328,1.43072,1.40427,1.42148,1.08618,1.10538,1.09288
4,13.06590258,0,3.09594,3.09594,1.41805,1.39159,1.40867,-1.02951,-1.01029,-1.02269
4,13.10410697,0.354767,3.08126,3.08126,1.39276,1.36628,1.38309,-0.753583,-0.734356,-0.746566
4,13.12320917,1.24169,3.07392,3.07392,1.38014,1.35364,1.37033,-0.100516,-0.0812824,-0.0933976
4,13.21872015,1.0643,3.03721,3.03721,1.31727,1.29075,1.30678,-0.183657,-0.1644,-0.176038
4,13.5243553,2.18182,2.91977,2.91977,1.11952,1.09312,1.10699,0.771228,0.790396,0.780323
4,13.5243553,1.77384,2.91977,2.91977,1.11952,1.09312,1.10699,0.475033,0.494201,0.484128
4,13.69627507,3.051,2.85373,2.85373,1.01127,0.98513,0.997754,1.48084,1.49982,1.49065
4,13.92550143,2.5898,2.7657,2.7657,0.871485,0.845978,0.856891,1.2475,1.26601,1.25809
4,14.05921681,2.25277,2.71436,2.71436,0.792927,0.767961,0.777863,1.05985,1.07797,1.07078
4,14.0974212,0,2.69969,2.69969,0.77095,0.746165,0.755777,-0.55971,-0.541716,-0.548694
4,14.0974212,0.283814,2.69969,2.69969,0.77095,0.746165,0.755777,-0.353661,-0.335667,-0.342645
4,14.51766953,1.31264,2.53843,2.53843,0.546056,0.52408,0.530546,0.556539,0.572493,0.567799
4,14.7086915,6.40355,2.46519,2.46519,0.456089,0.435879,0.441007,4.31785,4.33253,4.3288
4,14.89971347,0.532151,2.39199,2.39199,0.375172,0.356978,0.360881,0.113967,0.127175,0.124342
4,15.05253104,1.70288,2.33346,2.33346,0.3174,0.300946,0.303973,1.00586,1.01781,1.01561
4,15.70200573,3.76053,2.08521,2.08521,0.141209,0.132067,0.132643,2.62763,2.63427,2.63385
4,15.8930277,0.0709534,2.01239,2.01239,0.108486,0.101126,0.101347,-0.0272483,-0.0219055,-0.022066
4,16.04584527,1.91574,1.95422,1.95422,0.0873078,0.0811909,0.0812179,1.32744,1.33188,1.33186
4,16.10315186,0.86918,1.93243,1.93243,0.0803782,0.0746846,0.0746559,0.57267,0.576803,0.576824
4,16.52340019,1.5255,1.77306,1.77306,0.0431137,0.0398503,0.0396167,1.07621,1.07858,1.07875
4,16.71442216,4.45233,1.70094,1.70094,0.0322474,0.0297463,0.0294973,3.20898,3.21079,3.21097
4,16.88634193,0.354767,1.63623,1.63623,0.0247632,0.0228073,0.0225624,0.239583,0.241003,0.241181
4,17.0582617,2.1286,1.57175,1.57175,0.0189782,0.0174543,0.0172255,1.53159,1.53269,1.53286
4,17.68863419,2.69623,1.33789,1.33789,0.00707662,0.00647884,0.00633879,1.95233,1.95276,1.95286
