parameter,value,CV,se_sa,rse_sa,P2.5_sa,P97.5_sa
alpha_pop,4.93e-05,
D_pop,0.324181842576217,,0.0674289605269068,20.7997338749945,0.218308,0.481402
E_pop,5,
C_pop,10,
B_pop,6802.30340307636,,6388.45382289324,93.9160376175524,1834.07,25228.7
ECLIPSE0_pop,9.99999999999999e-08,
BUD0_pop,0.033,
ep_pop,0.001,
Time0_pop,13.8173399777965,,6.8429768104498,49.524559875099,0.001,14
omega_alpha,4.02515373403482,329753.746223142,2.96058131632932,73.5520060090136,1.30814,12.3854
omega_D,0.249590901805215,25.3528929165452,0.145247643945669,58.1942862881368,0.0961568,0.647855
omega_B,0.103111700580875,10.3386380107605,0.760193410612512,737.252325710851,0.00616547,1.72445
omega_Time0,6.02933546112071,48.8346149628105,44.44093323919,737.078464546563,0.360572,100.82
a,0.00113141392473642,,0.280060732524986,24753.162958484,1.1348e-05,0.112804
b,0.269883465811317,,0.0547723081574073,20.2947994582596,0.183397,0.397154