parameter,value,CV,se_sa,rse_sa,P2.5_sa,P97.5_sa
alpha_pop,4.93e-05,
D_pop,0.959109735585388,,0.29405565644718,30.6592296519339,0.545352,1.68678
E_pop,5,
C_pop,10,
B_pop,9500.47322001652,,5.63105501179348,0.0592713108219644,9489.44,9511.52
ECLIPSE0_pop,9.99999999999999e-08,
BUD0_pop,0.033,
ep_pop,0.001,
Time0_pop,8.73459107789804,,5.18231506720303,59.3309408647227,0.051146,13.9817
omega_alpha,12.4795541119154,6.58192560267442e+35,6.92349253570474,55.4786851646747,4.97034,31.3337
omega_D,0.57199828365059,62.2136599666935,0.206126991232128,36.0362954092432,0.298555,1.09588
omega_B,0.00020858870284073,0.020858870530842,0.00024864417931803,119.203090067579,4.66632e-05,0.000932411
omega_Time0,5.30626216639407,78.7202341588441,3.51119974573583,66.170868223835,1.86468,15.0998
a,1.38663824692945,,0.0726841762427019,5.24175475497323,1.25152,1.53635
b,2.22044604925031e-16,,0.0180822174333886,8.1435067695041e+15,3.38064e-21,1.45842e-11