id,time,y10,popPred_medianCOV,popPred,indivPred_SAEM,indivPred_mean,indivPred_mode,indWRes_SAEM,indWRes_mean,indWRes_mode
1,0,0.780488,7.16777,7.16777,3.36804,3.39021,3.38983,-1.86606,-1.88205,-1.88178
1,0,1.59645,7.16777,7.16777,3.36804,3.39021,3.38983,-1.27761,-1.2936,-1.29333
1,0.667302193,5.67627,7.4726,7.4726,4.43056,4.45371,4.45202,0.898371,0.881679,0.882895
1,0.762631077,5.25055,7.50332,7.50332,4.58237,4.60565,4.60378,0.481875,0.465083,0.466435
1,1.029551954,3.22838,7.56708,7.56708,5.00744,5.03111,5.02871,-1.283,-1.30007,-1.29834
1,1.18207817,7.3082,7.58773,7.58773,5.25034,5.27423,5.27153,1.48407,1.46684,1.46879
1,1.220209724,3.051,7.59105,7.59105,5.31106,5.33501,5.33223,-1.62989,-1.64716,-1.64516
1,1.258341277,5.32151,7.59364,7.59364,5.37179,5.39579,5.39294,-0.0362597,-0.0535717,-0.0515138
1,1.258341277,5.74723,7.59364,7.59364,5.37179,5.39579,5.39294,0.270757,0.253445,0.255503
1,1.315538608,5.88914,7.59617,7.59617,5.46287,5.48696,5.484,0.307406,0.290034,0.292174
1,1.315538608,6.38581,7.59617,7.59617,5.46287,5.48696,5.484,0.665592,0.64822,0.65036
1,1.410867493,4.15078,7.59683,7.59683,5.61469,5.63891,5.63576,-1.05573,-1.0732,-1.07092
1,1.448999047,3.37029,7.59588,7.59588,5.67541,5.69969,5.69646,-1.66238,-1.67989,-1.67756
1,1.468064824,8.17738,7.59516,7.59516,5.70578,5.73009,5.72681,1.78245,1.76491,1.76728
1,1.601525262,5.32151,7.58557,7.58557,5.91831,5.94282,5.93927,-0.430397,-0.448069,-0.445513
1,1.67778837,6.45676,7.57675,7.57675,6.03976,6.06438,6.06068,0.300727,0.282975,0.285645
1,1.754051478,4.15078,7.5657,7.5657,6.16121,6.18594,6.18208,-1.44986,-1.4677,-1.46491
1,1.754051478,4.61197,7.5657,7.5657,6.16121,6.18594,6.18208,-1.11726,-1.1351,-1.13231
1,1.754051478,8.15965,7.5657,7.5657,6.16121,6.18594,6.18208,1.44121,1.42337,1.42616
1,1.811248808,6.79379,7.55606,7.55606,6.2523,6.27711,6.27312,0.390505,0.372614,0.375491
1,1.982840801,3.29933,7.52096,7.52096,6.52557,6.55062,6.54625,-2.32666,-2.34473,-2.34157
1,1.982840801,6.38581,7.52096,7.52096,6.52557,6.55062,6.54625,-0.100788,-0.118859,-0.115702
1,2.020972355,5.14412,7.51204,7.51204,6.58629,6.6114,6.60694,-1.04005,-1.05816,-1.05493
1,2.020972355,6.66962,7.51204,7.51204,6.58629,6.6114,6.60694,0.0600966,0.0419858,0.0452085
1,2.097235462,7.20177,7.49313,7.49313,6.70774,6.73297,6.72831,0.356281,0.33809,0.34145
1,2.135367016,5.1796,7.48319,7.48319,6.76847,6.79375,6.78899,-1.14584,-1.16407,-1.16064
1,2.230695901,6.31486,7.45702,7.45702,6.92028,6.9457,6.94067,-0.436613,-0.454943,-0.451315
1,2.249761678,7.80488,7.45158,7.45158,6.95064,6.97609,6.971,0.616048,0.597698,0.601368
1,2.249761678,7.48559,7.45158,7.45158,6.95064,6.97609,6.971,0.385786,0.367435,0.371105
1,2.326024786,5.46341,7.42922,7.42922,7.07209,7.09765,7.0923,-1.16013,-1.17856,-1.1747
1,2.326024786,7.27273,7.42922,7.42922,7.07209,7.09765,7.0923,0.144691,0.126261,0.130115
1,2.364156339,6.13747,7.41769,7.41769,7.13282,7.15843,7.15294,-0.717812,-0.736282,-0.732323
1,2.402287893,5.74723,7.40595,7.40595,7.19354,7.21921,7.21356,-1.04304,-1.06155,-1.05747
1,2.440419447,6.03104,7.39401,7.39401,7.25427,7.27999,7.27416,-0.882153,-0.900703,-0.896496
1,2.459485224,8.15965,7.38798,7.38798,7.28463,7.31038,7.30445,0.631033,0.612462,0.616743
1,2.592945663,7.59202,7.34453,7.34453,7.49716,7.52311,7.51597,0.0684051,0.0496954,0.0548439
1,2.66920877,8.12417,7.31889,7.31889,7.61612,7.6384,7.63081,0.366388,0.35032,0.355794
1,2.745471878,8.37251,7.29275,7.29275,7.70057,7.71263,7.70819,0.484581,0.475879,0.479086
1,2.745471878,7.41463,7.29275,7.29275,7.70057,7.71263,7.70819,-0.206206,-0.214908,-0.211701
1,2.764537655,5.67627,7.28614,7.28614,7.71405,7.72374,7.72015,-1.46958,-1.47657,-1.47398
1,2.802669209,5.8714,7.27285,7.27285,7.73276,7.73823,7.73622,-1.34235,-1.3463,-1.34485
1,2.974261201,5.92461,7.21188,7.21188,7.72076,7.71515,7.71781,-1.29533,-1.29128,-1.2932
1,2.974261201,7.62749,7.21188,7.21188,7.72076,7.71515,7.71781,-0.0672638,-0.0632153,-0.0651356
1,2.974261201,6.68736,7.21188,7.21188,7.72076,7.71515,7.71781,-0.745258,-0.74121,-0.74313
1,3.012392755,6.102,7.1981,7.1981,7.70475,7.69793,7.70118,-1.15586,-1.15094,-1.15328
1,3.012392755,7.98226,7.1981,7.1981,7.70475,7.69793,7.70118,0.200133,0.205051,0.202709
1,3.088655863,6.77605,7.17035,7.17035,7.66504,7.65661,7.66071,-0.641112,-0.635027,-0.637988
1,3.16491897,6.31486,7.14234,7.14234,7.61866,7.60932,7.61401,-0.940265,-0.93353,-0.936906
1,3.203050524,7.48559,7.12825,7.12825,7.5939,7.58428,7.58918,-0.0781099,-0.0711768,-0.0747086
1,3.241182078,8.37251,7.1141,7.1141,7.56841,7.55861,7.56369,0.579885,0.586957,0.583293
1,3.241182078,8.2306,7.1141,7.1141,7.56841,7.55861,7.56369,0.477546,0.484619,0.480955
1,3.241182078,6.95344,7.1141,7.1141,7.56841,7.55861,7.56369,-0.443503,-0.43643,-0.440094
1,3.317445186,4.82483,7.08568,7.08568,7.51597,7.50595,7.51133,-1.94076,-1.93354,-1.93741
1,3.317445186,8.08869,7.08568,7.08568,7.51597,7.50595,7.51133,0.41303,0.420257,0.416379
1,3.317445186,7.7694,7.08568,7.08568,7.51597,7.50595,7.51133,0.182767,0.189995,0.186116
1,3.35557674,5.96009,7.07139,7.07139,7.48924,7.47917,7.48468,-1.10278,-1.09552,-1.09949
1,3.35557674,5.39246,7.07139,7.07139,7.48924,7.47917,7.48468,-1.51213,-1.50487,-1.50884
1,3.393708294,8.2306,7.05707,7.05707,7.4623,7.45221,7.45782,0.554075,0.561352,0.557303
1,3.393708294,6.95344,7.05707,7.05707,7.4623,7.45221,7.45782,-0.366974,-0.359697,-0.363746
1,3.469971401,7.55654,7.02831,7.02831,7.40795,7.39787,7.40369,0.107159,0.114428,0.110231
1,3.469971401,7.27273,7.02831,7.02831,7.40795,7.39787,7.40369,-0.0975183,-0.0902491,-0.0944466
1,3.508102955,9.15299,7.01387,7.01387,7.38063,7.37057,7.37649,1.27818,1.28543,1.28116
1,3.546234509,6.95344,6.9994,6.9994,7.35323,7.34321,7.34922,-0.288321,-0.281093,-0.285425
1,3.584366063,7.59202,6.9849,6.9849,7.32579,7.31581,7.32191,0.191992,0.199192,0.194796
1,3.698760724,8.33703,6.94123,6.94123,7.2433,7.23345,7.23981,0.788764,0.795865,0.791282
1,3.736892278,8.01774,6.92661,6.92661,7.21576,7.20597,7.21241,0.578359,0.585423,0.58078
1,3.775023832,5.49889,6.91198,6.91198,7.18822,7.17848,7.185,-1.21829,-1.21126,-1.21597
1,3.775023832,7.00665,6.91198,6.91198,7.18822,7.17848,7.185,-0.130941,-0.123914,-0.128618
1,3.813155386,4.75388,6.89732,6.89732,7.16067,7.15098,7.15758,-1.7357,-1.72871,-1.73347
1,3.889418494,8.58537,6.86794,6.86794,7.10555,7.09596,7.10274,1.0672,1.07411,1.06922
1,3.908484271,8.85144,6.86058,6.86058,7.09177,7.08221,7.08902,1.26902,1.27591,1.271
1,3.965681602,7.37916,6.83848,6.83848,7.05042,7.04094,7.04788,0.237076,0.24391,0.238906
1,3.965681602,5.81818,6.83848,6.83848,7.05042,7.04094,7.04788,-0.888651,-0.881817,-0.886821
1,3.965681602,6.63415,6.83848,6.83848,7.05042,7.04094,7.04788,-0.300203,-0.293369,-0.298373
1,4.003813155,6.84701,6.82372,6.82372,7.02285,7.01343,7.02045,-0.126814,-0.120019,-0.125083
1,4.003813155,6.98891,6.82372,6.82372,7.02285,7.01343,7.02045,-0.0244748,-0.0176805,-0.0227442
1,4.061010486,8.03548,6.80156,6.80156,6.9815,6.97216,6.9793,0.760097,0.766832,0.761679
1,4.156339371,8.26608,6.76453,6.76453,6.91257,6.90337,6.91072,0.976104,0.98274,0.977438
1,4.194470925,7.96452,6.7497,6.7497,6.885,6.87585,6.88329,0.778518,0.785114,0.779752
1,4.232602479,7.1663,6.73485,6.73485,6.85743,6.84834,6.85586,0.222746,0.229302,0.223881
1,4.232602479,7.69845,6.73485,6.73485,6.85743,6.84834,6.85586,0.606516,0.613073,0.607651
1,4.289799809,8.07095,6.71255,6.71255,6.81607,6.80706,6.8147,0.904981,0.911478,0.905967
1,4.308865586,6.13747,6.70511,6.70511,6.80229,6.79331,6.80099,-0.479443,-0.472966,-0.478507
1,4.308865586,6.66962,6.70511,6.70511,6.80229,6.79331,6.80099,-0.0956725,-0.0891957,-0.0947361
1,4.327931363,8.26608,6.69767,6.69767,6.7885,6.77955,6.78727,1.06558,1.07204,1.06647
1,4.327931363,5.78271,6.69767,6.69767,6.7885,6.77955,6.78727,-0.725348,-0.718891,-0.724461
1,4.327931363,6.26164,6.69767,6.69767,6.7885,6.77955,6.78727,-0.379955,-0.373498,-0.379068
1,4.34699714,7.62749,6.69023,6.69023,6.77471,6.76579,6.77355,0.614998,0.621435,0.615835
1,4.385128694,6.77605,6.67533,6.67533,6.74714,6.73827,6.74612,0.0208492,0.027247,0.021587
1,4.423260248,6.91796,6.66043,6.66043,6.71957,6.71075,6.71869,0.143072,0.14943,0.14371
1,4.461391802,7.02439,6.64551,6.64551,6.692,6.68324,6.69125,0.23971,0.246028,0.240249
1,4.499523356,7.52106,6.63058,6.63058,6.66443,6.65572,6.66382,0.61778,0.624058,0.618219
1,4.59485224,8.01774,6.59322,6.59322,6.5955,6.58693,6.59523,1.02568,1.03185,1.02587
1,4.652049571,7.66297,6.57078,6.57078,6.55414,6.54566,6.55408,0.799654,0.805773,0.799696
1,4.747378456,7.18404,6.53334,6.53334,6.48521,6.47686,6.4855,0.503971,0.50999,0.503764
1,4.766444233,4.36364,6.52585,6.52585,6.47142,6.4631,6.47178,-1.52007,-1.51407,-1.52033
1,4.804575786,4.75388,6.51086,6.51086,6.44385,6.43559,6.44435,-1.21875,-1.21279,-1.21911
1,4.880838894,8.01774,6.48086,6.48086,6.38871,6.38055,6.38948,1.17481,1.18069,1.17425
1,4.957102002,5.07317,6.45083,6.45083,6.33357,6.32552,6.33461,-0.908957,-0.903156,-0.909709
1,4.995233556,3.5122,6.43581,6.43581,6.30599,6.298,6.30717,-2.0148,-2.00904,-2.01565
1,4.995233556,6.88248,6.43581,6.43581,6.30599,6.298,6.30717,0.415747,0.421508,0.414895
1,4.995233556,7.02439,6.43581,6.43581,6.30599,6.298,6.30717,0.518085,0.523847,0.517234
1,4.995233556,7.27273,6.43581,6.43581,6.30599,6.298,6.30717,0.697178,0.70294,0.696327
1,4.995233556,6.17295,6.43581,6.43581,6.30599,6.298,6.30717,-0.0959473,-0.0901859,-0.096799
1,5.03336511,7.52106,6.42078,6.42078,6.27842,6.27049,6.27974,0.896155,0.901877,0.895204
1,5.03336511,5.46341,6.42078,6.42078,6.27842,6.27049,6.27974,-0.587757,-0.582036,-0.588708
1,5.071496663,5.96009,6.40575,6.40575,6.25085,6.24297,6.25231,-0.209688,-0.204006,-0.210738
1,5.147759771,7.41463,6.37566,6.37566,6.19571,6.18794,6.19744,0.879053,0.884655,0.877804
1,5.147759771,5.28603,6.37566,6.37566,6.19571,6.18794,6.19744,-0.656029,-0.650427,-0.657278
1,5.224022879,5.07317,6.34557,6.34557,6.14056,6.1329,6.14257,-0.769769,-0.764247,-0.771217
1,5.300285987,7.94678,6.31545,6.31545,6.08542,6.07787,6.0877,1.34236,1.3478,1.34071
1,5.300285987,7.20177,6.31545,6.31545,6.08542,6.07787,6.0877,0.80508,0.810524,0.803434
1,5.319351764,2.44789,6.30792,6.30792,6.07163,6.06411,6.07398,-2.61333,-2.6079,-2.61502
1,5.319351764,6.56319,6.30792,6.30792,6.07163,6.06411,6.07398,0.354498,0.359922,0.352802
1,5.338417541,3.68958,6.30039,6.30039,6.05785,6.05035,6.06027,-1.70792,-1.70252,-1.70967
1,5.338417541,6.11973,6.30039,6.30039,6.05785,6.05035,6.06027,0.0446309,0.0500355,0.0428856
1,5.338417541,5.74723,6.30039,6.30039,6.05785,6.05035,6.06027,-0.224008,-0.218604,-0.225754
1,5.376549094,5.46341,6.28532,6.28532,6.03028,6.02284,6.03283,-0.408802,-0.403437,-0.410647
1,5.395614871,6.03104,6.27778,6.27778,6.01649,6.00908,6.01912,0.010495,0.0158399,0.00860078
1,5.452812202,6.97118,6.25517,6.25517,5.97513,5.9678,5.97796,0.718315,0.7236,0.716272
1,5.452812202,4.47007,6.25517,6.25517,5.97513,5.9678,5.97796,-1.08541,-1.08012,-1.08745
1,5.510009533,7.23725,6.23255,6.23255,5.93377,5.92653,5.93681,0.940026,0.945252,0.937834
1,5.52907531,6.75831,6.22501,6.22501,5.91999,5.91277,5.9231,0.604575,0.609781,0.602333
1,5.605338418,7.62749,6.19484,6.19484,5.86484,5.85774,5.86823,1.27117,1.27629,1.26873
1,5.605338418,6.56319,6.19484,6.19484,5.86484,5.85774,5.86823,0.503627,0.508753,0.501187
1,5.643469971,5.32151,6.17975,6.17975,5.83727,5.83022,5.84079,-0.371953,-0.366867,-0.374493
1,5.681601525,7.73392,6.16465,6.16465,5.8097,5.8027,5.81336,1.38769,1.39274,1.38505
1,5.681601525,5.56984,6.16465,6.16465,5.8097,5.8027,5.81336,-0.172977,-0.16793,-0.175616
1,5.738798856,3.26386,6.14201,6.14201,5.76834,5.76143,5.77221,-1.80616,-1.80117,-1.80894
1,5.757864633,6.35033,6.13446,6.13446,5.75456,5.74767,5.75849,0.429654,0.434622,0.426817
1,5.834127741,5.10865,6.10426,6.10426,5.69941,5.69264,5.70362,-0.426042,-0.421154,-0.429078
1,5.872259295,6.45676,6.08915,6.08915,5.67184,5.66512,5.67619,0.56606,0.570909,0.562925
1,5.929456625,0.674058,6.06649,6.06649,5.63048,5.62384,5.63504,-3.57442,-3.56963,-3.5777
1,5.929456625,5.90687,6.06649,6.06649,5.63048,5.62384,5.63504,0.199323,0.204112,0.196039
1,5.948522402,5.46341,6.05893,6.05893,5.6167,5.61009,5.62132,-0.110544,-0.105774,-0.113877
1,5.986653956,4.1153,6.04382,6.04382,5.58913,5.58257,5.59389,-1.06288,-1.05815,-1.06631
1,6.02478551,5.1796,6.02871,6.02871,5.56156,5.55505,5.56645,-0.275454,-0.270764,-0.278986
1,6.062917064,3.97339,6.01359,6.01359,5.53398,5.52754,5.53902,-1.12545,-1.1208,-1.12908
1,6.081982841,3.77827,6.00603,6.00603,5.5202,5.51378,5.5253,-1.25622,-1.25159,-1.2599
1,6.101048618,4.93126,5.99847,5.99847,5.50641,5.50002,5.51159,-0.414779,-0.410168,-0.41851
1,6.139180172,6.35033,5.98335,5.98335,5.47884,5.4725,5.48415,0.628493,0.633064,0.624663
1,6.139180172,6.102,5.98335,5.98335,5.47884,5.4725,5.48415,0.4494,0.453971,0.44557
1,6.234509056,5.97783,5.94555,5.94555,5.40991,5.40371,5.41557,0.409563,0.414035,0.405485
1,6.253574833,5.81818,5.93798,5.93798,5.39613,5.38995,5.40185,0.304374,0.308826,0.300246
1,6.253574833,5.00222,5.93798,5.93798,5.39613,5.38995,5.40185,-0.284074,-0.279622,-0.288202
1,6.291706387,3.90244,5.92286,5.92286,5.36855,5.36244,5.37441,-1.05732,-1.0529,-1.06154
1,6.291706387,3.6541,5.92286,5.92286,5.36855,5.36244,5.37441,-1.23641,-1.232,-1.24064
1,6.329837941,6.91796,5.90773,5.90773,5.34098,5.33492,5.34698,1.13727,1.14164,1.13294
1,6.329837941,4.15078,5.90773,5.90773,5.34098,5.33492,5.34698,-0.85834,-0.853967,-0.862666
1,6.348903718,6.4745,5.90016,5.90016,5.3272,5.32116,5.33326,0.827399,0.831753,0.823024
1,6.367969495,6.03104,5.8926,5.8926,5.31341,5.3074,5.31955,0.517532,0.521866,0.513108
1,6.406101049,4.64745,5.87747,5.87747,5.28584,5.27989,5.29211,-0.460387,-0.456093,-0.464911
1,6.406101049,4.43459,5.87747,5.87747,5.28584,5.27989,5.29211,-0.613895,-0.609601,-0.61842
1,6.444232602,7.13082,5.86234,5.86234,5.25827,5.25237,5.26468,1.35043,1.35468,1.3458
1,6.444232602,2.98004,5.86234,5.86234,5.25827,5.25237,5.26468,-1.64298,-1.63873,-1.64761
1,6.52049571,4.15078,5.83207,5.83207,5.20312,5.19734,5.20981,-0.758921,-0.754748,-0.763744
1,6.52049571,4.96674,5.83207,5.83207,5.20312,5.19734,5.20981,-0.170473,-0.1663,-0.175296
1,6.596758818,4.29268,5.8018,5.8018,5.14798,5.14231,5.15494,-0.616814,-0.612721,-0.621836
1,6.615824595,5.25055,5.79423,5.79423,5.1342,5.12855,5.14123,0.0839143,0.0879877,0.0788427
1,6.634890372,5.03769,5.78666,5.78666,5.12041,5.11479,5.12751,-0.0596521,-0.0555985,-0.0647732
1,6.673021926,5.60532,5.77152,5.77152,5.09284,5.08727,5.10008,0.369587,0.373601,0.364366
1,6.749285033,3.58315,5.74124,5.74124,5.0377,5.03224,5.04521,-1.04897,-1.04504,-1.05439
1,6.787416587,4.5765,5.7261,5.7261,5.01013,5.00472,5.01777,-0.31272,-0.308822,-0.318235
1,6.787416587,5.00222,5.7261,5.7261,5.01013,5.00472,5.01777,-0.00570326,-0.00180591,-0.0112189
1,6.863679695,5.92461,5.69582,5.69582,4.95498,4.94969,4.96291,0.699266,0.703085,0.693553
1,6.882745472,4.77162,5.68824,5.68824,4.9412,4.93593,4.94919,-0.122294,-0.118495,-0.128058
1,6.95900858,5.12639,5.65795,5.65795,4.88605,4.88089,4.89432,0.17332,0.177041,0.167358
1,6.978074357,2.60754,5.65038,5.65038,4.87227,4.86714,4.8806,-1.63325,-1.62955,-1.63926
1,6.978074357,6.06652,5.65038,5.65038,4.87227,4.86714,4.8806,0.861257,0.864957,0.855244
1,6.978074357,4.00887,5.65038,5.65038,4.87227,4.86714,4.8806,-0.622656,-0.618955,-0.628668
1,6.978074357,3.90244,5.65038,5.65038,4.87227,4.86714,4.8806,-0.69941,-0.695709,-0.705422
1,6.978074357,3.68958,5.65038,5.65038,4.87227,4.86714,4.8806,-0.852918,-0.849217,-0.858931
1,7.01620591,5.55211,5.63523,5.63523,4.8447,4.83962,4.85317,0.510162,0.513823,0.50405
1,7.01620591,3.49446,5.63523,5.63523,4.8447,4.83962,4.85317,-0.97375,-0.970089,-0.979862
1,7.054337464,3.83149,5.62009,5.62009,4.81712,4.8121,4.82574,-0.710812,-0.70719,-0.717023
1,7.092469018,5.33925,5.60494,5.60494,4.78955,4.78459,4.7983,0.396422,0.400004,0.390111
1,7.092469018,4.64745,5.60494,5.60494,4.78955,4.78459,4.7983,-0.10248,-0.0988976,-0.108791
1,7.20686368,3.40576,5.55949,5.55949,4.70684,4.70203,4.716,-0.938293,-0.934829,-0.944902
1,7.244995234,3.22838,5.54434,5.54434,4.67927,4.67452,4.68857,-1.04633,-1.04291,-1.05304
1,7.244995234,5.97783,5.54434,5.54434,4.67927,4.67452,4.68857,0.936481,0.939905,0.929772
1,7.283126787,3.86696,5.52919,5.52919,4.6517,4.647,4.66114,-0.565925,-0.56254,-0.572734
1,7.321258341,2.87361,5.51404,5.51404,4.62412,4.61949,4.6337,-1.26241,-1.25907,-1.26932
1,7.321258341,5.32151,5.51404,5.51404,4.62412,4.61949,4.6337,0.502931,0.506277,0.496023
1,7.321258341,4.25721,5.51404,5.51404,4.62412,4.61949,4.6337,-0.26461,-0.261264,-0.271518
1,7.321258341,3.97339,5.51404,5.51404,4.62412,4.61949,4.6337,-0.469287,-0.465942,-0.476195
1,7.359389895,3.72506,5.49889,5.49889,4.59655,4.59197,4.60627,-0.628497,-0.62519,-0.635504
1,7.359389895,4.7184,5.49889,5.49889,4.59655,4.59197,4.60627,0.0878747,0.0911811,0.0808673
1,7.397521449,4.07982,5.48373,5.48373,4.56898,4.56445,4.57884,-0.352766,-0.3495,-0.359873
1,7.435653003,3.97339,5.46858,5.46858,4.54141,4.53694,4.5514,-0.409637,-0.406411,-0.416843
1,7.473784557,3.29933,5.45343,5.45343,4.51384,4.50942,4.52397,-0.875863,-0.872677,-0.883168
1,7.473784557,5.88914,5.45343,5.45343,4.51384,4.50942,4.52397,0.99182,0.995006,0.984515
1,7.511916111,3.86696,5.43827,5.43827,4.48627,4.48191,4.49654,-0.446625,-0.443479,-0.454029
1,7.607244995,1.04656,5.40038,5.40038,4.41734,4.41312,4.42795,-2.4309,-2.42785,-2.43855
1,7.607244995,2.55432,5.40038,5.40038,4.41734,4.41312,4.42795,-1.34355,-1.34051,-1.3512
1,7.626310772,4.1153,5.39281,5.39281,4.40356,4.39936,4.41424,-0.207882,-0.204857,-0.215585
1,7.626310772,3.97339,5.39281,5.39281,4.40356,4.39936,4.41424,-0.310221,-0.307196,-0.317923
1,7.664442326,4.7184,5.37765,5.37765,4.37599,4.37185,4.3868,0.246941,0.249925,0.239139
1,7.740705434,3.58315,5.34734,5.34734,4.32085,4.31682,4.33194,-0.532004,-0.529099,-0.540004
1,7.740705434,5.35698,5.34734,5.34734,4.32085,4.31682,4.33194,0.747231,0.750136,0.739231
1,7.778836988,3.22838,5.33218,5.33218,4.29327,4.2893,4.30451,-0.767967,-0.765102,-0.776067
1,7.797902765,4.27494,5.3246,5.3246,4.27949,4.27554,4.29079,-0.00327747,-0.000432139,-0.0114266
1,7.912297426,5.42794,5.27913,5.27913,4.19678,4.193,4.20849,0.887874,0.8906,0.879426
1,7.931363203,4.86031,5.27155,5.27155,4.18299,4.17924,4.19478,0.48846,0.491166,0.479963
1,7.969494757,0.461197,5.25639,5.25639,4.15542,4.15173,4.16734,-2.66416,-2.66149,-2.67276
1,7.969494757,3.44124,5.25639,5.25639,4.15542,4.15173,4.16734,-0.515046,-0.512379,-0.523642
1,7.969494757,2.83814,5.25639,5.25639,4.15542,4.15173,4.16734,-0.949986,-0.947319,-0.958581
1,7.988560534,1.54324,5.24881,5.24881,4.14164,4.13797,4.15363,-1.87389,-1.87124,-1.88253
1,8.007626311,3.33481,5.24123,5.24123,4.12785,4.12421,4.13991,-0.571918,-0.569289,-0.580612
1,8.026692088,4.55876,5.23365,5.23365,4.11407,4.11045,4.12619,0.320695,0.323304,0.311951
1,8.083889418,3.86696,5.21091,5.21091,4.07272,4.06918,4.08505,-0.148383,-0.145833,-0.157276
1,8.083889418,2.55432,5.21091,5.21091,4.07272,4.06918,4.08505,-1.09502,-1.09247,-1.10391
1,8.141086749,1.38359,5.18817,5.18817,4.03136,4.02791,4.0439,-1.90949,-1.907,-1.91853
1,8.160152526,1.84479,5.18059,5.18059,4.01758,4.01415,4.03018,-1.56695,-1.56448,-1.57604
1,8.236415634,4.00887,5.15027,5.15027,3.96244,3.95912,3.97532,0.0334831,0.0358745,0.0241939
1,8.236415634,2.16408,5.15027,5.15027,3.96244,3.95912,3.97532,-1.29692,-1.29453,-1.30621
1,8.236415634,4.7184,5.15027,5.15027,3.96244,3.95912,3.97532,0.545177,0.547568,0.535888
1,8.312678742,2.98004,5.11994,5.11994,3.9073,3.9041,3.92046,-0.66871,-0.666398,-0.678198
1,8.312678742,5.25055,5.11994,5.11994,3.9073,3.9041,3.92046,0.96871,0.971023,0.959223
1,8.331744519,1.20621,5.11236,5.11236,3.89352,3.89034,3.90674,-1.938,-1.93571,-1.94754
1,8.350810296,4.00887,5.10478,5.10478,3.87974,3.87658,3.89303,0.0931271,0.0954001,0.0835408
1,8.350810296,3.47672,5.10478,5.10478,3.87974,3.87658,3.89303,-0.290643,-0.28837,-0.30023
1,8.369876072,2.80266,5.0972,5.0972,3.86595,3.86283,3.87931,-0.766812,-0.764559,-0.776448
1,8.408007626,2.19956,5.08204,5.08204,3.83838,3.83531,3.85188,-1.18187,-1.17966,-1.19161
1,8.465204957,2.30599,5.0593,5.0593,3.79703,3.79404,3.81074,-1.0753,-1.07314,-1.08518
1,8.465204957,5.32151,5.0593,5.0593,3.79703,3.79404,3.81074,1.0994,1.10156,1.08952
1,8.503336511,2.44789,5.04414,5.04414,3.76947,3.76653,3.78331,-0.953076,-0.950961,-0.963059
1,8.579599619,2.94457,5.01381,5.01381,3.71433,3.71151,3.72845,-0.555131,-0.553095,-0.565311
1,8.598665396,2.23503,5.00623,5.00623,3.70055,3.69775,3.71474,-1.05688,-1.05487,-1.06711
1,8.617731173,3.5122,4.99865,4.99865,3.68677,3.684,3.70102,-0.125896,-0.1239,-0.136175
1,8.617731173,2.76718,4.99865,4.99865,3.68677,3.684,3.70102,-0.663175,-0.661178,-0.673454
1,8.732125834,5.62306,4.95316,4.95316,3.60407,3.60147,3.61874,1.45603,1.45791,1.44546
1,8.751191611,3.08647,4.94558,4.94558,3.59029,3.58771,3.60502,-0.363334,-0.361479,-0.373961
1,8.808388942,3.90244,4.92283,4.92283,3.54894,3.54645,3.56388,0.254932,0.256728,0.244156
1,8.88465205,6.66962,4.8925,4.8925,3.49381,3.49143,3.50903,2.29029,2.29201,2.27932
1,8.903717827,7.02439,4.88492,4.88492,3.48003,3.47768,3.49532,2.55608,2.55778,2.54506
1,8.94184938,1.54324,4.86976,4.86976,3.45247,3.45017,3.46789,-1.37688,-1.37522,-1.388
1,8.979980934,2.55432,4.85459,4.85459,3.42491,3.42267,3.44047,-0.627838,-0.626221,-0.639059
1,8.979980934,5.28603,4.85459,4.85459,3.42491,3.42267,3.44047,1.34218,1.3438,1.33096
1,9.037178265,1.17073,4.83185,4.83185,3.38357,3.38141,3.39933,-1.59583,-1.59427,-1.6072
1,9.075309819,4.15078,4.81668,4.81668,3.35601,3.3539,3.37191,0.573163,0.574681,0.561694
1,9.151572927,3.68958,4.78635,4.78635,3.30089,3.29889,3.31707,0.280311,0.28175,0.268644
1,9.151572927,1.38359,4.78635,4.78635,3.30089,3.29889,3.31707,-1.38269,-1.38126,-1.39436
1,9.208770257,1.11752,4.76361,4.76361,3.25955,3.25764,3.27594,-1.54477,-1.54339,-1.55658
1,9.246901811,1.72062,4.74844,4.74844,3.232,3.23014,3.24852,-1.08996,-1.08862,-1.10187
1,9.304099142,4.15078,4.72569,4.72569,3.19066,3.18889,3.20739,0.692403,0.693682,0.68034
1,9.304099142,2.94457,4.72569,4.72569,3.19066,3.18889,3.20739,-0.177477,-0.176198,-0.189539
1,9.304099142,2.73171,4.72569,4.72569,3.19066,3.18889,3.20739,-0.330985,-0.329706,-0.343048
1,9.304099142,1.88027,4.72569,4.72569,3.19066,3.18889,3.20739,-0.945018,-0.943739,-0.95708
1,9.342230696,3.40576,4.71053,4.71053,3.16311,3.16139,3.17997,0.174995,0.176234,0.162834
1,9.342230696,2.51885,4.71053,4.71053,3.16311,3.16139,3.17997,-0.464622,-0.463383,-0.476784
1,9.456625357,4.39911,4.66503,4.66503,3.08046,3.0789,3.09773,0.950974,0.952093,0.938516
1,9.475691134,1.91574,4.65745,4.65745,3.06668,3.06516,3.08403,-0.830021,-0.828922,-0.842529
1,9.532888465,2.76718,4.6347,4.6347,3.02536,3.02392,3.04291,-0.186189,-0.18515,-0.198845
1,9.571020019,1.0643,4.61954,4.61954,2.99782,2.99643,3.0155,-1.39439,-1.39339,-1.40714
1,9.571020019,1.73836,4.61954,4.61954,2.99782,2.99643,3.0155,-0.908281,-0.907281,-0.921035
1,9.609151573,0.248337,4.60437,4.60437,2.97027,2.96894,2.98809,-1.96297,-1.96202,-1.97583
1,9.666348904,2.02217,4.58162,4.58162,2.92896,2.92771,2.94699,-0.653946,-0.653048,-0.666948
1,9.723546235,3.58315,4.55888,4.55888,2.88765,2.88649,2.90589,0.50157,0.502408,0.488421
1,9.742612011,4.54102,4.55129,4.55129,2.87388,2.87275,2.89219,1.20229,1.2031,1.18909
1,9.818875119,4.20399,4.52096,4.52096,2.81882,2.81779,2.83739,0.998942,0.999681,0.985548
1,9.87607245,4.96674,4.49821,4.49821,2.77753,2.77659,2.7963,1.57879,1.57947,1.56525
1,9.971401335,7.21951,4.4603,4.4603,2.70872,2.70792,2.72784,3.25304,3.25362,3.23925
1,9.990467112,3.1929,4.45272,4.45272,2.69496,2.69419,2.71415,0.359099,0.359658,0.345265
1,10.06673022,1.84479,4.42238,4.42238,2.63994,2.63927,2.65939,-0.573437,-0.572957,-0.587466
1,10.06673022,2.94457,4.42238,4.42238,2.63994,2.63927,2.65939,0.219688,0.220168,0.20566
1,10.14299333,1.02882,4.39205,4.39205,2.58493,2.58437,2.60465,-1.12221,-1.12181,-1.13644
1,10.21925643,1.41907,4.36172,4.36172,2.52994,2.52949,2.54993,-0.801126,-0.800804,-0.815541
1,10.21925643,1.91574,4.36172,4.36172,2.52994,2.52949,2.54993,-0.44294,-0.442618,-0.457355
1,10.29551954,2.62528,4.33139,4.33139,2.47497,2.47463,2.49523,0.108397,0.10864,0.0937892
1,10.3336511,0.31929,4.31622,4.31622,2.44749,2.44721,2.46788,-1.53479,-1.53459,-1.5495
1,10.3336511,0.709534,4.31622,4.31622,2.44749,2.44721,2.46788,-1.25336,-1.25316,-1.26807
1,10.3336511,1.84479,4.31622,4.31622,2.44749,2.44721,2.46788,-0.434651,-0.434448,-0.449355
1,10.3336511,2.80266,4.31622,4.31622,2.44749,2.44721,2.46788,0.256136,0.256339,0.241432
1,10.37178265,2.30599,4.30105,4.30105,2.42002,2.4198,2.44054,-0.0822394,-0.0820755,-0.0970387
1,10.4099142,2.73171,4.28589,4.28589,2.39256,2.39239,2.41321,0.244583,0.244707,0.229688
1,10.44804576,3.4235,4.27072,4.27072,2.3651,2.36498,2.38589,0.763287,0.76337,0.748296
1,10.44804576,2.02217,4.27072,4.27072,2.3651,2.36498,2.38589,-0.247309,-0.247225,-0.2623
1,10.56244042,0,4.22522,4.22522,2.28278,2.28283,2.30396,-1.64627,-1.6463,-1.66154
1,10.60057197,3.29933,4.21006,4.21006,2.25536,2.25546,2.27666,0.752884,0.752812,0.737517
1,10.60057197,1.73836,4.21006,4.21006,2.25536,2.25546,2.27666,-0.372842,-0.372915,-0.388209
1,10.67683508,2.98004,4.17973,4.17973,2.20054,2.20075,2.22211,0.562154,0.562003,0.546601
1,10.71496663,1.73836,4.16456,4.16456,2.17315,2.17341,2.19484,-0.313555,-0.313746,-0.329201
1,10.73403241,3.37029,4.15698,4.15698,2.15945,2.15975,2.18121,0.873215,0.873005,0.857523
1,10.81029552,3.1929,4.12665,4.12665,2.10472,2.10512,2.12673,0.784766,0.784477,0.768891
1,10.88655863,6.42129,4.09631,4.09631,2.05004,2.05055,2.0723,3.15241,3.15204,3.13635
1,10.9056244,3.051,4.08873,4.08873,2.03637,2.03691,2.0587,0.731715,0.731327,0.715614
1,10.94375596,0.390244,4.07356,4.07356,2.00906,2.00966,2.03151,-1.16744,-1.16787,-1.18363
1,10.94375596,1.02882,4.07356,4.07356,2.00906,2.00966,2.03151,-0.706917,-0.707345,-0.723107
1,10.96282173,1.27716,4.06598,4.06598,1.99541,1.99603,2.01793,-0.517981,-0.518429,-0.534216
1,11.05815062,2.23503,4.02807,4.02807,1.92724,1.92799,1.95005,0.221972,0.221427,0.205519
1,11.05815062,1.95122,4.02807,4.02807,1.92724,1.92799,1.95005,0.0172945,0.0167491,0.000841289
1,11.09628217,0.177384,4.0129,4.0129,1.9,1.90081,1.92294,-1.2423,-1.24288,-1.25884
1,11.13441373,2.19956,3.99773,3.99773,1.87279,1.87365,1.89584,0.235654,0.235031,0.219031
1,11.22974261,2.53659,3.95982,3.95982,1.80486,1.80586,1.8282,0.527698,0.526978,0.510866
1,11.24880839,0.603104,3.95224,3.95224,1.79129,1.79232,1.81469,-0.856885,-0.857623,-0.873757
1,11.30600572,4.38137,3.92949,3.92949,1.75064,1.75174,1.7742,1.89721,1.89641,1.88021
1,11.3250715,0,3.92191,3.92191,1.7371,1.73823,1.76072,-1.25274,-1.25356,-1.26977
1,11.3250715,0.886918,3.92191,3.92191,1.7371,1.73823,1.76072,-0.613124,-0.613939,-0.630155
1,11.3250715,2.80266,3.92191,3.92191,1.7371,1.73823,1.76072,0.768449,0.767634,0.751418
1,11.36320305,1.45455,3.90674,3.90674,1.71005,1.71123,1.73377,-0.184261,-0.185114,-0.20137
1,11.4013346,1.0643,3.89158,3.89158,1.68303,1.68427,1.70686,-0.446208,-0.4471,-0.463394
1,11.43946616,1.59645,3.87641,3.87641,1.65605,1.65734,1.67998,-0.042979,-0.0439085,-0.0602394
1,11.55386082,0.957871,3.83091,3.83091,1.57534,1.57678,1.59957,-0.445301,-0.44634,-0.462773
1,11.59199237,1.24169,3.81575,3.81575,1.54853,1.55002,1.57285,-0.221285,-0.222361,-0.238823
1,11.59199237,4.39911,3.81575,3.81575,1.54853,1.55002,1.57285,2.05575,2.05468,2.03821
1,11.63012393,2.87361,3.80058,3.80058,1.52176,1.5233,1.54617,0.974914,0.973802,0.957312
1,11.74451859,2.55432,3.75509,3.75509,1.44178,1.44347,1.46644,0.802332,0.801112,0.78455
1,11.8207817,1.70288,3.72476,3.72476,1.38876,1.39055,1.41356,0.226537,0.225248,0.208649
1,11.87797903,6.31486,3.70201,3.70201,1.34917,1.35103,1.37407,3.5811,3.57976,3.56314
1,11.8970448,1.80931,3.69443,3.69443,1.33601,1.33789,1.36094,0.34133,0.339973,0.323349
1,11.93517636,0.425721,3.67927,3.67927,1.30975,1.31168,1.33474,-0.637535,-0.638925,-0.655558
1,11.97330791,0.141907,3.6641,3.6641,1.28357,1.28555,1.30862,-0.823334,-0.824756,-0.841394
1,11.97330791,0.993348,3.6641,3.6641,1.28357,1.28555,1.30862,-0.209301,-0.210723,-0.227361
1,12.01143947,0.283814,3.64894,3.64894,1.25748,1.2595,1.28257,-0.702178,-0.703632,-0.720273
1,12.04957102,0.815965,3.63377,3.63377,1.23148,1.23354,1.25661,-0.299657,-0.301143,-0.317781
1,12.12583413,0.815965,3.60344,3.60344,1.17977,1.18192,1.20497,-0.262369,-0.263916,-0.280539
1,12.16396568,1.09978,3.58828,3.58828,1.15408,1.15627,1.1793,-0.0391616,-0.0407388,-0.0573484
1,12.27836034,1.88027,3.54279,3.54279,1.07771,1.08002,1.10295,0.578777,0.577115,0.560574
1,12.3164919,0.10643,3.52763,3.52763,1.05251,1.05486,1.07775,-0.682286,-0.683975,-0.700484
1,12.3164919,0.851441,3.52763,3.52763,1.05251,1.05486,1.07775,-0.145007,-0.146696,-0.163205
1,12.3164919,1.41907,3.52763,3.52763,1.05251,1.05486,1.07775,0.264348,0.262659,0.24615
1,12.43088656,1.34812,3.48214,3.48214,0.9778,0.980246,1.00296,0.26706,0.265296,0.248918
1,12.46901811,0.780488,3.46698,3.46698,0.953215,0.955692,0.978326,-0.124565,-0.126352,-0.142675
1,12.58341277,0.266075,3.42149,3.42149,0.880533,0.883095,0.905446,-0.443127,-0.444975,-0.461094
1,12.58341277,2.87361,3.42149,3.42149,0.880533,0.883095,0.905446,1.43735,1.4355,1.41938
1,12.60247855,4.87805,3.41391,3.41391,0.868587,0.871163,0.893458,2.8915,2.88964,2.87356
1,12.73593899,2.23503,3.36084,3.36084,0.786472,0.789124,0.81096,1.04466,1.04274,1.027
1,12.8122021,1.56098,3.33052,3.33052,0.740838,0.743523,0.765038,0.591457,0.589521,0.574005
1,12.92659676,1.63193,3.28504,3.28504,0.674366,0.677082,0.698029,0.690565,0.688606,0.6735
1,12.96472831,4.32816,3.26988,3.26988,0.652778,0.6555,0.676234,2.65057,2.64861,2.63365
1,12.96472831,1.27716,3.26988,3.26988,0.652778,0.6555,0.676234,0.450286,0.448323,0.43337
1,13.04099142,0.674058,3.23956,3.23956,0.610522,0.613247,0.63352,0.04582,0.043855,0.0292345
1,13.15538608,1.73836,3.19409,3.19409,0.54959,0.552302,0.571794,0.857303,0.855347,0.84129
1,13.19351764,1.9867,3.17893,3.17893,0.529975,0.532677,0.551885,1.05054,1.04859,1.03474
1,13.26978074,0.745011,3.14861,3.14861,0.491845,0.494521,0.513126,0.182576,0.180645,0.167228
1,13.3079123,0.0709534,3.13346,3.13346,0.47335,0.476008,0.494295,-0.290196,-0.292113,-0.305301
1,13.34604385,0.567627,3.1183,3.1183,0.455246,0.457883,0.475841,0.0810458,0.0791446,0.0661934
1,13.49857007,1.09978,3.05768,3.05768,0.386884,0.389408,0.405957,0.514117,0.512297,0.500362
1,13.53670162,0.709534,3.04253,3.04253,0.370837,0.373328,0.389504,0.244258,0.242462,0.230796
1,13.57483317,1.70288,3.02737,3.02737,0.355219,0.357673,0.373468,0.971893,0.970123,0.958732
1,13.61296473,4.1153,3.01222,3.01222,0.340032,0.342447,0.357856,2.7226,2.72086,2.70975
1,13.89895138,2.46563,2.89859,2.89859,0.240025,0.242091,0.254484,1.60504,1.60355,1.59461
1,13.99428027,4.89579,2.86072,2.86072,0.212082,0.214015,0.225398,3.37774,3.37635,3.36814
1,13.99428027,1.27716,2.86072,2.86072,0.212082,0.214015,0.225398,0.768102,0.766708,0.758499
1,14.0514776,1.91574,2.838,2.838,0.196566,0.198418,0.209204,1.23982,1.23848,1.2307
1,14.2993327,0.886918,2.73957,2.73957,0.139525,0.141021,0.149357,0.538997,0.537918,0.531906
1,14.2993327,0.638581,2.73957,2.73957,0.139525,0.141021,0.149357,0.359904,0.358825,0.352813
1,14.37559581,1.0643,2.70929,2.70929,0.125061,0.126447,0.134092,0.677351,0.676351,0.670838
1,14.45185891,1.27716,2.67902,2.67902,0.111908,0.11319,0.120179,0.840345,0.83942,0.834379
1,14.48999047,0.425721,2.66388,2.66388,0.105796,0.107029,0.113705,0.23072,0.229831,0.225016
1,14.56625357,0.709534,2.63361,2.63361,0.0944507,0.0955891,0.101666,0.443579,0.442758,0.438375
1,14.60438513,1.84479,2.61848,2.61848,0.0891963,0.090289,0.0960819,1.26608,1.26529,1.26111
1,14.60438513,1.9867,2.61848,2.61848,0.0891963,0.090289,0.0960819,1.36842,1.36763,1.36345
1,14.90943756,1.27716,2.49748,2.49748,0.055833,0.0566025,0.0604661,0.880784,0.880229,0.877443
1,15.02383222,0.638581,2.45213,2.45213,0.0466503,0.0473177,0.0506107,0.426882,0.426401,0.424026
1,15.36701621,0.10643,2.31618,2.31618,0.0269583,0.0273812,0.029384,0.0573126,0.0570076,0.0555632
1,15.40514776,0.638581,2.30109,2.30109,0.0253474,0.0257488,0.0276413,0.442245,0.441955,0.44059
1,15.55767398,0.496674,2.24074,2.24074,0.0197901,0.0201159,0.0216203,0.343914,0.343679,0.342594
1,15.90085796,1.13525,2.10515,2.10515,0.0112872,0.0114873,0.0123767,0.81057,0.810426,0.809785
1,15.97712107,0.567627,2.07506,2.07506,0.00995647,0.0101359,0.0109261,0.402175,0.402045,0.401476
1,16.01525262,0.674058,2.06003,2.06003,0.00935052,0.00952038,0.0102651,0.479366,0.479243,0.478706
1,16.2821735,1.09978,1.9549,1.9549,0.00601859,0.00613376,0.00662449,0.788785,0.788702,0.788348
1,16.32030505,1.31264,1.9399,1.9399,0.00565076,0.00575976,0.00622185,0.942559,0.94248,0.942147
1,16.47283127,0.922395,1.87998,1.87998,0.00438984,0.00447686,0.00484034,0.662036,0.661974,0.661711
1,16.54909438,0.141907,1.85006,1.85006,0.00386873,0.00394648,0.00426868,0.0995488,0.0994927,0.0992603
1,16.62535748,0,1.82016,1.82016,0.00340925,0.00347862,0.00376425,-0.00245865,-0.00250867,-0.00271466
1,16.89227836,0.851441,1.71581,1.71581,0.00218922,0.00223545,0.00242277,0.612454,0.612421,0.612285
1,17.04480458,1.0643,1.65638,1.65638,0.00169944,0.00173611,0.00188298,0.766315,0.766289,0.766183
1,17.57864633,0.425721,1.45004,1.45004,0.000699722,0.000716044,0.000778611,0.306512,0.3065,0.306455
1,18.03622498,2.37694,1.27597,1.27597,0.000326838,0.000334915,0.000365021,1.71394,1.71393,1.71391
1,19.04671115,1.56098,0.907722,0.907722,6.06107e-05,6.24985e-05,6.84659e-05,1.12568,1.12568,1.12568
2,0.000224299,0.556237,7.16789,7.16789,5.34809,5.34864,5.3527,-3.45573,-3.45613,-3.45906
2,0.045084112,2.87935,7.1922,7.1922,5.33667,5.33723,5.34132,-1.77214,-1.77255,-1.7755
2,0.067514019,2.97751,7.20419,7.20419,5.33096,5.33152,5.33564,-1.69724,-1.69764,-1.70061
2,0.134803738,4.05726,7.23949,7.23949,5.31384,5.3144,5.31858,-0.906203,-0.906611,-0.909622
2,0.157233645,3.27198,7.25102,7.25102,5.30813,5.3087,5.31289,-1.4684,-1.46881,-1.47184
2,0.269383178,3.40286,7.30675,7.30675,5.27958,5.28017,5.28445,-1.35343,-1.35385,-1.35695
2,0.426392523,2.01227,7.37871,7.37871,5.23963,5.24023,5.24465,-2.32747,-2.3279,-2.33109
2,0.426392523,4.13906,7.37871,7.37871,5.23963,5.24023,5.24465,-0.793695,-0.794127,-0.797316
2,0.51611215,4.90798,7.41621,7.41621,5.21679,5.2174,5.2219,-0.222711,-0.223149,-0.226394
2,0.650691589,3.81186,7.46685,7.46685,5.18255,5.18317,5.18778,-0.988495,-0.988944,-0.992271
2,0.650691589,3.5501,7.46685,7.46685,5.18255,5.18317,5.18778,-1.17727,-1.17772,-1.18104
2,0.673121495,2.86299,7.47459,7.47459,5.17684,5.17746,5.1821,-1.66868,-1.66913,-1.67247
2,0.762841121,3.09202,7.50339,7.50339,5.154,5.15464,5.15935,-1.48704,-1.48749,-1.49089
2,0.807700935,5.51329,7.51645,7.51645,5.14259,5.14323,5.14798,0.26734,0.266879,0.263455
2,0.897420561,4.25358,7.53979,7.53979,5.11976,5.1204,5.12523,-0.62466,-0.625127,-0.628607
2,0.9198504669999999,3.01022,7.54502,7.54502,5.11405,5.1147,5.11954,-1.51721,-1.51768,-1.52117
2,0.9198504669999999,4.79346,7.54502,7.54502,5.11405,5.1147,5.11954,-0.2312,-0.23167,-0.235163
2,0.96471028,5.97137,7.55476,7.55476,5.10263,5.10329,5.10817,0.626507,0.626035,0.622513
2,0.96471028,4.98978,7.55476,7.55476,5.10263,5.10329,5.10817,-0.0813881,-0.081861,-0.0853821
2,0.9871401869999999,3.51738,7.55926,7.55926,5.09692,5.09758,5.10248,-1.13911,-1.13959,-1.14312
2,0.9871401869999999,4.07362,7.55926,7.55926,5.09692,5.09758,5.10248,-0.737974,-0.738449,-0.741984
2,1.054429907,3.3865,7.57125,7.57125,5.0798,5.08046,5.08542,-1.22115,-1.22163,-1.22521
2,1.121719626,3.1411,7.58096,7.58096,5.06267,5.06335,5.06836,-1.38577,-1.38626,-1.38988
2,1.211439252,4.30266,7.59035,7.59035,5.03984,5.04052,5.04562,-0.531632,-0.532124,-0.535797
2,1.278728972,5.20245,7.59473,7.59473,5.02271,5.0234,5.02855,0.129622,0.129125,0.125411
2,1.323588785,5.48057,7.5964,7.5964,5.0113,5.01199,5.01718,0.338426,0.337926,0.334183
2,1.346018692,4.10634,7.59686,7.59686,5.00559,5.00629,5.01149,-0.648511,-0.649013,-0.65277
2,1.390878505,7.00204,7.59705,7.59705,4.99417,4.99487,5.00012,1.44801,1.44751,1.44372
2,1.413308411,5.10429,7.59679,7.59679,4.98847,4.98917,4.99443,0.0835324,0.0830253,0.0792275
2,1.435738318,7.62372,7.59629,7.59629,4.98276,4.98346,4.98875,1.90458,1.90407,1.90026
2,1.480598131,5.79141,7.59459,7.59459,4.97134,4.97205,4.97737,0.591409,0.590897,0.587058
2,1.480598131,5.62781,7.59459,7.59459,4.97134,4.97205,4.97737,0.473427,0.472914,0.469075
2,1.503028037,4.76074,7.5934,7.5934,4.96563,4.96634,4.97169,-0.147765,-0.148279,-0.152132
2,1.660037383,6.11861,7.57901,7.57901,4.92567,4.9264,4.93188,0.860308,0.859781,0.855832
2,1.660037383,4.92434,7.57901,7.57901,4.92567,4.9264,4.93188,-0.000965213,-0.0014917,-0.00544134
2,1.727327103,4.05726,7.56982,7.56982,4.90855,4.90929,4.91482,-0.613923,-0.614455,-0.618446
2,1.817046729,6.51125,7.55502,7.55502,4.88572,4.88646,4.89207,1.17228,1.17174,1.1677
2,1.884336449,5.07157,7.54218,7.54218,4.86859,4.86935,4.87501,0.146386,0.145841,0.141755
2,1.929196262,3.58282,7.53286,7.53286,4.85717,4.85793,4.86364,-0.919023,-0.91957,-0.923685
2,1.951626168,6.31493,7.52798,7.52798,4.85147,4.85223,4.85795,1.0554,1.05485,1.05073
2,1.974056075,5.62781,7.52296,7.52296,4.84576,4.84652,4.85226,0.563993,0.563442,0.5593
2,1.996485981,1.68507,7.51781,7.51781,4.84005,4.84082,4.84658,-2.27527,-2.27582,-2.27998
2,2.041345794,6.72393,7.50712,7.50712,4.82863,4.8294,4.8352,1.36683,1.36627,1.36209
2,2.131065421,4.97342,7.48432,7.48432,4.8058,4.80658,4.81246,0.120879,0.120316,0.116077
2,2.153495327,6.21677,7.47835,7.47835,4.80009,4.80087,4.80677,1.02166,1.0211,1.01685
2,2.175925234,6.49489,7.47227,7.47227,4.79438,4.79517,4.80108,1.22635,1.22578,1.22152
2,2.243214953,2.94479,7.45346,7.45346,4.77726,4.77805,4.78403,-1.32152,-1.32209,-1.3264
2,2.310504673,4.23722,7.43384,7.43384,4.76013,4.76093,4.76697,-0.377111,-0.377687,-0.382037
2,2.377794393,5.12065,7.41351,7.41351,4.74301,4.74382,4.74991,0.272345,0.271764,0.267373
2,2.422654206,3.58282,7.3996,7.3996,4.73159,4.73241,4.73853,-0.828458,-0.829043,-0.833462
2,2.422654206,7.80368,7.3996,7.3996,4.73159,4.73241,4.73853,2.21549,2.21491,2.21049
2,2.422654206,5.21881,7.3996,7.3996,4.73159,4.73241,4.73853,0.351368,0.350783,0.346364
2,2.512373832,4.95706,7.371,7.371,4.70876,4.70958,4.71579,0.179062,0.17847,0.173996
2,2.534803738,7.0184,7.3637,7.3637,4.70305,4.70388,4.7101,1.66976,1.66917,1.66468
2,2.534803738,5.62781,7.3637,7.3637,4.70305,4.70388,4.7101,0.666907,0.666313,0.661826
2,2.534803738,4.51534,7.3637,7.3637,4.70305,4.70388,4.7101,-0.135374,-0.135968,-0.140456
2,2.669383178,5.54601,7.31883,7.31883,4.6688,4.66964,4.67598,0.632616,0.632011,0.627441
2,2.669383178,5.05521,7.31883,7.31883,4.6688,4.66964,4.67598,0.278668,0.278063,0.273493
2,2.669383178,4.35174,7.31883,7.31883,4.6688,4.66964,4.67598,-0.228657,-0.229262,-0.233832
2,2.736672897,3.48466,7.29579,7.29579,4.65168,4.65252,4.65892,-0.841615,-0.842226,-0.846837
2,2.826392523,5.95501,7.26453,7.26453,4.62885,4.6297,4.63617,0.956389,0.955771,0.951105
2,2.91611215,3.10838,7.23273,7.23273,4.60601,4.60688,4.61343,-1.08004,-1.08067,-1.08539
2,2.91611215,5.75869,7.23273,7.23273,4.60601,4.60688,4.61343,0.831276,0.830651,0.82593
2,2.960971963,5.05521,7.21666,7.21666,4.5946,4.59547,4.60205,0.332184,0.331555,0.326806
2,2.960971963,3.69734,7.21666,7.21666,4.5946,4.59547,4.60205,-0.647072,-0.647701,-0.652449
2,2.983401869,5.66053,7.20858,7.20858,4.58889,4.58976,4.59637,0.772836,0.772205,0.767443
2,3.005831776,2.68303,7.20048,7.20048,4.58318,4.58406,4.59068,-1.37033,-1.37096,-1.37574
2,3.005831776,4.7771,7.20048,7.20048,4.58318,4.58406,4.59068,0.139846,0.139214,0.134438
2,3.050691589,3.41922,7.1842,7.1842,4.57176,4.57264,4.57931,-0.831176,-0.831812,-0.836616
2,3.050691589,6.26585,7.1842,7.1842,4.57176,4.57264,4.57931,1.22172,1.22109,1.21628
2,3.050691589,5.31697,7.1842,7.1842,4.57176,4.57264,4.57931,0.537422,0.536786,0.531983
2,3.095551402,4.07362,7.16782,7.16782,4.56035,4.56123,4.56793,-0.351013,-0.351652,-0.356483
2,3.140411215,5.90593,7.15136,7.15136,4.54893,4.54982,4.55656,0.978625,0.977983,0.973124
2,3.162841121,3.25562,7.1431,7.1431,4.54322,4.54412,4.55087,-0.928576,-0.929221,-0.934093
2,3.162841121,5.49693,7.1431,7.1431,4.54322,4.54412,4.55087,0.687786,0.687141,0.682268
2,3.252560748,5.39877,7.10988,7.10988,4.52039,4.52129,4.52813,0.633462,0.632811,0.627883
2,3.297420561,4.76074,7.09316,7.09316,4.50897,4.50988,4.51675,0.181563,0.180908,0.175953
2,3.319850467,5.67689,7.08478,7.08478,4.50327,4.50418,4.51107,0.846382,0.845725,0.840756
2,3.319850467,4.1227,7.08478,7.08478,4.50327,4.50418,4.51107,-0.274453,-0.275109,-0.280079
2,3.387140187,6.05317,7.05954,7.05954,4.48614,4.48706,4.49401,1.13009,1.12943,1.12442
2,3.409570093,6.51125,7.0511,7.0511,4.48043,4.48135,4.48832,1.46456,1.4639,1.45887
2,3.409570093,5.00613,7.0511,7.0511,4.48043,4.48135,4.48832,0.379119,0.378456,0.373431
2,3.432,6.87117,7.04265,7.04265,4.47473,4.47565,4.48263,1.72824,1.72757,1.72253
2,3.432,3.3047,7.04265,7.04265,4.47473,4.47565,4.48263,-0.843784,-0.844449,-0.849487
2,3.454429907,3.97546,7.03418,7.03418,4.46902,4.46994,4.47695,-0.355938,-0.356605,-0.361657
2,3.454429907,4.4499,7.03418,7.03418,4.46902,4.46994,4.47695,-0.0137889,-0.0144558,-0.0195074
2,3.476859813,4.5317,7.0257,7.0257,4.46331,4.46424,4.47126,0.0493188,0.0486502,0.0435848
2,3.521719626,5.56237,7.00871,7.00871,4.45189,4.45283,4.45989,0.800842,0.80017,0.795077
2,3.521719626,3.45194,7.00871,7.00871,4.45189,4.45283,4.45989,-0.721133,-0.721805,-0.726898
2,3.544149533,7.31288,7.00019,7.00019,4.44619,4.44712,4.4542,2.06737,2.0667,2.06159
2,3.633869159,4.90798,6.96603,6.96603,4.42335,4.4243,4.43146,0.349494,0.348813,0.343652
2,3.656299065,4.02454,6.95747,6.95747,4.41765,4.41859,4.42577,-0.283496,-0.284178,-0.289353
2,3.678728972,4.56442,6.94889,6.94889,4.41194,4.41289,4.42008,0.109963,0.109279,0.10409
2,3.723588785,3.5501,6.93171,6.93171,4.40052,4.40148,4.40871,-0.613296,-0.613983,-0.6192
2,3.723588785,3.23926,6.93171,6.93171,4.40052,4.40148,4.40871,-0.837463,-0.83815,-0.843367
2,3.813308411,6.05317,6.89726,6.89726,4.37769,4.37865,4.38596,1.2083,1.20761,1.20234
2,3.903028037,4.22086,6.86269,6.86269,4.35486,4.35583,4.36322,-0.0966355,-0.097337,-0.102664
2,3.925457944,3.53374,6.85403,6.85403,4.34915,4.35012,4.35753,-0.588046,-0.588749,-0.59409
2,3.925457944,3.41922,6.85403,6.85403,4.34915,4.35012,4.35753,-0.670634,-0.671337,-0.676678
2,3.94788785,3.9591,6.84536,6.84536,4.34344,4.34442,4.35184,-0.277175,-0.27788,-0.283234
2,3.970317757,3.20654,6.83669,6.83669,4.33773,4.33871,4.34616,-0.815778,-0.816485,-0.821853
2,3.992747664,5.12065,6.82801,6.82801,4.33203,4.33301,4.34047,0.568735,0.568026,0.562644
2,3.992747664,3.01022,6.82801,6.82801,4.33203,4.33301,4.34047,-0.953241,-0.953949,-0.959331
2,4.037607477,2.61759,6.81063,6.81063,4.32061,4.3216,4.3291,-1.22817,-1.22888,-1.23429
2,4.060037383,4.59714,6.80193,6.80193,4.3149,4.31589,4.32341,0.20354,0.202826,0.197402
2,4.08246729,5.51329,6.79323,6.79323,4.30919,4.31019,4.31772,0.868359,0.867643,0.862206
2,4.104897196,1.71779,6.78452,6.78452,4.30349,4.30448,4.31204,-1.86472,-1.86544,-1.87089
2,4.104897196,3.3047,6.78452,6.78452,4.30349,4.30448,4.31204,-0.72029,-0.721007,-0.726458
2,4.127327103,6.10225,6.77581,6.77581,4.29778,4.29877,4.30635,1.30133,1.30061,1.29515
2,4.172186916,4.10634,6.75837,6.75837,4.28636,4.28736,4.29498,-0.129826,-0.130549,-0.136041
2,4.239476636,2.71575,6.73217,6.73217,4.26924,4.27025,4.27792,-1.12033,-1.12106,-1.12659
2,4.261906542,4.40082,6.72343,6.72343,4.26353,4.26454,4.27223,0.0990084,0.0982787,0.0927315
2,4.261906542,4.97342,6.72343,6.72343,4.26353,4.26454,4.27223,0.511947,0.511218,0.505671
2,4.351626168,3.69734,6.68842,6.68842,4.2407,4.24172,4.24949,-0.391851,-0.392588,-0.39819
2,4.351626168,4.87526,6.68842,6.68842,4.2407,4.24172,4.24949,0.457624,0.456887,0.451285
2,4.418915888,5.88957,6.66212,6.66212,4.22357,4.2246,4.23243,1.20146,1.20072,1.19508
2,4.418915888,6.59305,6.66212,6.66212,4.22357,4.2246,4.23243,1.70879,1.70805,1.7024
2,4.418915888,2.97751,6.66212,6.66212,4.22357,4.2246,4.23243,-0.898625,-0.899367,-0.905011
2,4.486205607,4.30266,6.6358,6.6358,4.20645,4.20749,4.21537,0.069383,0.0686356,0.0629507
2,4.486205607,4.1227,6.6358,6.6358,4.20645,4.20749,4.21537,-0.0603978,-0.0611453,-0.0668301
2,4.508635514,4.84254,6.62701,6.62701,4.20074,4.20178,4.20968,0.462842,0.462093,0.456394
2,4.531065421,5.52965,6.61823,6.61823,4.19503,4.19607,4.204,0.962485,0.961734,0.956022
2,4.531065421,2.81391,6.61823,6.61823,4.19503,4.19607,4.204,-0.996026,-0.996777,-1.00249
2,4.575925234,6.56033,6.60065,6.60065,4.18362,4.18466,4.19262,1.71401,1.71325,1.70751
2,4.66564486,1.43967,6.56545,6.56545,4.16079,4.16184,4.16988,-1.96238,-1.96314,-1.96894
2,4.66564486,3.07566,6.56545,6.56545,4.16079,4.16184,4.16988,-0.782555,-0.783317,-0.789112
2,4.66564486,4.0409,6.56545,6.56545,4.16079,4.16184,4.16988,-0.086458,-0.0872197,-0.0930146
2,4.66564486,3.8773,6.56545,6.56545,4.16079,4.16184,4.16988,-0.204441,-0.205202,-0.210997
2,4.732934579,3.45194,6.53902,6.53902,4.14366,4.14473,4.15282,-0.498846,-0.499613,-0.505449
2,4.755364486,3.94274,6.53021,6.53021,4.13795,4.13902,4.14713,-0.140782,-0.141551,-0.147401
2,4.800224299,4.80982,6.51257,6.51257,4.12654,4.12761,4.13576,0.492758,0.491986,0.486109
2,4.889943925,3.27198,6.47727,6.47727,4.10371,4.10479,4.11301,-0.599813,-0.600592,-0.606524
2,4.912373832,3.56646,6.46844,6.46844,4.098,4.09908,4.10733,-0.383328,-0.384109,-0.390055
2,4.912373832,2.37219,6.46844,6.46844,4.098,4.09908,4.10733,-1.2446,-1.24538,-1.25133
2,4.934803738,3.41922,6.45961,6.45961,4.09229,4.09338,4.10164,-0.485396,-0.486179,-0.492138
2,4.934803738,4.41718,6.45961,6.45961,4.09229,4.09338,4.10164,0.234298,0.233515,0.227555
2,4.957233645,4.64622,6.45078,6.45078,4.08658,4.08767,4.09595,0.40359,0.402805,0.396832
2,5.002093458,3.9591,6.4331,6.4331,4.07517,4.07626,4.08458,-0.0837042,-0.0844924,-0.0904935
2,5.002093458,4.49898,6.4331,6.4331,4.07517,4.07626,4.08458,0.305638,0.30485,0.298849
2,5.024523364,3.59918,6.42426,6.42426,4.06946,4.07056,4.0789,-0.33915,-0.33994,-0.345954
2,5.024523364,4.13906,6.42426,6.42426,4.06946,4.07056,4.0789,0.050193,0.0494029,0.0433882
2,5.069383178,5.38241,6.40658,6.40658,4.05804,4.05914,4.06752,0.955093,0.9543,0.948257
2,5.114242991,1.91411,6.38889,6.38889,4.04663,4.04773,4.05615,-1.53791,-1.5387,-1.54477
2,5.114242991,6.11861,6.38889,6.38889,4.04663,4.04773,4.05615,1.49425,1.49345,1.48738
2,5.114242991,2.83027,6.38889,6.38889,4.04663,4.04773,4.05615,-0.877203,-0.878,-0.88407
2,5.18153271,1.97955,6.36234,6.36234,4.02951,4.03062,4.03909,-1.47836,-1.47917,-1.48528
2,5.226392523,5.02249,6.34463,6.34463,4.01809,4.01921,4.02772,0.724346,0.72354,0.717401
2,5.271252336,3.82822,6.32692,6.32692,4.00667,4.0078,4.01635,-0.128695,-0.129504,-0.13567
2,5.293682243,4.90798,6.31806,6.31806,4.00097,4.00209,4.01066,0.654107,0.653295,0.647115
2,5.360971963,4.10634,6.29147,6.29147,3.98384,3.98498,3.9936,0.0883405,0.0875238,0.0813029
2,5.360971963,2.73211,6.29147,6.29147,3.98384,3.98498,3.9936,-0.902713,-0.90353,-0.909751
2,5.405831776,5.18609,6.27374,6.27374,3.97243,3.97357,3.98223,0.875258,0.874438,0.868189
2,5.405831776,3.10838,6.27374,6.27374,3.97243,3.97357,3.98223,-0.623121,-0.623941,-0.63019
2,5.428261682,7.47648,6.26488,6.26488,3.96672,3.96786,3.97654,2.53113,2.53031,2.52405
2,5.428261682,4.51534,6.26488,6.26488,3.96672,3.96786,3.97654,0.395646,0.394824,0.388562
2,5.450691589,3.6319,6.25601,6.25601,3.96101,3.96215,3.97086,-0.237344,-0.238168,-0.244444
2,5.517981308,4.8589,6.2294,6.2294,3.94389,3.94504,3.9538,0.659874,0.659045,0.652728
2,5.517981308,6.08589,6.2294,6.2294,3.94389,3.94504,3.9538,1.54474,1.54391,1.5376
2,5.540411215,2.96115,6.22053,6.22053,3.93818,3.93933,3.94811,-0.704608,-0.705439,-0.71177
2,5.652560748,4.6953,6.17615,6.17615,3.90964,3.91081,3.91968,0.566588,0.565748,0.559349
2,5.652560748,4.51534,6.17615,6.17615,3.90964,3.91081,3.91968,0.436808,0.435967,0.429568
2,5.652560748,3.66462,6.17615,6.17615,3.90964,3.91081,3.91968,-0.176702,-0.177542,-0.183941
2,5.652560748,2.56851,6.17615,6.17615,3.90964,3.91081,3.91968,-0.967185,-0.968026,-0.974425
2,5.719850467,3.89366,6.14951,6.14951,3.89252,3.89369,3.90262,0.000822075,-2.34151e-05,-0.00646385
2,5.719850467,3.2229,6.14951,6.14951,3.89252,3.89369,3.90262,-0.482907,-0.483752,-0.490192
2,5.876859813,3.59918,6.08733,6.08733,3.85257,3.85376,3.86282,-0.182734,-0.183592,-0.190128
2,5.921719626,1.86503,6.06955,6.06955,3.84115,3.84235,3.85145,-1.42512,-1.42598,-1.43254
2,5.966579439,2.66667,6.05178,6.05178,3.82974,3.83094,3.84008,-0.83877,-0.839636,-0.846227
2,5.989009346,4.80982,6.04289,6.04289,3.82403,3.82523,3.83439,0.710918,0.710051,0.703445
2,5.989009346,4.6135,6.04289,6.04289,3.82403,3.82523,3.83439,0.569339,0.568471,0.561866
2,5.989009346,4.0409,6.04289,6.04289,3.82403,3.82523,3.83439,0.156399,0.155532,0.148927
2,5.989009346,3.3047,6.04289,6.04289,3.82403,3.82523,3.83439,-0.374522,-0.375389,-0.381995
2,6.011439252,2.84663,6.034,6.034,3.81832,3.81953,3.82871,-0.700757,-0.701626,-0.708245
2,6.101158879,1.76687,5.99843,5.99843,3.79549,3.79671,3.80596,-1.46298,-1.46385,-1.47053
2,6.101158879,3.0593,5.99843,5.99843,3.79549,3.79671,3.80596,-0.530916,-0.531792,-0.538466
2,6.123588785,3.97546,5.98953,5.98953,3.78979,3.791,3.80028,0.133902,0.133025,0.126337
2,6.146018692,3.59918,5.98064,5.98064,3.78408,3.7853,3.79459,-0.133342,-0.134221,-0.140922
2,6.235738318,1.91411,5.94506,5.94506,3.76125,3.76248,3.77185,-1.3321,-1.33299,-1.33974
2,6.235738318,5.56237,5.94506,5.94506,3.76125,3.76248,3.77185,1.29891,1.29803,1.29127
2,6.280598131,5.26789,5.92726,5.92726,3.74983,3.75107,3.76048,1.09478,1.09389,1.0871
2,6.280598131,4.22086,5.92726,5.92726,3.74983,3.75107,3.76048,0.339688,0.338797,0.332014
2,6.280598131,3.86094,5.92726,5.92726,3.74983,3.75107,3.76048,0.0801263,0.0792357,0.0724523
2,6.370317757,2.96115,5.89167,5.89167,3.72701,3.72825,3.73773,-0.552314,-0.553212,-0.560051
2,6.392747664,4.58078,5.88277,5.88277,3.7213,3.72255,3.73205,0.619829,0.618929,0.612078
2,6.41517757,6.75665,5.87387,5.87387,3.71559,3.71684,3.72636,2.19311,2.19221,2.18535
2,6.437607477,4.76074,5.86497,5.86497,3.70988,3.71114,3.72068,0.757842,0.756938,0.750059
2,6.460037383,5.88957,5.85607,5.85607,3.70418,3.70543,3.71499,1.57604,1.57513,1.56824
2,6.48246729,4.98978,5.84716,5.84716,3.69847,3.69973,3.7093,0.93125,0.930342,0.923435
2,6.504897196,4.25358,5.83826,5.83826,3.69276,3.69402,3.70362,0.404444,0.403534,0.396614
2,6.527327103,1.93047,5.82936,5.82936,3.68705,3.68832,3.69793,-1.26679,-1.2677,-1.27464
2,6.527327103,5.61145,5.82936,5.82936,3.68705,3.68832,3.69793,1.38781,1.3869,1.37997
2,6.527327103,0.670757,5.82936,5.82936,3.68705,3.68832,3.69793,-2.17526,-2.17617,-2.1831
2,6.639476636,3.56646,5.78484,5.78484,3.65852,3.65979,3.66951,-0.066389,-0.0673082,-0.0743113
2,6.639476636,3.3865,5.78484,5.78484,3.65852,3.65979,3.66951,-0.19617,-0.197089,-0.204092
2,6.639476636,3.25562,5.78484,5.78484,3.65852,3.65979,3.66951,-0.290556,-0.291475,-0.298478
2,6.661906542,2.71575,5.77594,5.77594,3.65281,3.65409,3.66382,-0.675783,-0.676704,-0.683721
2,6.818915888,3.99182,5.71359,5.71359,3.61286,3.61416,3.62402,0.273291,0.272358,0.265245
2,6.886205607,3.77914,5.68687,5.68687,3.59574,3.59704,3.60697,0.13226,0.131322,0.124168
2,6.886205607,3.20654,5.68687,5.68687,3.59574,3.59704,3.60697,-0.280679,-0.281617,-0.288771
2,6.931065421,2.01227,5.66905,5.66905,3.58433,3.58564,3.59559,-1.13372,-1.13466,-1.14184
2,6.953495327,4.25358,5.66014,5.66014,3.57862,3.57993,3.58991,0.486756,0.485814,0.478618
2,6.953495327,3.61554,5.66014,5.66014,3.57862,3.57993,3.58991,0.026624,0.0256814,0.0184855
2,6.99835514,1.76687,5.64233,5.64233,3.56721,3.56852,3.57854,-1.29835,-1.29929,-1.30652
2,6.99835514,2.19223,5.64233,5.64233,3.56721,3.56852,3.57854,-0.991594,-0.99254,-0.999763
2,7.06564486,3.01022,5.6156,5.6156,3.55009,3.55141,3.56148,-0.389334,-0.390285,-0.39755
2,7.088074766,4.54806,5.60668,5.60668,3.54438,3.54571,3.5558,0.723817,0.722865,0.715586
2,7.110504673,1.96319,5.59777,5.59777,3.53868,3.54,3.55011,-1.13619,-1.13715,-1.14444
2,7.132934579,3.7955,5.58886,5.58886,3.53297,3.5343,3.54443,0.189328,0.188372,0.181066
2,7.177794393,2.42127,5.57104,5.57104,3.52156,3.52289,3.53306,-0.793495,-0.794454,-0.801788
2,7.200224299,3.17382,5.56213,5.56213,3.51585,3.51718,3.52737,-0.24666,-0.24762,-0.254968
2,7.222654206,4.1227,5.55322,5.55322,3.51015,3.51148,3.52169,0.441754,0.440792,0.433431
2,7.267514019,4.71166,5.53539,5.53539,3.49873,3.50007,3.51032,0.874722,0.873757,0.866368
2,7.334803738,3.3865,5.50866,5.50866,3.48161,3.48296,3.49326,-0.0685914,-0.0695608,-0.0769914
2,7.379663551,3.92638,5.49083,5.49083,3.4702,3.47155,3.48189,0.328982,0.328009,0.320551
2,7.402093458,1.32515,5.48192,5.48192,3.4645,3.46585,3.47621,-1.54283,-1.5438,-1.55127
2,7.402093458,5.54601,5.48192,5.48192,3.4645,3.46585,3.47621,1.50112,1.50015,1.49268
2,7.424523364,5.85685,5.473,5.473,3.45879,3.46014,3.47052,1.72941,1.72843,1.72094
2,7.424523364,6.72393,5.473,5.473,3.45879,3.46014,3.47052,2.35471,2.35374,2.34625
2,7.446953271,4.7771,5.46409,5.46409,3.45308,3.45444,3.46484,0.954837,0.95386,0.946359
2,7.446953271,4.64622,5.46409,5.46409,3.45308,3.45444,3.46484,0.860451,0.859473,0.851973
2,7.469383178,3.68098,5.45517,5.45517,3.44738,3.44873,3.45915,0.168468,0.16749,0.159976
2,7.536672897,1.83231,5.42843,5.42843,3.43026,3.43162,3.4421,-1.15239,-1.15337,-1.16093
2,7.536672897,4.22086,5.42843,5.42843,3.43026,3.43162,3.4421,0.570157,0.569173,0.561617
2,7.536672897,5.00613,5.42843,5.42843,3.43026,3.43162,3.4421,1.13647,1.13549,1.12793
2,7.64882243,2.38855,5.38386,5.38386,3.40173,3.4031,3.41368,-0.730673,-0.731666,-0.739291
2,7.64882243,2.56851,5.38386,5.38386,3.40173,3.4031,3.41368,-0.600892,-0.601885,-0.60951
2,7.671252336,3.56646,5.37494,5.37494,3.39602,3.3974,3.40799,0.122917,0.121922,0.114283
2,7.671252336,3.32106,5.37494,5.37494,3.39602,3.3974,3.40799,-0.0540571,-0.0550518,-0.0626905
2,7.805831776,3.82822,5.32145,5.32145,3.36179,3.36318,3.37389,0.336379,0.335373,0.327652
2,7.895551402,3.3047,5.28578,5.28578,3.33896,3.34037,3.35115,-0.0247062,-0.0257192,-0.0334948
2,7.917981308,2.14315,5.27687,5.27687,3.33326,3.33466,3.34546,-0.858268,-0.859283,-0.867072
2,7.940411215,2.97751,5.26795,5.26795,3.32755,3.32896,3.33978,-0.252442,-0.253458,-0.261261
2,7.962841121,2.86299,5.25903,5.25903,3.32184,3.32326,3.3341,-0.330915,-0.331933,-0.33975
2,8.030130841,4.25358,5.23228,5.23228,3.30473,3.30615,3.31704,0.684281,0.683258,0.6754
2,8.030130841,3.7955,5.23228,5.23228,3.30473,3.30615,3.31704,0.35393,0.352906,0.345048
2,8.052560748,3.68098,5.22336,5.22336,3.29902,3.30044,3.31136,0.275457,0.274431,0.26656
2,8.052560748,2.07771,5.22336,5.22336,3.29902,3.30044,3.31136,-0.880773,-0.881798,-0.88967
2,8.097420561,1.94683,5.20553,5.20553,3.28761,3.28904,3.29999,-0.96693,-0.967958,-0.975858
2,8.142280374,3.40286,5.18769,5.18769,3.2762,3.27763,3.28862,0.0913445,0.0903122,0.0823855
2,8.16471028,4.1227,5.17878,5.17878,3.2705,3.27193,3.28294,0.614582,0.613548,0.605608
2,8.232,4.35174,5.15202,5.15202,3.25338,3.25482,3.26589,0.792102,0.791062,0.78308
2,8.232,1.25971,5.15202,5.15202,3.25338,3.25482,3.26589,-1.43777,-1.43881,-1.44679
2,8.254429907,3.3047,5.1431,5.1431,3.24767,3.24912,3.26021,0.0411274,0.0400859,0.0320906
2,8.344149533,0.916155,5.10743,5.10743,3.22485,3.22631,3.23747,-1.66496,-1.66601,-1.67406
2,8.366579439,3.94274,5.09851,5.09851,3.21915,3.22061,3.23179,0.521831,0.52078,0.512717
2,8.389009346,3.58282,5.08959,5.08959,3.21344,3.2149,3.2261,0.266384,0.265331,0.257254
2,8.411439252,6.08589,5.08068,5.08068,3.20774,3.2092,3.22042,2.07563,2.07458,2.06649
2,8.411439252,2.47035,5.08068,5.08068,3.20774,3.2092,3.22042,-0.531784,-0.532838,-0.540929
2,8.456299065,3.69734,5.06284,5.06284,3.19633,3.1978,3.20905,0.361314,0.360256,0.352138
2,8.478728972,3.33742,5.05392,5.05392,3.19062,3.19209,3.20337,0.105866,0.104806,0.0966745
2,8.501158879,4.33538,5.045,5.045,3.18492,3.18639,3.19769,0.829674,0.828613,0.820467
2,8.501158879,0.834356,5.045,5.045,3.18492,3.18639,3.19769,-1.69515,-1.69622,-1.70436
2,8.501158879,3.48466,5.045,5.045,3.18492,3.18639,3.19769,0.216165,0.215103,0.206957
2,8.523588785,4.02454,5.03608,5.03608,3.17922,3.18069,3.192,0.609621,0.608558,0.600399
2,8.635738318,2.17587,4.99149,4.99149,3.15069,3.15218,3.16359,-0.703013,-0.704085,-0.712313
2,8.658168224,1.94683,4.98257,4.98257,3.14499,3.14648,3.15791,-0.864075,-0.865149,-0.87339
2,8.658168224,3.10838,4.98257,4.98257,3.14499,3.14648,3.15791,-0.0263984,-0.0274724,-0.0357135
2,8.703028037,1.75051,4.96473,4.96473,3.13358,3.13508,3.14654,-0.997427,-0.998504,-1.00677
2,8.725457944,1.14519,4.95581,4.95581,3.12788,3.12937,3.14086,-1.42985,-1.43093,-1.43921
2,8.792747664,2.56851,4.92905,4.92905,3.11077,3.11227,3.12381,-0.39106,-0.392144,-0.400467
2,8.904897196,6.90389,4.88445,4.88445,3.08225,3.08376,3.0954,2.75605,2.75495,2.74656
2,8.904897196,1.06339,4.88445,4.88445,3.08225,3.08376,3.0954,-1.45593,-1.45703,-1.46542
2,8.904897196,2.83027,4.88445,4.88445,3.08225,3.08376,3.0954,-0.181721,-0.182814,-0.191205
2,8.927327103,3.53374,4.87553,4.87553,3.07654,3.07806,3.08972,0.329718,0.328623,0.320218
2,8.972186916,2.30675,4.85769,4.85769,3.06514,3.06666,3.07835,-0.546926,-0.548024,-0.556456
2,8.972186916,3.27198,4.85769,4.85769,3.06514,3.06666,3.07835,0.149172,0.148074,0.139641
2,8.972186916,3.89366,4.85769,4.85769,3.06514,3.06666,3.07835,0.597506,0.596407,0.587975
2,9.017046729,3.04294,4.83985,4.83985,3.05373,3.05526,3.06699,-0.00777779,-0.00887942,-0.0173389
2,9.039476636,2.48671,4.83093,4.83093,3.04803,3.04956,3.06131,-0.404806,-0.405909,-0.414382
2,9.061906542,4.84254,4.82201,4.82201,3.04232,3.04386,3.05562,1.29826,1.29715,1.28866
2,9.106766355,1.57055,4.80417,4.80417,3.03092,3.03245,3.04426,-1.05317,-1.05428,-1.06279
2,9.106766355,3.61554,4.80417,4.80417,3.03092,3.03245,3.04426,0.421613,0.420504,0.41199
2,9.129196262,1.29243,4.79525,4.79525,3.02521,3.02675,3.03858,-1.24963,-1.25074,-1.25927
2,9.174056075,4.41718,4.77741,4.77741,3.01381,3.01535,3.02722,1.01207,1.01095,1.0024
2,9.196485981,3.43558,4.76849,4.76849,3.00811,3.00965,3.02153,0.308283,0.307167,0.298599
2,9.241345794,3.73006,4.75065,4.75065,2.9967,2.99825,3.01017,0.528877,0.527757,0.519162
2,9.286205607,2.55215,4.73281,4.73281,2.9853,2.98685,2.99881,-0.312373,-0.313496,-0.322119
2,9.286205607,3.27198,4.73281,4.73281,2.9853,2.98685,2.99881,0.206751,0.205627,0.197005
2,9.308635514,1.35787,4.72389,4.72389,2.97959,2.98115,2.99313,-1.16953,-1.17066,-1.17929
2,9.331065421,3.10838,4.71497,4.71497,2.97389,2.97545,2.98745,0.0969926,0.0958658,0.0872163
2,9.375925234,5.54601,4.69713,4.69713,2.96249,2.96405,2.97609,1.86316,1.86203,1.85335
2,9.39835514,4.26994,4.68821,4.68821,2.95678,2.95835,2.9704,0.947006,0.945873,0.937183
2,9.420785047,7.39468,4.67929,4.67929,2.95108,2.95265,2.96472,3.20459,3.20345,3.19475
2,9.443214953,2.38855,4.67037,4.67037,2.94538,2.94696,2.95904,-0.40157,-0.402706,-0.411423
2,9.443214953,2.84663,4.67037,4.67037,2.94538,2.94696,2.95904,-0.0712189,-0.0723547,-0.0810719
2,9.443214953,4.15542,4.67037,4.67037,2.94538,2.94696,2.95904,0.872642,0.871506,0.862789
2,9.510504673,4.89162,4.64361,4.64361,2.92828,2.92986,2.942,1.4159,1.41476,1.406
2,9.532934579,0.719836,4.63468,4.63468,2.92257,2.92416,2.93632,-1.58855,-1.58969,-1.59846
2,9.532934579,4.40082,4.63468,4.63468,2.92257,2.92416,2.93632,1.06606,1.06492,1.05615
2,9.645084112,3.41922,4.59008,4.59008,2.89407,2.89567,2.90792,0.378725,0.377573,0.368735
2,9.645084112,2.68303,4.59008,4.59008,2.89407,2.89567,2.90792,-0.152196,-0.153348,-0.162187
2,9.667514019,1.42331,4.58116,4.58116,2.88837,2.88997,2.90224,-1.05655,-1.0577,-1.06656
2,9.667514019,2.48671,4.58116,4.58116,2.88837,2.88997,2.90224,-0.289664,-0.290818,-0.29967
2,9.734803738,3.25562,4.5544,4.5544,2.87126,2.87287,2.8852,0.277188,0.276029,0.267136
2,9.846953271,2.42127,4.50979,4.50979,2.84276,2.84438,2.85681,-0.303969,-0.305137,-0.314097
2,9.869383178,2.78119,4.50087,4.50087,2.83706,2.83868,2.85113,-0.0402963,-0.0414662,-0.0504403
2,9.959102804,1.79959,4.46519,4.46519,2.81426,2.8159,2.82841,-0.73175,-0.732927,-0.741955
2,9.959102804,3.1411,4.46519,4.46519,2.81426,2.8159,2.82841,0.235707,0.234531,0.225502
2,10.00396262,2.61759,4.44735,4.44735,2.80286,2.8045,2.81706,-0.133617,-0.134797,-0.143852
2,10.02639252,2.35583,4.43843,4.43843,2.79717,2.7988,2.81138,-0.318279,-0.319461,-0.328529
2,10.07125234,2.04499,4.42058,4.42058,2.78577,2.78741,2.80002,-0.534226,-0.535411,-0.544507
2,10.13854206,2.53579,4.39382,4.39382,2.76867,2.77032,2.78299,-0.167949,-0.169139,-0.178275
2,10.16097196,3.01022,4.3849,4.3849,2.76297,2.76463,2.77731,0.178311,0.177118,0.167968
2,10.18340187,5.33e-15,4.37598,4.37598,2.75727,2.75893,2.77164,-1.98846,-1.98965,-1.99882
2,10.20583178,3.40286,4.36706,4.36706,2.75158,2.75323,2.76596,0.469688,0.468492,0.459315
2,10.2731215,2.35583,4.3403,4.3403,2.73448,2.73615,2.74893,-0.273073,-0.274274,-0.283492
2,10.2731215,3.9591,4.3403,4.3403,2.73448,2.73615,2.74893,0.883156,0.881955,0.872738
2,10.31798131,2.74847,4.32245,4.32245,2.72309,2.72476,2.73758,0.0183027,0.0170983,0.00785416
2,10.40770093,5.87321,4.28677,4.28677,2.7003,2.70198,2.71487,2.2882,2.28699,2.2777
2,10.40770093,2.30675,4.28677,4.28677,2.7003,2.70198,2.71487,-0.283816,-0.285027,-0.294325
2,10.40770093,3.7955,4.28677,4.28677,2.7003,2.70198,2.71487,0.789826,0.788615,0.779317
2,10.40770093,3.35378,4.28677,4.28677,2.7003,2.70198,2.71487,0.471273,0.470061,0.460764
2,10.40770093,3.01022,4.28677,4.28677,2.7003,2.70198,2.71487,0.223509,0.222298,0.213
2,10.47499065,2.53579,4.26001,4.26001,2.68321,2.6849,2.69784,-0.106315,-0.107532,-0.11687
2,10.49742056,3.19018,4.25108,4.25108,2.67751,2.6792,2.69217,0.369723,0.368505,0.359153
2,10.51985047,4.46626,4.24216,4.24216,2.67182,2.67351,2.68649,1.2941,1.29288,1.28351
2,10.54228037,3.51738,4.23324,4.23324,2.66612,2.66781,2.68082,0.613904,0.612682,0.603304
2,10.632,1.86503,4.19756,4.19756,2.64334,2.64504,2.65812,-0.56129,-0.562519,-0.571951
2,10.65442991,1.01431,4.18864,4.18864,2.63764,2.63935,2.65245,-1.17069,-1.17192,-1.18137
2,10.92358879,2.53579,4.08159,4.08159,2.56931,2.57105,2.58437,-0.0241773,-0.0254291,-0.0350351
2,10.94601869,4.15542,4.07266,4.07266,2.56362,2.56536,2.5787,1.14796,1.1467,1.13708
2,11.03573832,0.327198,4.03698,4.03698,2.54085,2.5426,2.55601,-1.59642,-1.59768,-1.60735
2,11.03573832,1.50511,4.03698,4.03698,2.54085,2.5426,2.55601,-0.746942,-0.748202,-0.757875
2,11.03573832,2.38855,4.03698,4.03698,2.54085,2.5426,2.55601,-0.109836,-0.111096,-0.120769
2,11.08059813,1.66871,4.01914,4.01914,2.52947,2.53122,2.54467,-0.62075,-0.622014,-0.631713
2,11.14788785,1.42331,3.99238,3.99238,2.51239,2.51415,2.52766,-0.785411,-0.78668,-0.796419
2,11.17031776,2.19223,3.98345,3.98345,2.5067,2.50847,2.52199,-0.226789,-0.22806,-0.237812
2,11.19274766,1.79959,3.97453,3.97453,2.50101,2.50278,2.51632,-0.505843,-0.507116,-0.516882
2,11.26003738,2.58487,3.94777,3.94777,2.48394,2.48571,2.49931,0.072784,0.0715057,0.0617
2,11.28246729,1.47239,3.93885,3.93885,2.47825,2.48003,2.49364,-0.725394,-0.726675,-0.736494
2,11.3048972,3.25562,3.92993,3.92993,2.47256,2.47434,2.48797,0.564719,0.563437,0.553605
2,11.39461682,2.91207,3.89425,3.89425,2.44981,2.4516,2.4653,0.333365,0.332076,0.322191
2,11.43947664,2.45399,3.87641,3.87641,2.43843,2.44023,2.45397,0.0112174,0.00992518,1.35845e-05
2,11.46190654,2.06135,3.86749,3.86749,2.43275,2.43454,2.4483,-0.267839,-0.269133,-0.279058
2,11.48433645,1.93047,3.85856,3.85856,2.42706,2.42886,2.44264,-0.358124,-0.35942,-0.369358
2,11.52919626,2.71575,3.84072,3.84072,2.41569,2.41749,2.4313,0.216394,0.215095,0.205131
2,11.52919626,4.38446,3.84072,3.84072,2.41569,2.41749,2.4313,1.41982,1.41852,1.40855
2,11.64134579,0.359918,3.79612,3.79612,2.38726,2.38907,2.40298,-1.46205,-1.46336,-1.47339
2,11.91050467,0.834356,3.68908,3.68908,2.31906,2.3209,2.33503,-1.07072,-1.07205,-1.08224
2,11.93293458,2.15951,3.68016,3.68016,2.31338,2.31523,2.32937,-0.110969,-0.112298,-0.122497
2,11.93293458,0.687117,3.68016,3.68016,2.31338,2.31523,2.32937,-1.17281,-1.17414,-1.18434
2,11.97779439,1.11247,3.66232,3.66232,2.30202,2.30387,2.31805,-0.857865,-0.859197,-0.869422
2,12.02265421,1.73415,3.64448,3.64448,2.29066,2.29252,2.30673,-0.401339,-0.402675,-0.412926
2,12.04508411,3.69734,3.63556,3.63556,2.28498,2.28684,2.30107,1.01855,1.01721,1.00695
2,12.11237383,1.96319,3.6088,3.6088,2.26795,2.26981,2.2841,-0.219784,-0.221126,-0.231429
2,12.17966355,1.45603,3.58204,3.58204,2.25092,2.25279,2.26713,-0.573248,-0.574595,-0.584937
2,12.24695327,2.84663,3.55528,3.55528,2.23389,2.23577,2.25016,0.441884,0.440532,0.430151
2,12.26938318,2.61759,3.54636,3.54636,2.22822,2.2301,2.24451,0.280801,0.279447,0.269053
2,12.38153271,3.28834,3.50176,3.50176,2.19985,2.20174,2.21624,0.784987,0.783625,0.773167
2,12.42639252,1.89775,3.48393,3.48393,2.18851,2.1904,2.20494,-0.209685,-0.21105,-0.221533
2,12.42639252,1.60327,3.48393,3.48393,2.18851,2.1904,2.20494,-0.422053,-0.423419,-0.433902
2,12.47125234,2.09407,3.46609,3.46609,2.17717,2.17906,2.19364,-0.0599262,-0.0612951,-0.0718039
2,12.47125234,1.06339,3.46609,3.46609,2.17717,2.17906,2.19364,-0.803217,-0.804585,-0.815094
2,12.51611215,3.32106,3.44825,3.44825,2.16583,2.16773,2.18234,0.833121,0.831749,0.821215
2,12.53854206,2.20859,3.43933,3.43933,2.16016,2.16206,2.17669,0.0349279,0.0335539,0.0230071
2,12.60583178,1.93047,3.41258,3.41258,2.14315,2.14506,2.15974,-0.15338,-0.154759,-0.165343
2,12.6955514,0.736196,3.3769,3.3769,2.12049,2.12241,2.13716,-0.998307,-0.999693,-1.01033
2,12.91985047,1.79959,3.28772,3.28772,2.06387,2.06581,2.08073,-0.190586,-0.191989,-0.202749
2,12.91985047,0.916155,3.28772,3.28772,2.06387,2.06581,2.08073,-0.827692,-0.829095,-0.839855
2,12.98714019,4.33538,3.26097,3.26097,2.04689,2.04884,2.06381,1.65039,1.64898,1.63818
2,13.05442991,1.66871,3.23422,3.23422,2.02992,2.03188,2.0469,-0.260494,-0.261907,-0.272741
2,13.05442991,4.5317,3.23422,3.23422,2.02992,2.03188,2.0469,1.8042,1.80279,1.79195
2,13.18900935,0.458078,3.18072,3.18072,1.996,1.99798,2.0131,-1.1091,-1.11053,-1.12143
2,13.23386916,2.38855,3.16289,3.16289,1.98471,1.98668,2.00184,0.291239,0.289814,0.278881
2,13.25629907,0.539877,3.15397,3.15397,1.97906,1.98103,1.99621,-1.03789,-1.03932,-1.05026
2,13.30115888,3.58282,3.13614,3.13614,1.96776,1.96974,1.98495,1.16473,1.1633,1.15233
2,13.3908785,2.02863,3.10048,3.10048,1.94518,1.94717,1.96245,0.060181,0.0587453,0.0477285
2,13.41330841,3.76278,3.09157,3.09157,1.93954,1.94153,1.95682,1.31487,1.31343,1.3024
2,13.41330841,4.08998,3.09157,3.09157,1.93954,1.94153,1.95682,1.55083,1.54939,1.53837
2,13.45816822,2.65031,3.07374,3.07374,1.92825,1.93025,1.94558,0.520722,0.519282,0.508229
2,13.48059813,0.556237,3.06482,3.06482,1.92261,1.92461,1.93996,-0.985388,-0.986829,-0.997894
2,13.52545794,2.14315,3.04699,3.04699,1.91133,1.91334,1.92871,0.167177,0.165733,0.154644
2,13.74975701,1.40695,2.95786,2.95786,1.855,1.85702,1.87256,-0.323117,-0.324576,-0.335782
2,13.81704673,0.997955,2.93113,2.93113,1.83812,1.84015,1.85573,-0.605899,-0.607362,-0.618603
2,13.99648598,0.719836,2.85984,2.85984,1.79315,1.7952,1.81091,-0.77404,-0.775515,-0.786846
2,14.0637757,1.55419,2.83311,2.83311,1.77631,1.77836,1.79412,-0.160182,-0.161661,-0.173025
2,14.24321495,0.0981595,2.76185,2.76185,1.73145,1.73351,1.74939,-1.17787,-1.17936,-1.19082
2,14.24321495,2.43763,2.76185,2.76185,1.73145,1.73351,1.74939,0.509277,0.507786,0.496335
2,14.31050467,2.78119,2.73513,2.73513,1.71464,1.71672,1.73264,0.769156,0.767662,0.756178
2,14.4002243,2.87935,2.69951,2.69951,1.69226,1.69434,1.71033,0.856087,0.854587,0.843061
2,14.4002243,4.05726,2.69951,2.69951,1.69226,1.69434,1.71033,1.70556,1.70406,1.69254
2,14.44508411,0.196319,2.68171,2.68171,1.68108,1.68316,1.69918,-1.07076,-1.07227,-1.08381
2,14.44508411,1.01431,2.68171,2.68171,1.68108,1.68316,1.69918,-0.48085,-0.482353,-0.4939
2,14.44508411,1.37423,2.68171,2.68171,1.68108,1.68316,1.69918,-0.221289,-0.222792,-0.234339
2,14.53480374,2.73211,2.64609,2.64609,1.65874,1.66083,1.6769,0.774081,0.772573,0.760985
2,14.64695327,1.22699,2.60159,2.60159,1.63084,1.63294,1.64908,-0.291242,-0.292756,-0.304395
2,14.87125234,1.79959,2.51262,2.51262,1.57518,1.5773,1.59357,0.161835,0.160309,0.148574
2,14.98340187,0.179959,2.46815,2.46815,1.54743,1.54955,1.56589,-0.986175,-0.987706,-0.999487
2,15.02826168,1.79959,2.45037,2.45037,1.53634,1.53846,1.55483,0.18985,0.188316,0.176517
2,15.0955514,1.86503,2.4237,2.4237,1.51972,1.52185,1.53825,0.249027,0.24749,0.235664
2,15.25256075,3.68098,2.3615,2.3615,1.48103,1.48317,1.49965,1.58654,1.58499,1.57311
2,15.27499065,0.572597,2.35262,2.35262,1.47551,1.47765,1.49414,-0.65115,-0.652696,-0.664589
2,15.29742056,1.68507,2.34374,2.34374,1.46999,1.47214,1.48864,0.155109,0.153563,0.141661
2,15.38714019,1.86503,2.30822,2.30822,1.44795,1.4501,1.46665,0.300785,0.299234,0.2873
2,15.47685981,0.883436,2.27271,2.27271,1.42595,1.42811,1.4447,-0.391246,-0.392801,-0.404765
2,15.52171963,2.81391,2.25496,2.25496,1.41497,1.41713,1.43374,1.00887,1.00731,0.995333
2,15.90302804,1.66871,2.1043,2.1043,1.32209,1.32427,1.34103,0.249973,0.2484,0.236311
2,16.08246729,1.81595,2.03353,2.03353,1.27871,1.2809,1.29772,0.387442,0.385862,0.373732
2,16.26190654,2.56851,1.96287,1.96287,1.23557,1.23777,1.25464,0.961273,0.959688,0.947523
2,16.30676636,1.97955,1.94523,1.94523,1.22482,1.22702,1.2439,0.544284,0.542698,0.530526
3,0,0.620408,7.16777,7.16777,6.1182,6.12038,6.52557,-3.96484,-3.96641,-4.25862
3,2.018691589,4.5551,7.51258,7.51258,5.67232,5.67063,6.04667,-0.805699,-0.804485,-1.07567
3,2.041121495,2.61224,7.50718,7.50718,5.66736,5.66563,6.04135,-2.20325,-2.20201,-2.47296
3,3.005607477,5.24082,7.20056,7.20056,5.45433,5.45075,5.81255,-0.153976,-0.151401,-0.412313
3,3.857943925,3.72245,6.88008,6.88008,5.26606,5.26086,5.61035,-1.11321,-1.10946,-1.36149
3,4.014953271,2.1551,6.81941,6.81941,5.23138,5.22588,5.5731,-2.21852,-2.21455,-2.46495
3,4.014953271,3.2,6.81941,6.81941,5.23138,5.22588,5.5731,-1.46497,-1.461,-1.7114
3,4.037383178,5.01224,6.81072,6.81072,5.22643,5.22089,5.56778,-0.154464,-0.150465,-0.400633
3,4.351401869,3.82041,6.68851,6.68851,5.15707,5.15093,5.49328,-0.963959,-0.959528,-1.20643
3,5.001869159,3.11837,6.43319,6.43319,5.0134,5.00601,5.33897,-1.36664,-1.36131,-1.60143
3,5.136448598,5.8449,6.38013,6.38013,4.98367,4.97603,5.30705,0.621087,0.626601,0.387881
3,5.226168224,1.94286,6.34472,6.34472,4.96386,4.95604,5.28576,-2.17865,-2.17301,-2.4108
3,5.45046729,4.81633,6.2561,6.2561,4.91432,4.90607,5.23255,-0.0706668,-0.0647192,-0.30017
3,5.876635514,3.59184,6.08742,6.08742,4.82019,4.81112,5.13145,-0.885847,-0.879312,-1.11032
3,5.943925234,4.70204,6.06075,6.06075,4.80532,4.79613,5.11549,-0.0744847,-0.0678563,-0.298168
3,6.011214953,4.3102,6.03408,6.03408,4.79046,4.78114,5.09953,-0.346347,-0.339625,-0.569236
3,6.03364486,6.33469,6.02519,6.02519,4.78551,4.77614,5.09421,1.11722,1.12398,0.8946
3,6.347663551,4.60408,5.90066,5.90066,4.71615,4.70619,5.01971,-0.0808199,-0.073634,-0.299741
3,6.841121495,5.12653,5.70477,5.70477,4.60716,4.59625,4.90265,0.374555,0.382422,0.161455
3,6.908411215,6.12245,5.67805,5.67805,4.5923,4.58126,4.88669,1.1035,1.11146,0.891193
3,6.998130841,4.19592,5.64241,5.64241,4.57248,4.56127,4.8654,-0.271564,-0.26348,-0.482811
3,7.020560748,6.17143,5.6335,5.6335,4.56753,4.55627,4.86008,1.15668,1.1648,0.945702
3,7.042990654,5.40408,5.62459,5.62459,4.56257,4.55128,4.85476,0.606871,0.615017,0.396153
3,7.155140187,7.77143,5.58004,5.58004,4.5378,4.52629,4.82816,2.33199,2.34029,2.1226
3,7.244859813,4.76735,5.54439,5.54439,4.51798,4.5063,4.80687,0.179832,0.188257,-0.0285042
3,7.289719626,6.85714,5.52657,5.52657,4.50808,4.49631,4.79623,1.69407,1.70256,1.48627
3,7.334579439,5.81224,5.50874,5.50874,4.49817,4.48632,4.78559,0.947671,0.956219,0.740393
3,7.334579439,4.44082,5.50874,5.50874,4.49817,4.48632,4.78559,-0.0413605,-0.0328123,-0.248638
3,7.379439252,4.01633,5.49092,5.49092,4.48826,4.47632,4.77495,-0.340344,-0.331734,-0.547092
3,7.446728972,6.23673,5.46418,5.46418,4.4734,4.46133,4.75898,1.27166,1.28037,1.06571
3,7.648598131,4.81633,5.38395,5.38395,4.42881,4.41636,4.71109,0.279464,0.288445,0.0758905
3,7.693457944,6.44898,5.36612,5.36612,4.4189,4.40636,4.70045,1.46403,1.47307,1.26098
3,7.85046729,4.76735,5.3037,5.3037,4.38422,4.37139,4.6632,0.276296,0.285554,0.075104
3,7.962616822,6.80816,5.25912,5.25912,4.35945,4.3464,4.6366,1.76593,1.77535,1.56606
3,8.007476636,5.74694,5.24129,5.24129,4.34955,4.33641,4.62596,1.00776,1.01723,0.808416
3,8.007476636,3.6898,5.24129,5.24129,4.34955,4.33641,4.62596,-0.475792,-0.466316,-0.675131
3,8.007476636,5.3551,5.24129,5.24129,4.34955,4.33641,4.62596,0.725175,0.73465,0.525836
3,8.142056075,8.26122,5.18778,5.18778,4.31982,4.30643,4.59403,2.84242,2.85208,2.64466
3,8.231775701,4.5551,5.15211,5.15211,4.30001,4.28644,4.57275,0.183967,0.193752,-0.0127264
3,8.321495327,5.48571,5.11644,5.11644,4.28019,4.26645,4.55147,0.869386,0.879295,0.673751
3,8.343925234,4.32653,5.10752,5.10752,4.27524,4.26145,4.54614,0.0369915,0.0469317,-0.158379
3,8.456074766,5.9102,5.06293,5.06293,4.25047,4.23647,4.51954,1.19695,1.20705,1.0029
3,8.747663551,4.75102,4.94698,4.94698,4.18607,4.17151,4.45037,0.407428,0.417926,0.216821
3,8.882242991,3.98367,4.89346,4.89346,4.15634,4.14153,4.41844,-0.124523,-0.113839,-0.313542
3,8.94953271,6.66122,4.8667,4.8667,4.14148,4.12654,4.40248,1.81716,1.82794,1.62894
3,9.01682243,4.8,4.83994,4.83994,4.12662,4.11155,4.38652,0.485621,0.496491,0.29819
3,9.039252336,5.9102,4.83102,4.83102,4.12167,4.10655,4.3812,1.28984,1.30074,1.10267
3,9.039252336,4.60408,4.83102,4.83102,4.12167,4.10655,4.3812,0.347904,0.358805,0.160737
3,9.151401869,7.72245,4.78642,4.78642,4.0969,4.08157,4.35459,2.61464,2.62569,2.42879
3,9.218691589,3.80408,4.75966,4.75966,4.08203,4.06657,4.33863,-0.200451,-0.189302,-0.3855
3,9.285981308,5.06122,4.7329,4.7329,4.06717,4.05158,4.32267,0.716879,0.72812,0.532624
3,9.330841121,6.22041,4.71506,4.71506,4.05727,4.04159,4.31203,1.55999,1.57129,1.37627
3,9.353271028,5.32245,4.70614,4.70614,4.05231,4.03659,4.30671,0.915983,0.927318,0.732522
3,9.375700935,4.39184,4.69722,4.69722,4.04736,4.0316,4.30138,0.248427,0.259793,0.0652312
3,9.487850467,6.26939,4.65262,4.65262,4.02259,4.00661,4.27478,1.62032,1.63184,1.43845
3,9.66728972,4.34286,4.58125,4.58125,3.98296,3.96664,4.23221,0.259547,0.271315,0.079792
3,9.846728972,4.71837,4.50988,4.50988,3.94333,3.92667,4.18965,0.558933,0.570949,0.381295
3,9.958878505,5.02857,4.46528,4.46528,3.91856,3.90169,4.16304,0.800505,0.812675,0.624191
3,10.00373832,6.92245,4.44744,4.44744,3.90865,3.89169,4.1524,2.17345,2.18569,1.99767
3,10.02616822,4.35918,4.43852,4.43852,3.9037,3.8867,4.14708,0.328481,0.340743,0.152961
3,10.02616822,5.51837,4.43852,4.43852,3.9037,3.8867,4.14708,1.16445,1.17671,0.988927
3,10.11588785,7.24898,4.40283,4.40283,3.88388,3.86671,4.1258,2.4268,2.43919,2.25234
3,10.22803738,3.80408,4.35823,4.35823,3.85912,3.84173,4.0992,-0.0396896,-0.027149,-0.212828
3,10.2953271,5.1102,4.33146,4.33146,3.84426,3.82674,4.08323,0.912962,0.925595,0.740618
3,10.34018692,5.20816,4.31362,4.31362,3.83435,3.81675,4.07259,0.990752,1.00345,0.818937
3,10.38504673,3.15102,4.29578,4.29578,3.82444,3.80675,4.06195,-0.48565,-0.472893,-0.656936
3,10.45233645,4.63673,4.26902,4.26902,3.80958,3.79176,4.04599,0.596517,0.609367,0.426026
3,10.65420561,4.70204,4.18873,4.18873,3.765,3.7468,3.99811,0.675763,0.688892,0.507656
3,10.69906542,4.13061,4.17088,4.17088,3.7551,3.7368,3.98746,0.270811,0.284002,0.103233
3,10.74392523,3.4449,4.15304,4.15304,3.74519,3.72681,3.97682,-0.21656,-0.203307,-0.383608
3,10.85607477,6.07347,4.10844,4.10844,3.72042,3.70183,3.95022,1.69694,1.71035,1.53122
3,10.94579439,4.21224,4.07275,4.07275,3.70061,3.68185,3.92894,0.368975,0.382507,0.204311
3,10.99065421,5.42041,4.05491,4.05491,3.6907,3.67185,3.9183,1.24741,1.261,1.08327
3,11.01308411,5.99184,4.04599,4.04599,3.68575,3.66686,3.91298,1.66308,1.6767,1.49921
3,11.03551402,4.81633,4.03707,4.03707,3.6808,3.66186,3.90766,0.818908,0.832564,0.655303
3,11.14766355,6.38367,3.99247,3.99247,3.65603,3.63688,3.88106,1.96709,1.9809,1.80481
3,11.23738318,2.48163,3.95678,3.95678,3.63622,3.6169,3.85977,-0.832652,-0.818717,-0.993873
3,11.28224299,4.65306,3.93894,3.93894,3.62631,3.60691,3.84913,0.740458,0.754455,0.579767
3,11.3271028,3.65714,3.9211,3.9211,3.61641,3.59691,3.83849,0.0293768,0.0434353,-0.130784
3,11.37196262,2.13878,3.90326,3.90326,3.6065,3.58692,3.82785,-1.05848,-1.04436,-1.21811
3,11.41682243,4.16327,3.88542,3.88542,3.5966,3.57693,3.81721,0.408664,0.422846,0.249562
3,11.6635514,2.67755,3.78729,3.78729,3.54212,3.52198,3.75869,-0.623497,-0.608973,-0.779684
3,11.68598131,3.2,3.77837,3.77837,3.53716,3.51698,3.75337,-0.243151,-0.228597,-0.399073
3,11.73084112,2.38367,3.76053,3.76053,3.52726,3.50699,3.74273,-0.824717,-0.810101,-0.980109
3,11.86542056,3.36327,3.70701,3.70701,3.49754,3.47702,3.71081,-0.0968357,-0.0820337,-0.250638
3,11.93271028,4.94694,3.68025,3.68025,3.48268,3.46203,3.69485,1.05597,1.07087,0.902967
3,12,3.78776,3.65349,3.65349,3.46783,3.44704,3.67889,0.230723,0.24571,0.0785102
3,12.02242991,6.22041,3.64457,3.64457,3.46287,3.44205,3.67357,1.98865,2.00367,1.8367
3,12.04485981,3.08571,3.63565,3.63565,3.45792,3.43705,3.66825,-0.268424,-0.253374,-0.420106
3,12.11214953,5.64898,3.60889,3.60889,3.44306,3.42207,3.65229,1.59084,1.60598,1.43995
3,12.22429907,2.51429,3.56429,3.56429,3.4183,3.39709,3.62569,-0.651949,-0.636651,-0.801511
3,12.29158879,4.88163,3.53753,3.53753,3.40345,3.3821,3.60973,1.06602,1.08141,0.917255
3,12.31401869,5.19184,3.52861,3.52861,3.39849,3.37711,3.60441,1.2933,1.30872,1.1448
3,12.3364486,2.82449,3.51969,3.51969,3.39354,3.37211,3.59909,-0.410382,-0.39493,-0.558619
3,12.3588785,2.30204,3.51077,3.51077,3.38859,3.36712,3.59377,-0.783585,-0.768101,-0.931556
3,12.44859813,4.73469,3.4751,3.4751,3.36878,3.34714,3.57249,0.985053,1.00066,0.838142
3,12.65046729,2.36735,3.39483,3.39483,3.32421,3.30219,3.52462,-0.690063,-0.674176,-0.834588
3,12.6728972,3.46122,3.38591,3.38591,3.31926,3.29719,3.5193,0.102379,0.118296,-0.0418812
3,12.74018692,3.05306,3.35915,3.35915,3.30441,3.28221,3.50334,-0.181263,-0.165252,-0.324727
3,12.87476636,3.00408,3.30565,3.30565,3.2747,3.25224,3.47142,-0.19516,-0.178964,-0.337033
3,12.94205607,4.08163,3.2789,3.2789,3.25984,3.23726,3.45547,0.592649,0.608938,0.451571
3,12.98691589,4.44082,3.26106,3.26106,3.24994,3.22727,3.44483,0.858822,0.875173,0.718275
3,13.00934579,4.57143,3.25214,3.25214,3.24499,3.22227,3.43951,0.956587,0.972968,0.816305
3,13.0317757,2.62857,3.24323,3.24323,3.24004,3.21728,3.43419,-0.44097,-0.424558,-0.580987
3,13.16635514,4.60408,3.18973,3.18973,3.21033,3.18731,3.40228,1.00513,1.02173,0.866704
3,13.23364486,2.10612,3.16298,3.16298,3.19548,3.17233,3.38632,-0.785609,-0.768917,-0.923238
3,13.30093458,3.55918,3.13623,3.13623,3.18062,3.15735,3.37036,0.273005,0.289789,0.136172
3,13.30093458,2.35102,3.13623,3.13623,3.18062,3.15735,3.37036,-0.598285,-0.581501,-0.735118
3,13.32336449,3.13469,3.12732,3.12732,3.17567,3.15236,3.36504,-0.0295535,-0.0127385,-0.166121
3,13.3682243,2.93878,3.10949,3.10949,3.16577,3.14237,3.35441,-0.163703,-0.146826,-0.29974
3,13.45794393,3.98367,3.07383,3.07383,3.14597,3.1224,3.33313,0.604126,0.621126,0.46915
3,13.65981308,5.33e-15,2.9936,2.9936,3.10142,3.07746,3.28527,-2.23664,-2.21937,-2.36923
3,13.68224299,2.17143,2.98469,2.98469,3.09647,3.07246,3.27995,-0.667108,-0.649798,-0.799429
3,13.74953271,1.69796,2.95795,2.95795,3.08162,3.05748,3.26399,-0.997849,-0.980447,-1.12937
3,13.86168224,0.897959,2.91339,2.91339,3.05687,3.03252,3.2374,-1.55694,-1.53938,-1.68713
3,13.92897196,3.57551,2.88666,2.88666,3.04202,3.01754,3.22145,0.384739,0.402388,0.255338
3,13.99626168,3.5102,2.85993,2.85993,3.02717,3.00257,3.2055,0.348351,0.366092,0.219746
3,14.01869159,1.50204,2.85102,2.85102,3.02222,2.99757,3.20018,-1.0963,-1.07853,-1.22464
3,14.0411215,2.69388,2.84211,2.84211,3.01727,2.99258,3.19486,-0.23322,-0.215416,-0.361293
3,14.13084112,5.30612,2.80648,2.80648,2.99747,2.97261,3.17359,1.66493,1.68285,1.53792
3,14.24299065,1.6,2.76194,2.76194,2.97272,2.94766,3.147,-0.989966,-0.971887,-1.11565
3,14.28785047,3.88571,2.74413,2.74413,2.96283,2.93767,3.13637,0.665558,0.683698,0.540405
3,14.33271028,2.77551,2.72632,2.72632,2.95293,2.92769,3.12573,-0.127948,-0.109747,-0.252571
3,14.44485981,4.27755,2.68179,2.68179,2.92818,2.90273,3.09915,0.97312,0.991475,0.849826
3,14.64672897,2.25306,2.60168,2.60168,2.88365,2.85782,3.0513,-0.454762,-0.436132,-0.575665
3,14.69158879,5.07755,2.58388,2.58388,2.87376,2.84784,3.04067,1.58931,1.608,1.46894
3,14.93831776,2.93878,2.48603,2.48603,2.81934,2.79295,2.98219,0.0861352,0.105164,-0.0313115
3,14.98317757,3.10204,2.46824,2.46824,2.80944,2.78297,2.97156,0.211012,0.230101,0.094097
3,15.00560748,1.19184,2.45935,2.45935,2.8045,2.77798,2.96625,-1.163,-1.14388,-1.27965
3,15.05046729,1.51837,2.44157,2.44157,2.7946,2.76801,2.95562,-0.920382,-0.901201,-1.0365
3,15.11775701,5.38776,2.4149,2.4149,2.77977,2.75304,2.93967,1.8808,1.90007,1.76548
3,15.25233645,1.76327,2.36159,2.36159,2.75009,2.72311,2.90778,-0.711668,-0.692213,-0.82539
3,15.29719626,2.98776,2.34382,2.34382,2.7402,2.71314,2.89715,0.178529,0.198045,0.0653385
3,15.36448598,1.25714,2.31718,2.31718,2.72536,2.69818,2.88121,-1.05884,-1.03923,-1.17123
3,15.4317757,3.96735,2.29055,2.29055,2.71053,2.68322,2.86527,0.906377,0.926075,0.794783
3,15.67850467,0.0163265,2.19297,2.19297,2.65615,2.62837,2.80682,-1.90375,-1.88372,-2.01242
3,15.92523364,2.59592,2.09553,2.09553,2.60178,2.57354,2.74839,-0.00422429,0.0161397,-0.109958
3,16.1271028,0.881633,2.01594,2.01594,2.5573,2.52869,2.70059,-1.20844,-1.18781,-1.31178
3,16.21682243,1.24082,1.98061,1.98061,2.53754,2.50876,2.67935,-0.935159,-0.914403,-1.03743
3,16.30654206,2.85714,1.94531,1.94531,2.51778,2.48884,2.65811,0.244734,0.26561,0.143535
3,16.35140187,0.914286,1.92768,1.92768,2.50791,2.47888,2.64749,-1.14927,-1.12833,-1.24993
3,16.4635514,2.84082,1.88362,1.88362,2.48321,2.45397,2.62095,0.257891,0.278978,0.158561
3,16.66542056,2.74286,1.80447,1.80447,2.43878,2.40917,2.57318,0.219291,0.240647,0.122365
3,16.97943925,0.163265,1.68183,1.68183,2.36969,2.3395,2.4989,-1.59121,-1.56943,-1.68439
3,17.00186916,2.17143,1.67309,1.67309,2.36476,2.33453,2.4936,-0.139425,-0.117623,-0.232339
3,17.11401869,2.23673,1.62948,1.62948,2.3401,2.30966,2.46708,-0.0745433,-0.0525936,-0.166119
3,17.20373832,0.555102,1.59466,1.59466,2.32037,2.28978,2.44587,-1.27306,-1.25099,-1.36356
3,17.29345794,0.457143,1.55992,1.55992,2.30065,2.26989,2.42467,-1.32948,-1.3073,-1.41892
3,17.29345794,1.95918,1.55992,1.55992,2.30065,2.26989,2.42467,-0.246258,-0.224073,-0.335691
3,17.31588785,3.2,1.55125,1.55125,2.29572,2.26492,2.41937,0.652135,0.674349,0.562969
3,17.42803738,2.67755,1.50795,1.50795,2.27108,2.24008,2.39286,0.293132,0.315493,0.205307
3,18.03364486,1.81224,1.27694,1.27694,2.13816,2.10606,2.24988,-0.235037,-0.211892,-0.315612
3,18.12336449,4.5551,1.24322,1.24322,2.11849,2.08623,2.22872,1.75721,1.78047,1.67771
3,18.23551402,0.555102,1.20128,1.20128,2.09391,2.06146,2.20228,-1.10974,-1.08634,-1.18789
3,18.37009346,1.30612,1.15132,1.15132,2.06443,2.03174,2.17056,-0.546869,-0.523296,-0.623406
3,18.43738318,2.20408,1.1265,1.1265,2.0497,2.01689,2.15471,0.111336,0.134994,0.0356066
3,18.95327103,2.04082,0.940462,0.940462,1.93691,1.90322,2.03331,0.0749326,0.0992292,0.00541131
3,19.13271028,2.57959,0.877893,0.877893,1.89776,1.86377,1.99116,0.491718,0.51623,0.42436
3,19.26728972,0.359184,0.831843,0.831843,1.86842,1.83421,1.95957,-1.08841,-1.06374,-1.15415
3,19.44672897,1.63265,0.771745,0.771745,1.82935,1.79484,1.91749,-0.14185,-0.116967,-0.205417
3,20.43364486,1.66531,0.475569,0.475569,1.61553,1.57954,1.6871,0.035896,0.061855,-0.0157184
4,0,1.95122,7.16777,7.16777,1.37193,1.36281,1.55458,0.417765,0.424345,0.286042
4,0.993314231,2.05765,7.56045,7.56045,2.94661,2.93984,3.08604,-0.641088,-0.636209,-0.741644
4,1.107927412,5.62306,7.57916,7.57916,3.12634,3.11952,3.26351,1.80056,1.80547,1.70163
4,1.184336199,0.922395,7.58794,7.58794,3.24619,3.23934,3.38185,-1.67585,-1.67091,-1.77368
4,1.222540592,4.25721,7.59123,7.59123,3.30613,3.29926,3.44103,0.685888,0.690843,0.588603
4,1.910219675,7.34368,7.53687,7.53687,4.38532,4.37815,4.50643,2.13348,2.13865,2.04614
4,1.986628462,4.00887,7.52009,7.52009,4.50525,4.49804,4.62482,-0.357975,-0.352776,-0.444205
4,2.101241643,5.81818,7.4921,7.4921,4.68514,4.67789,4.80241,0.817111,0.822346,0.732546
4,2.17765043,4.00887,7.4718,7.4718,4.80507,4.79778,4.9208,-0.574198,-0.568939,-0.657653
4,2.215854823,2.80266,7.46121,7.46121,4.86504,4.85773,4.97999,-1.48732,-1.48205,-1.57022
4,2.215854823,4.47007,7.46121,7.46121,4.86504,4.85773,4.97999,-0.284842,-0.279571,-0.367741
4,2.521489971,3.051,7.36804,7.36804,5.34477,5.33732,5.45353,-1.65419,-1.64883,-1.73263
4,2.903533906,8.26608,7.23722,7.23722,5.94443,5.93681,6.04536,1.6743,1.67979,1.60151
4,3.018147087,4.82483,7.19602,7.19602,6.12432,6.11666,6.22284,-0.937152,-0.931627,-1.0082
4,3.094555874,6.56319,7.16819,7.16819,6.24426,6.23656,6.34114,0.230007,0.235556,0.160136
4,3.132760267,6.17295,7.15418,7.15418,6.30422,6.29651,6.40028,-0.0946704,-0.0891091,-0.163943
4,3.209169054,4.15078,7.12598,7.12598,6.42415,6.41641,6.51852,-1.63949,-1.6339,-1.70755
4,3.209169054,4.66519,7.12598,7.12598,6.42415,6.41641,6.51852,-1.26851,-1.26293,-1.33657
4,3.209169054,6.03104,7.12598,7.12598,6.42415,6.41641,6.51852,-0.283501,-0.277915,-0.351557
4,3.896848138,8.26608,6.86507,6.86507,7.50355,7.4955,7.5694,0.549912,0.555715,0.502419
4,3.915950334,7.18404,6.8577,6.8577,7.53353,7.52547,7.59554,-0.252044,-0.246235,-0.296763
4,4.011461318,6.29712,6.82076,6.82076,7.66523,7.65977,7.69463,-0.986643,-0.9827,-1.00784
4,4.087870105,8.2306,6.79113,6.79113,7.71977,7.71739,7.72735,0.368396,0.37011,0.362924
4,4.106972302,7.55654,6.78372,6.78372,7.72654,7.72482,7.72995,-0.1226,-0.121354,-0.12506
4,4.183381089,7.73392,6.75401,6.75401,7.73243,7.73274,7.72336,0.00107711,0.000852449,0.00761901
4,4.240687679,7.27273,6.7317,6.7317,7.71993,7.72127,7.70493,-0.322509,-0.323478,-0.311694
4,4.240687679,4.50554,6.7317,6.7317,7.71993,7.72127,7.70493,-2.31812,-2.31908,-2.3073
4,4.508118434,7.94678,6.62722,6.62722,7.57183,7.57498,7.54789,0.270403,0.268131,0.287668
4,4.508118434,6.38581,6.62722,6.62722,7.57183,7.57498,7.54789,-0.855324,-0.857596,-0.838059
4,4.699140401,7.50333,6.5523,6.5523,7.43534,7.43865,7.41164,0.04903,0.0466413,0.0661232
4,4.890162369,8.54989,6.47719,6.47719,7.29416,7.29744,7.27176,0.905596,0.903228,0.921747
4,4.928366762,7.57428,6.46215,6.46215,7.26575,7.26902,7.24366,0.222501,0.220142,0.238436
4,5.023877746,6.40355,6.42452,6.42452,7.19465,7.19788,7.17332,-0.570515,-0.572848,-0.555137
4,5.062082139,7.25499,6.40946,6.40946,7.16618,7.1694,7.14517,0.0640469,0.0617251,0.0791971
4,5.11938873,8.08869,6.38686,6.38686,7.12346,7.12666,7.10293,0.696092,0.693787,0.710898
4,5.17669532,7.5388,6.36425,6.36425,7.08074,7.08391,7.06069,0.330342,0.328055,0.344803
4,5.214899713,6.7051,6.34917,6.34917,7.05225,7.0554,7.03252,-0.250354,-0.252629,-0.236123
4,5.23400191,6.26164,6.34163,6.34163,7.038,7.04115,7.01843,-0.559889,-0.562158,-0.545774
4,5.520534862,6.29712,6.22839,6.22839,6.82429,6.82731,6.80713,-0.380182,-0.382361,-0.367808
4,5.539637058,5.10865,6.22083,6.22083,6.81004,6.81306,6.79305,-1.22699,-1.22917,-1.21474
4,5.711556829,6.52772,6.1528,6.1528,6.68181,6.68474,6.66626,-0.111125,-0.113244,-0.0999144
4,5.902578797,7.60976,6.07714,6.07714,6.53932,6.54217,6.52539,0.771965,0.769907,0.782013
4,5.921680993,6.86475,6.06957,6.06957,6.52507,6.52792,6.5113,0.244962,0.24291,0.254894
4,6.036294174,7.41463,6.02414,6.02414,6.43958,6.44237,6.42678,0.70318,0.701163,0.712413
4,6.074498567,5.42794,6.009,6.009,6.41108,6.41386,6.3986,-0.709012,-0.711016,-0.700011
4,6.074498567,5.14412,6.009,6.009,6.41108,6.41386,6.3986,-0.913689,-0.915694,-0.904689
4,6.112702961,8.42572,5.99385,5.99385,6.38258,6.38535,6.37043,1.47345,1.47145,1.48221
4,6.189111748,5.39246,5.96355,5.96355,6.32559,6.32832,6.31408,-0.672942,-0.674912,-0.664639
4,6.227316141,6.95344,5.9484,5.9484,6.29709,6.29981,6.2859,0.473336,0.471378,0.481406
4,6.227316141,5.78271,5.9484,5.9484,6.29709,6.29981,6.2859,-0.370959,-0.372917,-0.362889
4,6.227316141,5.85366,5.9484,5.9484,6.29709,6.29981,6.2859,-0.31979,-0.321748,-0.31172
4,6.532951289,4.64745,5.82713,5.82713,6.06911,6.07169,6.0605,-1.02526,-1.02712,-1.01905
4,6.532951289,5.60532,5.82713,5.82713,6.06911,6.07169,6.0605,-0.334471,-0.336332,-0.328262
4,6.723973257,5.21508,5.75129,5.75129,5.92662,5.92912,5.91963,-0.513145,-0.514945,-0.508099
4,6.914995224,5.78271,5.67544,5.67544,5.78414,5.78655,5.77875,-0.00103333,-0.00277354,0.00284983
4,6.914995224,5.56984,5.67544,5.67544,5.78414,5.78655,5.77875,-0.154542,-0.156282,-0.150658
4,7.029608405,6.03104,5.62991,5.62991,5.69865,5.70101,5.69423,0.239712,0.238008,0.242899
4,7.067812798,6.13747,5.61473,5.61473,5.67015,5.6725,5.66605,0.337017,0.335325,0.339972
4,7.067812798,5.78271,5.61473,5.61473,5.67015,5.6725,5.66605,0.08117,0.0794781,0.0841251
4,7.106017192,7.84035,5.59956,5.59956,5.64165,5.64398,5.63788,1.58563,1.58395,1.58836
4,7.182425979,4.75388,5.5692,5.5692,5.58466,5.58696,5.58153,-0.599132,-0.600788,-0.596875
4,7.220630372,5.35698,5.55402,5.55402,5.55616,5.55844,5.55335,-0.14364,-0.145284,-0.141616
4,7.220630372,4.50554,5.55402,5.55402,5.55616,5.55844,5.55335,-0.757673,-0.759317,-0.755649
4,7.258834766,4.36364,5.53884,5.53884,5.52766,5.52993,5.52518,-0.83946,-0.841092,-0.837669
4,7.526265521,6.102,5.43257,5.43257,5.32818,5.33033,5.32796,0.55805,0.556504,0.558213
4,7.526265521,4.32816,5.43257,5.43257,5.32818,5.33033,5.32796,-0.721185,-0.722731,-0.721022
4,7.698185291,7.04213,5.36424,5.36424,5.19995,5.20201,5.20117,1.32852,1.32703,1.32764
4,7.908309456,6.91796,5.28071,5.28071,5.04322,5.04519,5.04621,1.35201,1.35059,1.34985
4,7.908309456,4.39911,5.28071,5.28071,5.04322,5.04519,5.04621,-0.464507,-0.465927,-0.466665
4,8.022922636,4.61197,5.23515,5.23515,4.95772,4.95964,4.96168,-0.249344,-0.250729,-0.2522
4,8.022922636,4.15078,5.23515,5.23515,4.95772,4.95964,4.96168,-0.581945,-0.58333,-0.584801
4,8.06112703,4.39911,5.21996,5.21996,4.92923,4.93113,4.93351,-0.382301,-0.383674,-0.385389
4,8.099331423,4.89579,5.20477,5.20477,4.90073,4.90262,4.90533,-0.00356405,-0.00492453,-0.00688495
4,8.099331423,5.03769,5.20477,5.20477,4.90073,4.90262,4.90533,0.0987747,0.0974143,0.0954538
4,8.213944604,4.18625,5.1592,5.1592,4.81524,4.81707,4.82081,-0.453604,-0.454928,-0.457623
4,8.213944604,3.08647,5.1592,5.1592,4.81524,4.81707,4.82081,-1.24673,-1.24805,-1.25075
4,8.213944604,3.33481,5.1592,5.1592,4.81524,4.81707,4.82081,-1.06764,-1.06896,-1.07166
4,8.2330468,4.5765,5.15161,5.15161,4.80099,4.80282,4.80672,-0.161896,-0.163215,-0.166033
4,8.519579752,4.77162,5.03768,5.03768,4.58726,4.58896,4.59542,0.132952,0.131725,0.127072
4,8.538681948,4.68293,5.03008,5.03008,4.57301,4.57471,4.58133,0.0792661,0.0780448,0.0732693
4,8.672397326,4.86031,4.97691,4.97691,4.47328,4.47491,4.48272,0.279117,0.277939,0.272306
4,8.901623687,6.03104,4.88575,4.88575,4.3023,4.30383,4.31368,1.24672,1.24561,1.23851
4,9.016236867,2.55432,4.84018,4.84018,4.21681,4.21829,4.22916,-1.19893,-1.2,-1.20784
4,9.054441261,4.70067,4.82498,4.82498,4.18832,4.18978,4.20099,0.36949,0.368434,0.360351
4,9.073543457,4.23947,4.81739,4.81739,4.17407,4.17552,4.1869,0.0471634,0.0461136,0.0379083
4,9.092645654,5.42794,4.80979,4.80979,4.15982,4.16127,4.17282,0.914526,0.913482,0.905154
4,9.092645654,4.32816,4.80979,4.80979,4.15982,4.16127,4.17282,0.1214,0.120356,0.112029
4,9.207258835,1.59645,4.76421,4.76421,4.07434,4.07573,4.0883,-1.78697,-1.78798,-1.79704
4,9.207258835,1.09978,4.76421,4.76421,4.07434,4.07573,4.0883,-2.14516,-2.14616,-2.15523
4,9.245463228,3.1929,4.74901,4.74901,4.04584,4.04722,4.06013,-0.615112,-0.616105,-0.625414
4,9.512893983,1.77384,4.64266,4.64266,3.84639,3.84764,3.86293,-1.49466,-1.49556,-1.50659
4,9.53199618,4.20399,4.63506,4.63506,3.83214,3.83339,3.84884,0.268168,0.267268,0.256123
4,9.70391595,7.29047,4.56668,4.56668,3.70392,3.70509,3.72208,2.5865,2.58566,2.57341
4,9.894937918,1.77384,4.49071,4.49071,3.56147,3.56256,3.58124,-1.28918,-1.28997,-1.30344
4,9.914040115,4.949,4.48311,4.48311,3.54722,3.5483,3.56715,1.01092,1.01014,0.996546
4,10.04775549,1.63193,4.42993,4.42993,3.44751,3.44853,3.46857,-1.30934,-1.31008,-1.32453
4,10.04775549,3.22838,4.42993,4.42993,3.44751,3.44853,3.46857,-0.158032,-0.158767,-0.173218
4,10.12416428,2.09313,4.39954,4.39954,3.39054,3.39153,3.41224,-0.935656,-0.936366,-0.951306
4,10.12416428,3.58315,4.39954,4.39954,3.39054,3.39153,3.41224,0.138901,0.138191,0.123251
4,10.20057307,0.922395,4.36915,4.36915,3.33357,3.33452,3.35592,-1.73887,-1.73955,-1.75498
4,10.20057307,1.20621,4.36915,4.36915,3.33357,3.33452,3.35592,-1.53419,-1.53487,-1.5503
4,10.20057307,1.59645,4.36915,4.36915,3.33357,3.33452,3.35592,-1.25276,-1.25344,-1.26887
4,10.27698185,1.41907,4.33876,4.33876,3.27661,3.27752,3.2996,-1.3396,-1.34026,-1.35618
4,10.50620821,2.62528,4.24759,4.24759,3.10573,3.10655,3.13065,-0.346488,-0.347079,-0.364461
4,10.67812798,4.23947,4.17921,4.17921,2.97761,2.97835,3.00398,0.910013,0.909476,0.890998
4,10.88825215,2.34146,4.09564,4.09564,2.82107,2.82173,2.8492,-0.345878,-0.34635,-0.366164
4,10.92645654,5.35698,4.08044,4.08044,2.79262,2.79326,2.82107,1.84934,1.84888,1.82882
4,11.04106972,0.851441,4.03486,4.03486,2.70728,2.70787,2.73668,-1.33837,-1.3388,-1.35958
4,11.06017192,3.40576,4.02726,4.02726,2.69306,2.69364,2.72262,0.51398,0.513564,0.49266
4,11.09837631,2.8204,4.01207,4.01207,2.66462,2.66518,2.6945,0.112341,0.111937,0.0907915
4,11.11747851,2.41242,4.00447,4.00447,2.65041,2.65096,2.68045,-0.17163,-0.172028,-0.193294
4,11.1938873,0.532151,3.97408,3.97408,2.59355,2.59407,2.62422,-1.48662,-1.48699,-1.50874
4,11.1938873,1.70288,3.97408,3.97408,2.59355,2.59407,2.62422,-0.642321,-0.642694,-0.664441
4,11.27029608,0.354767,3.94369,3.94369,2.53671,2.53719,2.56802,-1.57355,-1.5739,-1.59613
4,11.49952245,1.5255,3.85252,3.85252,2.36633,2.36672,2.39953,-0.606383,-0.606659,-0.630322
4,11.53772684,2.83814,3.83733,3.83733,2.33796,2.33833,2.37147,0.360711,0.360447,0.336547
4,11.72874881,4.96674,3.76136,3.76136,2.19625,2.19653,2.2313,1.99799,1.99779,1.97271
4,11.91977077,2.44789,3.68539,3.68539,2.05483,2.05503,2.09141,0.283463,0.283319,0.257087
4,12.03438395,0.141907,3.63981,3.63981,1.97017,1.97032,2.00764,-1.31849,-1.3186,-1.34551
4,12.03438395,2.02217,3.63981,3.63981,1.97017,1.97032,2.00764,0.0375009,0.0373923,0.0104816
4,12.07258835,0.922395,3.62462,3.62462,1.94199,1.94212,1.97975,-0.735301,-0.735397,-0.762532
4,12.11079274,1.38359,3.60943,3.60943,1.91383,1.91395,1.95188,-0.382391,-0.382475,-0.409832
4,12.11079274,3.01552,3.60943,3.60943,1.91383,1.91395,1.95188,0.794505,0.794421,0.767064
4,12.22540592,0.496674,3.56385,3.56385,1.82949,1.82955,1.8684,-0.961185,-0.961232,-0.989244
4,12.22540592,2.76718,3.56385,3.56385,1.82949,1.82955,1.8684,0.676236,0.676189,0.648176
4,12.53104107,0.567627,3.44231,3.44231,1.60593,1.60586,1.64698,-0.748791,-0.748741,-0.778398
4,12.53104107,2.44789,3.44231,3.44231,1.60593,1.60586,1.64698,0.607198,0.607248,0.577591
4,12.70296084,3.40576,3.37396,3.37396,1.48137,1.48123,1.52351,1.38781,1.38792,1.35743
4,12.913085,2.55432,3.29041,3.29041,1.33082,1.33059,1.37409,0.88235,0.882517,0.851149
4,13.04680038,2.92683,3.23725,3.23725,1.23629,1.236,1.28013,1.21917,1.21937,1.18755
4,13.06590258,0,3.22966,3.22966,1.22288,1.22259,1.26679,-0.8819,-0.88169,-0.913572
4,13.10410697,0.354767,3.21447,3.21447,1.19614,1.19583,1.24019,-0.60677,-0.60655,-0.63854
4,13.12320917,1.24169,3.20688,3.20688,1.18281,1.1825,1.22693,0.0424584,0.0426846,0.0106431
4,13.21872015,1.0643,3.16891,3.16891,1.11662,1.11627,1.161,-0.0377296,-0.0374786,-0.0697374
4,13.5243553,2.18182,3.04743,3.04743,0.910979,0.910528,0.955536,0.916489,0.916814,0.884356
4,13.5243553,1.77384,3.04743,3.04743,0.910979,0.910528,0.955536,0.622265,0.62259,0.590132
4,13.69627507,3.051,2.97911,2.97911,0.800676,0.800181,0.844762,1.62286,1.62322,1.59107
4,13.92550143,2.5898,2.88804,2.88804,0.661643,0.661104,0.7043,1.39053,1.39092,1.35976
4,14.05921681,2.25277,2.83492,2.83492,0.585676,0.585125,0.627027,1.20226,1.20265,1.17244
4,14.0974212,0,2.81975,2.81975,0.564759,0.564205,0.605669,-0.407286,-0.406887,-0.43679
4,14.0974212,0.283814,2.81975,2.81975,0.564759,0.564205,0.605669,-0.202609,-0.202209,-0.232112
4,14.51766953,1.31264,2.6529,2.6529,0.36129,0.360756,0.395494,0.686083,0.686468,0.661416
4,14.7086915,6.40355,2.5771,2.5771,0.286619,0.28612,0.316877,4.41134,4.4117,4.38952
4,14.89971347,0.532151,2.50133,2.50133,0.223569,0.22312,0.249618,0.22254,0.222863,0.203754
4,15.05253104,1.70288,2.44075,2.44075,0.18123,0.180826,0.2039,1.09737,1.09766,1.08102
4,15.70200573,3.76053,2.18368,2.18368,0.0680846,0.0678714,0.0787769,2.66288,2.66303,2.65517
4,15.8930277,0.0709534,2.10824,2.10824,0.0500915,0.0499224,0.0583459,0.0150449,0.0151669,0.00909216
4,16.04584527,1.91574,2.04796,2.04796,0.0390303,0.038891,0.0456845,1.35343,1.35353,1.34863
4,16.10315186,0.86918,2.02538,2.02538,0.0355171,0.0353879,0.0416448,0.601211,0.601304,0.596792
4,16.52340019,1.5255,1.86013,1.86013,0.0176201,0.0175473,0.0208996,1.08743,1.08749,1.08507
4,16.71442216,4.45233,1.78529,1.78529,0.0127634,0.0127077,0.0152101,3.20167,3.20172,3.19991
4,16.88634193,0.354767,1.71812,1.71812,0.00953557,0.00949239,0.0114092,0.24897,0.249001,0.247619
4,17.0582617,2.1286,1.65115,1.65115,0.00711738,0.00708387,0.00854882,1.52995,1.52997,1.52892
4,17.68863419,2.69623,1.40792,1.40792,0.00242317,0.00241064,0.00295007,1.94269,1.9427,1.94231
