id,time,y10_,popPred_medianCOV,popPred,indivPred_SAEM,indivPred_mean,indivPred_mode,indWRes_SAEM,indWRes_mean,indWRes_mode
1,0,0.780488,5.54116,5.54116,5.38497,5.36359,4.80212,-3.29029,-3.27501,-2.8738
1,0,1.59645,5.54116,5.54116,5.38497,5.36359,4.80212,-2.70721,-2.69193,-2.29072
1,0.667302193,5.67627,5.79037,5.79037,5.95594,5.9358,5.38603,-0.199843,-0.185455,0.207407
1,0.762631077,5.25055,5.8258,5.8258,6.03751,6.01755,5.46944,-0.562343,-0.548082,-0.156414
1,1.029551954,3.22838,5.92466,5.92466,6.26589,6.24644,5.703,-2.17056,-2.15666,-1.76833
1,1.18207817,7.3082,5.98092,5.98092,6.3964,6.37723,5.83646,0.651559,0.665259,1.05169
1,1.220209724,3.051,5.99495,5.99495,6.42903,6.40993,5.86982,-2.41389,-2.40024,-2.01429
1,1.258341277,5.32151,6.00897,6.00897,6.46166,6.44263,5.90319,-0.814733,-0.801134,-0.41566
1,1.258341277,5.74723,6.00897,6.00897,6.46166,6.44263,5.90319,-0.51052,-0.496921,-0.111446
1,1.315538608,5.88914,6.02997,6.02997,6.5106,6.49167,5.95323,-0.444087,-0.430565,-0.0458034
1,1.315538608,6.38581,6.02997,6.02997,6.5106,6.49167,5.95323,-0.0891719,-0.0756495,0.309112
1,1.410867493,4.15078,6.0649,6.0649,6.59217,6.57342,6.03664,-1.74458,-1.73118,-1.34761
1,1.448999047,3.37029,6.07884,6.07884,6.62479,6.60612,6.07,-2.32562,-2.31227,-1.92917
1,1.468064824,8.17738,6.08581,6.08581,6.64111,6.62247,6.08668,1.0978,1.11112,1.49398
1,1.601525262,5.32151,6.13445,6.13445,6.7553,6.73691,6.20345,-1.02457,-1.01143,-0.630223
1,1.67778837,6.45676,6.16215,6.16215,6.82055,6.80231,6.27017,-0.25996,-0.246921,0.133334
1,1.754051478,4.15078,6.18977,6.18977,6.88581,6.8677,6.33689,-1.95441,-1.94148,-1.56217
1,1.754051478,4.61197,6.18977,6.18977,6.88581,6.8677,6.33689,-1.62485,-1.61191,-1.2326
1,1.754051478,8.15965,6.18977,6.18977,6.88581,6.8677,6.33689,0.910264,0.9232,1.30251
1,1.811248808,6.79379,6.21043,6.21043,6.93475,6.91675,6.38693,-0.100726,-0.0878659,0.290735
1,1.982840801,3.29933,6.27209,6.27209,7.08157,7.06389,6.53704,-2.70273,-2.6901,-2.31361
1,1.982840801,6.38581,6.27209,6.27209,7.08157,7.06389,6.53704,-0.497181,-0.484549,-0.108067
1,2.020972355,5.14412,6.28573,6.28573,7.1142,7.09659,6.57039,-1.40778,-1.3952,-1.01919
1,2.020972355,6.66962,6.28573,6.28573,7.1142,7.09659,6.57039,-0.317687,-0.305106,0.070907
1,2.097235462,7.20177,6.31292,6.31292,7.17945,7.16199,6.6371,0.0159517,0.0284294,0.403506
1,2.135367016,5.1796,6.32647,6.32647,7.21208,7.19469,6.67045,-1.45238,-1.43995,-1.06534
1,2.230695901,6.31486,6.36022,6.36022,7.29364,7.27643,6.75383,-0.699425,-0.687126,-0.313682
1,2.249761678,7.80488,6.36695,6.36695,7.30995,7.29278,6.7705,0.353664,0.365938,0.73915
1,2.249761678,7.48559,6.36695,6.36695,7.30995,7.29278,6.7705,0.125504,0.137778,0.51099
1,2.326024786,5.46341,6.39378,6.39378,7.37526,7.35826,6.83719,-1.36618,-1.35403,-0.981677
1,2.326024786,7.27273,6.39378,6.39378,7.37526,7.35826,6.83719,-0.0732684,-0.0611209,0.311229
1,2.364156339,6.13747,6.40714,6.40714,7.40652,7.39061,6.87053,-0.906839,-0.895475,-0.523831
1,2.402287893,5.74723,6.42047,6.42047,7.43393,7.42052,6.90387,-1.20529,-1.19571,-0.826516
1,2.440419447,6.03104,6.43376,6.43376,7.45538,7.44551,6.9372,-1.01781,-1.01075,-0.647528
1,2.459485224,8.15965,6.4404,6.4404,7.46351,7.45559,6.95387,0.49745,0.503104,0.86163
1,2.592945663,7.59202,6.48654,6.48654,7.47313,7.47778,7.0705,0.0849548,0.0816351,0.37267
1,2.66920877,8.12417,6.51268,6.51268,7.44968,7.45907,7.13711,0.48198,0.47527,0.705338
1,2.745471878,8.37251,6.53864,6.53864,7.41327,7.42578,7.20367,0.685457,0.676513,0.83523
1,2.745471878,7.41463,6.53864,6.53864,7.41327,7.42578,7.20367,0.00097748,-0.00796697,0.15075
1,2.764537655,5.67627,6.5451,6.5451,7.40274,7.41584,7.2203,-1.23371,-1.24307,-1.10334
1,2.802669209,5.8714,6.55798,6.55798,7.38042,7.3945,7.25355,-1.07832,-1.08839,-0.987663
1,2.974261201,5.92461,6.61531,6.61531,7.26696,7.28345,7.40181,-0.959219,-0.971007,-1.05558
1,2.974261201,7.62749,6.61531,6.61531,7.26696,7.28345,7.40181,0.257634,0.245846,0.161269
1,2.974261201,6.68736,6.61531,6.61531,7.26696,7.28345,7.40181,-0.41417,-0.425958,-0.510535
1,3.012392755,6.102,6.62789,6.62789,7.24014,7.25691,7.43151,-0.813299,-0.825282,-0.950048
1,3.012392755,7.98226,6.62789,6.62789,7.24014,7.25691,7.43151,0.53031,0.518327,0.393561
1,3.088655863,6.77605,6.65288,6.65288,7.18568,7.20285,7.47472,-0.29271,-0.304984,-0.499258
1,3.16491897,6.31486,6.67761,6.67761,7.13054,7.148,7.4908,-0.582873,-0.595351,-0.840308
1,3.203050524,7.48559,6.68988,6.68988,7.10281,7.12039,7.48937,0.273524,0.260962,-0.00270421
1,3.241182078,8.37251,6.70207,6.70207,7.07503,7.09271,7.48271,0.927159,0.914523,0.635836
1,3.241182078,8.2306,6.70207,6.70207,7.07503,7.09271,7.48271,0.825755,0.813118,0.534432
1,3.241182078,6.95344,6.70207,6.70207,7.07503,7.09271,7.48271,-0.0868851,-0.0995216,-0.378208
1,3.317445186,4.82483,6.72625,6.72625,7.01931,7.03718,7.45705,-1.56814,-1.58091,-1.88094
1,3.317445186,8.08869,6.72625,6.72625,7.01931,7.03718,7.45705,0.764162,0.751394,0.451358
1,3.317445186,7.7694,6.72625,6.72625,7.01931,7.03718,7.45705,0.536002,0.523234,0.223198
1,3.35557674,5.96009,6.73822,6.73822,6.99141,7.00936,7.43958,-0.736967,-0.749795,-1.05722
1,3.35557674,5.39246,6.73822,6.73822,6.99141,7.00936,7.43958,-1.14258,-1.15541,-1.46284
1,3.393708294,8.2306,6.75012,6.75012,6.96349,6.98152,7.41983,0.905456,0.892571,0.579361
1,3.393708294,6.95344,6.75012,6.75012,6.96349,6.98152,7.41983,-0.00718371,-0.0200693,-0.333279
1,3.469971401,7.55654,6.77367,6.77367,6.90761,6.9258,7.37542,0.463717,0.450721,0.129426
1,3.469971401,7.27273,6.77367,6.77367,6.90761,6.9258,7.37542,0.260908,0.247912,-0.0733829
1,3.508102955,9.15299,6.78532,6.78532,6.87966,6.89792,7.35147,1.62449,1.61144,1.28734
1,3.546234509,6.95344,6.79687,6.79687,6.8517,6.87003,7.32671,0.0727015,0.0596004,-0.266738
1,3.584366063,7.59202,6.80834,6.80834,6.82373,6.84214,7.30135,0.549003,0.53585,0.20771
1,3.698760724,8.33703,6.84218,6.84218,6.73983,6.75845,7.22291,1.14133,1.12803,0.796131
1,3.736892278,8.01774,6.85326,6.85326,6.71186,6.73055,7.19629,0.93316,0.919802,0.586995
1,3.775023832,5.49889,6.86423,6.86423,6.68389,6.70265,7.16952,-0.846781,-0.860189,-1.19381
1,3.775023832,7.00665,6.86423,6.86423,6.68389,6.70265,7.16952,0.230641,0.217233,-0.116385
1,3.813155386,4.75388,6.8751,6.8751,6.65592,6.67475,7.14265,-1.35917,-1.37263,-1.70698
1,3.889418494,8.58537,6.8965,6.8965,6.59997,6.61895,7.0887,1.41873,1.40517,1.0695
1,3.908484271,8.85144,6.90178,6.90178,6.58599,6.605,7.07518,1.61886,1.60527,1.26929
1,3.965681602,7.37916,6.91744,6.91744,6.54402,6.56314,7.03457,0.596773,0.583111,0.246235
1,3.965681602,5.81818,6.91744,6.91744,6.54402,6.56314,7.03457,-0.518676,-0.532338,-0.869214
1,3.965681602,6.63415,6.91744,6.91744,6.54402,6.56314,7.03457,0.0643995,0.0507377,-0.286139
1,4.003813155,6.84701,6.92772,6.92772,6.51605,6.53524,7.00747,0.236495,0.222783,-0.114666
1,4.003813155,6.98891,6.92772,6.92772,6.51605,6.53524,7.00747,0.3379,0.324188,-0.0132619
1,4.061010486,8.03548,6.94291,6.94291,6.47409,6.49339,6.96679,1.11574,1.10195,0.763665
1,4.156339371,8.26608,6.96757,6.96757,6.40416,6.42363,6.89895,1.3305,1.31658,0.97693
1,4.194470925,7.96452,6.9772,6.9772,6.37618,6.39573,6.8718,1.135,1.12104,0.780846
1,4.232602479,7.1663,6.98667,6.98667,6.34821,6.36782,6.84464,0.584592,0.570577,0.229848
1,4.232602479,7.69845,6.98667,6.98667,6.34821,6.36782,6.84464,0.964859,0.950844,0.610115
1,4.289799809,8.07095,7.00062,7.00062,6.30625,6.32597,6.80391,1.26103,1.24694,0.905408
1,4.308865586,6.13747,7.00519,7.00519,6.29226,6.31202,6.79033,-0.110611,-0.124726,-0.466524
1,4.308865586,6.66962,7.00519,7.00519,6.29226,6.31202,6.79033,0.269656,0.255541,-0.0862577
1,4.327931363,8.26608,7.00973,7.00973,6.27828,6.29806,6.77675,1.42045,1.40631,1.06425
1,4.327931363,5.78271,7.00973,7.00973,6.27828,6.29806,6.77675,-0.354127,-0.368267,-0.710332
1,4.327931363,6.26164,7.00973,7.00973,6.27828,6.29806,6.77675,-0.0118869,-0.0260271,-0.368092
1,4.34699714,7.62749,7.01422,7.01422,6.26429,6.28411,6.76318,0.974126,0.95996,0.617629
1,4.385128694,6.77605,7.02309,7.02309,6.23631,6.25621,6.73602,0.385689,0.371472,0.0286092
1,4.423260248,6.91796,7.0318,7.0318,6.20834,6.22831,6.70886,0.507083,0.492816,0.149421
1,4.461391802,7.02439,7.04035,7.04035,6.18037,6.2004,6.6817,0.603126,0.588808,0.244883
1,4.499523356,7.52106,7.04873,7.04873,6.15239,6.1725,6.65454,0.978031,0.963663,0.619206
1,4.59485224,8.01774,7.06892,7.06892,6.08246,6.10274,6.58664,1.38292,1.36843,1.02264
1,4.652049571,7.66297,7.08049,7.08049,6.0405,6.06089,6.54589,1.1594,1.14482,0.798245
1,4.747378456,7.18404,7.09883,7.09883,5.97056,5.99113,6.47799,0.867129,0.852432,0.504527
1,4.766444233,4.36364,7.10235,7.10235,5.95658,5.97718,6.46441,-1.13829,-1.15301,-1.50118
1,4.804575786,4.75388,7.10925,7.10925,5.9286,5.94927,6.43725,-0.839438,-0.85421,-1.20291
1,4.880838894,8.01774,7.12244,7.12244,5.87265,5.89347,6.38293,1.53284,1.51797,1.16821
1,4.957102002,5.07317,7.13479,7.13479,5.81671,5.83766,6.32861,-0.531319,-0.546293,-0.897115
1,4.995233556,3.5122,7.14064,7.14064,5.78873,5.80976,6.30145,-1.62678,-1.6418,-1.99315
1,4.995233556,6.88248,7.14064,7.14064,5.78873,5.80976,6.30145,0.781577,0.766553,0.415201
1,4.995233556,7.02439,7.14064,7.14064,5.78873,5.80976,6.30145,0.882981,0.867957,0.516605
1,4.995233556,7.27273,7.14064,7.14064,5.78873,5.80976,6.30145,1.06044,1.04541,0.694063
1,4.995233556,6.17295,7.14064,7.14064,5.78873,5.80976,6.30145,0.274555,0.25953,-0.0918213
1,5.03336511,7.52106,7.14628,7.14628,5.76076,5.78186,6.27428,1.25789,1.24281,0.89093
1,5.03336511,5.46341,7.14628,7.14628,5.76076,5.78186,6.27428,-0.212478,-0.227553,-0.579435
1,5.071496663,5.96009,7.15169,7.15169,5.73278,5.75395,6.24712,0.162428,0.147302,-0.20511
1,5.147759771,7.41463,7.16183,7.16183,5.67684,5.69815,6.1928,1.2418,1.22658,0.873103
1,5.147759771,5.28603,7.16183,7.16183,5.67684,5.69815,6.1928,-0.279264,-0.294491,-0.647963
1,5.224022879,5.07317,7.17105,7.17105,5.62089,5.64234,6.13848,-0.391392,-0.406719,-0.761252
1,5.300285987,7.94678,7.17931,7.17931,5.56494,5.58653,6.08416,1.70203,1.6866,1.33101
1,5.300285987,7.20177,7.17931,7.17931,5.56494,5.58653,6.08416,1.16965,1.15423,0.798632
1,5.319351764,2.44789,7.18123,7.18123,5.55096,5.57258,6.07058,-2.2174,-2.23285,-2.58871
1,5.319351764,6.56319,7.18123,7.18123,5.55096,5.57258,6.07058,0.723327,0.707875,0.352017
1,5.338417541,3.68958,7.18308,7.18308,5.53697,5.55863,6.05699,-1.32012,-1.3356,-1.69172
1,5.338417541,6.11973,7.18308,7.18308,5.53697,5.55863,6.05699,0.416433,0.400955,0.0448325
1,5.338417541,5.74723,7.18308,7.18308,5.53697,5.55863,6.05699,0.150246,0.134769,-0.221354
1,5.376549094,5.46341,7.18661,7.18661,5.509,5.53073,6.02983,-0.0325729,-0.0481018,-0.404754
1,5.395614871,6.03104,7.18828,7.18828,5.49501,5.51678,6.01625,0.38304,0.367485,0.0105682
1,5.452812202,6.97118,7.19292,7.19292,5.45305,5.47492,5.97551,1.08483,1.0692,0.711486
1,5.452812202,4.47007,7.19292,7.19292,5.45305,5.47492,5.97551,-0.702425,-0.718055,-1.07577
1,5.510009533,7.23725,7.19699,7.19699,5.41109,5.43307,5.93477,1.30495,1.28924,0.930733
1,5.52907531,6.75831,7.19823,7.19823,5.3971,5.41912,5.92119,0.972701,0.956968,0.598197
1,5.605338418,7.62749,7.20252,7.20252,5.34115,5.36331,5.86687,1.63378,1.61795,1.25812
1,5.605338418,6.56319,7.20252,7.20252,5.34115,5.36331,5.86687,0.87325,0.857415,0.497584
1,5.643469971,5.32151,7.20428,7.20428,5.31318,5.33541,5.8397,0.0059513,-0.00993517,-0.370296
1,5.681601525,7.73392,7.20578,7.20578,5.2852,5.30751,5.81254,1.74982,1.73388,1.37299
1,5.681601525,5.56984,7.20578,7.20578,5.2852,5.30751,5.81254,0.203399,0.187462,-0.173429
1,5.738798856,3.26386,7.20755,7.20755,5.24324,5.26565,5.7718,-1.41444,-1.43045,-1.79214
1,5.757864633,6.35033,7.20801,7.20801,5.22926,5.2517,5.75822,0.801103,0.785065,0.423114
1,5.834127741,5.10865,7.20921,7.20921,5.17331,5.1959,5.7039,-0.0462078,-0.0623462,-0.425357
1,5.872259295,6.45676,7.20942,7.20942,5.14534,5.16799,5.67674,0.937124,0.920935,0.557394
1,5.929456625,0.674058,7.20925,7.20925,5.10338,5.12614,5.63599,-3.16512,-3.18139,-3.54572
1,5.929456625,5.90687,7.20925,7.20925,5.10338,5.12614,5.63599,0.574166,0.557902,0.193566
1,5.948522402,5.46341,7.20907,7.20907,5.08939,5.11219,5.62241,0.267272,0.250983,-0.113619
1,5.986653956,4.1153,7.20851,7.20851,5.06142,5.08428,5.59525,-0.676081,-0.69242,-1.05755
1,6.02478551,5.1796,7.20769,7.20769,5.03344,5.05638,5.56809,0.104442,0.0880521,-0.277609
1,6.062917064,3.97339,7.20661,7.20661,5.00547,5.02848,5.54093,-0.737507,-0.753947,-1.12014
1,6.081982841,3.77827,7.20598,7.20598,4.99148,5.01453,5.52735,-0.866943,-0.883408,-1.24986
1,6.101048618,4.93126,7.20528,7.20528,4.9775,5.00057,5.51377,-0.0330373,-0.0495279,-0.416249
1,6.139180172,6.35033,7.20371,7.20371,4.94952,4.97267,5.48661,1.001,0.984455,0.617204
1,6.139180172,6.102,7.20371,7.20371,4.94952,4.97267,5.48661,0.823539,0.806998,0.439747
1,6.234509056,5.97783,7.19867,7.19867,4.87959,4.90291,5.4187,0.784783,0.768116,0.39954
1,6.253574833,5.81818,7.19747,7.19747,4.8656,4.88896,5.40512,0.680698,0.664005,0.295164
1,6.253574833,5.00222,7.19747,7.19747,4.8656,4.88896,5.40512,0.0976225,0.0809293,-0.287911
1,6.291706387,3.90244,7.19491,7.19491,4.83763,4.86106,5.37796,-0.668273,-0.685015,-1.05439
1,6.291706387,3.6541,7.19491,7.19491,4.83763,4.86106,5.37796,-0.84573,-0.862473,-1.23184
1,6.329837941,6.91796,7.1921,7.1921,4.80966,4.83316,5.3508,1.50656,1.48977,1.11987
1,6.329837941,4.15078,7.1921,7.1921,4.80966,4.83316,5.3508,-0.470826,-0.487618,-0.85752
1,6.348903718,6.4745,7.1906,7.1906,4.79567,4.8192,5.33722,1.19967,1.18285,0.812682
1,6.367969495,6.03104,7.18905,7.18905,4.78168,4.80525,5.32364,0.892772,0.875929,0.505498
1,6.406101049,4.64745,7.18577,7.18577,4.75371,4.77735,5.29648,-0.0759308,-0.0928253,-0.463787
1,6.406101049,4.43459,7.18577,7.18577,4.75371,4.77735,5.29648,-0.228037,-0.244932,-0.615893
1,6.444232602,7.13082,7.18225,7.18225,4.72574,4.74945,5.26932,1.71864,1.70169,1.3302
1,6.444232602,2.98004,7.18225,7.18225,4.72574,4.74945,5.26932,-1.24744,-1.26439,-1.63588
1,6.52049571,4.15078,7.17453,7.17453,4.66979,4.69364,5.215,-0.370879,-0.387924,-0.760476
1,6.52049571,4.96674,7.17453,7.17453,4.66979,4.69364,5.215,0.212197,0.195151,-0.1774
1,6.596758818,4.29268,7.16592,7.16592,4.61384,4.63784,5.16067,-0.229496,-0.246642,-0.620253
1,6.615824595,5.25055,7.16363,7.16363,4.59986,4.62389,5.14709,0.464979,0.447807,0.073931
1,6.634890372,5.03769,7.16129,7.16129,4.58587,4.60994,5.13351,0.322867,0.30567,-0.0684712
1,6.673021926,5.60532,7.15644,7.15644,4.5579,4.58203,5.10635,0.748473,0.731226,0.356555
1,6.749285033,3.58315,7.14613,7.14613,4.50195,4.52623,5.05203,-0.656562,-0.67391,-1.04964
1,6.787416587,4.5765,7.14067,7.14067,4.47398,4.49833,5.02487,0.0732585,0.0558602,-0.3204
1,6.787416587,5.00222,7.14067,7.14067,4.47398,4.49833,5.02487,0.377472,0.360074,-0.0161871
1,6.863679695,5.92461,7.12916,7.12916,4.41803,4.44252,4.97055,1.07658,1.05908,0.681759
1,6.882745472,4.77162,7.12617,7.12617,4.40404,4.42857,4.95697,0.262662,0.245139,-0.132447
1,6.95900858,5.12639,7.11371,7.11371,4.3481,4.37276,4.90265,0.556152,0.538527,0.159881
1,6.978074357,2.60754,7.11049,7.11049,4.33411,4.35881,4.88906,-1.23378,-1.25143,-1.63034
1,6.978074357,6.06652,7.11049,7.11049,4.33411,4.35881,4.88906,1.23795,1.2203,0.84139
1,6.978074357,4.00887,7.11049,7.11049,4.33411,4.35881,4.88906,-0.232414,-0.250064,-0.628974
1,6.978074357,3.90244,7.11049,7.11049,4.33411,4.35881,4.88906,-0.308467,-0.326118,-0.705028
1,6.978074357,3.68958,7.11049,7.11049,4.33411,4.35881,4.88906,-0.460574,-0.478224,-0.857134
1,7.01620591,5.55211,7.1039,7.1039,4.30614,4.33091,4.8619,0.890348,0.872647,0.493208
1,7.01620591,3.49446,7.1039,7.1039,4.30614,4.33091,4.8619,-0.580017,-0.597717,-0.977157
1,7.054337464,3.83149,7.09715,7.09715,4.27817,4.30301,4.83474,-0.319193,-0.336944,-0.716912
1,7.092469018,5.33925,7.09022,7.09022,4.2502,4.27511,4.80758,0.778218,0.760417,0.379919
1,7.092469018,4.64745,7.09022,7.09022,4.2502,4.27511,4.80758,0.283871,0.26607,-0.114428
1,7.20686368,3.40576,7.06846,7.06846,4.16628,4.1914,4.7261,-0.543452,-0.561405,-0.94349
1,7.244995234,3.22838,7.06089,7.06089,4.13831,4.1635,4.69894,-0.650219,-0.668223,-1.05084
1,7.244995234,5.97783,7.06089,7.06089,4.13831,4.1635,4.69894,1.31449,1.29649,0.913874
1,7.283126787,3.86696,7.05318,7.05318,4.11034,4.1356,4.67178,-0.173911,-0.191965,-0.575108
1,7.321258341,2.87361,7.04532,7.04532,4.08236,4.1077,4.64462,-0.863754,-0.881858,-1.26553
1,7.321258341,5.32151,7.04532,7.04532,4.08236,4.1077,4.64462,0.885473,0.867369,0.483696
1,7.321258341,4.25721,7.04532,7.04532,4.08236,4.1077,4.64462,0.124939,0.106836,-0.276838
1,7.321258341,3.97339,7.04532,7.04532,4.08236,4.1077,4.64462,-0.0778696,-0.0959732,-0.479646
1,7.359389895,3.72506,7.03731,7.03731,4.05439,4.0798,4.61746,-0.23534,-0.253493,-0.637696
1,7.359389895,4.7184,7.03731,7.03731,4.05439,4.0798,4.61746,0.474492,0.456338,0.0721353
1,7.397521449,4.07982,7.02917,7.02917,4.02642,4.0519,4.5903,0.0381592,0.0199547,-0.364776
1,7.435653003,3.97339,7.02089,7.02089,3.99845,4.024,4.56314,-0.0179067,-0.0361623,-0.421421
1,7.473784557,3.29933,7.01249,7.01249,3.97048,3.9961,4.53598,-0.47959,-0.497897,-0.883684
1,7.473784557,5.88914,7.01249,7.01249,3.97048,3.9961,4.53598,1.37104,1.35273,0.966947
1,7.511916111,3.86696,7.00395,7.00395,3.94251,3.9682,4.50881,-0.0539856,-0.072343,-0.458658
1,7.607244995,1.04656,6.98208,6.98208,3.87259,3.89845,4.44091,-2.01943,-2.03792,-2.42555
1,7.607244995,2.55432,6.98208,6.98208,3.87259,3.89845,4.44091,-0.942009,-0.960494,-1.34813
1,7.626310772,4.1153,6.97762,6.97762,3.8586,3.8845,4.42733,0.183433,0.164923,-0.222975
1,7.626310772,3.97339,6.97762,6.97762,3.8586,3.8845,4.42733,0.0820284,0.0635183,-0.32438
1,7.664442326,4.7184,6.96861,6.96861,3.83063,3.85661,4.40017,0.634388,0.615827,0.227402
1,7.740705434,3.58315,6.95027,6.95027,3.77469,3.80081,4.34585,-0.136875,-0.155537,-0.545018
1,7.740705434,5.35698,6.95027,6.95027,3.77469,3.80081,4.34585,1.13068,1.11202,0.722538
1,7.778836988,3.22838,6.94094,6.94094,3.74672,3.77291,4.31869,-0.3704,-0.389113,-0.779121
1,7.797902765,4.27494,6.93623,6.93623,3.73274,3.75896,4.30511,0.387451,0.368712,-0.021559
1,7.912297426,5.42794,6.9075,6.9075,3.64884,3.67527,4.22364,1.27132,1.25243,0.860576
1,7.931363203,4.86031,6.90263,6.90263,3.63485,3.66133,4.21006,0.875692,0.856776,0.464662
1,7.969494757,0.461197,6.89283,6.89283,3.60689,3.63343,4.1829,-2.24786,-2.26683,-2.65947
1,7.969494757,3.44124,6.89283,6.89283,3.60689,3.63343,4.1829,-0.118367,-0.137335,-0.529975
1,7.969494757,2.83814,6.89283,6.89283,3.60689,3.63343,4.1829,-0.549336,-0.568304,-0.960944
1,7.988560534,1.54324,6.88789,6.88789,3.5929,3.61948,4.16932,-1.46466,-1.48365,-1.87656
1,8.007626311,3.33481,6.88293,6.88293,3.57892,3.60553,4.15574,-0.174436,-0.193455,-0.586621
1,8.026692088,4.55876,6.87795,6.87795,3.56494,3.59159,4.14216,0.710169,0.691125,0.297696
1,8.083889418,3.86696,6.8629,6.8629,3.52299,3.54975,4.10142,0.245798,0.226678,-0.167539
1,8.083889418,2.55432,6.8629,6.8629,3.52299,3.54975,4.10142,-0.692193,-0.711313,-1.10553
1,8.141086749,1.38359,6.84766,6.84766,3.48104,3.5079,4.06068,-1.49881,-1.518,-1.91301
1,8.160152526,1.84479,6.84254,6.84254,3.46706,3.49396,4.0471,-1.15925,-1.17847,-1.57374
1,8.236415634,4.00887,6.82189,6.82189,3.41113,3.43817,3.99278,0.427133,0.407811,0.0114941
1,8.236415634,2.16408,6.82189,6.82189,3.41113,3.43817,3.99278,-0.891125,-0.910447,-1.30676
1,8.236415634,4.7184,6.82189,6.82189,3.41113,3.43817,3.99278,0.934155,0.914833,0.518516
1,8.312678742,2.98004,6.80096,6.80096,3.35521,3.38239,3.93847,-0.268087,-0.28751,-0.684875
1,8.312678742,5.25055,6.80096,6.80096,3.35521,3.38239,3.93847,1.35438,1.33496,0.937597
1,8.331744519,1.20621,6.79569,6.79569,3.34123,3.36845,3.92489,-1.52565,-1.5451,-1.94273
1,8.350810296,4.00887,6.7904,6.7904,3.32725,3.3545,3.91131,0.487075,0.467602,0.0697143
1,8.350810296,3.47672,6.7904,6.7904,3.32725,3.3545,3.91131,0.106808,0.0873349,-0.310552
1,8.369876072,2.80266,6.78509,6.78509,3.31327,3.34056,3.89773,-0.364873,-0.384371,-0.78252
1,8.408007626,2.19956,6.77443,6.77443,3.28531,3.31267,3.87057,-0.775862,-0.795411,-1.19408
1,8.465204957,2.30599,6.75833,6.75833,3.24337,3.27084,3.82984,-0.669841,-0.689466,-1.08892
1,8.465204957,5.32151,6.75833,6.75833,3.24337,3.27084,3.82984,1.485,1.46538,1.06592
1,8.503336511,2.44789,6.74752,6.74752,3.21542,3.24295,3.80268,-0.548459,-0.568134,-0.96811
1,8.579599619,2.94457,6.72574,6.72574,3.1595,3.18718,3.74837,-0.153591,-0.173366,-0.574383
1,8.598665396,2.23503,6.72026,6.72026,3.14553,3.17324,3.73479,-0.650625,-0.670426,-1.0717
1,8.617731173,3.5122,6.71477,6.71477,3.13155,3.15929,3.72121,0.272002,0.252177,-0.14936
1,8.617731173,2.76718,6.71477,6.71477,3.13155,3.15929,3.72121,-0.260371,-0.280196,-0.681733
1,8.732125834,5.62306,6.68156,6.68156,3.0477,3.07565,3.63975,1.84031,1.82034,1.41725
1,8.751191611,3.08647,6.67598,6.67598,3.03373,3.06171,3.62617,0.0376937,0.0176959,-0.385656
1,8.808388942,3.90244,6.65918,6.65918,2.99181,3.01989,3.58544,0.650725,0.630652,0.226525
1,8.88465205,6.66962,6.63663,6.63663,2.93592,2.96415,3.53113,2.66805,2.64788,2.24272
1,8.903717827,7.02439,6.63097,6.63097,2.92195,2.95021,3.51755,2.93154,2.91135,2.50593
1,8.94184938,1.54324,6.61961,6.61961,2.89401,2.92234,3.4904,-0.965241,-0.985485,-1.39141
1,8.979980934,2.55432,6.60822,6.60822,2.86607,2.89447,3.46325,-0.222771,-0.243064,-0.649503
1,8.979980934,5.28603,6.60822,6.60822,2.86607,2.89447,3.46325,1.72926,1.70897,1.30253
1,9.037178265,1.17073,6.59106,6.59106,2.82417,2.85267,3.42252,-1.18152,-1.20189,-1.60909
1,9.075309819,4.15078,6.57957,6.57957,2.79624,2.82481,3.39537,0.967928,0.947515,0.539801
1,9.151572927,3.68958,6.55649,6.55649,2.74039,2.76909,3.34107,0.678275,0.657766,0.249038
1,9.151572927,1.38359,6.55649,6.55649,2.74039,2.76909,3.34107,-0.969547,-0.990057,-1.39878
1,9.208770257,1.11752,6.53909,6.53909,2.69851,2.72731,3.30035,-1.12975,-1.15033,-1.55982
1,9.246901811,1.72062,6.52746,6.52746,2.67059,2.69946,3.2732,-0.678836,-0.699465,-1.10945
1,9.304099142,4.15078,6.50995,6.50995,2.62873,2.6577,3.23248,1.08763,1.06693,0.656198
1,9.304099142,2.94457,6.50995,6.50995,2.62873,2.6577,3.23248,0.225694,0.204994,-0.20574
1,9.304099142,2.73171,6.50995,6.50995,2.62873,2.6577,3.23248,0.0735877,0.0528877,-0.357847
1,9.304099142,1.88027,6.50995,6.50995,2.62873,2.6577,3.23248,-0.534839,-0.555539,-0.966273
1,9.342230696,3.40576,6.49824,6.49824,2.60082,2.62986,3.20534,0.5752,0.554453,0.143222
1,9.342230696,2.51885,6.49824,6.49824,2.60082,2.62986,3.20534,-0.0585776,-0.0793251,-0.490556
1,9.456625357,4.39911,6.46294,6.46294,2.51713,2.54636,3.12391,1.34484,1.32395,0.91124
1,9.475691134,1.91574,6.45703,6.45703,2.50319,2.53245,3.11034,-0.419778,-0.440691,-0.853641
1,9.532888465,2.76718,6.43928,6.43928,2.46136,2.49073,3.06963,0.218535,0.197551,-0.216125
1,9.571020019,1.0643,6.42741,6.42741,2.43349,2.46292,3.04249,-0.9784,-0.99943,-1.41359
1,9.571020019,1.73836,6.42741,6.42741,2.43349,2.46292,3.04249,-0.496729,-0.517759,-0.931915
1,9.609151573,0.248337,6.41553,6.41553,2.40562,2.43511,3.01536,-1.54156,-1.56264,-1.97727
1,9.666348904,2.02217,6.39765,6.39765,2.36383,2.39342,2.97466,-0.244146,-0.265288,-0.680631
1,9.723546235,3.58315,6.37973,6.37973,2.32206,2.35174,2.93396,0.901151,0.879943,0.463898
1,9.742612011,4.54102,6.37374,6.37374,2.30815,2.33785,2.9204,1.59558,1.57435,1.15807
1,9.818875119,4.20399,6.34975,6.34975,2.25249,2.28232,2.86614,1.39451,1.37319,0.956004
1,9.87607245,4.96674,6.33171,6.33171,2.21078,2.2407,2.82546,1.96937,1.94799,1.53012
1,9.971401335,7.21951,6.30155,6.30155,2.14131,2.17137,2.75767,3.6288,3.60732,3.18836
1,9.990467112,3.1929,6.2955,6.2955,2.12743,2.15752,2.74411,0.761375,0.739872,0.3207
1,10.06673022,1.84479,6.27128,6.27128,2.07192,2.10212,2.68989,-0.162307,-0.183887,-0.603899
1,10.06673022,2.94457,6.27128,6.27128,2.07192,2.10212,2.68989,0.623578,0.601997,0.181986
1,10.14299333,1.02882,6.247,6.247,2.01648,2.04679,2.63569,-0.705765,-0.727421,-1.14824
1,10.21925643,1.41907,6.22266,6.22266,1.96111,1.99152,2.5815,-0.387335,-0.409063,-0.830656
1,10.21925643,1.91574,6.22266,6.22266,1.96111,1.99152,2.5815,-0.0324196,-0.054147,-0.475741
1,10.29551954,2.62528,6.19826,6.19826,1.90582,1.93632,2.52733,0.514114,0.492319,0.0699908
1,10.3336511,0.31929,6.18604,6.18604,1.8782,1.90875,2.50025,-1.11398,-1.1358,-1.55848
1,10.3336511,0.709534,6.18604,6.18604,1.8782,1.90875,2.50025,-0.835113,-0.856941,-1.27962
1,10.3336511,1.84479,6.18604,6.18604,1.8782,1.90875,2.50025,-0.0238774,-0.045705,-0.468384
1,10.3336511,2.80266,6.18604,6.18604,1.8782,1.90875,2.50025,0.660603,0.638775,0.216096
1,10.37178265,2.30599,6.17381,6.17381,1.85061,1.8812,2.47318,0.325403,0.303545,-0.119474
1,10.4099142,2.73171,6.16157,6.16157,1.82305,1.85368,2.44611,0.649315,0.627427,0.204081
1,10.44804576,3.4235,6.14931,6.14931,1.79551,1.82618,2.41905,1.16334,1.14142,0.717765
1,10.44804576,2.02217,6.14931,6.14931,1.79551,1.82618,2.41905,0.161973,0.140055,-0.283604
1,10.56244042,0,6.11248,6.11248,1.71306,1.74384,2.33791,-1.22413,-1.24612,-1.67063
1,10.60057197,3.29933,6.10019,6.10019,1.68565,1.71646,2.31088,1.15311,1.1311,0.706336
1,10.60057197,1.73836,6.10019,6.10019,1.68565,1.71646,2.31088,0.0376658,0.0156494,-0.409113
1,10.67683508,2.98004,6.07556,6.07556,1.63093,1.66179,2.25684,0.964056,0.942001,0.516791
1,10.71496663,1.73836,6.06323,6.06323,1.60363,1.63452,2.22983,0.0962747,0.0742029,-0.3512
1,10.73403241,3.37029,6.05706,6.05706,1.59,1.6209,2.21633,1.27217,1.25009,0.824598
1,10.81029552,3.1929,6.03237,6.03237,1.53558,1.56651,2.16236,1.1843,1.16219,0.736409
1,10.88655863,6.42129,6.00764,6.00764,1.48137,1.51232,2.10844,3.52999,3.50787,3.08189
1,10.9056244,3.051,6.00146,6.00146,1.46785,1.4988,2.09497,1.13129,1.10917,0.683166
1,10.94375596,0.390244,5.98908,5.98908,1.44086,1.47181,2.06803,-0.750756,-0.772873,-1.19892
1,10.94375596,1.02882,5.98908,5.98908,1.44086,1.47181,2.06803,-0.294436,-0.316553,-0.7426
1,10.96282173,1.27716,5.98289,5.98289,1.42739,1.45834,2.05457,-0.107351,-0.129467,-0.555522
1,11.05815062,2.23503,5.95189,5.95189,1.36028,1.39121,1.98731,0.625083,0.602985,0.177018
1,11.05815062,1.95122,5.95189,5.95189,1.36028,1.39121,1.98731,0.422274,0.400176,-0.0257911
1,11.09628217,0.177384,5.93949,5.93949,1.33357,1.36447,1.96044,-0.826191,-0.848275,-1.27414
1,11.13441373,2.19956,5.92707,5.92707,1.30693,1.33781,1.93359,0.637855,0.615788,0.190059
1,11.22974261,2.53659,5.896,5.896,1.24073,1.27152,1.86654,0.926001,0.903997,0.478806
1,11.24880839,0.603104,5.88978,5.88978,1.22755,1.25833,1.85314,-0.446223,-0.468211,-0.89326
1,11.30600572,4.38137,5.87112,5.87112,1.1882,1.21889,1.813,2.2818,2.25986,1.83532
1,11.3250715,0,5.86489,5.86489,1.17513,1.20579,1.79963,-0.839729,-0.86164,-1.28599
1,11.3250715,0.886918,5.86489,5.86489,1.17513,1.20579,1.79963,-0.205951,-0.227863,-0.652212
1,11.3250715,2.80266,5.86489,5.86489,1.17513,1.20579,1.79963,1.16301,1.1411,0.716748
1,11.36320305,1.45455,5.85244,5.85244,1.14908,1.17968,1.77292,0.21828,0.196415,-0.227503
1,11.4013346,1.0643,5.83998,5.83998,1.12315,1.15368,1.74623,-0.0420541,-0.0638666,-0.487294
1,11.43946616,1.59645,5.82752,5.82752,1.09735,1.12779,1.71957,0.356651,0.334897,-0.0879775
1,11.55386082,0.957871,5.79009,5.79009,1.02076,1.05091,1.63979,-0.0449424,-0.0664847,-0.48729
1,11.59199237,1.24169,5.77761,5.77761,0.995537,1.02556,1.61327,0.175894,0.154437,-0.265531
1,11.59199237,4.39911,5.77761,5.77761,0.995537,1.02556,1.61327,2.43214,2.41069,1.99072
1,11.63012393,2.87361,5.76512,5.76512,0.970472,1.00037,1.58679,1.35996,1.33859,0.919542
1,11.74451859,2.55432,5.72763,5.72763,0.89635,0.925791,1.50763,1.18476,1.16372,0.747954
1,11.8207817,1.70288,5.70261,5.70261,0.847919,0.876994,1.4551,0.610944,0.590167,0.177063
1,11.87797903,6.31486,5.68384,5.68384,0.812166,0.840934,1.41585,3.93214,3.91158,3.50075
1,11.8970448,1.80931,5.67758,5.67758,0.800365,0.829023,1.4028,0.720979,0.7005,0.290488
1,11.93517636,0.425721,5.66506,5.66506,0.776942,0.805372,1.37675,-0.250978,-0.271293,-0.679588
1,11.97330791,0.141907,5.65253,5.65253,0.753771,0.781958,1.35076,-0.437229,-0.45737,-0.863828
1,11.97330791,0.993348,5.65253,5.65253,0.753771,0.781958,1.35076,0.171198,0.151056,-0.255401
1,12.01143947,0.283814,5.64,5.64,0.730861,0.75879,1.32485,-0.319453,-0.339411,-0.743906
1,12.04957102,0.815965,5.62747,5.62747,0.708224,0.735881,1.29901,0.0769895,0.0572262,-0.345177
1,12.12583413,0.815965,5.6024,5.6024,0.663812,0.69088,1.24759,0.108726,0.0893831,-0.30843
1,12.16396568,1.09978,5.58985,5.58985,0.642059,0.668811,1.22201,0.327079,0.307963,-0.0873424
1,12.27836034,1.88027,5.55221,5.55221,0.578748,0.604457,1.14587,0.930044,0.911673,0.524791
1,12.3164919,0.10643,5.53966,5.53966,0.558331,0.583662,1.1207,-0.322921,-0.341022,-0.724784
1,12.3164919,0.851441,5.53966,5.53966,0.558331,0.583662,1.1207,0.209452,0.191351,-0.192411
1,12.3164919,1.41907,5.53966,5.53966,0.558331,0.583662,1.1207,0.61507,0.596969,0.213207
1,12.43088656,1.34812,5.50198,5.50198,0.49928,0.523389,1.04596,0.606565,0.589337,0.215919
1,12.46901811,0.780488,5.48942,5.48942,0.480363,0.504036,1.02131,0.214464,0.197548,-0.172087
1,12.58341277,0.266075,5.45172,5.45172,0.426041,0.448328,0.948276,-0.114309,-0.130235,-0.48749
1,12.58341277,2.87361,5.45172,5.45172,0.426041,0.448328,0.948276,1.749,1.73307,1.37582
1,12.60247855,4.87805,5.44543,5.44543,0.417351,0.439398,0.936247,3.18755,3.17179,2.81675
1,12.73593899,2.23503,5.40142,5.40142,0.359545,0.379834,0.853319,1.34019,1.3257,0.987351
1,12.8122021,1.56098,5.37625,5.37625,0.328937,0.348179,0.807034,0.880396,0.866646,0.538755
1,12.92659676,1.63193,5.3385,5.3385,0.286391,0.304023,0.739307,0.961501,0.948901,0.637854
1,12.96472831,4.32816,5.32591,5.32591,0.273109,0.290199,0.717225,2.89768,2.88546,2.58032
1,12.96472831,1.27716,5.32591,5.32591,0.273109,0.290199,0.717225,0.717481,0.705268,0.400122
1,13.04099142,0.674058,5.30072,5.30072,0.247887,0.263894,0.67386,0.304535,0.293096,0.000141358
1,13.15538608,1.73836,5.26294,5.26294,0.213363,0.227762,0.610966,1.08974,1.07945,0.805618
1,13.19351764,1.9867,5.25034,5.25034,0.202718,0.216589,0.590616,1.2748,1.26489,0.997617
1,13.26978074,0.745011,5.22514,5.22514,0.182685,0.195521,0.550898,0.40183,0.392657,0.13871
1,13.3079123,0.0709534,5.21254,5.21254,0.173281,0.185612,0.531549,-0.0731217,-0.0819333,-0.329135
1,13.34604385,0.567627,5.19993,5.19993,0.164275,0.17611,0.512553,0.288229,0.279773,0.0393552
1,13.49857007,1.09978,5.14951,5.14951,0.132041,0.141994,0.440267,0.69153,0.684418,0.471277
1,13.53670162,0.709534,5.1369,5.1369,0.124879,0.134391,0.423159,0.417785,0.410989,0.20464
1,13.57483317,1.70288,5.12429,5.12429,0.118056,0.127138,0.40645,1.13249,1.126,0.926411
1,13.61296473,4.1153,5.11168,5.11168,0.11156,0.120225,0.390146,2.86101,2.85482,2.66194
1,13.89895138,2.46563,5.01707,5.01707,0.0721304,0.0780879,0.281163,1.71036,1.7061,1.56099
1,13.99428027,4.89579,4.98552,4.98552,0.0621315,0.0673515,0.25012,3.45406,3.45032,3.31972
1,13.99428027,1.27716,4.98552,4.98552,0.0621315,0.0673515,0.25012,0.868242,0.864512,0.733908
1,14.0514776,1.91574,4.96659,4.96659,0.0567667,0.0615818,0.232751,1.3284,1.32495,1.20264
1,14.2993327,0.886918,4.88454,4.88454,0.0381708,0.0415254,0.167965,0.606502,0.604104,0.513752
1,14.2993327,0.638581,4.88454,4.88454,0.0381708,0.0415254,0.167965,0.429044,0.426647,0.336295
1,14.37559581,1.0643,4.85929,4.85929,0.0337311,0.0367236,0.151271,0.73643,0.734291,0.652438
1,14.45185891,1.27716,4.83403,4.83403,0.0297903,0.0324566,0.135986,0.891352,0.889447,0.815466
1,14.48999047,0.425721,4.8214,4.8214,0.0279909,0.0305062,0.12885,0.284211,0.282414,0.212139
1,14.56625357,0.709534,4.79615,4.79615,0.0247044,0.0269393,0.115539,0.489369,0.487772,0.42446
1,14.60438513,1.84479,4.78352,4.78352,0.0232057,0.0253108,0.109345,1.30168,1.30017,1.24012
1,14.60438513,1.9867,4.78352,4.78352,0.0232057,0.0253108,0.109345,1.40308,1.40158,1.34153
1,14.90943756,1.27716,4.68247,4.68247,0.0140083,0.0153148,0.0695192,0.90263,0.901696,0.862963
1,15.02383222,0.638581,4.64457,4.64457,0.0115775,0.0126686,0.058388,0.448047,0.447267,0.414597
1,15.36701621,0.10643,4.53086,4.53086,0.00652096,0.00715103,0.0342118,0.0713936,0.0709433,0.0516061
1,15.40514776,0.638581,4.51822,4.51822,0.00611701,0.00670949,0.0322127,0.451949,0.451525,0.433301
1,15.55767398,0.496674,4.46767,4.46767,0.00473513,0.00519807,0.0252863,0.351532,0.351201,0.336846
1,15.90085796,1.13525,4.35393,4.35393,0.00265829,0.00292314,0.0145823,0.809336,0.809147,0.800815
1,15.97712107,0.567627,4.32865,4.32865,0.00233785,0.00257169,0.012893,0.403947,0.40378,0.396405
1,16.01525262,0.674058,4.31601,4.31601,0.00219238,0.0024121,0.0121222,0.480104,0.479947,0.473009
1,16.2821735,1.09978,4.22754,4.22754,0.00139798,0.00153995,0.00786303,0.784885,0.784784,0.780266
1,16.32030505,1.31264,4.2149,4.2149,0.00131091,0.00144428,0.00739037,0.937054,0.936959,0.93271
1,16.47283127,0.922395,4.16433,4.16433,0.00101349,0.00111738,0.00576549,0.658405,0.65833,0.655009
1,16.54909438,0.141907,4.13905,4.13905,0.000891153,0.000982806,0.00509157,0.100768,0.100702,0.0977661
1,16.62535748,0,4.11377,4.11377,0.000783572,0.000864479,0.00449601,-0.000559928,-0.000617743,-0.00321278
1,16.89227836,0.851441,4.02528,4.02528,0.000499556,0.00055122,0.00290734,0.60807,0.608033,0.606349
1,17.04480458,1.0643,3.97472,3.97472,0.000386084,0.000426261,0.00226554,0.760257,0.760229,0.758914
1,17.57864633,0.425721,3.79773,3.79773,0.000156676,0.000173405,0.000945315,0.304101,0.304089,0.303538
1,18.03622498,2.37694,3.64604,3.64604,7.23206e-05,8.12862e-05,0.000446573,1.69847,1.69847,1.69821
1,19.04671115,1.56098,3.31107,3.31107,1.31151e-05,1.46929e-05,8.51751e-05,1.11544,1.11544,1.11539
2,0.000224299,0.556237,5.54125,5.54125,5.48751,5.4882,5.4888,-3.52381,-3.5243,-3.52473
2,0.045084112,2.87935,5.55806,5.55806,5.47537,5.47606,5.4767,-1.85508,-1.85557,-1.85603
2,0.067514019,2.97751,5.56646,5.56646,5.4693,5.46999,5.47064,-1.7806,-1.78109,-1.78156
2,0.134803738,4.05726,5.59165,5.59165,5.45108,5.45179,5.45249,-0.996003,-0.996507,-0.997007
2,0.157233645,3.27198,5.60005,5.60005,5.44501,5.44572,5.44643,-1.55281,-1.55332,-1.55383
2,0.269383178,3.40286,5.642,5.642,5.41465,5.41538,5.41617,-1.43759,-1.43811,-1.43868
2,0.426392523,2.01227,5.70063,5.70063,5.37215,5.3729,5.37381,-2.40092,-2.40145,-2.4021
2,0.426392523,4.13906,5.70063,5.70063,5.37215,5.3729,5.37381,-0.881148,-0.881682,-0.882332
2,0.51611215,4.90798,5.73409,5.73409,5.34787,5.34862,5.3496,-0.314338,-0.314881,-0.315577
2,0.650691589,3.81186,5.7842,5.7842,5.31144,5.31221,5.31329,-1.07157,-1.07213,-1.07289
2,0.650691589,3.5501,5.7842,5.7842,5.31144,5.31221,5.31329,-1.25862,-1.25918,-1.25994
2,0.673121495,2.86299,5.79254,5.79254,5.30536,5.30615,5.30723,-1.74529,-1.74584,-1.74662
2,0.762841121,3.09202,5.82587,5.82587,5.28108,5.28187,5.28302,-1.56426,-1.56483,-1.56565
2,0.807700935,5.51329,5.84252,5.84252,5.26893,5.26974,5.27092,0.174615,0.174042,0.173195
2,0.897420561,4.25358,5.87579,5.87579,5.24465,5.24546,5.24671,-0.708202,-0.708784,-0.709677
2,0.9198504669999999,3.01022,5.88409,5.88409,5.23858,5.23939,5.24066,-1.59235,-1.59293,-1.59383
2,0.9198504669999999,4.79346,5.88409,5.88409,5.23858,5.23939,5.24066,-0.318076,-0.31866,-0.319565
2,0.96471028,5.97137,5.90069,5.90069,5.22643,5.22726,5.22856,0.532321,0.531732,0.530804
2,0.96471028,4.98978,5.90069,5.90069,5.22643,5.22726,5.22856,-0.169112,-0.169701,-0.170629
2,0.9871401869999999,3.51738,5.90899,5.90899,5.22036,5.22119,5.2225,-1.21692,-1.21751,-1.21845
2,0.9871401869999999,4.07362,5.90899,5.90899,5.22036,5.22119,5.2225,-0.819444,-0.820035,-0.820974
2,1.054429907,3.3865,5.93385,5.93385,5.20215,5.20298,5.20435,-1.29743,-1.29803,-1.299
2,1.121719626,3.1411,5.95868,5.95868,5.18393,5.18478,5.18619,-1.45977,-1.46038,-1.46139
2,1.211439252,4.30266,5.99172,5.99172,5.15964,5.1605,5.16198,-0.612389,-0.613003,-0.614058
2,1.278728972,5.20245,6.01646,6.01646,5.14143,5.1423,5.14382,0.0436073,0.0429855,0.0418968
2,1.323588785,5.48057,6.03292,6.03292,5.12929,5.13016,5.13172,0.251024,0.250397,0.249286
2,1.346018692,4.10634,6.04115,6.04115,5.12321,5.12409,5.12567,-0.726643,-0.727272,-0.728394
2,1.390878505,7.00204,6.05758,6.05758,5.11107,5.11196,5.11356,1.35126,1.35063,1.34948
2,1.413308411,5.10429,6.06579,6.06579,5.105,5.10589,5.10751,-0.00050373,-0.00113929,-0.00229617
2,1.435738318,7.62372,6.074,6.074,5.09893,5.09982,5.10146,1.80418,1.80354,1.80237
2,1.480598131,5.79141,6.09039,6.09039,5.08678,5.08768,5.08935,0.503515,0.502873,0.501682
2,1.480598131,5.62781,6.09039,6.09039,5.08678,5.08768,5.08935,0.38661,0.385967,0.384776
2,1.503028037,4.76074,6.09857,6.09857,5.08071,5.08162,5.0833,-0.22865,-0.229295,-0.230498
2,1.660037383,6.11861,6.15571,6.15571,5.03821,5.03914,5.04093,0.772036,0.771375,0.770092
2,1.660037383,4.92434,6.15571,6.15571,5.03821,5.03914,5.04093,-0.0813741,-0.0820349,-0.0833177
2,1.727327103,4.05726,6.1801,6.1801,5.02,5.02093,5.02277,-0.687957,-0.688625,-0.689942
2,1.817046729,6.51125,6.21252,6.21252,4.99571,4.99666,4.99856,1.08298,1.0823,1.08094
2,1.884336449,5.07157,6.23675,6.23675,4.9775,4.97845,4.98041,0.0672277,0.0665431,0.0651468
2,1.929196262,3.58282,6.25286,6.25286,4.96535,4.96632,4.9683,-0.987934,-0.988624,-0.990043
2,1.951626168,6.31493,6.26091,6.26091,4.95928,4.96025,4.96225,0.968725,0.968033,0.966603
2,1.974056075,5.62781,6.26895,6.26895,4.95321,4.95418,4.9562,0.482061,0.481367,0.479925
2,1.996485981,1.68507,6.27697,6.27697,4.94714,4.94811,4.95014,-2.33102,-2.33172,-2.33317
2,2.041345794,6.72393,6.293,6.293,4.93499,4.93598,4.93804,1.27834,1.27764,1.27617
2,2.131065421,4.97342,6.32494,6.32494,4.91071,4.9117,4.91383,0.04481,0.0440994,0.0425783
2,2.153495327,6.21677,6.3329,6.3329,4.90464,4.90563,4.90778,0.93763,0.936917,0.935385
2,2.175925234,6.49489,6.34085,6.34085,4.89856,4.89957,4.90173,1.14071,1.13999,1.13845
2,2.243214953,2.94479,6.36464,6.36464,4.88035,4.88136,4.88357,-1.38312,-1.38385,-1.38542
2,2.310504673,4.23722,6.38833,6.38833,4.86213,4.86315,4.86541,-0.446555,-0.447284,-0.448897
2,2.377794393,5.12065,6.41191,6.41191,4.84392,4.84495,4.84725,0.19775,0.197014,0.195367
2,2.422654206,3.58282,6.42757,6.42757,4.83178,4.83281,4.83515,-0.892483,-0.893224,-0.894894
2,2.422654206,7.80368,6.42757,6.42757,4.83178,4.83281,4.83515,2.12368,2.12294,2.12127
2,2.422654206,5.21881,6.42757,6.42757,4.83178,4.83281,4.83515,0.276571,0.27583,0.27416
2,2.512373832,4.95706,6.45874,6.45874,4.80749,4.80854,4.81094,0.106877,0.106127,0.104411
2,2.534803738,7.0184,6.4665,6.4665,4.80142,4.80247,4.80489,1.58422,1.58347,1.58174
2,2.534803738,5.62781,6.4665,6.4665,4.80142,4.80247,4.80489,0.590528,0.589776,0.588049
2,2.534803738,4.51534,6.4665,6.4665,4.80142,4.80247,4.80489,-0.204429,-0.205181,-0.206908
2,2.669383178,5.54601,6.51274,6.51274,4.76499,4.76606,4.76857,0.558107,0.557341,0.555545
2,2.669383178,5.05521,6.51274,6.51274,4.76499,4.76606,4.76857,0.207391,0.206625,0.204829
2,2.669383178,4.35174,6.51274,6.51274,4.76499,4.76606,4.76857,-0.295303,-0.296069,-0.297864
2,2.736672897,3.48466,6.53566,6.53566,4.74677,4.74786,4.75042,-0.901885,-0.902659,-0.904488
2,2.826392523,5.95501,6.56597,6.56597,4.72249,4.72358,4.72621,0.880741,0.879958,0.878083
2,2.91611215,3.10838,6.59601,6.59601,4.6982,4.69931,4.702,-1.13606,-1.13685,-1.13877
2,2.91611215,5.75869,6.59601,6.59601,4.6982,4.69931,4.702,0.757809,0.757017,0.755096
2,2.960971963,5.05521,6.61091,6.61091,4.68606,4.68717,4.68989,0.263793,0.262996,0.261053
2,2.960971963,3.69734,6.61091,6.61091,4.68606,4.68717,4.68989,-0.706522,-0.707319,-0.709262
2,2.983401869,5.66053,6.61833,6.61833,4.67999,4.68111,4.68384,0.700682,0.699882,0.697928
2,3.005831776,2.68303,6.62573,6.62573,4.67392,4.67504,4.67779,-1.42266,-1.42346,-1.42543
2,3.005831776,4.7771,6.62573,6.62573,4.67392,4.67504,4.67779,0.0737313,0.0729292,0.0709635
2,3.050691589,3.41922,6.64047,6.64047,4.66177,4.6629,4.66568,-0.887906,-0.888713,-0.890702
2,3.050691589,6.26585,6.64047,6.64047,4.66177,4.6629,4.66568,1.14625,1.14544,1.14345
2,3.050691589,5.31697,6.64047,6.64047,4.66177,4.6629,4.66568,0.468197,0.46739,0.465401
2,3.095551402,4.07362,6.65513,6.65513,4.64963,4.65077,4.65358,-0.411607,-0.412419,-0.41443
2,3.140411215,5.90593,6.66969,6.66969,4.63749,4.63863,4.64147,0.906411,0.905594,0.90356
2,3.162841121,3.25562,6.67694,6.67694,4.63141,4.63256,4.63542,-0.983119,-0.983938,-0.985983
2,3.162841121,5.49693,6.67694,6.67694,4.63141,4.63256,4.63542,0.618486,0.617667,0.615622
2,3.252560748,5.39877,6.7057,6.7057,4.60713,4.60829,4.61121,0.565697,0.564869,0.562778
2,3.297420561,4.76074,6.71993,6.71993,4.59499,4.59615,4.59911,0.118443,0.11761,0.115496
2,3.319850467,5.67689,6.72701,6.72701,4.58891,4.59008,4.59306,0.777452,0.776617,0.774492
2,3.319850467,4.1227,6.72701,6.72701,4.58891,4.59008,4.59306,-0.33315,-0.333985,-0.33611
2,3.387140187,6.05317,6.74808,6.74808,4.5707,4.57188,4.5749,1.05935,1.05851,1.05635
2,3.409570093,6.51125,6.75505,6.75505,4.56463,4.56581,4.56885,1.39102,1.39018,1.38801
2,3.409570093,5.00613,6.75505,6.75505,4.56463,4.56581,4.56885,0.315494,0.314649,0.312479
2,3.432,6.87117,6.76199,6.76199,4.55856,4.55974,4.56279,1.65255,1.65171,1.64953
2,3.432,3.3047,6.76199,6.76199,4.55856,4.55974,4.56279,-0.895984,-0.896831,-0.899013
2,3.454429907,3.97546,6.7689,6.7689,4.55248,4.55367,4.55674,-0.412333,-0.413182,-0.415375
2,3.454429907,4.4499,6.7689,6.7689,4.55248,4.55367,4.55674,-0.073307,-0.0741566,-0.0763497
2,3.476859813,4.5317,6.77578,6.77578,4.54641,4.54761,4.55069,-0.0105156,-0.0113676,-0.0135721
2,3.521719626,5.56237,6.78945,6.78945,4.53427,4.53547,4.53859,0.734666,0.733809,0.731582
2,3.521719626,3.45194,6.78945,6.78945,4.53427,4.53547,4.53859,-0.773414,-0.774271,-0.776498
2,3.544149533,7.31288,6.79625,6.79625,4.5282,4.5294,4.53253,1.98989,1.98903,1.98679
2,3.633869159,4.90798,6.82309,6.82309,4.50391,4.50513,4.50832,0.288737,0.287869,0.285584
2,3.656299065,4.02454,6.82972,6.82972,4.49784,4.49906,4.50227,-0.338214,-0.339085,-0.34138
2,3.678728972,4.56442,6.83632,6.83632,4.49177,4.49299,4.49622,0.0519129,0.0510395,0.0487326
2,3.723588785,3.5501,6.8494,6.8494,4.47963,4.48086,4.48412,-0.664224,-0.665102,-0.667431
2,3.723588785,3.23926,6.8494,6.8494,4.47963,4.48086,4.48412,-0.886344,-0.887222,-0.889552
2,3.813308411,6.05317,6.87514,6.87514,4.45534,4.45658,4.45991,1.14178,1.1409,1.13852
2,3.903028037,4.22086,6.90027,6.90027,4.43105,4.43231,4.4357,-0.150203,-0.1511,-0.15352
2,3.925457944,3.53374,6.90645,6.90645,4.42498,4.42624,4.42965,-0.636867,-0.637767,-0.640198
2,3.925457944,3.41922,6.90645,6.90645,4.42498,4.42624,4.42965,-0.718701,-0.7196,-0.722032
2,3.94788785,3.9591,6.91259,6.91259,4.41891,4.42017,4.42359,-0.328574,-0.329476,-0.331919
2,3.970317757,3.20654,6.91869,6.91869,4.41284,4.41411,4.41754,-0.862001,-0.862905,-0.86536
2,3.992747664,5.12065,6.92475,6.92475,4.40677,4.40804,4.41149,0.510131,0.509225,0.506759
2,3.992747664,3.01022,6.92475,6.92475,4.40677,4.40804,4.41149,-0.997949,-0.998855,-1.00132
2,4.037607477,2.61759,6.93673,6.93673,4.39463,4.3959,4.39938,-1.26984,-1.27076,-1.27324
2,4.060037383,4.59714,6.94266,6.94266,4.38855,4.38983,4.39333,0.14905,0.148136,0.145636
2,4.08246729,5.51329,6.94854,6.94854,4.38248,4.38377,4.38728,0.808059,0.807142,0.804631
2,4.104897196,1.71779,6.95437,6.95437,4.37641,4.3777,4.38123,-1.89981,-1.90073,-1.90325
2,4.104897196,3.3047,6.95437,6.95437,4.37641,4.3777,4.38123,-0.765826,-0.766745,-0.769267
2,4.127327103,6.10225,6.96016,6.96016,4.37034,4.37163,4.37518,1.2376,1.23667,1.23414
2,4.172186916,4.10634,6.97159,6.97159,4.3582,4.35949,4.36307,-0.179974,-0.1809,-0.183456
2,4.239476636,2.71575,6.98837,6.98837,4.33998,4.34129,4.34491,-1.16065,-1.16159,-1.16418
2,4.261906542,4.40082,6.99386,6.99386,4.33391,4.33522,4.33886,0.0478102,0.0468748,0.0442725
2,4.261906542,4.97342,6.99386,6.99386,4.33391,4.33522,4.33886,0.456979,0.456044,0.453442
2,4.351626168,3.69734,7.01531,7.01531,4.30963,4.31095,4.31465,-0.437529,-0.438474,-0.441122
2,4.351626168,4.87526,7.01531,7.01531,4.30963,4.31095,4.31465,0.40419,0.403245,0.400597
2,4.418915888,5.88957,7.03082,7.03082,4.29141,4.29274,4.2965,1.14202,1.14107,1.13839
2,4.418915888,6.59305,7.03082,7.03082,4.29141,4.29274,4.2965,1.64471,1.64376,1.64108
2,4.418915888,2.97751,7.03082,7.03082,4.29141,4.29274,4.2965,-0.938897,-0.939849,-0.942532
2,4.486205607,4.30266,7.04582,7.04582,4.2732,4.27454,4.27834,0.0210521,0.020093,0.0173766
2,4.486205607,4.1227,7.04582,7.04582,4.2732,4.27454,4.27834,-0.107544,-0.108503,-0.111219
2,4.508635514,4.84254,7.05071,7.05071,4.26713,4.26847,4.27229,0.411178,0.410217,0.407489
2,4.531065421,5.52965,7.05553,7.05553,4.26106,4.2624,4.26624,0.90652,0.905556,0.902817
2,4.531065421,2.81391,7.05553,7.05553,4.26106,4.2624,4.26624,-1.03411,-1.03507,-1.03781
2,4.575925234,6.56033,7.065,7.065,4.24891,4.25027,4.25413,1.6517,1.65073,1.64797
2,4.66564486,1.43967,7.08318,7.08318,4.22463,4.226,4.22993,-1.99009,-1.99106,-1.99387
2,4.66564486,3.07566,7.08318,7.08318,4.22463,4.226,4.22993,-0.821031,-0.822009,-0.824817
2,4.66564486,4.0409,7.08318,7.08318,4.22463,4.226,4.22993,-0.131289,-0.132267,-0.135075
2,4.66564486,3.8773,7.08318,7.08318,4.22463,4.226,4.22993,-0.248194,-0.249172,-0.25198
2,4.732934579,3.45194,7.09613,7.09613,4.20641,4.20779,4.21177,-0.539133,-0.540118,-0.54296
2,4.755364486,3.94274,7.10031,7.10031,4.20034,4.20172,4.20572,-0.184078,-0.185066,-0.187919
2,4.800224299,4.80982,7.10847,7.10847,4.1882,4.18959,4.19361,0.444198,0.443205,0.440329
2,4.889943925,3.27198,7.12396,7.12396,4.16391,4.16532,4.16941,-0.63736,-0.638362,-0.641284
2,4.912373832,3.56646,7.12765,7.12765,4.15784,4.15925,4.16335,-0.422591,-0.423596,-0.42653
2,4.912373832,2.37219,7.12765,7.12765,4.15784,4.15925,4.16335,-1.276,-1.27701,-1.27994
2,4.934803738,3.41922,7.13126,7.13126,4.15177,4.15318,4.1573,-0.523468,-0.524475,-0.52742
2,4.934803738,4.41718,7.13126,7.13126,4.15177,4.15318,4.1573,0.189655,0.188648,0.185703
2,4.957233645,4.64622,7.13481,7.13481,4.1457,4.14711,4.15125,0.357661,0.356652,0.353695
2,5.002093458,3.9591,7.14167,7.14167,4.13356,4.13498,4.13915,-0.124665,-0.125679,-0.128659
2,5.002093458,4.49898,7.14167,7.14167,4.13356,4.13498,4.13915,0.261123,0.260109,0.257129
2,5.024523364,3.59918,7.14499,7.14499,4.12749,4.12891,4.13309,-0.377518,-0.378535,-0.381526
2,5.024523364,4.13906,7.14499,7.14499,4.12749,4.12891,4.13309,0.00826966,0.00725339,0.00426203
2,5.069383178,5.38241,7.15139,7.15139,4.11534,4.11677,4.12099,0.905428,0.904407,0.901392
2,5.114242991,1.91411,7.15749,7.15749,4.1032,4.10464,4.10889,-1.56429,-1.56532,-1.56835
2,5.114242991,6.11861,7.15749,7.15749,4.1032,4.10464,4.10889,1.44018,1.43915,1.43612
2,5.114242991,2.83027,7.15749,7.15749,4.1032,4.10464,4.10889,-0.90962,-0.910646,-0.913683
2,5.18153271,1.97955,7.16603,7.16603,4.08499,4.08643,4.09073,-1.50451,-1.50555,-1.50862
2,5.226392523,5.02249,7.17132,7.17132,4.07285,4.0743,4.07863,0.678604,0.677567,0.674473
2,5.271252336,3.82822,7.17628,7.17628,4.0607,4.06216,4.06652,-0.166128,-0.167171,-0.170288
2,5.293682243,4.90798,7.17864,7.17864,4.05463,4.05609,4.06047,0.609786,0.608741,0.605613
2,5.360971963,4.10634,7.1852,7.1852,4.03642,4.03789,4.04232,0.0499642,0.0489123,0.0457498
2,5.360971963,2.73211,7.1852,7.1852,4.03642,4.03789,4.04232,-0.932041,-0.933093,-0.936256
2,5.405831776,5.18609,7.18915,7.18915,4.02428,4.02576,4.03021,0.830217,0.82916,0.825975
2,5.405831776,3.10838,7.18915,7.18915,4.02428,4.02576,4.03021,-0.654482,-0.655539,-0.658724
2,5.428261682,7.47648,7.191,7.191,4.01821,4.01969,4.02416,2.47123,2.47017,2.46698
2,5.428261682,4.51534,7.191,7.191,4.01821,4.01969,4.02416,0.355243,0.354184,0.350987
2,5.450691589,3.6319,7.19276,7.19276,4.01213,4.01362,4.01811,-0.271708,-0.27277,-0.275978
2,5.517981308,4.8589,7.19752,7.19752,3.99392,3.99542,3.99995,0.618097,0.617029,0.613787
2,5.517981308,6.08589,7.19752,7.19752,3.99392,3.99542,3.99995,1.49489,1.49382,1.49058
2,5.540411215,2.96115,7.19893,7.19893,3.98785,3.98935,3.9939,-0.733667,-0.734738,-0.737992
2,5.652560748,4.6953,7.20466,7.20466,3.95749,3.95901,3.96364,0.527222,0.526139,0.522828
2,5.652560748,4.51534,7.20466,7.20466,3.95749,3.95901,3.96364,0.398626,0.397543,0.394232
2,5.652560748,3.66462,7.20466,7.20466,3.95749,3.95901,3.96364,-0.209283,-0.210365,-0.213676
2,5.652560748,2.56851,7.20466,7.20466,3.95749,3.95901,3.96364,-0.992549,-0.993632,-0.996942
2,5.719850467,3.89366,7.20703,7.20703,3.93928,3.94081,3.94549,-0.0326003,-0.0336903,-0.0370349
2,5.719850467,3.2229,7.20703,7.20703,3.93928,3.94081,3.94549,-0.511913,-0.513003,-0.516347
2,5.876859813,3.59918,7.20943,7.20943,3.89679,3.89833,3.90313,-0.212663,-0.213769,-0.217193
2,5.921719626,1.86503,7.20931,7.20931,3.88464,3.8862,3.89102,-1.44318,-1.4443,-1.44774
2,5.966579439,2.66667,7.20883,7.20883,3.8725,3.87406,3.87892,-0.861671,-0.862787,-0.866257
2,5.989009346,4.80982,7.20846,7.20846,3.86643,3.868,3.87287,0.674128,0.67301,0.669529
2,5.989009346,4.6135,7.20846,7.20846,3.86643,3.868,3.87287,0.533842,0.532723,0.529242
2,5.989009346,4.0409,7.20846,7.20846,3.86643,3.868,3.87287,0.124673,0.123554,0.120073
2,5.989009346,3.3047,7.20846,7.20846,3.86643,3.868,3.87287,-0.401402,-0.40252,-0.406001
2,6.011439252,2.84663,7.208,7.208,3.86036,3.86193,3.86682,-0.724399,-0.72552,-0.729012
2,6.101158879,1.76687,7.20528,7.20528,3.83608,3.83766,3.84261,-1.47862,-1.47975,-1.48329
2,6.101158879,3.0593,7.20528,7.20528,3.83608,3.83766,3.84261,-0.55507,-0.556199,-0.559737
2,6.123588785,3.97546,7.20438,7.20438,3.83001,3.83159,3.83656,0.103939,0.102807,0.0992573
2,6.146018692,3.59918,7.2034,7.2034,3.82394,3.82552,3.83051,-0.160606,-0.16174,-0.165301
2,6.235738318,1.91411,7.19859,7.19859,3.79965,3.80125,3.8063,-1.34738,-1.34852,-1.35213
2,6.235738318,5.56237,7.19859,7.19859,3.79965,3.80125,3.8063,1.25961,1.25847,1.25486
2,6.280598131,5.26789,7.19568,7.19568,3.78751,3.78912,3.7942,1.05786,1.05671,1.05308
2,6.280598131,4.22086,7.19568,7.19568,3.78751,3.78912,3.7942,0.309663,0.308515,0.304885
2,6.280598131,3.86094,7.19568,7.19568,3.78751,3.78912,3.7942,0.0524709,0.0513226,0.0476935
2,6.370317757,2.96115,7.18885,7.18885,3.76323,3.76485,3.76999,-0.573157,-0.574315,-0.577989
2,6.392747664,4.58078,7.18694,7.18694,3.75716,3.75878,3.76394,0.588544,0.587384,0.583698
2,6.41517757,6.75665,7.18495,7.18495,3.75109,3.75272,3.75789,2.14772,2.14656,2.14286
2,6.437607477,4.76074,7.18288,7.18288,3.74502,3.74665,3.75184,0.725816,0.724651,0.720943
2,6.460037383,5.88957,7.18072,7.18072,3.73895,3.74058,3.74579,1.5368,1.53563,1.53191
2,6.48246729,4.98978,7.17849,7.17849,3.73288,3.73451,3.73974,0.898159,0.89699,0.893259
2,6.504897196,4.25358,7.17618,7.17618,3.72681,3.72845,3.73368,0.376423,0.375251,0.371508
2,6.527327103,1.93047,7.17379,7.17379,3.72074,3.72238,3.72763,-1.2793,-1.28047,-1.28422
2,6.527327103,5.61145,7.17379,7.17379,3.72074,3.72238,3.72763,1.35108,1.3499,1.34615
2,6.527327103,0.670757,7.17379,7.17379,3.72074,3.72238,3.72763,-2.17947,-2.18064,-2.1844
2,6.639476636,3.56646,7.16071,7.16071,3.69038,3.69204,3.69738,-0.0885528,-0.0897385,-0.0935497
2,6.639476636,3.3865,7.16071,7.16071,3.69038,3.69204,3.69738,-0.217149,-0.218334,-0.222146
2,6.639476636,3.25562,7.16071,7.16071,3.69038,3.69204,3.69738,-0.310673,-0.311859,-0.31567
2,6.661906542,2.71575,7.15788,7.15788,3.68431,3.68598,3.69133,-0.692123,-0.693311,-0.697134
2,6.818915888,3.99182,7.13601,7.13601,3.64182,3.64351,3.64897,0.250103,0.248899,0.244997
2,6.886205607,3.77914,7.12562,7.12562,3.62361,3.62531,3.63082,0.11114,0.109928,0.105992
2,6.886205607,3.20654,7.12562,7.12562,3.62361,3.62531,3.63082,-0.298029,-0.299241,-0.303177
2,6.931065421,2.01227,7.11836,7.11836,3.61147,3.61317,3.61871,-1.14276,-1.14398,-1.14794
2,6.953495327,4.25358,7.11464,7.11464,3.6054,3.60711,3.61266,0.463178,0.46196,0.457989
2,6.953495327,3.61554,7.11464,7.11464,3.6054,3.60711,3.61266,0.00724709,0.00602885,0.00205783
2,6.99835514,1.76687,7.10701,7.10701,3.59326,3.59497,3.60056,-1.30511,-1.30633,-1.31033
2,6.99835514,2.19223,7.10701,7.10701,3.59326,3.59497,3.60056,-1.00115,-1.00238,-1.00637
2,7.06564486,3.01022,7.09511,7.09511,3.57505,3.57677,3.58241,-0.403615,-0.404845,-0.408873
2,7.088074766,4.54806,7.09102,7.09102,3.56898,3.5707,3.57636,0.699634,0.698401,0.694362
2,7.110504673,1.96319,7.08688,7.08688,3.56291,3.56464,3.57031,-1.14313,-1.14437,-1.14842
2,7.132934579,3.7955,7.08269,7.08269,3.55684,3.55857,3.56426,0.170544,0.169307,0.165244
2,7.177794393,2.42127,7.07412,7.07412,3.5447,3.54644,3.55215,-0.802787,-0.804028,-0.808114
2,7.200224299,3.17382,7.06976,7.06976,3.53863,3.54037,3.5461,-0.260684,-0.261928,-0.266025
2,7.222654206,4.1227,7.06534,7.06534,3.53256,3.5343,3.54005,0.421705,0.420458,0.41635
2,7.267514019,4.71166,7.05635,7.05635,3.52042,3.52217,3.52795,0.851239,0.849988,0.845857
2,7.334803738,3.3865,7.04249,7.04249,3.50221,3.50397,3.5098,-0.0826825,-0.0839406,-0.0881059
2,7.379663551,3.92638,7.033,7.033,3.49007,3.49184,3.4977,0.31178,0.310517,0.306329
2,7.402093458,1.32515,7.02819,7.02819,3.484,3.48577,3.49165,-1.54268,-1.54394,-1.54814
2,7.402093458,5.54601,7.02819,7.02819,3.484,3.48577,3.49165,1.47348,1.47222,1.46802
2,7.424523364,5.85685,7.02332,7.02332,3.47793,3.47971,3.4856,1.69994,1.69867,1.69446
2,7.424523364,6.72393,7.02332,7.02332,3.47793,3.47971,3.4856,2.31954,2.31827,2.31406
2,7.446953271,4.7771,7.01842,7.01842,3.47186,3.47364,3.47955,0.9327,0.93143,0.927208
2,7.446953271,4.64622,7.01842,7.01842,3.47186,3.47364,3.47955,0.839176,0.837906,0.833684
2,7.469383178,3.68098,7.01346,7.01346,3.46579,3.46757,3.4735,0.153771,0.152499,0.148265
2,7.536672897,1.83231,6.99835,6.99835,3.44758,3.44937,3.45535,-1.15425,-1.15553,-1.1598
2,7.536672897,4.22086,6.99835,6.99835,3.44758,3.44937,3.45535,0.552571,0.551292,0.547024
2,7.536672897,5.00613,6.99835,6.99835,3.44758,3.44937,3.45535,1.11372,1.11244,1.10817
2,7.64882243,2.38855,6.97232,6.97232,3.41724,3.41904,3.4251,-0.735084,-0.736375,-0.7407
2,7.64882243,2.56851,6.97232,6.97232,3.41724,3.41904,3.4251,-0.606488,-0.607779,-0.612104
2,7.671252336,3.56646,6.96699,6.96699,3.41117,3.41298,3.41904,0.110972,0.109679,0.105342
2,7.671252336,3.32106,6.96699,6.96699,3.41117,3.41298,3.41904,-0.0643863,-0.0656796,-0.0700161
2,7.805831776,3.82822,6.93427,6.93427,3.37475,3.37658,3.38274,0.324042,0.322735,0.31833
2,7.895551402,3.3047,6.91176,6.91176,3.35047,3.35232,3.35855,-0.0327075,-0.0340242,-0.0384747
2,7.917981308,2.14315,6.90605,6.90605,3.34441,3.34625,3.3525,-0.858399,-0.859718,-0.86418
2,7.940411215,2.97751,6.90031,6.90031,3.33834,3.34019,3.34645,-0.257845,-0.259166,-0.26364
2,7.962841121,2.86299,6.89454,6.89454,3.33227,3.33412,3.3404,-0.335342,-0.336666,-0.34115
2,8.030130841,4.25358,6.87705,6.87705,3.31406,3.31592,3.32225,0.671364,0.670034,0.665515
2,8.030130841,3.7955,6.87705,6.87705,3.31406,3.31592,3.32225,0.344029,0.342698,0.338179
2,8.052560748,3.68098,6.87117,6.87117,3.30799,3.30986,3.3162,0.266532,0.265199,0.260669
2,8.052560748,2.07771,6.87117,6.87117,3.30799,3.30986,3.3162,-0.879141,-0.880474,-0.885005
2,8.097420561,1.94683,6.85931,6.85931,3.29586,3.29773,3.3041,-0.963992,-0.96533,-0.969883
2,8.142280374,3.40286,6.84734,6.84734,3.28372,3.2856,3.292,0.0851389,0.0837964,0.0792205
2,8.16471028,4.1227,6.84132,6.84132,3.27765,3.27953,3.28595,0.603859,0.602514,0.597927
2,8.232,4.35174,6.8231,6.8231,3.25944,3.26134,3.2678,0.780536,0.779184,0.774563
2,8.232,1.25971,6.8231,6.8231,3.25944,3.26134,3.2678,-1.42898,-1.43033,-1.43495
2,8.254429907,3.3047,6.81697,6.81697,3.25338,3.25527,3.26175,0.0366777,0.0353236,0.0306906
2,8.344149533,0.916155,6.79225,6.79225,3.2291,3.23101,3.23756,-1.6528,-1.65416,-1.65884
2,8.366579439,3.94274,6.78601,6.78601,3.22304,3.22495,3.23151,0.51429,0.512924,0.508234
2,8.389009346,3.58282,6.77975,6.77975,3.21697,3.21888,3.22546,0.261434,0.260066,0.255365
2,8.411439252,6.08589,6.77347,6.77347,3.2109,3.21282,3.21941,2.05442,2.05305,2.04834
2,8.411439252,2.47035,6.77347,6.77347,3.2109,3.21282,3.21941,-0.529187,-0.530557,-0.53527
2,8.456299065,3.69734,6.76085,6.76085,3.19876,3.20069,3.20731,0.356276,0.354901,0.350166
2,8.478728972,3.33742,6.7545,6.7545,3.1927,3.19462,3.20127,0.10342,0.102043,0.0972958
2,8.501158879,4.33538,6.74814,6.74814,3.18663,3.18856,3.19522,0.820879,0.8195,0.814741
2,8.501158879,0.834356,6.74814,6.74814,3.18663,3.18856,3.19522,-1.6809,-1.68228,-1.68703
2,8.501158879,3.48466,6.74814,6.74814,3.18663,3.18856,3.19522,0.212971,0.211592,0.206833
2,8.523588785,4.02454,6.74176,6.74176,3.18056,3.18249,3.18917,0.603095,0.601713,0.596943
2,8.635738318,2.17587,6.70957,6.70957,3.15022,3.15217,3.15893,-0.696258,-0.697651,-0.702478
2,8.658168224,1.94683,6.70308,6.70308,3.14415,3.14611,3.15288,-0.85559,-0.856985,-0.861824
2,8.658168224,3.10838,6.70308,6.70308,3.14415,3.14611,3.15288,-0.025561,-0.0269566,-0.0317951
2,8.703028037,1.75051,6.69005,6.69005,3.13202,3.13398,3.14078,-0.987205,-0.988605,-0.993466
2,8.725457944,1.14519,6.68351,6.68351,3.12595,3.12792,3.13473,-1.41542,-1.41682,-1.42169
2,8.792747664,2.56851,6.66379,6.66379,3.10775,3.10972,3.11659,-0.385336,-0.386746,-0.391652
2,8.904897196,6.90389,6.63062,6.63062,3.07742,3.07941,3.08635,2.73433,2.73291,2.72795
2,8.904897196,1.06339,6.63062,6.63062,3.07742,3.07941,3.08635,-1.43919,-1.44061,-1.44557
2,8.904897196,2.83027,6.63062,6.63062,3.07742,3.07941,3.08635,-0.176611,-0.178033,-0.182996
2,8.927327103,3.53374,6.62394,6.62394,3.07135,3.07334,3.08031,0.330417,0.328993,0.324019
2,8.972186916,2.30675,6.61055,6.61055,3.05922,3.06122,3.06821,-0.537703,-0.539132,-0.544129
2,8.972186916,3.27198,6.61055,6.61055,3.05922,3.06122,3.06821,0.152039,0.15061,0.145613
2,8.972186916,3.89366,6.61055,6.61055,3.05922,3.06122,3.06821,0.596279,0.594851,0.589853
2,9.017046729,3.04294,6.59711,6.59711,3.04709,3.04909,3.05612,-0.00295914,-0.00439248,-0.00941253
2,9.039476636,2.48671,6.59036,6.59036,3.04102,3.04303,3.05007,-0.396103,-0.397538,-0.40257
2,9.061906542,4.84254,6.58361,6.58361,3.03495,3.03697,3.04402,1.29167,1.29023,1.28519
2,9.106766355,1.57055,6.57007,6.57007,3.02282,3.02484,3.03193,-1.03777,-1.03921,-1.04428
2,9.106766355,3.61554,6.57007,6.57007,3.02282,3.02484,3.03193,0.423549,0.422106,0.417041
2,9.129196262,1.29243,6.56327,6.56327,3.01676,3.01878,3.02588,-1.23217,-1.23362,-1.2387
2,9.174056075,4.41718,6.54966,6.54966,3.00462,3.00665,3.01379,1.00939,1.00794,1.00284
2,9.196485981,3.43558,6.54284,6.54284,2.99856,3.00059,3.00774,0.312291,0.310839,0.305728
2,9.241345794,3.73006,6.52915,6.52915,2.98643,2.98847,2.99565,0.53139,0.529932,0.524799
2,9.286205607,2.55215,6.51543,6.51543,2.9743,2.97634,2.98356,-0.301661,-0.303123,-0.308279
2,9.286205607,3.27198,6.51543,6.51543,2.9743,2.97634,2.98356,0.212723,0.211261,0.206105
2,9.308635514,1.35787,6.50855,6.50855,2.96823,2.97028,2.97751,-1.15074,-1.1522,-1.15737
2,9.331065421,3.10838,6.50167,6.50167,2.96217,2.96422,2.97147,0.104485,0.103019,0.0978403
2,9.375925234,5.54601,6.48786,6.48786,2.95004,2.95209,2.95937,1.85504,1.85357,1.84837
2,9.39835514,4.26994,6.48095,6.48095,2.94397,2.94603,2.95333,0.947515,0.946042,0.94083
2,9.420785047,7.39468,6.47402,6.47402,2.93791,2.93997,2.94728,3.18474,3.18327,3.17804
2,9.443214953,2.38855,6.46709,6.46709,2.93184,2.93391,2.94124,-0.38823,-0.389707,-0.394943
2,9.443214953,2.84663,6.46709,6.46709,2.93184,2.93391,2.94124,-0.0608949,-0.0623722,-0.0676076
2,9.443214953,4.15542,6.46709,6.46709,2.93184,2.93391,2.94124,0.874348,0.872871,0.867636
2,9.510504673,4.89162,6.44623,6.44623,2.91365,2.91573,2.9231,1.41342,1.41194,1.40667
2,9.532934579,0.719836,6.43927,6.43927,2.90759,2.90967,2.91706,-1.56333,-1.56482,-1.5701
2,9.532934579,4.40082,6.43927,6.43927,2.90759,2.90967,2.91706,1.06704,1.06555,1.06027
2,9.645084112,3.41922,6.4043,6.4043,2.87727,2.87936,2.88683,0.387273,0.385775,0.380439
2,9.645084112,2.68303,6.4043,6.4043,2.87727,2.87936,2.88683,-0.138802,-0.140299,-0.145636
2,9.667514019,1.42331,6.39728,6.39728,2.8712,2.8733,2.88079,-1.03464,-1.03614,-1.04149
2,9.667514019,2.48671,6.39728,6.39728,2.8712,2.8733,2.88079,-0.274755,-0.276255,-0.281603
2,9.734803738,3.25562,6.37619,6.37619,2.85301,2.85512,2.86265,0.287698,0.286192,0.28081
2,9.846953271,2.42127,6.3409,6.3409,2.8227,2.82483,2.83244,-0.286858,-0.288376,-0.293814
2,9.869383178,2.78119,6.33382,6.33382,2.81664,2.81877,2.82639,-0.0253341,-0.0268543,-0.0323033
2,9.959102804,1.79959,6.30544,6.30544,2.79239,2.79453,2.80222,-0.70944,-0.710969,-0.716463
2,9.959102804,3.1411,6.30544,6.30544,2.79239,2.79453,2.80222,0.249185,0.247656,0.242162
2,10.00396262,2.61759,6.29122,6.29122,2.78027,2.78241,2.79013,-0.11625,-0.117783,-0.123299
2,10.02639252,2.35583,6.2841,6.2841,2.77421,2.77636,2.78409,-0.298967,-0.300503,-0.30603
2,10.07125234,2.04499,6.26984,6.26984,2.76209,2.76424,2.77201,-0.512425,-0.513965,-0.519515
2,10.13854206,2.53579,6.24842,6.24842,2.7439,2.74607,2.75388,-0.148716,-0.150262,-0.155846
2,10.16097196,3.01022,6.24126,6.24126,2.73784,2.74001,2.74784,0.19464,0.193092,0.187497
2,10.18340187,5.33e-15,6.23411,6.23411,2.73178,2.73395,2.7418,-1.95209,-1.95364,-1.95925
2,10.20583178,3.40286,6.22695,6.22695,2.72572,2.72789,2.73576,0.483875,0.482322,0.476704
2,10.2731215,2.35583,6.20543,6.20543,2.70754,2.70972,2.71763,-0.251329,-0.252889,-0.25854
2,10.2731215,3.9591,6.20543,6.20543,2.70754,2.70972,2.71763,0.894344,0.892785,0.887133
2,10.31798131,2.74847,6.19106,6.19106,2.69542,2.69761,2.70555,0.0379045,0.0363401,0.030666
2,10.40770093,5.87321,6.16228,6.16228,2.67119,2.67339,2.68139,2.28812,2.28654,2.28082
2,10.40770093,2.30675,6.16228,6.16228,2.67119,2.67339,2.68139,-0.260421,-0.261995,-0.267714
2,10.40770093,3.7955,6.16228,6.16228,2.67119,2.67339,2.68139,0.803418,0.801845,0.796126
2,10.40770093,3.35378,6.16228,6.16228,2.67119,2.67339,2.68139,0.487774,0.4862,0.480481
2,10.40770093,3.01022,6.16228,6.16228,2.67119,2.67339,2.68139,0.242272,0.240698,0.234979
2,10.47499065,2.53579,6.14065,6.14065,2.65301,2.65522,2.66327,-0.0837658,-0.0853463,-0.091099
2,10.49742056,3.19018,6.13343,6.13343,2.64695,2.64917,2.65723,0.388185,0.386602,0.380838
2,10.51985047,4.46626,6.12621,6.12621,2.64089,2.64311,2.65119,1.30438,1.30279,1.29702
2,10.54228037,3.51738,6.11898,6.11898,2.63484,2.63706,2.64516,0.630653,0.629066,0.62328
2,10.632,1.86503,6.09004,6.09004,2.61061,2.61284,2.621,-0.532778,-0.534375,-0.540206
2,10.65442991,1.01431,6.0828,6.0828,2.60455,2.60679,2.61496,-1.13636,-1.13796,-1.1438
2,10.92358879,2.53579,5.99563,5.99563,2.53189,2.53416,2.54253,0.00278638,0.00115943,-0.00481642
2,10.94601869,4.15542,5.98834,5.98834,2.52583,2.52811,2.53649,1.16448,1.16285,1.15686
2,11.03573832,0.327198,5.95918,5.95918,2.50162,2.50391,2.51236,-1.55381,-1.55545,-1.56148
2,11.03573832,1.50511,5.95918,5.95918,2.50162,2.50391,2.51236,-0.712089,-0.713729,-0.71976
2,11.03573832,2.38855,5.95918,5.95918,2.50162,2.50391,2.51236,-0.0808001,-0.0824392,-0.0884707
2,11.08059813,1.66871,5.94459,5.94459,2.48952,2.49182,2.50029,-0.586534,-0.588178,-0.594232
2,11.14788785,1.42331,5.92268,5.92268,2.47136,2.47367,2.48219,-0.748919,-0.75057,-0.756657
2,11.17031776,2.19223,5.91537,5.91537,2.46531,2.46762,2.47616,-0.195139,-0.196793,-0.202891
2,11.19274766,1.79959,5.90806,5.90806,2.45926,2.46158,2.47013,-0.471388,-0.473044,-0.479153
2,11.26003738,2.58487,5.88612,5.88612,2.44111,2.44343,2.45203,0.102728,0.101065,0.0949227
2,11.28246729,1.47239,5.8788,5.8788,2.43506,2.43739,2.446,-0.687906,-0.689571,-0.695725
2,11.3048972,3.25562,5.87148,5.87148,2.42901,2.43134,2.43997,0.590685,0.589019,0.582854
2,11.39461682,2.91207,5.84218,5.84218,2.40482,2.40716,2.41585,0.362472,0.360796,0.354588
2,11.43947664,2.45399,5.82751,5.82751,2.39272,2.39507,2.40379,0.0437795,0.0420995,0.0358688
2,11.46190654,2.06135,5.82018,5.82018,2.38668,2.38903,2.39776,-0.232473,-0.234155,-0.240396
2,11.48433645,1.93047,5.81284,5.81284,2.38063,2.38299,2.39174,-0.321676,-0.323361,-0.329613
2,11.52919626,2.71575,5.79817,5.79817,2.36854,2.3709,2.37968,0.248111,0.246422,0.240147
2,11.52919626,4.38446,5.79817,5.79817,2.36854,2.3709,2.37968,1.44055,1.43886,1.43258
2,11.64134579,0.359918,5.76144,5.76144,2.33831,2.34069,2.34955,-1.41373,-1.41543,-1.42176
2,11.91050467,0.834356,5.67316,5.67316,2.26582,2.26823,2.27727,-1.0229,-1.02463,-1.03109
2,11.93293458,2.15951,5.66579,5.66579,2.25978,2.2622,2.27125,-0.071651,-0.0733796,-0.079851
2,11.93293458,0.687117,5.66579,5.66579,2.25978,2.2622,2.27125,-1.1238,-1.12553,-1.132
2,11.97779439,1.11247,5.65106,5.65106,2.2477,2.25013,2.25921,-0.811217,-0.81295,-0.819443
2,12.02265421,1.73415,5.63632,5.63632,2.23563,2.23806,2.24718,-0.358348,-0.360086,-0.366601
2,12.04508411,3.69734,5.62895,5.62895,2.22959,2.23203,2.24116,1.04883,1.04709,1.04056
2,12.11237383,1.96319,5.60682,5.60682,2.21149,2.21393,2.22311,-0.17743,-0.179176,-0.185734
2,12.17966355,1.45603,5.58469,5.58469,2.19339,2.19584,2.20506,-0.526902,-0.528654,-0.535245
2,12.24695327,2.84663,5.56255,5.56255,2.17529,2.17775,2.18702,0.479725,0.477966,0.471343
2,12.26938318,2.61759,5.55517,5.55517,2.16926,2.17173,2.18101,0.320367,0.318606,0.311973
2,12.38153271,3.28834,5.51824,5.51824,2.13912,2.14159,2.15095,0.82122,0.819449,0.812762
2,12.42639252,1.89775,5.50347,5.50347,2.12706,2.12955,2.13893,-0.163863,-0.165638,-0.172346
2,12.42639252,1.60327,5.50347,5.50347,2.12706,2.12955,2.13893,-0.374292,-0.376068,-0.382776
2,12.47125234,2.09407,5.48869,5.48869,2.11501,2.1175,2.12692,-0.0149642,-0.0167441,-0.0234736
2,12.47125234,1.06339,5.48869,5.48869,2.11501,2.1175,2.12692,-0.751468,-0.753248,-0.759978
2,12.51611215,3.32106,5.4739,5.4739,2.10296,2.10546,2.11491,0.870437,0.868652,0.861902
2,12.53854206,2.20859,5.46651,5.46651,2.09694,2.09944,2.1089,0.0797841,0.0779975,0.0712361
2,12.60583178,1.93047,5.44433,5.44433,2.07887,2.08138,2.09089,-0.106045,-0.107838,-0.114631
2,12.6955514,0.736196,5.41474,5.41474,2.05479,2.05731,2.06688,-0.942249,-0.94405,-0.950885
2,12.91985047,1.79959,5.34072,5.34072,1.99465,1.9972,2.00691,-0.139388,-0.141209,-0.148148
2,12.91985047,0.916155,5.34072,5.34072,1.99465,1.9972,2.00691,-0.770677,-0.772498,-0.779438
2,12.98714019,4.33538,5.31851,5.31851,1.97663,1.97918,1.98894,1.68553,1.6837,1.67673
2,13.05442991,1.66871,5.29629,5.29629,1.95861,1.96117,1.97097,-0.207155,-0.208988,-0.215989
2,13.05442991,4.5317,5.29629,5.29629,1.95861,1.96117,1.97097,1.83869,1.83686,1.82986
2,13.18900935,0.458078,5.25183,5.25183,1.9226,1.92518,1.93506,-1.04652,-1.04837,-1.05543
2,13.23386916,2.38855,5.23701,5.23701,1.9106,1.91319,1.9231,0.341535,0.339686,0.332602
2,13.25629907,0.539877,5.22959,5.22959,1.9046,1.90719,1.91712,-0.975212,-0.977062,-0.984156
2,13.30115888,3.58282,5.21477,5.21477,1.89261,1.89521,1.90516,1.2078,1.20594,1.19883
2,13.3908785,2.02863,5.18511,5.18511,1.86865,1.87125,1.88126,0.114322,0.11246,0.105305
2,13.41330841,3.76278,5.1777,5.1777,1.86266,1.86527,1.87529,1.3578,1.35594,1.34877
2,13.41330841,4.08998,5.1777,5.1777,1.86266,1.86527,1.87529,1.59161,1.58975,1.58258
2,13.45816822,2.65031,5.16287,5.16287,1.85068,1.8533,1.86335,0.571399,0.569531,0.562346
2,13.48059813,0.556237,5.15545,5.15545,1.8447,1.84731,1.85738,-0.920714,-0.922583,-0.929778
2,13.52545794,2.14315,5.14062,5.14062,1.83273,1.83535,1.84545,0.221821,0.219948,0.212733
2,13.74975701,1.40695,5.06643,5.06643,1.77297,1.77562,1.78585,-0.26155,-0.263442,-0.270754
2,13.81704673,0.997955,5.04417,5.04417,1.75507,1.75772,1.768,-0.541022,-0.542919,-0.550259
2,13.99648598,0.719836,4.98479,4.98479,1.7074,1.71007,1.72045,-0.705695,-0.707607,-0.715023
2,14.0637757,1.55419,4.96252,4.96252,1.68955,1.69223,1.70265,-0.0967214,-0.0986393,-0.106083
2,14.24321495,0.0981595,4.90312,4.90312,1.64202,1.64472,1.65524,-1.10322,-1.10515,-1.11267
2,14.24321495,2.43763,4.90312,4.90312,1.64202,1.64472,1.65524,0.568528,0.566597,0.559081
2,14.31050467,2.78119,4.88084,4.88084,1.62423,1.62694,1.63749,0.826742,0.824807,0.817264
2,14.4002243,2.87935,4.85113,4.85113,1.60054,1.60325,1.61386,0.913816,0.911875,0.904297
2,14.4002243,4.05726,4.85113,4.85113,1.60054,1.60325,1.61386,1.75554,1.75359,1.74602
2,14.44508411,0.196319,4.83628,4.83628,1.5887,1.59142,1.60205,-0.994976,-0.99692,-1.00452
2,14.44508411,1.01431,4.83628,4.83628,1.5887,1.59142,1.60205,-0.410449,-0.412393,-0.419988
2,14.44508411,1.37423,4.83628,4.83628,1.5887,1.59142,1.60205,-0.153257,-0.155201,-0.162796
2,14.53480374,2.73211,4.80656,4.80656,1.56506,1.56779,1.57847,0.833953,0.832003,0.824374
2,14.64695327,1.22699,4.76942,4.76942,1.53556,1.5383,1.54903,-0.220494,-0.222452,-0.230122
2,14.87125234,1.79959,4.69512,4.69512,1.47674,1.47949,1.49034,0.230708,0.228736,0.220988
2,14.98340187,0.179959,4.65797,4.65797,1.44742,1.45019,1.46109,-0.905711,-0.90769,-0.915474
2,15.02826168,1.79959,4.6431,4.6431,1.43572,1.43849,1.44941,0.260016,0.258035,0.250236
2,15.0955514,1.86503,4.62081,4.62081,1.41819,1.42096,1.43191,0.319307,0.317323,0.309503
2,15.25256075,3.68098,4.56879,4.56879,1.37739,1.38018,1.39118,1.64611,1.64412,1.63625
2,15.27499065,0.572597,4.56135,4.56135,1.37157,1.37436,1.38538,-0.570935,-0.572929,-0.580802
2,15.29742056,1.68507,4.55392,4.55392,1.36576,1.36855,1.37958,0.228175,0.22618,0.218301
2,15.38714019,1.86503,4.52419,4.52419,1.34255,1.34535,1.35641,0.373358,0.371359,0.363455
2,15.47685981,0.883436,4.49446,4.49446,1.3194,1.3222,1.33329,-0.31153,-0.313532,-0.32146
2,15.52171963,2.81391,4.47959,4.47959,1.30784,1.31065,1.32176,1.07621,1.07421,1.06627
2,15.90302804,1.66871,4.35321,4.35321,1.21032,1.21314,1.22437,0.327558,0.325544,0.317523
2,16.08246729,1.81595,4.29373,4.29373,1.1649,1.16773,1.17899,0.465228,0.463211,0.455161
2,16.26190654,2.56851,4.23425,4.23425,1.11983,1.12266,1.13395,1.0352,1.03318,1.02511
2,16.30676636,1.97955,4.21938,4.21938,1.10862,1.11145,1.12275,0.622353,0.620332,0.612258
3,0,0.620408,5.54116,5.54116,6.29148,6.23895,6.5213,-4.05246,-4.01492,-4.21669
3,2.018691589,4.5551,6.28491,6.28491,5.83603,5.78428,6.04287,-0.915332,-0.878348,-1.06314
3,2.041121495,2.61224,6.29292,6.29292,5.83097,5.77922,6.03755,-2.30005,-2.26307,-2.44767
3,3.005607477,5.24082,6.62566,6.62566,5.61337,5.56199,5.80897,-0.266221,-0.229506,-0.405994
3,3.857943925,3.72245,6.88772,6.88772,5.42107,5.37002,5.60697,-1.21381,-1.17733,-1.34665
3,4.014953271,2.1551,6.9307,6.9307,5.38565,5.33465,5.56975,-2.3085,-2.27206,-2.44006
3,4.014953271,3.2,6.9307,6.9307,5.38565,5.33465,5.56975,-1.56183,-1.52539,-1.69339
3,4.037383178,5.01224,6.93667,6.93667,5.38059,5.3296,5.56444,-0.263213,-0.226779,-0.394589
3,4.351401869,3.82041,7.01525,7.01525,5.30974,5.25888,5.49002,-1.06426,-1.02791,-1.19308
3,5.001869159,3.11837,7.14164,7.14164,5.16299,5.11237,5.33585,-1.46106,-1.42488,-1.58458
3,5.136448598,5.8449,7.16038,7.16038,5.13263,5.08206,5.30396,0.508976,0.545112,0.386547
3,5.226168224,1.94286,7.17129,7.17129,5.11239,5.06185,5.2827,-2.2649,-2.22879,-2.3866
3,5.45046729,4.81633,7.19274,7.19274,5.06178,5.01133,5.22954,-0.1754,-0.139349,-0.295273
3,5.876635514,3.59184,7.20943,7.20943,4.96564,4.91535,5.12853,-0.981696,-0.94576,-1.0981
3,5.943925234,4.70204,7.20912,7.20912,4.95046,4.90019,5.11259,-0.177513,-0.141596,-0.29337
3,6.011214953,4.3102,7.20801,7.20801,4.93527,nan,5.09664,-0.446666,nan,-0.561974
3,6.03364486,6.33469,7.20746,7.20746,4.93021,nan,5.09132,1.00362,nan,0.888494
3,6.347663551,4.60408,7.1907,7.1907,4.85937,nan,5.0169,-0.182424,nan,-0.294994
3,6.841121495,5.12653,7.13265,7.13265,4.74804,nan,4.89995,0.270463,nan,0.16191
3,6.908411215,6.12245,7.12206,7.12206,4.73286,nan,4.884,0.992979,nan,0.884974
3,6.998130841,4.19592,7.10705,7.10705,4.71262,nan,4.86274,-0.369226,nan,-0.476501
3,7.020560748,6.17143,7.10314,7.10314,4.70756,nan,4.85742,1.04606,nan,0.938967
3,7.042990654,5.40408,7.09917,7.09917,4.7025,nan,4.85211,0.501341,nan,0.394431
3,7.155140187,7.77143,7.07847,7.07847,4.6772,nan,4.82553,2.21109,nan,2.10509
3,7.244859813,4.76735,7.06092,7.06092,4.65696,nan,4.80427,0.0788842,nan,-0.0263817
3,7.289719626,6.85714,7.05183,7.05183,4.64683,nan,4.79363,1.57945,nan,1.47455
3,7.334579439,5.81224,7.04254,7.04254,4.63671,nan,4.783,0.840016,nan,0.735481
3,7.334579439,4.44082,7.04254,7.04254,4.63671,nan,4.783,-0.139985,nan,-0.244521
3,7.379439252,4.01633,7.03305,7.03305,4.62659,nan,4.77237,-0.436087,nan,-0.540257
3,7.446728972,6.23673,7.01847,7.01847,4.61141,nan,4.75642,1.16143,nan,1.05781
3,7.648598131,4.81633,6.97237,6.97237,4.56587,nan,4.70858,0.178973,nan,0.0769935
3,7.693457944,6.44898,6.96168,6.96168,4.55575,nan,4.69795,1.35287,nan,1.25126
3,7.85046729,4.76735,6.92314,6.92314,4.52033,nan,4.66074,0.176517,nan,0.0761809
3,7.962616822,6.80816,6.8946,6.8946,4.49503,nan,4.63416,1.65293,nan,1.55351
3,8.007476636,5.74694,6.88297,6.88297,4.48491,nan,4.62353,0.90183,nan,0.802772
3,8.007476636,3.6898,6.88297,6.88297,4.48491,nan,4.62353,-0.568173,nan,-0.66723
3,8.007476636,5.3551,6.88297,6.88297,4.48491,nan,4.62353,0.621829,nan,0.522772
3,8.142056075,8.26122,6.8474,6.8474,4.45454,nan,4.59163,2.72019,nan,2.62223
3,8.231775701,4.5551,6.82316,6.82316,4.4343,nan,4.57037,0.0863214,nan,-0.0109099
3,8.321495327,5.48571,6.79852,6.79852,4.41406,nan,4.54911,0.765786,nan,0.669286
3,8.343925234,4.32653,6.79231,6.79231,4.409,nan,4.54379,-0.0589324,nan,-0.15525
3,8.456074766,5.9102,6.76091,6.76091,4.3837,nan,4.51721,1.09082,nan,0.995411
3,8.747663551,4.75102,6.67701,6.67701,4.31792,nan,4.44811,0.309488,nan,0.216458
3,8.882242991,3.98367,6.63735,6.63735,4.28756,nan,4.41621,-0.21715,nan,-0.309085
3,8.94953271,6.66122,6.61732,6.61732,4.27238,nan,4.40026,1.70703,nan,1.61565
3,9.01682243,4.8,6.59717,6.59717,4.2572,nan,4.38432,0.38788,nan,0.29704
3,9.039252336,5.9102,6.59043,6.59043,4.25214,nan,4.379,1.18483,nan,1.09417
3,9.039252336,4.60408,6.59043,6.59043,4.25214,nan,4.379,0.251495,nan,0.160839
3,9.151401869,7.72245,6.55654,6.55654,4.22683,nan,4.35242,2.49791,nan,2.40817
3,9.218691589,3.80408,6.53607,6.53607,4.21165,nan,4.33648,-0.291245,nan,-0.380441
3,9.285981308,5.06122,6.5155,6.5155,4.19647,nan,4.32053,0.617937,nan,0.52929
3,9.330841121,6.22041,6.50174,6.50174,4.18635,nan,4.3099,1.4535,nan,1.36522
3,9.353271028,5.32245,6.49484,6.49484,4.18129,nan,4.30458,0.815452,nan,0.727352
3,9.375700935,4.39184,6.48793,6.48793,4.17623,nan,4.29927,0.154067,nan,0.0661495
3,9.487850467,6.26939,6.45326,6.45326,4.15093,nan,4.27269,1.51381,nan,1.42681
3,9.66728972,4.34286,6.39736,6.39736,4.11045,nan,4.23016,0.166072,nan,0.0805298
3,9.846728972,4.71837,6.34097,6.34097,4.06997,nan,4.18764,0.463333,nan,0.379251
3,9.958878505,5.02857,6.30551,6.30551,4.04467,nan,4.16106,0.703079,nan,0.61991
3,10.00373832,6.92245,6.29129,6.29129,4.03455,nan,4.15043,2.06365,nan,1.98084
3,10.02616822,4.35918,6.28417,6.28417,4.02949,nan,4.14511,0.235592,nan,0.152972
3,10.02616822,5.51837,6.28417,6.28417,4.02949,nan,4.14511,1.06393,nan,0.981306
3,10.11588785,7.24898,6.25564,6.25564,4.00925,nan,4.12385,2.31506,nan,2.23317
3,10.22803738,3.80408,6.21985,6.21985,3.98395,nan,4.09727,-0.128533,nan,-0.20951
3,10.2953271,5.1102,6.19832,6.19832,3.96877,nan,4.08133,0.815649,nan,0.73522
3,10.34018692,5.20816,6.18395,6.18395,3.95865,nan,4.0707,0.892881,nan,0.812817
3,10.38504673,3.15102,6.16955,6.16955,3.94853,nan,4.06006,-0.56989,nan,-0.649589
3,10.45233645,4.63673,6.14793,6.14793,3.93335,nan,4.04412,0.502625,nan,0.423475
3,10.65420561,4.70204,6.08287,6.08287,3.88781,nan,3.99628,0.581834,nan,0.504326
3,10.69906542,4.13061,6.06837,6.06837,3.87769,nan,3.98565,0.180731,nan,0.103589
3,10.74392523,3.4449,6.05386,6.05386,3.86758,nan,3.97502,-0.302038,nan,-0.378815
3,10.85607477,6.07347,6.01753,6.01753,3.84228,nan,3.94844,1.59438,nan,1.51851
3,10.94579439,4.21224,5.98842,5.98842,3.82204,nan,3.92718,0.278836,nan,0.203704
3,10.99065421,5.42041,5.97384,5.97384,3.81192,nan,3.91655,1.1494,nan,1.07463
3,11.01308411,5.99184,5.96655,5.96655,3.80686,nan,3.91123,1.56135,nan,1.48677
3,11.03551402,4.81633,5.95926,5.95926,3.8018,nan,3.90592,0.724966,nan,0.650564
3,11.14766355,6.38367,5.92275,5.92275,3.7765,nan,3.87934,1.86305,nan,1.78956
3,11.23738318,2.48163,5.89351,5.89351,3.75626,nan,3.85808,-0.91083,nan,-0.983588
3,11.28224299,4.65306,5.87887,5.87887,3.74614,nan,3.84745,0.64807,nan,0.575677
3,11.3271028,3.65714,5.86423,5.86423,3.73602,nan,3.83682,-0.0563666,nan,-0.128394
3,11.37196262,2.13878,5.84958,5.84958,3.7259,nan,3.82619,-1.13414,nan,-1.2058
3,11.41682243,4.16327,5.83492,5.83492,3.71578,nan,3.81556,0.319763,nan,0.248465
3,11.6635514,2.67755,5.75417,5.75417,3.66013,nan,3.75709,-0.702136,nan,-0.771424
3,11.68598131,3.2,5.74682,5.74682,3.65507,nan,3.75178,-0.325187,nan,-0.394292
3,11.73084112,2.38367,5.73211,5.73211,3.64495,nan,3.74115,-0.90129,nan,-0.970031
3,11.86542056,3.36327,5.68796,5.68796,3.6146,nan,3.70926,-0.179598,nan,-0.247242
3,11.93271028,4.94694,5.66587,5.66587,3.59942,nan,3.69331,0.962917,nan,0.89582
3,12,3.78776,5.64376,5.64376,3.58424,nan,3.67737,0.145428,nan,0.0788795
3,12.02242991,6.22041,5.63639,5.63639,3.57918,nan,3.67206,1.88738,nan,1.82101
3,12.04485981,3.08571,5.62902,5.62902,3.57412,nan,3.66674,-0.349009,nan,-0.415192
3,12.11214953,5.64898,5.6069,5.6069,3.55895,nan,3.6508,1.49351,nan,1.42787
3,12.22429907,2.51429,5.57,5.57,3.53365,nan,3.62422,-0.728422,nan,-0.793143
3,12.29158879,4.88163,5.54786,5.54786,3.51847,nan,3.60828,0.974092,nan,0.909919
3,12.31401869,5.19184,5.54047,5.54047,3.51341,nan,3.60296,1.19937,nan,1.13538
3,12.3364486,2.82449,5.53309,5.53309,3.50836,nan,3.59765,-0.48868,nan,-0.552488
3,12.3588785,2.30204,5.5257,5.5257,3.5033,nan,3.59233,-0.858399,nan,-0.922024
3,12.44859813,4.73469,5.49615,5.49615,3.48306,nan,3.57108,0.894397,nan,0.831503
3,12.65046729,2.36735,5.42961,5.42961,3.43753,nan,3.52325,-0.764739,nan,-0.825988
3,12.6728972,3.46122,5.42221,5.42221,3.43247,nan,3.51793,0.0205441,nan,-0.0405225
3,12.74018692,3.05306,5.40001,5.40001,3.4173,nan,3.50199,-0.260279,nan,-0.320797
3,12.87476636,3.00408,5.35561,5.35561,3.38695,nan,3.4701,-0.273591,nan,-0.333013
3,12.94205607,4.08163,5.33339,5.33339,3.37177,nan,3.45416,0.507254,nan,0.448381
3,12.98691589,4.44082,5.31858,5.31858,3.36166,nan,3.44353,0.77115,nan,0.712643
3,13.00934579,4.57143,5.31117,5.31117,3.3566,nan,3.43822,0.868098,nan,0.809773
3,13.0317757,2.62857,5.30377,5.30377,3.35154,nan,3.43291,-0.516623,nan,-0.574765
3,13.16635514,4.60408,5.25931,5.25931,3.32119,nan,3.40102,0.916732,nan,0.859687
3,13.23364486,2.10612,5.23708,5.23708,3.30602,nan,3.38508,-0.857428,nan,-0.913924
3,13.30093458,3.55918,5.21484,5.21484,3.29085,nan,3.36914,0.19175,nan,0.135802
3,13.30093458,2.35102,5.21484,5.21484,3.29085,nan,3.36914,-0.671584,nan,-0.727532
3,13.32336449,3.13469,5.20743,5.20743,3.28579,nan,3.36383,-0.107969,nan,-0.163735
3,13.3682243,2.93878,5.1926,5.1926,3.27567,nan,3.3532,-0.240741,nan,-0.296141
3,13.45794393,3.98367,5.16294,5.16294,3.25544,nan,3.33195,0.520383,nan,0.465715
3,13.65981308,5.33e-15,5.09618,5.09618,3.20992,nan,3.28413,-2.29376,nan,-2.34678
3,13.68224299,2.17143,5.08876,5.08876,3.20487,nan,3.27881,-0.738479,nan,-0.791319
3,13.74953271,1.69796,5.0665,5.0665,3.1897,nan,3.26287,-1.06597,nan,-1.11826
3,13.86168224,0.897959,5.0294,5.0294,3.16441,nan,3.23631,-1.61957,nan,-1.67095
3,13.92897196,3.57551,5.00713,5.00713,3.14924,nan,3.22037,0.304606,nan,0.253778
3,13.99626168,3.5102,4.98486,4.98486,3.13407,nan,3.20443,0.26878,nan,0.218501
3,14.01869159,1.50204,4.97744,4.97744,3.12901,nan,3.19912,-1.16261,nan,-1.21271
3,14.0411215,2.69388,4.97002,4.97002,3.12396,nan,3.19381,-0.307328,nan,-0.357241
3,14.13084112,5.30612,4.94032,4.94032,3.10373,nan,3.17256,1.5738,nan,1.52461
3,14.24299065,1.6,4.90319,4.90319,3.07845,nan,3.14599,-1.05648,nan,-1.10474
3,14.28785047,3.88571,4.88834,4.88834,3.06834,nan,3.13537,0.584086,nan,0.536184
3,14.33271028,2.77551,4.87349,4.87349,3.05822,nan,3.12475,-0.202023,nan,-0.249559
3,14.44485981,4.27755,4.83635,4.83635,3.03294,nan,3.09819,0.889376,nan,0.842755
3,14.64672897,2.25306,4.76949,4.76949,2.98744,nan,3.05038,-0.524778,nan,-0.569754
3,14.69158879,5.07755,4.75464,4.75464,2.97733,nan,3.03976,1.50078,nan,1.45617
3,14.93831776,2.93878,4.6729,4.6729,2.92173,nan,2.98134,0.0121799,nan,-0.0304171
3,14.98317757,3.10204,4.65804,4.65804,2.91162,nan,2.97072,0.13607,nan,0.0938392
3,15.00560748,1.19184,4.65061,4.65061,2.90657,nan,2.96541,-1.22532,nan,-1.26737
3,15.05046729,1.51837,4.63575,4.63575,2.89646,nan,2.95479,-0.984764,nan,-1.02645
3,15.11775701,5.38776,4.61345,4.61345,2.8813,nan,2.93886,1.79107,nan,1.74994
3,15.25233645,1.76327,4.56886,4.56886,2.85098,nan,2.907,-0.777263,nan,-0.817297
3,15.29719626,2.98776,4.55399,4.55399,2.84087,nan,2.89638,0.10496,nan,0.065292
3,15.36448598,1.25714,4.5317,4.5317,2.82571,nan,2.88046,-1.12088,nan,-1.16
3,15.4317757,3.96735,4.5094,4.5094,2.81056,nan,2.86453,0.826625,nan,0.788055
3,15.67850467,0.0163265,4.42763,4.42763,2.75498,nan,2.80614,-1.957,nan,-1.99356
3,15.92523364,2.59592,4.34585,4.34585,2.69943,nan,2.74776,-0.0739644,nan,-0.108507
3,16.1271028,0.881633,4.27894,4.27894,2.65398,nan,2.70001,-1.26649,nan,-1.29939
3,16.21682243,1.24082,4.2492,4.2492,2.63378,nan,2.67879,-0.995392,nan,-1.02755
3,16.30654206,2.85714,4.21946,4.21946,2.61359,nan,2.65757,0.174039,nan,0.142609
3,16.35140187,0.914286,4.20459,4.20459,2.60349,nan,2.64697,-1.20708,nan,-1.23815
3,16.4635514,2.84082,4.16741,4.16741,2.57826,nan,2.62045,0.18762,nan,0.157472
3,16.66542056,2.74286,4.10049,4.10049,2.53284,nan,2.57273,0.150074,nan,0.121574
3,16.97943925,0.163265,3.99639,3.99639,2.46222,nan,2.49852,-1.6428,nan,-1.66874
3,17.00186916,2.17143,3.98895,3.98895,2.45718,nan,2.49322,-0.204194,nan,-0.229948
3,17.11401869,2.23673,3.95177,3.95177,2.43197,nan,2.46673,-0.139512,nan,-0.16435
3,17.20373832,0.555102,3.92203,3.92203,2.4118,nan,2.44554,-1.32677,nan,-1.35088
3,17.29345794,0.457143,3.89228,3.89228,2.39164,nan,2.42435,-1.38236,nan,-1.40574
3,17.29345794,1.95918,3.89228,3.89228,2.39164,nan,2.42435,-0.309029,nan,-0.332404
3,17.31588785,3.2,3.88485,3.88485,2.3866,nan,2.41906,0.58124,nan,0.558049
3,17.42803738,2.67755,3.84767,3.84767,2.36141,nan,2.39258,0.22591,nan,0.203633
3,18.03364486,1.81224,3.64689,3.64689,2.22548,nan,2.24974,-0.295291,nan,-0.312628
3,18.12336449,4.5551,3.61715,3.61715,2.20536,nan,2.2286,1.67909,nan,1.66248
3,18.23551402,0.555102,3.57997,3.57997,2.18022,nan,2.20218,-1.16129,nan,-1.17698
3,18.37009346,1.30612,3.53536,3.53536,2.15007,nan,2.1705,-0.60307,nan,-0.617667
3,18.43738318,2.20408,3.51305,3.51305,2.135,nan,2.15466,0.0493672,nan,0.0353179
3,18.95327103,2.04082,3.34204,3.34204,2.01959,nan,2.03338,0.0151715,nan,0.00531453
3,19.13271028,2.57959,3.28257,3.28257,1.97951,nan,1.99127,0.428811,nan,0.420409
3,19.26728972,0.359184,3.23797,3.23797,1.94947,nan,1.95971,-1.1364,nan,-1.14371
3,19.44672897,1.63265,3.1785,3.1785,1.90947,nan,1.91767,-0.197807,nan,-0.203669
3,20.43364486,1.66531,2.85155,2.85155,1.69037,nan,1.6875,-0.0179136,nan,-0.015859
4,0,1.95122,5.54116,5.54116,3.69281,3.67952,3.64779,-1.24451,-1.23502,-1.21234
4,0.993314231,2.05765,5.91127,5.91127,4.53048,4.52064,4.48345,-1.76705,-1.76002,-1.73344
4,1.107927412,5.62306,5.95359,5.95359,4.62714,4.6177,4.57988,0.71167,0.718413,0.745441
4,1.184336199,0.922395,5.98175,5.98175,4.69158,4.68241,4.64417,-2.6934,-2.68685,-2.65952
4,1.222540592,4.25721,5.99581,5.99581,4.7238,4.71476,4.67631,-0.33342,-0.326962,-0.299484
4,1.910219675,7.34368,6.24605,6.24605,5.30377,5.29712,5.25489,1.45769,1.46244,1.49262
4,1.986628462,4.00887,6.27345,6.27345,5.36821,5.36183,5.31918,-0.971362,-0.966804,-0.936327
4,2.101241643,5.81818,6.31434,6.31434,5.46487,5.45889,5.41561,0.252472,0.256744,0.287672
4,2.17765043,4.00887,6.34146,6.34146,5.52931,5.5236,5.4799,-1.08648,-1.0824,-1.05117
4,2.215854823,2.80266,6.35498,6.35498,5.56153,5.55595,5.51204,-1.97145,-1.96746,-1.93608
4,2.215854823,4.47007,6.35498,6.35498,5.56153,5.55595,5.51204,-0.779943,-0.775956,-0.744578
4,2.521489971,3.051,6.4619,6.4619,5.8193,5.81478,5.76918,-1.97818,-1.97496,-1.94237
4,2.903533906,8.26608,6.59181,6.59181,6.1415,6.13832,6.0906,1.51819,1.52046,1.55456
4,3.018147087,4.82483,6.62979,6.62979,6.23817,6.23538,6.18701,-1.00994,-1.00795,-0.973393
4,3.094555874,6.56319,6.6548,6.6548,6.30261,6.30009,6.25129,0.186211,0.188013,0.222879
4,3.132760267,6.17295,6.66721,6.66721,6.33483,6.33244,6.28343,-0.115676,-0.113969,-0.0789487
4,3.209169054,4.15078,6.69184,6.69184,6.39927,6.39715,6.34771,-1.60674,-1.60522,-1.56989
4,3.209169054,4.66519,6.69184,6.69184,6.39927,6.39715,6.34771,-1.23915,-1.23763,-1.2023
4,3.209169054,6.03104,6.69184,6.69184,6.39927,6.39715,6.34771,-0.263129,-0.261612,-0.226283
4,3.896848138,8.26608,6.89856,6.89856,6.97924,6.97951,6.92603,0.919551,0.919358,0.957577
4,3.915950334,7.18404,6.90384,6.90384,6.99535,6.99569,6.94208,0.13483,0.134589,0.172895
4,4.011461318,6.29712,6.92977,6.92977,7.0759,7.07657,7.02235,-0.556509,-0.556987,-0.518241
4,4.087870105,8.2306,6.94995,6.94995,7.14035,7.14128,7.08654,0.779078,0.778409,0.817525
4,4.106972302,7.55654,6.95491,6.95491,7.15646,7.15746,7.10259,0.285895,0.285178,0.32439
4,4.183381089,7.73392,6.97441,6.97441,7.2209,7.22217,7.16674,0.366602,0.365695,0.405304
4,4.240687679,7.27273,6.98867,6.98867,7.26923,7.2707,7.21481,0.00250058,0.00145139,0.0413835
4,4.240687679,4.50554,6.98867,6.98867,7.26923,7.2707,7.21481,-1.97489,-1.97594,-1.936
4,4.508118434,7.94678,7.0506,7.0506,7.46116,7.46339,7.4296,0.347019,0.345426,0.369572
4,4.508118434,6.38581,7.0506,7.0506,7.46116,7.46339,7.4296,-0.76843,-0.770023,-0.745877
4,4.699140401,7.50333,7.0897,7.0897,7.44144,7.44409,7.46115,0.0442225,0.0423302,0.0301396
4,4.890162369,8.54989,7.12399,7.12399,7.33466,7.33787,7.37535,0.868386,0.866093,0.839305
4,4.928366762,7.57428,7.13023,7.13023,7.30904,7.31237,7.35161,0.189537,0.187156,0.159115
4,5.023877746,6.40355,7.14489,7.14489,7.2422,7.24585,7.28772,-0.599288,-0.601893,-0.631819
4,5.062082139,7.25499,7.15037,7.15037,7.21473,7.21851,7.26096,0.0287676,0.0260697,-0.00426771
4,5.11938873,8.08869,7.15816,7.15816,7.17305,7.17702,7.22002,0.654304,0.651466,0.620743
4,5.17669532,7.5388,7.16544,7.16544,7.13098,7.13515,7.17841,0.291425,0.288446,0.25753
4,5.214899713,6.7051,7.16999,7.16999,7.10279,7.10709,7.15043,-0.284181,-0.287254,-0.318225
4,5.23400191,6.26164,7.17218,7.17218,7.08866,7.09303,7.13638,-0.590975,-0.594095,-0.625078
4,5.520534862,6.29712,7.19768,7.19768,6.87559,6.88095,6.9237,-0.413365,-0.417199,-0.447747
4,5.539637058,5.10865,7.19888,7.19888,6.86135,6.86678,6.90946,-1.25245,-1.25633,-1.28684
4,5.711556829,6.52772,7.20678,7.20678,6.73316,6.7392,6.78126,-0.146808,-0.15112,-0.181176
4,5.902578797,7.60976,7.2094,7.2094,6.59069,6.5974,6.63874,0.728207,0.723417,0.693875
4,5.921680993,6.86475,7.20931,7.20931,6.57645,6.58322,6.62448,0.206014,0.201176,0.171686
4,6.036294174,7.41463,7.20739,7.20739,6.49096,6.49813,6.53896,0.660044,0.654919,0.62574
4,6.074498567,5.42794,7.20624,7.20624,6.46246,6.46977,6.51046,-0.739256,-0.744477,-0.773551
4,6.074498567,5.14412,7.20624,7.20624,6.46246,6.46977,6.51046,-0.942065,-0.947285,-0.97636
4,6.112702961,8.42572,7.20483,7.20483,6.43397,6.44141,6.48195,1.42328,1.41796,1.38899
4,6.189111748,5.39246,7.20126,7.20126,6.37698,6.38468,6.42493,-0.70352,-0.709026,-0.737789
4,6.227316141,6.95344,7.1991,7.1991,6.34848,6.35632,6.39643,0.432292,0.42669,0.398031
4,6.227316141,5.78271,7.1991,7.1991,6.34848,6.35632,6.39643,-0.404295,-0.409897,-0.438556
4,6.227316141,5.85366,7.1991,7.1991,6.34848,6.35632,6.39643,-0.353593,-0.359195,-0.387854
4,6.532951289,4.64745,7.17318,7.17318,6.12052,6.12943,6.16837,-1.05263,-1.059,-1.08682
4,6.532951289,5.60532,7.17318,7.17318,6.12052,6.12943,6.16837,-0.368149,-0.37452,-0.402344
4,6.723973257,5.21508,7.14964,7.14964,5.97803,5.98762,6.02583,-0.545197,-0.552047,-0.579351
4,6.914995224,5.78271,7.12099,7.12099,5.83555,5.84581,5.88329,-0.0377649,-0.0450928,-0.071877
4,6.914995224,5.56984,7.12099,7.12099,5.83555,5.84581,5.88329,-0.189872,-0.197199,-0.223984
4,7.029608405,6.03104,7.10155,7.10155,5.75007,5.76072,5.79777,0.200782,0.193166,0.166694
4,7.067812798,6.13747,7.09472,7.09472,5.72157,5.73236,5.76926,0.297198,0.289486,0.263119
4,7.067812798,5.78271,7.09472,7.09472,5.72157,5.73236,5.76926,0.0436865,0.035975,0.00960755
4,7.106017192,7.84035,7.08772,7.08772,5.69307,5.704,5.74075,1.53441,1.52661,1.50034
4,7.182425979,4.75388,7.07323,7.07323,5.63608,5.64727,5.68374,-0.630408,-0.638406,-0.664461
4,7.220630372,5.35698,7.06574,7.06574,5.60759,5.61891,5.65523,-0.179077,-0.18717,-0.213121
4,7.220630372,4.50554,7.06574,7.06574,5.60759,5.61891,5.65523,-0.787503,-0.795596,-0.821548
4,7.258834766,4.36364,7.05811,7.05811,5.57909,5.59055,5.62672,-0.868545,-0.876734,-0.902581
4,7.526265521,6.102,7.00071,7.00071,5.37962,5.39202,5.42717,0.516197,0.507338,0.482221
4,7.526265521,4.32816,7.00071,7.00071,5.37962,5.39202,5.42717,-0.751358,-0.760218,-0.785334
4,7.698185291,7.04213,6.96055,6.96055,5.25139,nan,5.29888,1.27963,nan,1.2457
4,7.908309456,6.91796,6.90852,6.90852,5.09467,nan,5.14209,1.3029,nan,1.26901
4,7.908309456,4.39911,6.90852,6.90852,5.09467,nan,5.14209,-0.497031,nan,-0.530921
4,8.022922636,4.61197,6.87894,6.87894,5.00918,nan,5.05657,-0.283836,nan,-0.317701
4,8.022922636,4.15078,6.87894,6.87894,5.00918,nan,5.05657,-0.613401,nan,-0.647266
4,8.06112703,4.39911,6.86891,6.86891,4.98068,nan,5.02806,-0.41558,nan,-0.449437
4,8.099331423,4.89579,6.8588,6.8588,4.95219,nan,4.99955,-0.0403023,nan,-0.0741504
4,8.099331423,5.03769,6.8588,6.8588,4.95219,nan,4.99955,0.0611021,nan,0.0272541
4,8.213944604,4.18625,6.82801,6.82801,4.8667,nan,4.91403,-0.486237,nan,-0.52006
4,8.213944604,3.08647,6.82801,6.82801,4.8667,nan,4.91403,-1.27212,nan,-1.30594
4,8.213944604,3.33481,6.82801,6.82801,4.8667,nan,4.91403,-1.09466,nan,-1.12849
4,8.2330468,4.5765,6.82281,6.82281,4.85245,nan,4.89978,-0.197194,nan,-0.231012
4,8.519579752,4.77162,6.7429,6.7429,4.63874,nan,4.68597,0.0949553,nan,0.0612007
4,8.538681948,4.68293,6.73745,6.73745,4.62449,nan,4.67172,0.0417586,nan,0.0080083
4,8.672397326,4.86031,6.69895,6.69895,4.52475,nan,4.57195,0.239783,nan,0.206061
4,8.901623687,6.03104,6.63159,6.63159,4.35379,nan,4.4009,1.19854,nan,1.16487
4,9.016236867,2.55432,6.59735,6.59735,4.2683,nan,4.31538,-1.22478,nan,-1.25843
4,9.054441261,4.70067,6.58586,6.58586,4.23981,nan,4.28688,0.32932,nan,0.295687
4,9.073543457,4.23947,6.5801,6.5801,4.22556,nan,4.27262,0.00993625,nan,-0.0236929
4,9.092645654,5.42794,6.57433,6.57433,4.21132,nan,4.25837,0.869379,nan,0.835754
4,9.092645654,4.32816,6.57433,6.57433,4.21132,nan,4.25837,0.0834949,nan,0.0498699
4,9.207258835,1.59645,6.53955,6.53955,4.12583,nan,4.17285,-1.80746,nan,-1.84106
4,9.207258835,1.09978,6.53955,6.53955,4.12583,nan,4.17285,-2.16237,nan,-2.19597
4,9.245463228,3.1929,6.5279,6.5279,4.09734,nan,4.14435,-0.646295,nan,-0.679886
4,9.512893983,1.77384,6.44549,6.44549,3.89789,nan,3.94481,-1.51781,nan,-1.55135
4,9.53199618,4.20399,6.43956,6.43956,3.88364,nan,3.93056,0.228918,nan,0.195389
4,9.70391595,7.29047,6.38588,6.38588,3.75543,nan,3.80229,2.52608,nan,2.49259
4,9.894937918,1.77384,6.32575,6.32575,3.61298,nan,3.65979,-1.31422,nan,-1.34767
4,9.914040115,4.949,6.31971,6.31971,3.59874,nan,3.64553,0.964879,nan,0.931438
4,10.04775549,1.63193,6.27731,6.27731,3.49903,nan,3.54578,-1.3342,nan,-1.36761
4,10.04775549,3.22838,6.27731,6.27731,3.49903,nan,3.54578,-0.193401,nan,-0.22681
4,10.12416428,2.09313,6.253,6.253,3.44206,nan,3.48879,-0.963925,nan,-0.997317
4,10.12416428,3.58315,6.253,6.253,3.44206,nan,3.48879,0.100822,nan,0.0674301
4,10.20057307,0.922395,6.22862,6.22862,3.38509,nan,3.43179,-1.7598,nan,-1.79318
4,10.20057307,1.20621,6.22862,6.22862,3.38509,nan,3.43179,-1.55699,nan,-1.59037
4,10.20057307,1.59645,6.22862,6.22862,3.38509,nan,3.43179,-1.27813,nan,-1.3115
4,10.27698185,1.41907,6.20419,6.20419,3.32812,nan,3.3748,-1.36418,nan,-1.39753
4,10.50620821,2.62528,6.1306,6.1306,3.15725,nan,3.20384,-0.380136,nan,-0.413433
4,10.67812798,4.23947,6.07514,6.07514,3.02912,nan,3.07565,0.864896,nan,0.831646
4,10.88825215,2.34146,6.0071,6.0071,2.87257,nan,2.91902,-0.37952,nan,-0.412711
4,10.92645654,5.35698,5.9947,5.9947,2.84411,nan,2.89055,1.79566,nan,1.76248
4,11.04106972,0.851441,5.95745,5.95745,2.75876,nan,2.80514,-1.36294,nan,-1.39609
4,11.06017192,3.40576,5.95124,5.95124,2.74454,nan,2.79091,0.472503,nan,0.439363
4,11.09837631,2.8204,5.9388,5.9388,2.71609,nan,2.76245,0.0745349,nan,0.0414068
4,11.11747851,2.41242,5.93258,5.93258,2.70187,nan,2.74823,-0.206841,nan,-0.239963
4,11.1938873,0.532151,5.90769,5.90769,2.645,nan,2.69132,-1.50981,nan,-1.54291
4,11.1938873,1.70288,5.90769,5.90769,2.645,nan,2.69132,-0.673224,nan,-0.706321
4,11.27029608,0.354767,5.88277,5.88277,2.58815,nan,2.63443,-1.59594,nan,-1.62901
4,11.49952245,1.5255,5.80788,5.80788,2.41771,nan,2.46387,-0.637561,nan,-0.670544
4,11.53772684,2.83814,5.79537,5.79537,2.38933,nan,2.43546,0.320712,nan,0.287745
4,11.72874881,4.96674,5.7328,5.7328,2.24754,nan,2.29354,1.9431,nan,1.91023
4,11.91977077,2.44789,5.67012,5.67012,2.10601,nan,2.15186,0.244304,nan,0.211539
4,12.03438395,0.141907,5.63246,5.63246,2.02126,nan,2.06701,-1.34296,nan,-1.37565
4,12.03438395,2.02217,5.63246,5.63246,2.02126,nan,2.06701,0.000650417,nan,-0.032037
4,12.07258835,0.922395,5.6199,5.6199,1.99305,nan,2.03875,-0.765072,nan,-0.797731
4,12.11079274,1.38359,5.60734,5.60734,1.96485,nan,2.01051,-0.415358,nan,-0.447988
4,12.11079274,3.01552,5.60734,5.60734,1.96485,nan,2.01051,0.750793,nan,0.718163
4,12.22540592,0.496674,5.56964,5.56964,1.88039,nan,1.92591,-0.98878,nan,-1.02131
4,12.22540592,2.76718,5.56964,5.56964,1.88039,nan,1.92591,0.633691,nan,0.60116
4,12.53104107,0.567627,5.46898,5.46898,1.65635,nan,1.70139,-0.777985,nan,-0.810172
4,12.53104107,2.44789,5.46898,5.46898,1.65635,nan,1.70139,0.565624,nan,0.533437
4,12.70296084,3.40576,5.41229,5.41229,1.5314,nan,1.57607,1.33939,nan,1.30747
4,12.913085,2.55432,5.34296,5.34296,1.38019,nan,1.42426,0.839018,nan,0.807526
4,13.04680038,2.92683,5.29881,5.29881,1.2851,nan,1.32869,1.17315,nan,1.14201
4,13.06590258,0,5.2925,5.2925,1.2716,nan,1.31511,-0.908668,nan,-0.939759
4,13.10410697,0.354767,5.27988,5.27988,1.24468,nan,1.28803,-0.635918,nan,-0.666894
4,13.12320917,1.24169,5.27357,5.27357,1.23126,nan,1.27452,0.00745256,nan,-0.0234637
4,13.21872015,1.0643,5.24201,5.24201,1.16454,nan,1.20735,-0.0716274,nan,-0.102219
4,13.5243553,2.18182,5.14098,5.14098,0.956627,nan,0.997509,0.875503,nan,0.846289
4,13.5243553,1.77384,5.14098,5.14098,0.956627,nan,0.997509,0.583965,nan,0.554751
4,13.69627507,3.051,5.08412,5.08412,0.844576,nan,0.883982,1.57667,nan,1.54852
4,13.92550143,2.5898,5.00828,5.00828,0.70258,nan,0.739489,1.34858,nan,1.3222
4,14.05921681,2.25277,4.96403,4.96403,0.624533,nan,0.659682,1.16351,nan,1.1384
4,14.0974212,0,4.95138,4.95138,0.602973,nan,0.637578,-0.430875,nan,-0.455603
4,14.0974212,0.283814,4.95138,4.95138,0.602973,nan,0.637578,-0.228066,nan,-0.252794
4,14.51766953,1.31264,4.81224,4.81224,0.39125,nan,0.418773,0.65841,nan,0.638742
4,14.7086915,6.40355,4.74897,4.74897,0.312378,nan,0.33622,4.35265,nan,4.33562
4,14.89971347,0.532151,4.68569,4.68569,0.245132,nan,0.26524,0.205099,nan,0.190731
4,15.05253104,1.70288,4.63506,4.63506,0.199584,nan,0.216799,1.07423,nan,1.06193
4,15.70200573,3.76053,4.41984,4.41984,0.0759899,nan,0.0835391,2.63292,nan,2.62752
4,15.8930277,0.0709534,4.35653,4.35653,0.0560402,nan,0.0617385,0.0106568,nan,0.00658487
4,16.04584527,1.91574,4.30587,4.30587,0.0437311,nan,0.0482411,1.33771,nan,1.33449
4,16.10315186,0.86918,4.28688,4.28688,0.0398144,nan,0.0439385,0.592651,nan,0.589704
4,16.52340019,1.5255,4.14757,4.14757,0.0198015,nan,0.0218988,1.07595,nan,1.07445
4,16.71442216,4.45233,4.08425,4.08425,0.0143538,nan,0.0158823,3.17131,nan,3.17022
4,16.88634193,0.354767,4.02725,4.02725,0.0107289,nan,0.0118753,0.245844,nan,0.245025
4,17.0582617,2.1286,3.97026,3.97026,0.00801116,nan,0.00886888,1.51534,nan,1.51473
4,17.68863419,2.69623,3.76127,3.76127,0.00272984,nan,0.0030229,1.92473,nan,1.92452
