parameter,value,CV,se_sa,rse_sa,P2.5_sa,P97.5_sa
alpha_pop,4.93e-05,
D_pop,0.32758868369201,,0.048801033091851,14.8970448374012,0.245784,0.436621
E_pop,5,
C_pop,10,
B_pop,7481.86562632489,,804.613431464519,10.7541817997037,6070.82,9220.88
ECLIPSE0_pop,9.99999999999999e-08,
BUD0_pop,0.033,
ep_pop,0.001,
Time0_pop,13.6777153649567,,5.08763020053106,37.1964912617347,0.0189159,14
omega_alpha,3.88967220027345,192903.426998888,2.56923416587149,66.052716876524,1.36866,11.0543
omega_D,0.24817632929253,25.2047207252152,0.103185464221711,41.577480219753,0.119196,0.516726
omega_B,0.0893298679567715,8.95083737632861,0.126964754225661,142.130238328687,0.0174029,0.458535
omega_Time0,5.35107240287662,48.7881815114532,4.94586959417097,92.4276335994291,1.46078,19.6018
a,0.00869517635035831,,0.0982343763929768,1129.75714850141,0.000399785,0.189117
b,0.268133757504384,,0.0169927323847191,6.33740881524077,0.236902,0.303483