parameter,value,CV,se_sa,rse_sa,P2.5_sa,P97.5_sa
alpha_pop,4.93e-05,
D_pop,0.983191375329045,,0.299282511753056,30.439904098314,0.561058,1.72293
E_pop,5,
C_pop,10,
B_pop,6947.40272133594,,0.378686251467268,0.00545076004165265,6946.66,6948.14
ECLIPSE0_pop,9.99999999999999e-08,
BUD0_pop,0.033,
ep_pop,0.001,
Time0_pop,11.6647514626484,,4.43863990011586,38.0517314434757,0.415304,13.9829
omega_alpha,12.1882388091518,1.8109646491662e+34,6.02281203496114,49.4149493562496,5.24831,28.3049
omega_D,0.568491326782815,61.7670867835463,0.203778657018438,35.8455173224285,0.297603,1.08595
omega_B,1.87434951754594e-05,0.00187434929995232,3.42318910534643e-05,182.633445539462,3.00357e-06,0.000116967
omega_Time0,3.97454457244553,58.8957920549511,2.68199385888514,67.4792749206711,1.37685,11.4733
a,1.39528566008364,,0.0732329810757514,5.24860128436794,1.25915,1.54614
b,2.22044604925031e-16,,0.0181150720369375,8.15830316753415e+15,3.37957e-21,1.45888e-11