parameter,value,CV,se_sa,rse_sa,P2.5_sa,P97.5_sa
alpha_pop,4.93e-05,
D_pop,0.323785714595662,,0.0445321305920347,13.7535810212151,0.248195,0.422399
E_pop,5,
C_pop,10,
B_pop,7444.44207211844,,391.642266128552,5.26086793791255,6716.52,8251.26
ECLIPSE0_pop,9.99999999999999e-08,
BUD0_pop,0.033,
ep_pop,0.001,
Time0_pop,13.6225323070132,,4.95049357423518,36.3404796014801,0.0363077,14
omega_alpha,3.52917098177572,50649.8802945926,2.89893301807961,82.1420393925203,1.05503,11.8054
omega_D,0.230008503012084,23.3084386820718,0.0978916426358009,42.5600103273825,0.10891,0.48576
omega_B,0.0343619846269401,3.43721303163598,0.0407917656998785,118.71190253632,0.00771209,0.153103
omega_Time0,5.25985599636551,49.4379331335084,4.33582489118406,82.4323877722139,1.56818,17.6421
a,0.00186220959134463,,0.0959455856659954,5152.24420022007,3.78382e-05,0.0916488
b,0.26883095435492,,0.0165539083937758,6.15773895290374,0.238349,0.303212