parameter,value,CV,se_sa,rse_sa,P2.5_sa,P97.5_sa
alpha_pop,4.93e-05,
D_pop,1.01800836631247,,0.443405992633927,43.5562228471731,0.475203,2.18084
E_pop,5,
C_pop,10,
B_pop,17414.6642169748,,12530.2317235925,71.9521867747456,5753.27,52712.7
ECLIPSE0_pop,9.99999999999999e-08,
BUD0_pop,0.033,
ep_pop,0.001,
Time0_pop,13.9986666908531,,6.21041095018741,44.3643033107244,8.32136e-12,14
omega_D,0.574507427803136,62.5339826313313,0.287388279590227,50.0234227935352,0.245396,1.34501
omega_B,0.58653991050324,64.0796096154677,0.387176756415226,66.010300319212,0.206483,1.66614
omega_Time0,2.85285314101554,2.49217542809476,9.77365298500719,342.592222659174,0.28609,28.4483
a,1.03045313629181,,0.119651636952288,11.6115554155977,0.822557,1.29089
b,0.111607279307894,,0.0332660163514182,29.8063142097089,0.0643562,0.193551