id,time,y10,popPred_medianCOV,popPred,indivPred_SAEM,indivPred_mean,indivPred_mode,indWRes_SAEM,indWRes_mean,indWRes_mode
1,0,0.780488,5.1422,5.1422,7.21696,7.18116,7.10021,-3.50586,-3.49396,-3.46687
1,0,1.59645,5.1422,5.1422,7.21696,7.18116,7.10021,-3.06142,-3.04855,-3.01925
1,0.667302193,5.67627,4.84792,4.84792,7.1074,7.03548,7.14211,-0.784739,-0.748598,-0.80207
1,0.762631077,5.25055,4.80588,4.80588,7.08186,7.00528,7.13896,-1.00575,-0.968233,-1.03349
1,1.029551954,3.22838,4.68817,4.68817,6.9993,6.91058,7.11747,-2.08151,-2.04371,-2.13123
1,1.18207817,7.3082,4.62091,4.62091,6.94561,6.85059,7.09689,0.200814,0.254936,0.115945
1,1.220209724,3.051,4.60409,4.60409,6.93153,6.835,7.09083,-2.151,-2.11009,-2.21744
1,1.258341277,5.32151,4.58727,4.58727,6.9172,6.8192,7.0844,-0.885286,-0.835987,-0.968024
1,1.258341277,5.74723,4.58727,4.58727,6.9172,6.8192,7.0844,-0.649098,-0.598356,-0.734256
1,1.315538608,5.88914,4.56205,4.56205,6.89527,6.7951,7.07409,-0.558958,-0.506456,-0.651083
1,1.315538608,6.38581,4.56205,4.56205,6.89527,6.7951,7.07409,-0.283031,-0.228804,-0.378181
1,1.410867493,4.15078,4.52001,4.52001,6.85759,6.75395,7.05515,-1.50729,-1.45898,-1.59769
1,1.448999047,3.37029,4.5032,4.5032,6.84215,6.73716,7.04698,-1.93517,-1.88899,-2.02356
1,1.468064824,8.17738,4.49479,4.49479,6.83435,6.72871,7.04277,0.748952,0.813213,0.624623
1,1.601525262,5.32151,4.43593,4.43593,6.77844,6.66833,7.01101,-0.815306,-0.758908,-0.931914
1,1.67778837,6.45676,4.4023,4.4023,6.74552,6.63299,6.99112,-0.161923,-0.0995212,-0.295111
1,1.754051478,4.15078,4.36867,4.36867,6.71196,6.59709,6.97005,-1.43922,-1.38465,-1.55902
1,1.754051478,4.61197,4.36867,4.36867,6.71196,6.59709,6.97005,-1.18006,-1.12361,-1.30398
1,1.754051478,8.15965,4.36867,4.36867,6.71196,6.59709,6.97005,0.81351,0.884429,0.657833
1,1.811248808,6.79379,4.34345,4.34345,6.68639,6.56983,6.95348,0.060448,0.126983,-0.0883972
1,1.982840801,3.29933,4.26778,4.26778,6.60788,6.4865,6.90014,-1.87141,-1.81668,-1.99983
1,1.982840801,6.38581,4.26778,4.26778,6.60788,6.4865,6.90014,-0.125611,-0.0573923,-0.285651
1,2.020972355,5.14412,4.25096,4.25096,6.5901,6.46769,6.88759,-0.818806,-0.755334,-0.969044
1,2.020972355,6.66962,4.25096,4.25096,6.5901,6.46769,6.88759,0.0450317,0.115238,-0.121148
1,2.097235462,7.20177,4.21733,4.21733,6.5542,6.4298,6.86176,0.367532,0.441616,0.189286
1,2.135367016,5.1796,4.20052,4.20052,6.5361,6.41072,6.84851,-0.770767,-0.705134,-0.929858
1,2.230695901,6.31486,4.15848,4.15848,6.49041,6.36267,6.81441,-0.10004,-0.0274682,-0.278928
1,2.249761678,7.80488,4.15007,4.15007,6.4812,6.353,6.80744,0.754746,0.834657,0.557163
1,2.249761678,7.48559,4.15007,4.15007,6.4812,6.353,6.80744,0.57269,0.651103,0.37881
1,2.326024786,5.46341,4.11644,4.11644,6.44417,6.31415,6.77904,-0.560536,-0.49029,-0.736201
1,2.326024786,7.27273,4.11644,4.11644,6.44417,6.31415,6.77904,0.473553,0.552446,0.276261
1,2.364156339,6.13747,4.09963,4.09963,6.42553,6.29462,6.76455,-0.16483,-0.0906794,-0.35122
1,2.402287893,5.74723,4.08281,4.08281,6.40681,6.27503,6.74988,-0.377877,-0.304946,-0.562091
1,2.440419447,6.03104,4.066,4.066,6.38802,6.25537,6.73503,-0.204761,-0.129776,-0.395026
1,2.459485224,8.15965,4.05759,4.05759,6.3786,6.24552,6.72754,1.02221,1.10803,0.803967
1,2.592945663,7.59202,3.99874,3.99874,6.3122,6.1762,6.67397,0.737674,0.823261,0.517116
1,2.66920877,8.12417,3.96511,3.96511,6.27392,6.13632,6.64252,1.06909,1.15889,0.836234
1,2.745471878,8.37251,3.93148,3.93148,6.23543,6.09626,6.61052,1.2379,1.33049,0.996468
1,2.745471878,7.41463,3.93148,3.93148,6.23543,6.09626,6.61052,0.683052,0.770604,0.454758
1,2.764537655,5.67627,3.92308,3.92308,6.22578,6.08621,6.60243,-0.318498,-0.23977,-0.524041
1,2.802669209,5.8714,3.90626,3.90626,6.20643,6.0661,6.58617,-0.194435,-0.11403,-0.40485
1,2.974261201,5.92461,3.8306,3.8306,6.11885,5.97515,6.51152,-0.113366,-0.0297749,-0.334003
1,2.974261201,7.62749,3.8306,3.8306,6.11885,5.97515,6.51152,0.880519,0.9735,0.635094
1,2.974261201,6.68736,3.8306,3.8306,6.11885,5.97515,6.51152,0.331812,0.419609,0.100072
1,3.012392755,6.102,3.81379,3.81379,6.09928,5.95485,6.49463,0.00158937,0.086809,-0.223685
1,3.012392755,7.98226,3.81379,3.81379,6.09928,5.95485,6.49463,1.1004,1.19607,0.847508
1,3.088655863,6.77605,3.78016,3.78016,6.06003,5.91416,6.46056,0.419516,0.509839,0.180128
1,3.16491897,6.31486,3.74653,3.74653,6.02064,5.87337,6.42612,0.172822,0.26186,-0.0636641
1,3.203050524,7.48559,3.72972,3.72972,6.00091,5.85294,6.40877,0.873239,0.969691,0.616834
1,3.241182078,8.37251,3.71291,3.71291,5.98114,5.83248,6.39134,1.40835,1.51066,1.13614
1,3.241182078,8.2306,3.71291,3.71291,5.98114,5.83248,6.39134,1.32477,1.42626,1.05476
1,3.241182078,6.95344,3.71291,3.71291,5.98114,5.83248,6.39134,0.572613,0.666682,0.322347
1,3.317445186,4.82483,3.67928,3.67928,5.94153,5.7915,6.35624,-0.659376,-0.576485,-0.880191
1,3.317445186,8.08869,3.67928,3.67928,5.94153,5.7915,6.35624,1.26783,1.36996,0.995745
1,3.317445186,7.7694,3.67928,3.67928,5.94153,5.7915,6.35624,1.0793,1.17955,0.81223
1,3.35557674,5.96009,3.66247,3.66247,5.92169,5.77098,6.33858,0.0227024,0.112932,-0.217788
1,3.35557674,5.39246,3.66247,3.66247,5.92169,5.77098,6.33858,-0.312902,-0.226044,-0.544408
1,3.393708294,8.2306,3.64566,3.64566,5.90182,5.75044,6.32085,1.37867,1.48313,1.10015
1,3.393708294,6.95344,3.64566,3.64566,5.90182,5.75044,6.32085,0.622573,0.71939,0.364414
1,3.469971401,7.55654,3.61203,3.61203,5.86202,5.70931,6.28519,1.00583,1.10768,0.734067
1,3.469971401,7.27273,3.61203,3.61203,5.86202,5.70931,6.28519,0.837363,0.937496,0.570195
1,3.508102955,9.15299,3.59522,3.59522,5.84209,5.68872,6.26727,1.96788,2.0802,1.66812
1,3.546234509,6.95344,3.57841,3.57841,5.82214,5.66811,6.24929,0.673291,0.772871,0.407514
1,3.584366063,7.59202,3.5616,3.5616,5.80217,5.64749,6.23125,1.06664,1.17087,0.78844
1,3.698760724,8.33703,3.51116,3.51116,5.74216,5.58554,6.17681,1.55259,1.6637,1.25607
1,3.736892278,8.01774,3.49435,3.49435,5.72212,5.56486,6.15856,1.37538,1.48521,1.08231
1,3.775023832,5.49889,3.47754,3.47754,5.70207,5.54417,6.14027,-0.121892,-0.0274563,-0.373818
1,3.775023832,7.00665,3.47754,3.47754,5.70207,5.54417,6.14027,0.782667,0.886768,0.504958
1,3.813155386,4.75388,3.46073,3.46073,5.682,5.52347,6.12193,-0.557561,-0.467295,-0.798301
1,3.889418494,8.58537,3.42711,3.42711,5.64183,5.48204,6.08514,1.77309,1.88963,1.46247
1,3.908484271,8.85144,3.4187,3.4187,5.63177,5.47168,6.07591,1.94073,2.05941,1.62448
1,3.965681602,7.37916,3.39349,3.39349,5.6016,5.44057,6.04818,1.07364,1.18375,0.780415
1,3.965681602,5.81818,3.39349,3.39349,5.6016,5.44057,6.04818,0.130814,0.230578,-0.134859
1,3.965681602,6.63415,3.39349,3.39349,5.6016,5.44057,6.04818,0.623655,0.728828,0.34358
1,4.003813155,6.84701,3.37668,3.37668,5.58147,5.41982,6.02965,0.765419,0.87271,0.479838
1,4.003813155,6.98891,3.37668,3.37668,5.58147,5.41982,6.02965,0.851247,0.959485,0.563146
1,4.061010486,8.03548,3.35147,3.35147,5.55126,5.38869,6.00179,1.50557,1.62194,1.19608
1,4.156339371,8.26608,3.30945,3.30945,5.50085,5.33675,5.95519,1.68161,1.80147,1.36328
1,4.194470925,7.96452,3.29264,3.29264,5.48068,5.31596,5.9365,1.51257,1.63114,1.19788
1,4.232602479,7.1663,3.27583,3.27583,5.46049,5.29517,5.91778,1.0402,1.154,0.738365
1,4.232602479,7.69845,3.27583,3.27583,5.46049,5.29517,5.91778,1.36471,1.4822,1.05308
1,4.289799809,8.07095,3.25062,3.25062,5.43019,5.26396,5.88965,1.61366,1.7349,1.29241
1,4.308865586,6.13747,3.24222,3.24222,5.42009,5.25356,5.88026,0.438665,0.546708,0.152489
1,4.308865586,6.66962,3.24222,3.24222,5.42009,5.25356,5.88026,0.764065,0.875849,0.467981
1,4.327931363,8.26608,3.23381,3.23381,5.40999,5.24316,5.87087,1.74765,1.87105,1.42091
1,4.327931363,5.78271,3.23381,3.23381,5.40999,5.24316,5.87087,0.228068,0.333957,-0.0523021
1,4.327931363,6.26164,3.23381,3.23381,5.40999,5.24316,5.87087,0.52113,0.630396,0.231817
1,4.34699714,7.62749,3.22541,3.22541,5.39988,5.23275,5.86147,1.36402,1.48331,1.04831
1,4.385128694,6.77605,3.2086,3.2086,5.37966,5.21193,5.84265,0.856229,0.970214,0.554759
1,4.423260248,6.91796,3.1918,3.1918,5.35944,5.19111,5.82381,0.956968,1.0727,0.651112
1,4.461391802,7.02439,3.17499,3.17499,5.33921,5.17028,5.80495,1.03618,1.15342,0.726582
1,4.499523356,7.52106,3.15819,3.15819,5.31897,5.14945,5.78607,1.3559,1.47749,1.03507
1,4.59485224,8.01774,3.11618,3.11618,5.26835,5.09734,5.73877,1.69879,1.82598,1.36388
1,4.652049571,7.66297,3.09097,3.09097,5.23796,5.06607,5.71035,1.50151,1.62727,1.1708
1,4.747378456,7.18404,3.04897,3.04897,5.1873,5.01393,5.66288,1.24068,1.36481,0.914994
1,4.766444233,4.36364,3.04057,3.04057,5.17716,5.0035,5.65338,-0.50584,-0.402712,-0.776293
1,4.804575786,4.75388,3.02377,3.02377,5.15688,4.98263,5.63436,-0.250935,-0.144183,-0.530637
1,4.880838894,8.01774,2.99017,2.99017,5.11631,4.9409,5.59628,1.81172,1.94504,1.46308
1,4.957102002,5.07317,2.95657,2.95657,5.07573,4.89915,5.55815,-0.00160441,0.110335,-0.293789
1,4.995233556,3.5122,2.93978,2.93978,5.05544,4.87827,5.53907,-0.967746,-0.867402,-1.22941
1,4.995233556,6.88248,2.93978,2.93978,5.05544,4.87827,5.53907,1.14572,1.27259,0.814855
1,4.995233556,7.02439,2.93978,2.93978,5.05544,4.87827,5.53907,1.2347,1.3627,0.900929
1,4.995233556,7.27273,2.93978,2.93978,5.05544,4.87827,5.53907,1.39043,1.52038,1.05156
1,4.995233556,6.17295,2.93978,2.93978,5.05544,4.87827,5.53907,0.700777,0.822069,0.384483
1,5.03336511,7.52106,2.92298,2.92298,5.03514,4.85739,5.51998,1.56111,1.69383,1.21534
1,5.03336511,5.46341,2.92298,2.92298,5.03514,4.85739,5.51998,0.268949,0.385372,-0.0343525
1,5.071496663,5.96009,2.90618,2.90618,5.01484,4.83651,5.50087,0.594445,0.715548,0.279262
1,5.147759771,7.41463,2.87259,2.87259,4.97422,4.79473,5.46263,1.5391,1.67344,1.19015
1,5.147759771,5.28603,2.87259,2.87259,4.97422,4.79473,5.46263,0.196649,0.313812,-0.107677
1,5.224022879,5.07317,2.83901,2.83901,4.9336,4.75295,5.42436,0.0882764,0.205148,-0.214682
1,5.300285987,7.94678,2.80543,2.80543,4.89297,4.71116,5.38605,1.93703,2.07911,1.56949
1,5.300285987,7.20177,2.80543,2.80543,4.89297,4.71116,5.38605,1.46447,1.60039,1.11287
1,5.319351764,2.44789,2.79703,2.79703,4.88281,4.70072,5.37647,-1.54557,-1.44868,-1.79611
1,5.319351764,6.56319,2.79703,2.79703,4.88281,4.70072,5.37647,1.06664,1.19767,0.727828
1,5.338417541,3.68958,2.78864,2.78864,4.87265,4.69027,5.36688,-0.751499,-0.643977,-1.02938
1,5.338417541,6.11973,2.78864,2.78864,4.87265,4.69027,5.36688,0.792167,0.919909,0.462033
1,5.338417541,5.74723,2.78864,2.78864,4.87265,4.69027,5.36688,0.555546,0.680189,0.233423
1,5.376549094,5.46341,2.77185,2.77185,4.85232,4.66937,5.34771,0.388733,0.511762,0.0711046
1,5.395614871,6.03104,2.76346,2.76346,4.84216,4.65892,5.33812,0.756828,0.884999,0.426094
1,5.452812202,6.97118,2.73828,2.73828,4.81167,4.62757,5.30934,1.3777,1.51501,1.02392
1,5.452812202,4.47007,2.73828,2.73828,4.81167,4.62757,5.30934,-0.217935,-0.101817,-0.517106
1,5.510009533,7.23725,2.7131,2.7131,4.78118,4.59622,5.28054,1.57031,1.71115,1.20799
1,5.52907531,6.75831,2.70471,2.70471,4.77102,4.58576,5.27094,1.27152,1.40868,0.918854
1,5.605338418,7.62749,2.67114,2.67114,4.73035,4.54395,5.23252,1.85906,2.00544,1.48347
1,5.605338418,6.56319,2.67114,2.67114,4.73035,4.54395,5.23252,1.17611,1.31325,0.824232
1,5.643469971,5.32151,2.65436,2.65436,4.71002,4.52305,5.2133,0.392957,0.520083,0.0671139
1,5.681601525,7.73392,2.63759,2.63759,4.68968,4.50214,5.19408,1.95915,2.10825,1.5774
1,5.681601525,5.56984,2.63759,2.63759,4.68968,4.50214,5.19408,0.566439,0.696516,0.233375
1,5.738798856,3.26386,2.61242,2.61242,4.65917,4.47077,5.16523,-0.899943,-0.789131,-1.18323
1,5.757864633,6.35033,2.60403,2.60403,4.64901,4.46032,5.15561,1.09812,1.23671,0.743976
1,5.834127741,5.10865,2.57049,2.57049,4.60832,4.4185,5.11713,0.32388,0.452977,-0.00529792
1,5.872259295,6.45676,2.55372,2.55372,4.58798,4.39758,5.09789,1.21152,1.35361,0.849609
1,5.929456625,0.674058,2.52857,2.52857,4.55747,4.36621,5.06901,-2.52317,-2.43264,-2.7534
1,5.929456625,5.90687,2.52857,2.52857,4.55747,4.36621,5.06901,0.87675,1.01509,0.524916
1,5.948522402,5.46341,2.52018,2.52018,4.5473,4.35576,5.05938,0.59567,0.730363,0.253295
1,5.986653956,4.1153,2.50342,2.50342,4.52695,4.33484,5.04012,-0.268056,-0.144983,-0.580565
1,6.02478551,5.1796,2.48666,2.48666,4.5066,4.31393,5.02086,0.438885,0.572568,0.0997866
1,6.062917064,3.97339,2.4699,2.4699,4.48626,4.29301,5.00159,-0.334954,-0.211725,-0.64721
1,6.081982841,3.77827,2.46152,2.46152,4.47608,4.28255,4.99196,-0.456082,-0.334311,-0.764484
1,6.101048618,4.93126,2.45314,2.45314,4.46591,4.27209,4.98232,0.304376,0.437334,-0.0321841
1,6.139180172,6.35033,2.43638,2.43638,4.44556,4.25118,4.96305,1.24771,1.39487,0.875606
1,6.139180172,6.102,2.43638,2.43638,4.44556,4.25118,4.96305,1.08504,1.22985,0.718864
1,6.234509056,5.97783,2.3945,2.3945,4.39469,4.19888,4.91486,1.0409,1.18669,0.673195
1,6.253574833,5.81818,2.38613,2.38613,4.38451,4.18842,4.90522,0.943331,1.08802,0.578589
1,6.253574833,5.00222,2.38613,2.38613,4.38451,4.18842,4.90522,0.40644,0.543288,0.061472
1,6.291706387,3.90244,2.36938,2.36938,4.36416,4.1675,4.88594,-0.304259,-0.177231,-0.624142
1,6.291706387,3.6541,2.36938,2.36938,4.36416,4.1675,4.88594,-0.467905,-0.343279,-0.781741
1,6.329837941,6.91796,2.35264,2.35264,4.34381,4.14658,4.86665,1.69883,1.85595,1.30357
1,6.329837941,4.15078,2.35264,2.35264,4.34381,4.14658,4.86665,-0.127393,0.00280873,-0.454927
1,6.348903718,6.4745,2.34427,2.34427,4.33363,4.13612,4.85701,1.41394,1.5672,1.02859
1,6.367969495,6.03104,2.3359,2.3359,4.32346,4.12566,4.84736,1.12862,1.278,0.753237
1,6.406101049,4.64745,2.31916,2.31916,4.3031,4.10474,4.82807,0.227937,0.364583,-0.115098
1,6.406101049,4.43459,2.31916,2.31916,4.3031,4.10474,4.82807,0.0870367,0.221587,-0.250739
1,6.444232602,7.13082,2.30243,2.30243,4.28275,4.08382,4.80878,1.88809,2.05014,1.4817
1,6.444232602,2.98004,2.30243,2.30243,4.28275,4.08382,4.80878,-0.863611,-0.742665,-1.16692
1,6.52049571,4.15078,2.26897,2.26897,4.24204,4.04198,4.77019,-0.0606852,0.0734338,-0.396339
1,6.52049571,4.96674,2.26897,2.26897,4.24204,4.04198,4.77019,0.481882,0.624178,0.125764
1,6.596758818,4.29268,2.23553,2.23553,4.20133,4.00014,4.73159,0.0609284,0.198082,-0.281618
1,6.615824595,5.25055,2.22717,2.22717,4.19115,3.98967,4.72194,0.707109,0.854411,0.339407
1,6.634890372,5.03769,2.21881,2.21881,4.18097,3.97921,4.71229,0.572261,0.717827,0.209076
1,6.673021926,5.60532,2.2021,2.2021,4.16062,3.95829,4.69299,0.966481,1.11873,0.587002
1,6.749285033,3.58315,2.16869,2.16869,4.1199,3.91645,4.65438,-0.360175,-0.227111,-0.691153
1,6.787416587,4.5765,2.15199,2.15199,4.09955,3.89552,4.63507,0.320532,0.464757,-0.0378441
1,6.787416587,5.00222,2.15199,2.15199,4.09955,3.89552,4.63507,0.606636,0.755308,0.237212
1,6.863679695,5.92461,2.1186,2.1186,4.05883,3.85368,4.59645,1.25773,1.41791,0.860514
1,6.882745472,4.77162,2.11026,2.11026,4.04865,3.84322,4.5868,0.487728,0.63616,0.119831
1,6.95900858,5.12639,2.07689,2.07689,4.00794,3.80137,4.54817,0.75685,0.910842,0.375938
1,6.978074357,2.60754,2.06856,2.06856,3.99776,3.79091,4.53851,-0.94148,-0.814126,-1.25634
1,6.978074357,6.06652,2.06856,2.06856,3.99776,3.79091,4.53851,1.401,1.56556,0.994159
1,6.978074357,4.00887,2.06856,2.06856,3.99776,3.79091,4.53851,0.00752472,0.14995,-0.344599
1,6.978074357,3.90244,2.06856,2.06856,3.99776,3.79091,4.53851,-0.0645516,0.0767295,-0.413845
1,6.978074357,3.68958,2.06856,2.06856,3.99776,3.79091,4.53851,-0.208704,-0.0697126,-0.552337
1,7.01620591,5.55211,2.05189,2.05189,3.9774,3.76999,4.5192,1.06806,1.22802,0.67298
1,7.01620591,3.49446,2.05189,2.05189,3.9774,3.76999,4.5192,-0.327561,-0.189862,-0.667658
1,7.054337464,3.83149,2.03522,2.03522,3.95704,3.74906,4.49988,-0.0852905,0.0568873,-0.436098
1,7.092469018,5.33925,2.01857,2.01857,3.93668,3.72814,4.48056,0.954245,1.11377,0.561041
1,7.092469018,4.64745,2.01857,2.01857,3.93668,3.72814,4.48056,0.483577,0.635523,0.109039
1,7.20686368,3.40576,1.96863,1.96863,3.8756,3.66537,4.42261,-0.321148,-0.18034,-0.667198
1,7.244995234,3.22838,1.952,1.952,3.85525,3.64445,4.40329,-0.429145,-0.289498,-0.772003
1,7.244995234,5.97783,1.952,1.952,3.85525,3.64445,4.40329,1.4531,1.62356,1.03459
1,7.283126787,3.86696,1.93537,1.93537,3.83489,3.62352,4.38397,0.0219934,0.169659,-0.340193
1,7.321258341,2.87361,1.91876,1.91876,3.81453,3.6026,4.36464,-0.64615,-0.508881,-0.982505
1,7.321258341,5.32151,1.91876,1.91876,3.81453,3.6026,4.36464,1.03489,1.19991,0.63052
1,7.321258341,4.25721,1.91876,1.91876,3.81453,3.6026,4.36464,0.304,0.456957,-0.070795
1,7.321258341,3.97339,1.91876,1.91876,3.81453,3.6026,4.36464,0.109098,0.258836,-0.257812
1,7.359389895,3.72506,1.90215,1.90215,3.79417,3.58168,4.34532,-0.0475351,0.10025,-0.409302
1,7.359389895,4.7184,1.90215,1.90215,3.79417,3.58168,4.34532,0.63569,0.794804,0.246191
1,7.397521449,4.07982,1.88554,1.88554,3.77381,3.56076,4.326,0.210807,0.363528,-0.162677
1,7.435653003,3.97339,1.86895,1.86895,3.75345,3.53983,4.30667,0.151752,0.30414,-0.220553
1,7.473784557,3.29933,1.85237,1.85237,3.73309,3.51891,4.28735,-0.299742,-0.154285,-0.654768
1,7.473784557,5.88914,1.85237,1.85237,3.73309,3.51891,4.28735,1.48992,1.66543,1.06152
1,7.511916111,3.86696,1.83579,1.83579,3.71273,3.49799,4.26802,0.106749,0.259684,-0.266168
1,7.607244995,1.04656,1.79439,1.79439,3.66183,3.44569,4.21971,-1.81724,-1.69547,-2.11345
1,7.607244995,2.55432,1.79439,1.79439,3.66183,3.44569,4.21971,-0.769562,-0.62993,-1.10922
1,7.626310772,4.1153,1.78612,1.78612,3.65165,3.43523,4.21004,0.322425,0.481009,-0.0631489
1,7.626310772,3.97339,1.78612,1.78612,3.65165,3.43523,4.21004,0.223742,0.38064,-0.157733
1,7.664442326,4.7184,1.76959,1.76959,3.63129,3.4143,4.19072,0.757183,0.923901,0.352222
1,7.740705434,3.58315,1.73655,1.73655,3.59057,3.37246,4.15206,-0.00518825,0.149757,-0.380835
1,7.740705434,5.35698,1.73655,1.73655,3.59057,3.37246,4.15206,1.23423,1.41062,0.806589
1,7.778836988,3.22838,1.72005,1.72005,3.57022,3.35154,4.13273,-0.239226,-0.0876901,-0.606256
1,7.797902765,4.27494,1.7118,1.7118,3.56004,3.34108,4.12307,0.500714,0.665455,0.101889
1,7.912297426,5.42794,1.66239,1.66239,3.49896,3.27833,4.06508,1.35751,1.53946,0.918279
1,7.931363203,4.86031,1.65417,1.65417,3.48878,3.26787,4.05541,0.965984,1.1414,0.542725
1,7.969494757,0.461197,1.63773,1.63773,3.46842,3.24695,4.03608,-2.12142,-2.00006,-2.41398
1,7.969494757,3.44124,1.63773,1.63773,3.46842,3.24695,4.03608,-0.0191751,0.139494,-0.401673
1,7.969494757,2.83814,1.63773,1.63773,3.46842,3.24695,4.03608,-0.444629,-0.29351,-0.808925
1,7.988560534,1.54324,1.62952,1.62952,3.45824,3.23649,4.02642,-1.35201,-1.21671,-1.67802
1,8.007626311,3.33481,1.62131,1.62131,3.44807,3.22603,4.01675,-0.0800224,0.0782307,-0.461159
1,8.026692088,4.55876,1.6131,1.6131,3.43789,3.21557,4.00709,0.792613,0.966783,0.373338
1,8.083889418,3.86696,1.58851,1.58851,3.40735,3.1842,3.97809,0.325795,0.492674,-0.0753695
1,8.083889418,2.55432,1.58851,1.58851,3.40735,3.1842,3.97809,-0.604667,-0.45451,-0.965634
1,8.141086749,1.38359,1.56396,1.56396,3.37682,3.15283,3.94909,-1.41632,-1.27989,-1.74381
1,8.160152526,1.84479,1.55578,1.55578,3.36664,3.14237,3.93943,-1.08225,-0.939482,-1.42481
1,8.236415634,4.00887,1.52312,1.52312,3.32593,3.10054,3.90076,0.487242,0.659885,0.0737517
1,8.236415634,2.16408,1.52312,1.52312,3.32593,3.10054,3.90076,-0.828913,-0.680322,-1.1848
1,8.236415634,4.7184,1.52312,1.52312,3.32593,3.10054,3.90076,0.993455,1.17535,0.557809
1,8.312678742,2.98004,1.49053,1.49053,3.28522,3.05872,3.8621,-0.218431,-0.0573474,-0.603531
1,8.312678742,5.25055,1.49053,1.49053,3.28522,3.05872,3.8621,1.40672,1.59775,0.950026
1,8.331744519,1.20621,1.4824,1.4824,3.27504,3.04826,3.85243,-1.482,-1.34391,-1.81197
1,8.350810296,4.00887,1.47427,1.47427,3.26486,3.0378,3.84277,0.533402,0.709069,0.11382
1,8.350810296,3.47672,1.47427,1.47427,3.26486,3.0378,3.84277,0.151887,0.320494,-0.250833
1,8.369876072,2.80266,1.46615,1.46615,3.25468,3.02735,3.8331,-0.324333,-0.164206,-0.706625
1,8.408007626,2.19956,1.44992,1.44992,3.23433,3.00644,3.81377,-0.743677,-0.590693,-1.10859
1,8.465204957,2.30599,1.42561,1.42561,3.2038,2.97508,3.78477,-0.64683,-0.491077,-1.01784
1,8.465204957,5.32151,1.42561,1.42561,3.2038,2.97508,3.78477,1.5257,1.72216,1.05773
1,8.503336511,2.44789,1.40944,1.40944,3.18345,2.95417,3.76544,-0.530799,-0.372217,-0.90821
1,8.579599619,2.94457,1.37717,1.37717,3.14274,2.91236,3.72677,-0.143481,0.0237629,-0.540798
1,8.598665396,2.23503,1.36912,1.36912,3.13257,2.90191,3.71711,-0.650355,-0.492401,-1.02544
1,8.617731173,3.5122,1.36107,1.36107,3.12239,2.89145,3.70744,0.282683,0.458735,-0.135189
1,8.617731173,2.76718,1.36107,1.36107,3.12239,2.89145,3.70744,-0.257597,-0.0918363,-0.651043
1,8.732125834,5.62306,1.31295,1.31295,3.06135,2.82875,3.64944,1.86697,2.07576,1.37271
1,8.751191611,3.08647,1.30495,1.30495,3.05117,2.8183,3.63978,0.0257495,0.199387,-0.385125
1,8.808388942,3.90244,1.28101,1.28101,3.02065,2.78695,3.61078,0.644779,0.831522,0.20347
1,8.88465205,6.66962,1.24921,1.24921,2.97996,2.74517,3.57211,2.70694,2.93564,2.16742
1,8.903717827,7.02439,1.24128,1.24128,2.96979,2.73472,3.56245,2.97716,3.21163,2.42425
1,8.94184938,1.54324,1.22544,1.22544,2.94944,2.71383,3.54311,-1.03426,-0.877942,-1.40255
1,8.979980934,2.55432,1.20964,1.20964,2.9291,2.69294,3.52378,-0.276108,-0.104144,-0.680927
1,8.979980934,5.28603,1.20964,1.20964,2.9291,2.69294,3.52378,1.7364,1.94822,1.23777
1,9.037178265,1.17073,1.18602,1.18602,2.89859,2.66161,3.49478,-1.27615,-1.12307,-1.63608
1,9.075309819,4.15078,1.17032,1.17032,2.87825,2.64073,3.47545,0.941435,1.13951,0.476137
1,9.151572927,3.68958,1.13904,1.13904,2.83758,2.59897,3.43679,0.63245,0.825898,0.178773
1,9.151572927,1.38359,1.13904,1.13904,2.83758,2.59897,3.43679,-1.07931,-0.920378,-1.45202
1,9.208770257,1.11752,1.1157,1.1157,2.80707,2.56765,3.40779,-1.25735,-1.10107,-1.6234
1,9.246901811,1.72062,1.1002,1.1002,2.78674,2.54678,3.38846,-0.794736,-0.628405,-1.18402
1,9.304099142,4.15078,1.07703,1.07703,2.75624,2.51548,3.35947,1.0422,1.24718,0.563051
1,9.304099142,2.94457,1.07703,1.07703,2.75624,2.51548,3.35947,0.140745,0.327251,-0.29522
1,9.304099142,2.73171,1.07703,1.07703,2.75624,2.51548,3.35947,-0.0183352,0.164911,-0.446679
1,9.304099142,1.88027,1.07703,1.07703,2.75624,2.51548,3.35947,-0.654656,-0.48445,-1.05252
1,9.342230696,3.40576,1.06165,1.06165,2.73591,2.49461,3.34014,0.501462,0.696137,0.0467684
1,9.342230696,2.51885,1.06165,1.06165,2.73591,2.49461,3.34014,-0.162498,0.0185162,-0.585283
1,9.456625357,4.39911,1.01581,1.01581,2.67493,2.43204,3.28215,1.29736,1.51094,0.799678
1,9.475691134,1.91574,1.00822,1.00822,2.66477,2.42161,3.27249,-0.564087,-0.388913,-0.972098
1,9.532888465,2.76718,0.985541,0.985541,2.63429,2.39034,3.24349,0.100337,0.2905,-0.342066
1,9.571020019,1.0643,0.970494,0.970494,2.61397,2.36949,3.22417,-1.17205,-1.00794,-1.55353
1,9.571020019,1.73836,0.970494,0.970494,2.61397,2.36949,3.22417,-0.662245,-0.487399,-1.0687
1,9.609151573,0.248337,0.955509,0.955509,2.59366,2.34866,3.20484,-1.77686,-1.6249,-2.12984
1,9.666348904,2.02217,0.933153,0.933153,2.56319,2.31741,3.17585,-0.410943,-0.229024,-0.833039
1,9.723546235,3.58315,0.910947,0.910947,2.53273,2.28617,3.14686,0.799942,1.00885,0.315769
1,9.742612011,4.54102,0.90358,0.90358,2.52257,2.27576,3.1372,1.53846,1.76361,1.01683
1,9.818875119,4.20399,0.874292,0.874292,2.48197,2.23413,3.09855,1.31708,1.5392,0.803214
1,9.87607245,4.96674,0.852523,0.852523,2.45152,2.20292,3.06956,1.92876,2.16547,1.38174
1,9.971401335,7.21951,0.816638,0.816638,2.4008,2.15094,3.02126,3.71127,3.98938,3.06969
1,9.990467112,3.1929,0.809522,0.809522,2.39066,2.14055,3.0116,0.618414,0.829044,0.132672
1,10.06673022,1.84479,0.781278,0.781278,2.3501,2.09901,2.97296,-0.390881,-0.20101,-0.828163
1,10.06673022,2.94457,0.781278,0.781278,2.3501,2.09901,2.97296,0.459852,0.668574,-0.0208421
1,10.14299333,1.02882,0.753394,0.753394,2.30956,2.0575,2.93432,-0.994189,-0.816353,-1.40322
1,10.21925643,1.41907,0.725888,0.725888,2.26903,2.01602,2.89569,-0.662123,-0.475487,-1.09086
1,10.21925643,1.91574,0.725888,0.725888,2.26903,2.01602,2.89569,-0.275213,-0.079875,-0.72394
1,10.29551954,2.62528,0.69878,0.69878,2.22853,1.97458,2.85706,0.31016,0.520208,-0.17178
1,10.3336511,0.31929,0.685381,0.685381,2.20829,1.95388,2.83775,-1.47934,-1.30922,-1.86945
1,10.3336511,0.709534,0.685381,0.685381,2.20829,1.95388,2.83775,-1.17373,-0.996657,-1.57977
1,10.3336511,1.84479,0.685381,0.685381,2.20829,1.95388,2.83775,-0.284668,-0.0873768,-0.737075
1,10.3336511,2.80266,0.685381,0.685381,2.20829,1.95388,2.83775,0.465478,0.679828,-0.0260483
1,10.37178265,2.30599,0.672089,0.672089,2.18805,1.93319,2.81844,0.0925255,0.299145,-0.381004
1,10.4099142,2.73171,0.658906,0.658906,2.16782,1.91251,2.79913,0.443171,0.658571,-0.0502097
1,10.44804576,3.4235,0.645834,0.645834,2.14759,1.89184,2.77982,1.00454,1.23362,0.480107
1,10.44804576,2.02217,0.645834,0.645834,2.14759,1.89184,2.77982,-0.0987448,0.104972,-0.565115
1,10.56244042,0,0.607311,0.607311,2.08696,1.82991,2.72191,-1.6519,-1.48209,-2.04005
1,10.60057197,3.29933,0.59471,0.59471,2.06676,1.8093,2.70261,0.977362,1.20907,0.447967
1,10.60057197,1.73836,0.59471,0.59471,2.06676,1.8093,2.70261,-0.260408,-0.0575641,-0.723863
1,10.67683508,2.98004,0.569879,0.569879,2.0264,1.76812,2.66401,0.758902,0.987079,0.238021
1,10.71496663,1.73836,0.557655,0.557655,2.00623,1.74756,2.64471,-0.213549,-0.00750406,-0.683717
1,10.73403241,3.37029,0.551591,0.551591,1.99615,1.73728,2.63506,1.09647,1.33378,0.555079
1,10.81029552,3.1929,0.527669,0.527669,1.95584,1.69622,2.59648,0.990648,1.22703,0.451759
1,10.88655863,6.42129,0.50429,0.50429,1.91558,1.65524,2.5579,3.62123,3.92205,2.93585
1,10.9056244,3.051,0.498532,0.498532,1.90552,1.64501,2.54826,0.921447,1.1581,0.382355
1,10.94375596,0.390244,0.487123,0.487123,1.88542,1.62457,2.52897,-1.20493,-1.01862,-1.62925
1,10.94375596,1.02882,0.487123,0.487123,1.88542,1.62457,2.52897,-0.690311,-0.491632,-1.14279
1,10.96282173,1.27716,0.481471,0.481471,1.87537,1.61435,2.51933,-0.482519,-0.278527,-0.947043
1,11.05815062,2.23503,0.453759,0.453759,1.82517,1.56338,2.47114,0.332099,0.55742,-0.180748
1,11.05815062,1.95122,0.453759,0.453759,1.82517,1.56338,2.47114,0.102133,0.321878,-0.398022
1,11.09628217,0.177384,0.442933,0.442933,1.80512,1.54303,2.45186,-1.3213,-1.13552,-1.7441
1,11.13441373,2.19956,0.432257,0.432257,1.78508,1.52272,2.43259,0.337063,0.563847,-0.17899
1,11.22974261,2.53659,0.406233,0.406233,1.73505,1.47205,2.38443,0.654801,0.891011,0.117351
1,11.24880839,0.603104,0.401144,0.401144,1.72505,1.46195,2.3748,-0.917388,-0.719529,-1.36758
1,11.30600572,4.38137,0.386111,0.386111,1.6951,1.43167,2.34592,2.20252,2.47825,1.5751
1,11.3250715,0,0.381179,0.381179,1.68512,1.4216,2.33629,-1.38292,-1.19551,-1.8094
1,11.3250715,0.886918,0.381179,0.381179,1.68512,1.4216,2.33629,-0.655058,-0.449647,-1.1225
1,11.3250715,2.80266,0.381179,0.381179,1.68512,1.4216,2.33629,0.917123,1.16142,0.36119
1,11.36320305,1.45455,0.371433,0.371433,1.66519,1.40148,2.31704,-0.173182,0.0447105,-0.669095
1,11.4013346,1.0643,0.361846,0.361846,1.64527,1.3814,2.2978,-0.478527,-0.267677,-0.9585
1,11.43946616,1.59645,0.352419,0.352419,1.62538,1.36136,2.27856,-0.0238673,0.198829,-0.530922
1,11.55386082,0.957871,0.325106,0.325106,1.56583,1.3015,2.22087,-0.50444,-0.292271,-0.988012
1,11.59199237,1.24169,0.316326,0.316326,1.54603,1.28164,2.20164,-0.252987,-0.0340443,-0.752217
1,11.59199237,4.39911,0.316326,0.316326,1.54603,1.28164,2.20164,2.37164,2.65658,1.72192
1,11.63012393,2.87361,0.307708,0.307708,1.52625,1.26182,2.18243,1.12206,1.37609,0.54252
1,11.74451859,2.55432,0.282831,0.282831,1.4671,1.20271,2.12482,0.910422,1.16049,0.338836
1,11.8207817,1.70288,0.267059,0.267059,1.42783,1.1636,2.08644,0.231178,0.464771,-0.303611
1,11.87797903,6.31486,0.255655,0.255655,1.39846,1.13443,2.05767,4.14351,4.47721,3.37843
1,11.8970448,1.80931,0.251934,0.251934,1.38868,1.12474,2.04809,0.354829,0.592197,-0.189651
1,11.93517636,0.425721,0.244612,0.244612,1.36917,1.10542,2.02893,-0.797328,-0.589082,-1.27553
1,11.97330791,0.141907,0.23745,0.23745,1.34969,1.08617,2.00977,-1.0226,-0.8199,-1.48863
1,11.97330791,0.993348,0.23745,0.23745,1.34969,1.08617,2.00977,-0.301709,-0.0805947,-0.810055
1,12.01143947,0.283814,0.230447,0.230447,1.33026,1.06699,1.99062,-0.887629,-0.681298,-1.36259
1,12.04957102,0.815965,0.223601,0.223601,1.31086,1.04789,1.97149,-0.420563,-0.202134,-0.924059
1,12.12583413,0.815965,0.210379,0.210379,1.27221,1.00995,1.93324,-0.389145,-0.169692,-0.896533
1,12.16396568,1.09978,0.203999,0.203999,1.25296,0.991111,1.91413,-0.130892,0.0952326,-0.654579
1,12.27836034,1.88027,0.185769,0.185769,1.19551,0.935161,1.85687,0.588339,0.832821,0.0189065
1,12.3164919,0.10643,0.17999,0.17999,1.17647,0.916713,1.8378,-0.921055,-0.715314,-1.40128
1,12.3164919,0.851441,0.17999,0.17999,1.17647,0.916713,1.8378,-0.279775,-0.0576214,-0.798306
1,12.3164919,1.41907,0.17999,0.17999,1.17647,0.916713,1.8378,0.20882,0.443478,-0.338899
1,12.43088656,1.34812,0.163522,0.163522,1.11972,0.862029,1.78068,0.197673,0.43144,-0.351912
1,12.46901811,0.780488,0.158315,0.158315,1.10093,0.844034,1.76167,-0.277845,-0.0565031,-0.799614
1,12.58341277,0.266075,0.143516,0.143516,1.045,0.790811,1.70472,-0.679051,-0.469053,-1.17853
1,12.58341277,2.87361,0.143516,0.143516,1.045,0.790811,1.70472,1.59414,1.86178,0.957548
1,12.60247855,4.87805,0.141167,0.141167,1.03575,0.782057,1.69525,3.35265,3.66454,2.60959
1,12.73593899,2.23503,0.125617,0.125617,0.971542,0.721784,1.62903,1.10941,1.36205,0.499891
1,12.8122021,1.56098,0.117411,0.117411,0.935345,0.688183,1.5913,0.551292,0.788246,-0.025104
1,12.92659676,1.63193,0.105979,0.105979,0.881793,0.639027,1.53487,0.664503,0.901186,0.080764
1,12.96472831,4.32816,0.102393,0.102393,0.864156,0.622992,1.51611,3.07393,3.36839,2.34404
1,12.96472831,1.27716,0.102393,0.102393,0.864156,0.622992,1.51611,0.366498,0.594709,-0.199177
1,13.04099142,0.674058,0.0955418,0.0955418,0.829223,0.591475,1.47866,-0.13817,0.0753167,-0.673034
1,13.15538608,1.73836,0.0860329,0.0860329,0.777738,0.545654,1.4227,0.859806,1.09287,0.265433
1,13.19351764,1.9867,0.0830585,0.0830585,0.760836,0.530785,1.4041,1.09906,1.33608,0.490745
1,13.26978074,0.745011,0.0773881,0.0773881,0.727447,0.50168,1.36702,0.0157998,0.22397,-0.525777
1,13.3079123,0.0709534,0.0746874,0.0746874,0.710969,0.487452,1.34853,-0.576693,-0.383921,-1.08181
1,13.34604385,0.567627,0.0720734,0.0720734,0.694641,0.473446,1.33007,-0.114635,0.08694,-0.646743
1,13.49857007,1.09978,0.0624384,0.0624384,0.630909,0.419705,1.25665,0.425909,0.631279,-0.134002
1,13.53670162,0.709534,0.0602239,0.0602239,0.615393,0.406857,1.23841,0.0856503,0.281335,-0.452544
1,13.57483317,1.70288,0.0580828,0.0580828,0.600053,0.394249,1.22021,1.00493,1.21795,0.41373
1,13.61296473,4.1153,0.056013,0.056013,0.584892,0.381884,1.20206,3.22196,3.47918,2.50147
1,13.89895138,2.46563,0.0425618,0.0425618,0.47732,0.297054,1.06769,1.8347,2.03889,1.21601
1,13.99428027,4.89579,0.038805,0.038805,0.44404,0.271918,1.0237,4.12195,4.35885,3.38261
1,13.99428027,1.27716,0.038805,0.038805,0.44404,0.271918,1.0237,0.771401,0.947627,0.221422
1,14.0514776,1.91574,0.0367053,0.0367053,0.424728,0.257591,0.99752,1.38332,1.56547,0.8042
1,14.2993327,0.886918,0.0288021,0.0288021,0.346969,0.201912,0.886232,0.505013,0.650535,0.000607011
1,14.2993327,0.638581,0.0288021,0.0288021,0.346969,0.201912,0.886232,0.272744,0.414695,-0.219284
1,14.37559581,1.0643,0.0267204,0.0267204,0.325033,0.186815,0.852778,0.693024,0.834666,0.187915
1,14.45185891,1.27716,0.024785,0.024785,0.304048,0.172635,0.81974,0.914248,1.05221,0.407705
1,14.48999047,0.425721,0.023869,0.023869,0.293914,0.16588,0.803385,0.123966,0.247711,-0.337165
1,14.56625357,0.709534,0.0221349,0.0221349,0.274361,0.153022,0.771021,0.410126,0.531261,-0.055071
1,14.60438513,1.84479,0.0213145,0.0213145,0.264941,0.146911,0.75502,1.49039,1.62189,0.977619
1,14.60438513,1.9867,0.0213145,0.0213145,0.264941,0.146911,0.75502,1.62426,1.75745,1.10492
1,14.90943756,1.27716,0.0157381,0.0157381,0.197993,0.105083,0.631803,1.02529,1.12464,0.586175
1,15.02383222,0.638581,0.0140397,0.0140397,0.176608,0.0923331,0.588038,0.439906,0.524856,0.0461122
1,15.36701621,0.10643,0.00995551,0.00995551,0.123531,0.0620273,0.466017,-0.0163765,0.042803,-0.332193
1,15.40514776,0.638581,0.00958153,0.00958153,0.118577,0.0592991,0.453388,0.498237,0.558575,0.171307
1,15.55767398,0.496674,0.00821965,0.00821965,0.100456,0.0494701,0.404862,0.38037,0.431675,0.0853561
1,15.90085796,1.13525,0.00581717,0.00581717,0.0684248,0.0326954,0.307837,1.02769,1.0662,0.777057
1,15.97712107,0.567627,0.00538636,0.00538636,0.0627198,0.0297917,0.288627,0.48668,0.520262,0.262547
1,16.01525262,0.674058,0.005183,0.005183,0.060036,0.0284348,0.279345,0.592026,0.624619,0.371799
1,16.2821735,1.09978,0.00395805,0.00395805,0.0440552,0.0204809,0.220334,1.01966,1.04508,0.833562
1,16.32030505,1.31264,0.00380838,0.00380838,0.0421316,0.0195386,0.212742,1.22736,1.25223,1.04335
1,16.47283127,0.922395,0.00326398,0.00326398,0.0352091,0.0161758,0.184393,0.857696,0.877899,0.702168
1,16.54909438,0.141907,0.0030216,0.0030216,0.0321707,0.0147143,0.171398,0.106123,0.123237,-0.0280975
1,16.62535748,0,0.00279715,0.00279715,0.0293858,0.0133828,0.159159,-0.0284269,-0.0129685,-0.151838
1,16.89227836,0.851441,0.00213469,0.00213469,0.0213611,0.00959258,0.12192,0.803689,0.816121,0.698735
1,17.04480458,1.0643,0.00182904,0.00182904,0.0177812,0.0079259,0.10422,1.01364,1.02428,0.921309
1,17.57864633,0.425721,0.00106458,0.00106458,0.00931295,0.00405471,0.0589567,0.403694,0.409025,0.353667
1,18.03622498,2.37694,0.000669239,0.000669239,0.00532951,0.00227867,0.0355133,2.30019,2.30391,2.26352
1,19.04671115,1.56098,0.000239975,0.000239975,0.0015448,0.000636563,0.0112238,1.51309,1.51412,1.50213
2,0.000224299,0.556237,5.1421,5.1421,5.65228,5.6531,5.67825,-3.06752,-3.06785,-3.07779
2,0.045084112,2.87935,5.12232,5.12232,5.63915,5.63996,5.66517,-1.66271,-1.66311,-1.67546
2,0.067514019,2.97751,5.11243,5.11243,5.63258,5.63339,5.65863,-1.60032,-1.60072,-1.61319
2,0.134803738,4.05726,5.08275,5.08275,5.61289,5.61368,5.639,-0.938882,-0.939309,-0.952969
2,0.157233645,3.27198,5.07286,5.07286,5.60632,5.60711,5.63246,-1.40949,-1.40989,-1.42277
2,0.269383178,3.40286,5.0234,5.0234,5.57349,5.57425,5.59975,-1.31355,-1.31394,-1.32709
2,0.426392523,2.01227,4.95416,4.95416,5.52753,5.52825,5.55397,-2.13387,-2.1342,-2.14607
2,0.426392523,4.13906,4.95416,4.95416,5.52753,5.52825,5.55397,-0.842845,-0.84324,-0.857355
2,0.51611215,4.90798,4.9146,4.9146,5.50127,5.50197,5.5278,-0.36079,-0.361197,-0.376246
2,0.650691589,3.81186,4.85525,4.85525,5.46188,5.46254,5.48855,-1.00608,-1.00644,-1.0205
2,0.650691589,3.5501,4.85525,4.85525,5.46188,5.46254,5.48855,-1.16569,-1.16604,-1.17981
2,0.673121495,2.86299,4.84536,4.84536,5.45531,5.45597,5.48201,-1.58136,-1.58169,-1.59474
2,0.762841121,3.09202,4.80579,4.80579,5.42905,5.42969,5.45585,-1.42817,-1.4285,-1.44191
2,0.807700935,5.51329,4.78601,4.78601,5.41592,5.41654,5.44276,0.0595581,0.0591746,0.0430603
2,0.897420561,4.25358,4.74644,4.74644,5.38966,5.39026,5.4166,-0.696136,-0.696476,-0.711334
2,0.9198504669999999,3.01022,4.73655,4.73655,5.38309,5.38369,5.41006,-1.45464,-1.45494,-1.46846
2,0.9198504669999999,4.79346,4.73655,4.73655,5.38309,5.38369,5.41006,-0.361464,-0.361814,-0.377298
2,0.96471028,5.97137,4.71676,4.71676,5.36996,5.37055,5.39697,0.369012,0.368639,0.351787
2,0.96471028,4.98978,4.71676,4.71676,5.36996,5.37055,5.39697,-0.233275,-0.233624,-0.249388
2,0.9871401869999999,3.51738,4.70687,4.70687,5.3634,5.36397,5.39043,-1.13319,-1.1335,-1.14766
2,0.9871401869999999,4.07362,4.70687,4.70687,5.3634,5.36397,5.39043,-0.791737,-0.79206,-0.806839
2,1.054429907,3.3865,4.6772,4.6772,5.3437,5.34426,5.37081,-1.20306,-1.20336,-1.21746
2,1.121719626,3.1411,4.64752,4.64752,5.324,5.32455,5.35118,-1.34361,-1.3439,-1.35781
2,1.211439252,4.30266,4.60796,4.60796,5.29774,5.29826,5.32502,-0.613597,-0.613897,-0.629237
2,1.278728972,5.20245,4.57828,4.57828,5.27805,5.27855,5.3054,-0.0466749,-0.046985,-0.0634434
2,1.323588785,5.48057,4.5585,4.5585,5.26491,5.26541,5.29231,0.133283,0.132973,0.11613
2,1.346018692,4.10634,4.54861,4.54861,5.25835,5.25884,5.28577,-0.712294,-0.712571,-0.727872
2,1.390878505,7.00204,4.52883,4.52883,5.24522,5.24569,5.27269,1.08724,1.08691,1.06821
2,1.413308411,5.10429,4.51894,4.51894,5.23865,5.23912,5.26615,-0.083187,-0.0834759,-0.100021
2,1.435738318,7.62372,4.50904,4.50904,5.23209,5.23255,5.25961,1.48145,1.48111,1.46162
2,1.480598131,5.79141,4.48926,4.48926,5.21895,5.21941,5.24652,0.354918,0.354625,0.337183
2,1.480598131,5.62781,4.48926,4.48926,5.21895,5.21941,5.24652,0.253488,0.253198,0.235946
2,1.503028037,4.76074,4.47937,4.47937,5.21239,5.21284,5.23998,-0.280148,-0.280418,-0.296696
2,1.660037383,6.11861,4.41013,4.41013,5.16643,5.16684,5.19419,0.592496,0.592225,0.574115
2,1.660037383,4.92434,4.41013,4.41013,5.16643,5.16684,5.19419,-0.150644,-0.150894,-0.167595
2,1.727327103,4.05726,4.38046,4.38046,5.14673,5.14713,5.17457,-0.678857,-0.679083,-0.694855
2,1.817046729,6.51125,4.34089,4.34089,5.12047,5.12084,5.1484,0.868185,0.867931,0.849097
2,1.884336449,5.07157,4.31122,4.31122,5.10078,5.10113,5.12878,-0.0182538,-0.0184741,-0.0356887
2,1.929196262,3.58282,4.29143,4.29143,5.08765,5.08799,5.1157,-0.941532,-0.941723,-0.957208
2,1.951626168,6.31493,4.28154,4.28154,5.08108,5.08142,5.10916,0.772344,0.772115,0.753292
2,1.974056075,5.62781,4.27165,4.27165,5.07451,5.07485,5.10261,0.346503,0.346288,0.328261
2,1.996485981,1.68507,4.26176,4.26176,5.06795,5.06827,5.09607,-2.1195,-2.11966,-2.13293
2,2.041345794,6.72393,4.24198,4.24198,5.05482,5.05513,5.08299,1.04672,1.0465,1.02703
2,2.131065421,4.97342,4.20242,4.20242,5.02856,5.02885,5.05683,-0.0346436,-0.0348259,-0.0523002
2,2.153495327,6.21677,4.19252,4.19252,5.02199,5.02228,5.05028,0.750987,0.750792,0.731751
2,2.175925234,6.49489,4.18263,4.18263,5.01543,5.01571,5.04374,0.930356,0.930161,0.910739
2,2.243214953,2.94479,4.15296,4.15296,4.99573,4.99599,5.02412,-1.29152,-1.29166,-1.30679
2,2.310504673,4.23722,4.12329,4.12329,4.97603,4.97628,5.00449,-0.465889,-0.466037,-0.48287
2,2.377794393,5.12065,4.09361,4.09361,4.95634,4.95657,4.98487,0.103761,0.103614,0.0855705
2,2.422654206,3.58282,4.07383,4.07383,4.94321,4.94342,4.97179,-0.859832,-0.859957,-0.876131
2,2.422654206,7.80368,4.07383,4.07383,4.94321,4.94342,4.97179,1.80797,1.8078,1.7863
2,2.422654206,5.21881,4.07383,4.07383,4.94321,4.94342,4.97179,0.174198,0.174058,0.155818
2,2.512373832,4.95706,4.03427,4.03427,4.91694,4.91714,4.94562,0.0253991,0.0252748,0.00722414
2,2.534803738,7.0184,4.02438,4.02438,4.91038,4.91057,4.93908,1.33547,1.33533,1.31462
2,2.534803738,5.62781,4.02438,4.02438,4.91038,4.91057,4.93908,0.454507,0.45438,0.435439
2,2.534803738,4.51534,4.02438,4.02438,4.91038,4.91057,4.93908,-0.250266,-0.250383,-0.267906
2,2.669383178,5.54601,3.96503,3.96503,4.87099,4.87114,4.89984,0.428834,0.42873,0.40967
2,2.669383178,5.05521,3.96503,3.96503,4.87099,4.87114,4.89984,0.117037,0.116936,0.0985086
2,2.669383178,4.35174,3.96503,3.96503,4.87099,4.87114,4.89984,-0.329873,-0.329968,-0.347489
2,2.736672897,3.48466,3.93536,3.93536,4.85129,4.85143,4.88021,-0.869417,-0.869497,-0.885996
2,2.826392523,5.95501,3.8958,3.8958,4.82503,4.82515,4.85405,0.720208,0.720127,0.700268
2,2.91611215,3.10838,3.85624,3.85624,4.79877,4.79887,4.82788,-1.07941,-1.07946,-1.09573
2,2.91611215,5.75869,3.85624,3.85624,4.79877,4.79887,4.82788,0.612964,0.6129,0.593143
2,2.960971963,5.05521,3.83646,3.83646,4.78564,4.78572,4.8148,0.1723,0.172246,0.153342
2,2.960971963,3.69734,3.83646,3.83646,4.78564,4.78572,4.8148,-0.695591,-0.695641,-0.712748
2,2.983401869,5.66053,3.82657,3.82657,4.77907,4.77915,4.80826,0.563652,0.563599,0.543856
2,3.005831776,2.68303,3.81668,3.81668,4.77251,4.77258,4.80172,-1.33676,-1.33679,-1.35262
2,3.005831776,4.7771,3.81668,3.81668,4.77251,4.77258,4.80172,0.00293466,0.00288853,-0.0157202
2,3.050691589,3.41922,3.7969,3.7969,4.75938,4.75944,4.78864,-0.858175,-0.85821,-0.875081
2,3.050691589,6.26585,3.7969,3.7969,4.75938,4.75944,4.78864,0.964676,0.964632,0.943966
2,3.050691589,5.31697,3.7969,3.7969,4.75938,4.75944,4.78864,0.357059,0.357018,0.337617
2,3.095551402,4.07362,3.77712,3.77712,4.74625,4.7463,4.77555,-0.431125,-0.431155,-0.448968
2,3.140411215,5.90593,3.75734,3.75734,4.73312,4.73315,4.76247,0.752429,0.752403,0.732057
2,3.162841121,3.25562,3.74745,3.74745,4.72655,4.72658,4.75593,-0.94413,-0.944149,-0.960965
2,3.162841121,5.49693,3.74745,3.74745,4.72655,4.72658,4.75593,0.494478,0.494455,0.474621
2,3.252560748,5.39877,3.70789,3.70789,4.70029,4.7003,4.72977,0.449174,0.449167,0.429311
2,3.297420561,4.76074,3.68811,3.68811,4.68716,4.68716,4.71668,0.0473602,0.0473608,0.0282959
2,3.319850467,5.67689,3.67822,3.67822,4.68059,4.68059,4.71014,0.641597,0.641602,0.621249
2,3.319850467,4.1227,3.67822,3.67822,4.68059,4.68059,4.71014,-0.359273,-0.359269,-0.3775
2,3.387140187,6.05317,3.64855,3.64855,4.6609,4.66087,4.69052,0.897868,0.897884,0.876896
2,3.409570093,6.51125,3.63866,3.63866,4.65433,4.6543,4.68398,1.19808,1.1981,1.17644
2,3.409570093,5.00613,3.63866,3.63866,4.65433,4.6543,4.68398,0.226983,0.227002,0.207413
2,3.432,6.87117,3.62877,3.62877,4.64777,4.64773,4.67744,1.43521,1.43524,1.41304
2,3.432,3.3047,3.62877,3.62877,4.64777,4.64773,4.67744,-0.866952,-0.866932,-0.884214
2,3.454429907,3.97546,3.61888,3.61888,4.6412,4.64116,4.6709,-0.429942,-0.429917,-0.448159
2,3.454429907,4.4499,3.61888,3.61888,4.6412,4.64116,4.6709,-0.123546,-0.12352,-0.142417
2,3.476859813,4.5317,3.60899,3.60899,4.63464,4.63459,4.66435,-0.0665104,-0.0664809,-0.0855281
2,3.521719626,5.56237,3.58922,3.58922,4.62151,4.62145,4.65127,0.608484,0.608523,0.58797
2,3.521719626,3.45194,3.58922,3.58922,4.62151,4.62145,4.65127,-0.756388,-0.756354,-0.773976
2,3.544149533,7.31288,3.57933,3.57933,4.61494,4.61488,4.64473,1.74566,1.74571,1.72268
2,3.633869159,4.90798,3.53977,3.53977,4.58868,4.58859,4.61857,0.206988,0.207044,0.187209
2,3.656299065,4.02454,3.52988,3.52988,4.58211,4.58202,4.61203,-0.361627,-0.36157,-0.380203
2,3.678728972,4.56442,3.51999,3.51999,4.57555,4.57545,4.60548,-0.00722315,-0.00716058,-0.0265898
2,3.723588785,3.5501,3.50022,3.50022,4.56242,4.56231,4.5924,-0.657497,-0.657432,-0.675503
2,3.723588785,3.23926,3.50022,3.50022,4.56242,4.56231,4.5924,-0.859385,-0.859322,-0.876953
2,3.813308411,6.05317,3.46066,3.46066,4.53616,4.53603,4.56624,0.987175,0.987269,0.965491
2,3.903028037,4.22086,3.42111,3.42111,4.5099,4.50974,4.54007,-0.188446,-0.188349,-0.207665
2,3.925457944,3.53374,3.41122,3.41122,4.50333,4.50317,4.53353,-0.632454,-0.632358,-0.650723
2,3.925457944,3.41922,3.41122,3.41122,4.50333,4.50317,4.53353,-0.707154,-0.707059,-0.725259
2,3.94788785,3.9591,3.40133,3.40133,4.49677,4.4966,4.52699,-0.350882,-0.350779,-0.369793
2,3.970317757,3.20654,3.39145,3.39145,4.4902,4.49003,4.52045,-0.838119,-0.838018,-0.855982
2,3.992747664,5.12065,3.38156,3.38156,4.48363,4.48346,4.51391,0.416119,0.416239,0.395471
2,3.992747664,3.01022,3.38156,3.38156,4.48363,4.48346,4.51391,-0.962472,-0.96237,-0.980084
2,4.037607477,2.61759,3.36178,3.36178,4.4705,4.47032,4.50083,-1.21154,-1.21143,-1.22864
2,4.060037383,4.59714,3.3519,3.3519,4.46394,4.46375,4.49428,0.0871337,0.0872606,0.067134
2,4.08246729,5.51329,3.34201,3.34201,4.45737,4.45718,4.48774,0.691079,0.691218,0.669717
2,4.104897196,1.71779,3.33212,3.33212,4.45081,4.45061,4.4812,-1.78957,-1.78946,-1.80546
2,4.104897196,3.3047,3.33212,3.33212,4.45081,4.45061,4.4812,-0.750464,-0.750342,-0.768658
2,4.127327103,6.10225,3.32223,3.32223,4.44424,4.44403,4.47466,1.08618,1.08633,1.06388
2,4.172186916,4.10634,3.30246,3.30246,4.43111,4.43089,4.46158,-0.212967,-0.212826,-0.232426
2,4.239476636,2.71575,3.2728,3.2728,4.41142,4.41118,4.44196,-1.11352,-1.11339,-1.13104
2,4.261906542,4.40082,3.26291,3.26291,4.40485,4.40461,4.43541,-0.0026504,-0.00249105,-0.0226794
2,4.261906542,4.97342,3.26291,3.26291,4.40485,4.40461,4.43541,0.373547,0.373713,0.352677
2,4.351626168,3.69734,3.22337,3.22337,4.37859,4.37833,4.40925,-0.448446,-0.44828,-0.467575
2,4.351626168,4.87526,3.22337,3.22337,4.37859,4.37833,4.40925,0.326939,0.32712,0.306067
2,4.418915888,5.88957,3.19371,3.19371,4.3589,4.35861,4.38963,1.00906,1.00926,0.986566
2,4.418915888,6.59305,3.19371,3.19371,4.3589,4.35861,4.38963,1.4728,1.47302,1.44927
2,4.418915888,2.97751,3.19371,3.19371,4.3589,4.35861,4.38963,-0.910644,-0.910477,-0.928803
2,4.486205607,4.30266,3.16406,3.16406,4.3392,4.3389,4.37,-0.0241242,-0.0239275,-0.0443598
2,4.486205607,4.1227,3.16406,3.16406,4.3392,4.3389,4.37,-0.14293,-0.142735,-0.162896
2,4.508635514,4.84254,3.15417,3.15417,4.33264,4.33233,4.36346,0.336789,0.336997,0.315709
2,4.531065421,5.52965,3.14429,3.14429,4.32607,4.32576,4.35692,0.79535,0.795573,0.773203
2,4.531065421,2.81391,3.14429,3.14429,4.32607,4.32576,4.35692,-0.999267,-0.999084,-1.01734
2,4.575925234,6.56033,3.12452,3.12452,4.31294,4.31262,4.34384,1.48656,1.4868,1.46278
2,4.66564486,1.43967,3.08498,3.08498,4.28668,4.28634,4.31768,-1.88684,-1.88666,-1.90302
2,4.66564486,3.07566,3.08498,3.08498,4.28668,4.28634,4.31768,-0.802593,-0.802385,-0.821253
2,4.66564486,4.0409,3.08498,3.08498,4.28668,4.28634,4.31768,-0.162889,-0.162665,-0.183013
2,4.66564486,3.8773,3.08498,3.08498,4.28668,4.28634,4.31768,-0.271313,-0.271092,-0.291189
2,4.732934579,3.45194,3.05533,3.05533,4.26698,4.26662,4.29805,-0.540952,-0.540727,-0.560284
2,4.755364486,3.94274,3.04545,3.04545,4.26042,4.26005,4.29151,-0.210949,-0.210712,-0.231064
2,4.800224299,4.80982,3.02569,3.02569,4.24729,4.24691,4.27843,0.373901,0.374163,0.352388
2,4.889943925,3.27198,2.98616,2.98616,4.22103,4.22063,4.25227,-0.632043,-0.631795,-0.651335
2,4.912373832,3.56646,2.97628,2.97628,4.21446,4.21406,4.24573,-0.431765,-0.431508,-0.451546
2,4.912373832,2.37219,2.97628,2.97628,4.21446,4.21406,4.24573,-1.22751,-1.22728,-1.24545
2,4.934803738,3.41922,2.9664,2.9664,4.2079,4.20749,4.23918,-0.525754,-0.525495,-0.545341
2,4.934803738,4.41718,2.9664,2.9664,4.2079,4.20749,4.23918,0.139512,0.13979,0.11838
2,4.957233645,4.64622,2.95651,2.95651,4.20133,4.20092,4.23264,0.296717,0.297005,0.275193
2,5.002093458,3.9591,2.93675,2.93675,4.1882,4.18777,4.21956,-0.152951,-0.15267,-0.173481
2,5.002093458,4.49898,2.93675,2.93675,4.1882,4.18777,4.21956,0.207475,0.207768,0.186105
2,5.024523364,3.59918,2.92687,2.92687,4.18164,4.1812,4.21302,-0.389042,-0.388765,-0.409047
2,5.024523364,4.13906,2.92687,2.92687,4.18164,4.1812,4.21302,-0.0284396,-0.0281508,-0.0492863
2,5.069383178,5.38241,2.90711,2.90711,4.16851,4.16806,4.19994,0.811603,0.811927,0.788738
2,5.114242991,1.91411,2.88736,2.88736,4.15538,4.15492,4.18686,-1.49995,-1.4997,-1.51745
2,5.114242991,6.11861,2.88736,2.88736,4.15538,4.15492,4.18686,1.31388,1.31423,1.28978
2,5.114242991,2.83027,2.88736,2.88736,4.15538,4.15492,4.18686,-0.886823,-0.886548,-0.905761
2,5.18153271,1.97955,2.85772,2.85772,4.13568,4.13521,4.16724,-1.4451,-1.44484,-1.4628
2,5.226392523,5.02249,2.83797,2.83797,4.12255,4.12207,4.15415,0.603761,0.604108,0.581185
2,5.271252336,3.82822,2.81821,2.81821,4.10942,4.10893,4.14107,-0.188841,-0.188515,-0.209597
2,5.293682243,4.90798,2.80833,2.80833,4.10286,4.10236,4.13453,0.540942,0.541299,0.51843
2,5.360971963,4.10634,2.77871,2.77871,4.08316,4.08265,4.11491,0.0155947,0.0159439,-0.0057521
2,5.360971963,2.73211,2.77871,2.77871,4.08316,4.08265,4.11491,-0.90909,-0.908777,-0.928238
2,5.405831776,5.18609,2.75896,2.75896,4.07003,4.0695,4.10183,0.751709,0.752095,0.728553
2,5.405831776,3.10838,2.75896,2.75896,4.07003,4.0695,4.10183,-0.647707,-0.647376,-0.667525
2,5.428261682,7.47648,2.74908,2.74908,4.06347,4.06293,4.09529,2.29993,2.30038,2.27305
2,5.428261682,4.51534,2.74908,2.74908,4.06347,4.06293,4.09529,0.304501,0.304874,0.282384
2,5.450691589,3.6319,2.73921,2.73921,4.0569,4.05636,4.08875,-0.286537,-0.286185,-0.307269
2,5.517981308,4.8589,2.70959,2.70959,4.03721,4.03665,4.06912,0.554806,0.555205,0.531978
2,5.517981308,6.08589,2.70959,2.70959,4.03721,4.03665,4.06912,1.38328,1.38371,1.35846
2,5.540411215,2.96115,2.69972,2.69972,4.03064,4.03008,4.06258,-0.722487,-0.722137,-0.742275
2,5.652560748,4.6953,2.65036,2.65036,3.99782,3.99723,4.02988,0.472341,0.472762,0.449541
2,5.652560748,4.51534,2.65036,2.65036,3.99782,3.99723,4.02988,0.35047,0.350886,0.327965
2,5.652560748,3.66462,2.65036,2.65036,3.99782,3.99723,4.02988,-0.225646,-0.225256,-0.246759
2,5.652560748,2.56851,2.65036,2.65036,3.99782,3.99723,4.02988,-0.96795,-0.967593,-0.987268
2,5.719850467,3.89366,2.62076,2.62076,3.97813,3.97752,4.01026,-0.0572861,-0.0568764,-0.0788863
2,5.719850467,3.2229,2.62076,2.62076,3.97813,3.97752,4.01026,-0.512209,-0.51182,-0.532705
2,5.876859813,3.59918,2.5517,2.5517,3.93217,3.93153,3.96447,-0.22663,-0.226201,-0.248005
2,5.921719626,1.86503,2.53197,2.53197,3.91904,3.91838,3.95139,-1.39934,-1.39896,-1.41789
2,5.966579439,2.66667,2.51224,2.51224,3.90591,3.90524,3.93831,-0.845105,-0.844692,-0.865065
2,5.989009346,4.80982,2.50238,2.50238,3.89935,3.89867,3.93177,0.621204,0.621697,0.597609
2,5.989009346,4.6135,2.50238,2.50238,3.89935,3.89867,3.93177,0.487257,0.487743,0.463992
2,5.989009346,4.0409,2.50238,2.50238,3.89935,3.89867,3.93177,0.0965789,0.0970447,0.0742754
2,5.989009346,3.3047,2.50238,2.50238,3.89935,3.89867,3.93177,-0.405722,-0.405282,-0.426788
2,6.011439252,2.84663,2.49252,2.49252,3.89278,3.8921,3.92523,-0.714142,-0.713715,-0.734474
2,6.101158879,1.76687,2.45309,2.45309,3.86653,3.86582,3.89907,-1.43617,-1.43576,-1.45481
2,6.101158879,3.0593,2.45309,2.45309,3.86653,3.86582,3.89907,-0.55214,-0.551689,-0.572975
2,6.123588785,3.97546,2.44323,2.44323,3.85996,3.85925,3.89253,0.0790409,0.0795304,0.0566145
2,6.146018692,3.59918,2.43338,2.43338,3.8534,3.85268,3.88599,-0.174058,-0.173578,-0.195883
2,6.235738318,1.91411,2.39396,2.39396,3.82714,3.8264,3.85982,-1.31246,-1.31203,-1.33155
2,6.235738318,5.56237,2.39396,2.39396,3.82714,3.8264,3.85982,1.19048,1.19105,1.16514
2,6.280598131,5.26789,2.37426,2.37426,3.81401,3.81326,3.84674,0.998461,0.999032,0.973539
2,6.280598131,4.22086,2.37426,2.37426,3.81401,3.81326,3.84674,0.279405,0.279935,0.256283
2,6.280598131,3.86094,2.37426,2.37426,3.81401,3.81326,3.84674,0.0322299,0.0327458,0.00972568
2,6.370317757,2.96115,2.33487,2.33487,3.78775,3.78698,3.82058,-0.568821,-0.568324,-0.589925
2,6.392747664,4.58078,2.32502,2.32502,3.78119,3.78041,3.81404,0.550506,0.551074,0.526558
2,6.41517757,6.75665,2.31518,2.31518,3.77462,3.77384,3.8075,2.05412,2.05478,2.02635
2,6.437607477,4.76074,2.30534,2.30534,3.76806,3.76727,3.80096,0.684135,0.684719,0.65979
2,6.460037383,5.88957,2.2955,2.2955,3.76149,3.7607,3.79442,1.46737,1.46801,1.44102
2,6.48246729,4.98978,2.28565,2.28565,3.75493,3.75413,3.78788,0.851893,0.852496,0.827063
2,6.504897196,4.25358,2.27581,2.27581,3.74837,3.74756,3.78134,0.348712,0.349289,0.325126
2,6.527327103,1.93047,2.26598,2.26598,3.7418,3.74099,3.7748,-1.25086,-1.25038,-1.27042
2,6.527327103,5.61145,2.26598,2.26598,3.7418,3.74099,3.7748,1.29114,1.29178,1.26513
2,6.527327103,0.670757,2.26598,2.26598,3.7418,3.74099,3.7748,-2.12079,-2.12036,-2.13814
2,6.639476636,3.56646,2.2168,2.2168,3.70898,3.70814,3.7421,-0.0986695,-0.0980956,-0.121288
2,6.639476636,3.3865,2.2168,2.2168,3.70898,3.70814,3.7421,-0.22326,-0.222694,-0.245561
2,6.639476636,3.25562,2.2168,2.2168,3.70898,3.70814,3.7421,-0.313872,-0.313312,-0.335941
2,6.661906542,2.71575,2.20697,2.20697,3.70242,3.70157,3.73556,-0.683446,-0.682906,-0.704598
2,6.818915888,3.99182,2.13819,2.13819,3.65647,3.65558,3.68978,0.23312,0.233749,0.209422
2,6.886205607,3.77914,2.10874,2.10874,3.63678,3.63588,3.67016,0.0991164,0.0997499,0.0756783
2,6.886205607,3.20654,2.10874,2.10874,3.63678,3.63588,3.67016,-0.299533,-0.298927,-0.321939
2,6.931065421,2.01227,2.08912,2.08912,3.62365,3.62274,3.65708,-1.12301,-1.12245,-1.14333
2,6.953495327,4.25358,2.07931,2.07931,3.61708,3.61617,3.65054,0.443814,0.444485,0.419395
2,6.953495327,3.61554,2.07931,2.07931,3.61708,3.61617,3.65054,-0.00107538,-0.000436112,-0.0243397
2,6.99835514,1.76687,2.05969,2.05969,3.60396,3.60303,3.63746,-1.28227,-1.28172,-1.30226
2,6.99835514,2.19223,2.05969,2.05969,3.60396,3.60303,3.63746,-0.985375,-0.984798,-1.00613
2,7.06564486,3.01022,2.03028,2.03028,3.58427,3.58332,3.61784,-0.401291,-0.40066,-0.423653
2,7.088074766,4.54806,2.02049,2.02049,3.5777,3.57675,3.6113,0.678689,0.679404,0.653475
2,7.110504673,1.96319,2.01069,2.01069,3.57114,3.57018,3.60476,-1.12521,-1.12463,-1.14573
2,7.132934579,3.7955,2.00089,2.00089,3.56457,3.56361,3.59822,0.161681,0.162367,0.137761
2,7.177794393,2.42127,1.98131,1.98131,3.55145,3.55047,3.58514,-0.792096,-0.791474,-0.813568
2,7.200224299,3.17382,1.97153,1.97153,3.54488,3.5439,3.5786,-0.260194,-0.259527,-0.283091
2,7.222654206,4.1227,1.96174,1.96174,3.53832,3.53734,3.57206,0.409989,0.410711,0.385297
2,7.267514019,4.71166,1.94218,1.94218,3.52519,3.5242,3.55898,0.833255,0.834019,0.807385
2,7.334803738,3.3865,1.91285,1.91285,3.5055,3.50449,3.53937,-0.0837023,-0.0829969,-0.107236
2,7.379663551,3.92638,1.89332,1.89332,3.49238,3.49135,3.52629,0.305588,0.306334,0.280962
2,7.402093458,1.32515,1.88355,1.88355,3.48581,3.48478,3.51975,-1.52213,-1.52153,-1.54192
2,7.402093458,5.54601,1.88355,1.88355,3.48581,3.48478,3.51975,1.45136,1.4522,1.42366
2,7.424523364,5.85685,1.87379,1.87379,3.47925,3.47821,3.51321,1.67583,1.67669,1.64749
2,7.424523364,6.72393,1.87379,1.87379,3.47925,3.47821,3.51321,2.28698,2.28789,2.25701
2,7.446953271,4.7771,1.86404,1.86404,3.47269,3.47164,3.50667,0.919875,0.920684,0.89352
2,7.446953271,4.64622,1.86404,1.86404,3.47269,3.47164,3.50667,0.827579,0.82838,0.80147
2,7.469383178,3.68098,1.85428,1.85428,3.46612,3.46508,3.50013,0.151598,0.152349,0.127263
2,7.536672897,1.83231,1.82504,1.82504,3.44643,3.44537,3.48051,-1.14064,-1.13999,-1.1616
2,7.536672897,4.22086,1.82504,1.82504,3.44643,3.44537,3.48051,0.547259,0.548056,0.521774
2,7.536672897,5.00613,1.82504,1.82504,3.44643,3.44537,3.48051,1.10219,1.10303,1.07521
2,7.64882243,2.38855,1.77636,1.77636,3.41362,3.41253,3.44782,-0.726259,-0.725549,-0.748465
2,7.64882243,2.56851,1.77636,1.77636,3.41362,3.41253,3.44782,-0.598758,-0.598037,-0.621308
2,7.671252336,3.56646,1.76664,1.76664,3.40705,3.40596,3.44128,0.112999,0.113786,0.0884992
2,7.671252336,3.32106,1.76664,1.76664,3.40705,3.40596,3.44128,-0.0609562,-0.0601841,-0.0849858
2,7.805831776,3.82822,1.70837,1.70837,3.36768,3.36655,3.40204,0.327483,0.328316,0.302221
2,7.895551402,3.3047,1.66962,1.66962,3.34143,3.34028,3.37589,-0.0261684,-0.0253494,-0.0505866
2,7.917981308,2.14315,1.65994,1.65994,3.33487,3.33371,3.36935,-0.849618,-0.848871,-0.871813
2,7.940411215,2.97751,1.65026,1.65026,3.3283,3.32714,3.36281,-0.250227,-0.24942,-0.274091
2,7.962841121,2.86299,1.6406,1.6406,3.32174,3.32057,3.35627,-0.327405,-0.326601,-0.351086
2,8.030130841,4.25358,1.61162,1.61162,3.30205,3.30087,3.33666,0.680153,0.681066,0.653612
2,8.030130841,3.7955,1.61162,1.61162,3.30205,3.30087,3.33666,0.352718,0.353599,0.327078
2,8.052560748,3.68098,1.60198,1.60198,3.29549,3.2943,3.33012,0.275694,0.276573,0.250236
2,8.052560748,2.07771,1.60198,1.60198,3.29549,3.2943,3.33012,-0.87093,-0.870161,-0.893228
2,8.097420561,1.94683,1.5827,1.5827,3.28237,3.28116,3.31705,-0.956148,-0.955378,-0.978264
2,8.142280374,3.40286,1.56344,1.56344,3.26924,3.26803,3.30397,0.0957624,0.096642,0.070679
2,8.16471028,4.1227,1.55383,1.55383,3.26268,3.26146,3.29743,0.616681,0.617616,0.590122
2,8.232,4.35174,1.52501,1.52501,3.243,3.24176,3.27782,0.796284,0.797251,0.769129
2,8.232,1.25971,1.52501,1.52501,3.243,3.24176,3.27782,-1.42437,-1.42362,-1.44534
2,8.254429907,3.3047,1.51542,1.51542,3.23643,3.23519,3.27128,0.0490558,0.0499535,0.0239505
2,8.344149533,0.916155,1.47711,1.47711,3.21019,3.20892,3.24513,-1.65189,-1.65115,-1.67235
2,8.366579439,3.94274,1.46755,1.46755,3.20363,3.20236,3.23859,0.532502,0.533472,0.505889
2,8.389009346,3.58282,1.458,1.458,3.19707,3.19579,3.23205,0.278069,0.279017,0.252139
2,8.411439252,6.08589,1.44846,1.44846,3.1905,3.18922,3.22552,2.08821,2.08935,2.05717
2,8.411439252,2.47035,1.44846,1.44846,3.1905,3.18922,3.22552,-0.519392,-0.518522,-0.543113
2,8.456299065,3.69734,1.42939,1.42939,3.17738,3.17609,3.21244,0.375403,0.376375,0.349104
2,8.478728972,3.33742,1.41988,1.41988,3.17082,3.16952,3.2059,0.120348,0.121299,0.0947371
2,8.501158879,4.33538,1.41036,1.41036,3.16426,3.16296,3.19937,0.846424,0.847455,0.818732
2,8.501158879,0.834356,1.41036,1.41036,3.16426,3.16296,3.19937,-1.68393,-1.68317,-1.70448
2,8.501158879,3.48466,1.41036,1.41036,3.16426,3.16296,3.19937,0.231571,0.232537,0.205615
2,8.523588785,4.02454,1.40086,1.40086,3.1577,3.15639,3.19283,0.62684,0.627853,0.599735
2,8.635738318,2.17587,1.35348,1.35348,3.1249,3.12356,3.16014,-0.688092,-0.687197,-0.71162
2,8.658168224,1.94683,1.34403,1.34403,3.11833,3.11699,3.15361,-0.849851,-0.848969,-0.872947
2,8.658168224,3.10838,1.34403,1.34403,3.11833,3.11699,3.15361,-0.00721834,-0.00624462,-0.0327135
2,8.703028037,1.75051,1.32516,1.32516,3.10521,3.10386,3.14053,-0.983795,-0.982919,-1.00656
2,8.725457944,1.14519,1.31574,1.31574,3.09865,3.09729,3.134,-1.41937,-1.41854,-1.44092
2,8.792747664,2.56851,1.28755,1.28755,3.07897,3.0776,3.11439,-0.371494,-0.370534,-0.396129
2,8.904897196,6.90389,1.24079,1.24079,3.04617,3.04477,3.08171,2.81497,2.81631,2.78099
2,8.904897196,1.06339,1.24079,1.24079,3.04617,3.04477,3.08171,-1.44683,-1.44597,-1.46851
2,8.904897196,2.83027,1.24079,1.24079,3.04617,3.04477,3.08171,-0.157548,-0.156541,-0.182948
2,8.927327103,3.53374,1.23147,1.23147,3.03961,3.0382,3.07517,0.360757,0.361828,0.333829
2,8.972186916,2.30675,1.21287,1.21287,3.0265,3.02507,3.0621,-0.526042,-0.525064,-0.550466
2,8.972186916,3.27198,1.21287,1.21287,3.0265,3.02507,3.0621,0.179419,0.180479,0.152952
2,8.972186916,3.89366,1.21287,1.21287,3.0265,3.02507,3.0621,0.633784,0.634897,0.606002
2,9.017046729,3.04294,1.19433,1.19433,3.01338,3.01195,3.04903,0.0216327,0.0226837,-0.00443963
2,9.039476636,2.48671,1.18507,1.18507,3.00682,3.00538,3.04249,-0.380745,-0.379737,-0.405679
2,9.061906542,4.84254,1.17583,1.17583,3.00026,2.99882,3.03596,1.34935,1.35057,1.31935
2,9.106766355,1.57055,1.1574,1.1574,2.98714,2.98569,3.02289,-1.03868,-1.03773,-1.06178
2,9.106766355,3.61554,1.1574,1.1574,2.98714,2.98569,3.02289,0.460758,0.46188,0.43328
2,9.129196262,1.29243,1.1482,1.1482,2.98058,2.97912,3.01635,-1.23846,-1.23753,-1.26101
2,9.174056075,4.41718,1.12986,1.12986,2.96747,2.96599,3.00328,1.06468,1.06589,1.03533
2,9.196485981,3.43558,1.12071,1.12071,2.96091,2.95943,2.99675,0.348792,0.34992,0.32151
2,9.241345794,3.73006,1.10245,1.10245,2.94779,2.9463,2.98368,0.575432,0.576597,0.547419
2,9.286205607,2.55215,1.08426,1.08426,2.93468,2.93318,2.97061,-0.281689,-0.280619,-0.307244
2,9.286205607,3.27198,1.08426,1.08426,2.93468,2.93318,2.97061,0.248388,0.249524,0.221273
2,9.308635514,1.35787,1.0752,1.0752,2.92812,2.92661,2.96408,-1.15693,-1.15596,-1.17993
2,9.331065421,3.10838,1.06615,1.06615,2.92156,2.92005,2.95754,0.137723,0.138854,0.110869
2,9.375925234,5.54601,1.0481,1.0481,2.90845,2.90692,2.94448,1.94646,1.94783,1.91419
2,9.39835514,4.26994,1.0391,1.0391,2.90189,2.90036,2.93794,1.01013,1.01139,0.9806
2,9.420785047,7.39468,1.03012,1.03012,2.89533,2.8938,2.93141,3.32401,3.32556,3.28757
2,9.443214953,2.38855,1.02116,1.02116,2.88877,2.88724,2.92487,-0.369754,-0.368663,-0.395261
2,9.443214953,2.84663,1.02116,1.02116,2.88877,2.88724,2.92487,-0.031155,-0.0300213,-0.0576674
2,9.443214953,4.15542,1.02116,1.02116,2.88877,2.88724,2.92487,0.936271,0.937528,0.906886
2,9.510504673,4.89162,0.994402,0.994402,2.8691,2.86755,2.90527,1.49742,1.49876,1.46626
2,9.532934579,0.719836,0.985523,0.985523,2.86255,2.86099,2.89874,-1.58727,-1.58632,-1.60927
2,9.532934579,4.40082,0.985523,0.985523,2.86255,2.86099,2.89874,1.13952,1.14082,1.10938
2,9.645084112,3.41922,0.941447,0.941447,2.82977,2.82818,2.86608,0.437842,0.43908,0.409638
2,9.645084112,2.68303,0.941447,0.941447,2.82977,2.82818,2.86608,-0.108997,-0.107831,-0.13556
2,9.667514019,1.42331,0.932699,0.932699,2.82321,2.82162,2.85954,-1.0404,-1.03935,-1.06419
2,9.667514019,2.48671,0.932699,0.932699,2.82321,2.82162,2.85954,-0.250087,-0.248935,-0.276258
2,9.734803738,3.25562,0.906595,0.906595,2.80354,2.80193,2.83995,0.336531,0.337776,0.308499
2,9.846953271,2.42127,0.863584,0.863584,2.77077,2.76913,2.80729,-0.260883,-0.259695,-0.28727
2,9.869383178,2.78119,0.85506,0.85506,2.76422,2.76257,2.80076,0.0126734,0.0139038,-0.0145746
2,9.959102804,1.79959,0.821238,0.821238,2.738,2.73633,2.77464,-0.702385,-0.701235,-0.72758
2,9.959102804,3.1411,0.821238,0.821238,2.738,2.73633,2.77464,0.301716,0.303006,0.273457
2,10.00396262,2.61759,0.804499,0.804499,2.7249,2.72322,2.76158,-0.0804065,-0.0791601,-0.107563
2,10.02639252,2.35583,0.796174,0.796174,2.71834,2.71666,2.75505,-0.271782,-0.270558,-0.298384
2,10.07125234,2.04499,0.779615,0.779615,2.70524,2.70354,2.74199,-0.495541,-0.494339,-0.521519
2,10.13854206,2.53579,0.755012,0.755012,2.68558,2.68387,2.7224,-0.112611,-0.11134,-0.139859
2,10.16097196,3.01022,0.746875,0.746875,2.67903,2.67731,2.71587,0.249123,0.25045,0.220727
2,10.18340187,5.33e-15,0.738772,0.738772,2.67248,2.67075,2.70934,-2.01132,-2.01031,-2.03277
2,10.20583178,3.40286,0.730702,0.730702,2.66593,2.6642,2.70281,0.554927,0.55631,0.525519
2,10.2731215,2.35583,0.706699,0.706699,2.64627,2.64453,2.68323,-0.219071,-0.217787,-0.246182
2,10.2731215,3.9591,0.706699,0.706699,2.64627,2.64453,2.68323,0.990218,0.99168,0.959357
2,10.31798131,2.74847,0.690875,0.690875,2.63317,2.63142,2.67018,0.0870587,0.0883978,0.0589331
2,10.40770093,5.87321,0.659668,0.659668,2.60697,2.60519,2.64407,2.47178,2.4735,2.43608
2,10.40770093,2.30675,0.659668,0.659668,2.60697,2.60519,2.64407,-0.2272,-0.225888,-0.254475
2,10.40770093,3.7955,0.659668,0.659668,2.60697,2.60519,2.64407,0.899439,0.90092,0.868645
2,10.40770093,3.35378,0.659668,0.659668,2.60697,2.60519,2.64407,0.565162,0.566593,0.535412
2,10.40770093,3.01022,0.659668,0.659668,2.60697,2.60519,2.64407,0.305168,0.30656,0.27623
2,10.47499065,2.53579,0.636665,0.636665,2.58733,2.58553,2.62449,-0.0390676,-0.0377128,-0.0670279
2,10.49742056,3.19018,0.629077,0.629077,2.58078,2.57898,2.61796,0.462201,0.463638,0.432636
2,10.51985047,4.46626,0.62153,0.62153,2.57423,2.57242,2.61144,1.4358,1.43739,1.40314
2,10.54228037,3.51738,0.614023,0.614023,2.56768,2.56587,2.60491,0.721095,0.722582,0.690647
2,10.632,1.86503,0.584416,0.584416,2.54149,2.53966,2.57882,-0.514772,-0.513456,-0.541456
2,10.65442991,1.01431,0.577122,0.577122,2.53495,2.53311,2.57229,-1.15781,-1.15659,-1.18249
2,10.92358879,2.53579,0.493139,0.493139,2.45641,2.45451,2.49403,0.0608415,0.062312,0.031908
2,10.94601869,4.15542,0.48645,0.48645,2.44987,2.44796,2.48751,1.30806,1.30974,1.27509
2,11.03573832,0.327198,0.460192,0.460192,2.4237,2.42177,2.46143,-1.61151,-1.61029,-1.63522
2,11.03573832,1.50511,0.460192,0.460192,2.4237,2.42177,2.46143,-0.70609,-0.704721,-0.732716
2,11.03573832,2.38855,0.460192,0.460192,2.4237,2.42177,2.46143,-0.0270239,-0.0255425,-0.0558398
2,11.08059813,1.66871,0.447368,0.447368,2.41062,2.40868,2.44839,-0.570923,-0.569523,-0.598046
2,11.14788785,1.42331,0.42852,0.42852,2.39101,2.38905,2.42884,-0.745925,-0.744539,-0.772573
2,11.17031776,2.19223,0.422343,0.422343,2.38447,2.3825,2.42232,-0.148266,-0.146775,-0.176886
2,11.19274766,1.79959,0.416218,0.416218,2.37793,2.37596,2.41581,-0.446301,-0.444856,-0.473984
2,11.26003738,2.58487,0.398165,0.398165,2.35832,2.35633,2.39626,0.175123,0.17669,0.145319
2,11.28246729,1.47239,0.392255,0.392255,2.35178,2.34979,2.38974,-0.680152,-0.678727,-0.707197
2,11.3048972,3.25562,0.386399,0.386399,2.34524,2.34325,2.38323,0.704519,0.706187,0.672915
2,11.39461682,2.91207,0.363523,0.363523,2.31911,2.31709,2.35718,0.459915,0.461563,0.428972
2,11.43947664,2.45399,0.352417,0.352417,2.30604,2.30401,2.34415,0.114883,0.116481,0.0850071
2,11.46190654,2.06135,0.346947,0.346947,2.29951,2.29747,2.33764,-0.185034,-0.183484,-0.213955
2,11.48433645,1.93047,0.341533,0.341533,2.29297,2.29093,2.33113,-0.281804,-0.280266,-0.310438
2,11.52919626,2.71575,0.330872,0.330872,2.27991,2.27786,2.31811,0.339197,0.340855,0.308444
2,11.52919626,4.38446,0.330872,0.330872,2.27991,2.27786,2.31811,1.6379,1.63979,1.60285
2,11.64134579,0.359918,0.305203,0.305203,2.24726,2.24518,2.28557,-1.47303,-1.47168,-1.49793
2,11.91050467,0.834356,0.249331,0.249331,2.16896,2.16682,2.20752,-1.04879,-1.0473,-1.07545
2,11.93293458,2.15951,0.245038,0.245038,2.16244,2.16029,2.20102,-0.00230771,-0.000617431,-0.0325255
2,11.93293458,0.687117,0.245038,0.245038,2.16244,2.16029,2.20102,-1.16003,-1.15856,-1.18635
2,11.97779439,1.11247,0.236618,0.236618,2.1494,2.14724,2.18802,-0.816261,-0.814715,-0.843793
2,12.02265421,1.73415,0.228417,0.228417,2.13637,2.1342,2.17502,-0.316984,-0.315333,-0.346268
2,12.04508411,3.69734,0.224399,0.224399,2.12985,2.12767,2.16852,1.23603,1.23799,1.20145
2,12.11237383,1.96319,0.212667,0.212667,2.1103,2.10811,2.14903,-0.116206,-0.114496,-0.146299
2,12.17966355,1.45603,0.201417,0.201417,2.09076,2.08856,2.12955,-0.502241,-0.500592,-0.531114
2,12.24695327,2.84663,0.19064,0.19064,2.07123,2.06901,2.11008,0.614603,0.616488,0.581813
2,12.26938318,2.61759,0.187151,0.187151,2.06472,2.06249,2.10359,0.438472,0.440327,0.40625
2,12.38153271,3.28834,0.170469,0.170469,2.03219,2.02993,2.07115,0.999121,1.00112,0.964796
2,12.42639252,1.89775,0.164145,0.164145,2.01918,2.01691,2.05818,-0.0966952,-0.0949096,-0.127308
2,12.42639252,1.60327,0.164145,0.164145,2.01918,2.01691,2.05818,-0.331188,-0.32945,-0.360991
2,12.47125234,2.09407,0.158015,0.158015,2.00618,2.0039,2.04521,0.0700691,0.0718989,0.038815
2,12.47125234,1.06339,0.158015,0.158015,2.00618,2.0039,2.04521,-0.751607,-0.749943,-0.780017
2,12.51611215,3.32106,0.152076,0.152076,1.99318,1.99089,2.03225,1.05984,1.06189,1.02509
2,12.53854206,2.20859,0.149177,0.149177,1.98668,1.98439,2.02577,0.177218,0.179085,0.145494
2,12.60583178,1.93047,0.140757,0.140757,1.96719,1.96488,2.00633,-0.0293766,-0.0275358,-0.0604798
2,12.6955514,0.736196,0.13016,0.13016,1.94122,1.93889,1.98044,-0.966256,-0.96459,-0.994211
2,12.91985047,1.79959,0.106625,0.106625,1.87638,1.874,1.91576,-0.061931,-0.0600244,-0.0933635
2,12.91985047,0.916155,0.106625,0.106625,1.87638,1.874,1.91576,-0.774453,-0.7727,-0.803369
2,12.98714019,4.33538,0.100336,0.100336,1.85695,1.85455,1.89638,2.00244,2.00481,1.9636
2,13.05442991,1.66871,0.0943779,0.0943779,1.83753,1.83512,1.87701,-0.136638,-0.134716,-0.167991
2,13.05442991,4.5317,0.0943779,0.0943779,1.83753,1.83512,1.87701,2.18057,2.18299,2.14098
2,13.18900935,0.458078,0.0834052,0.0834052,1.79874,1.7963,1.83831,-1.0889,-1.08716,-1.11703
2,13.23386916,2.38855,0.0800128,0.0800128,1.78582,1.78337,1.82542,0.490117,0.492219,0.456278
2,13.25629907,0.539877,0.0783641,0.0783641,1.77936,1.77691,1.81897,-1.0085,-1.00672,-1.037
2,13.30115888,3.58282,0.0751594,0.0751594,1.76645,1.76399,1.80609,1.47961,1.48195,1.44212
2,13.3908785,2.02863,0.0691076,0.0691076,1.74065,1.73817,1.78035,0.235135,0.237217,0.201993
2,13.41330841,3.76278,0.0676665,0.0676665,1.73421,1.73172,1.77392,1.65733,1.65974,1.61902
2,13.41330841,4.08998,0.0676665,0.0676665,1.73421,1.73172,1.77392,1.92464,1.92711,1.88538
2,13.45816822,2.65031,0.0648672,0.0648672,1.72132,1.71883,1.76106,0.759863,0.762081,0.724734
2,13.48059813,0.556237,0.0635082,0.0635082,1.71488,1.71238,1.75463,-0.948275,-0.946443,-0.977258
2,13.52545794,2.14315,0.0608692,0.0608692,1.70201,1.6995,1.74178,0.361468,0.36361,0.327687
2,13.74975701,1.40695,0.0491436,0.0491436,1.63776,1.6352,1.67765,-0.190241,-0.188176,-0.222301
2,13.81704673,0.997955,0.0460638,0.0460638,1.61853,1.61596,1.65844,-0.512408,-0.510404,-0.543368
2,13.99648598,0.719836,0.0387219,0.0387219,1.56735,1.56474,1.60733,-0.703106,-0.701111,-0.733564
2,14.0637757,1.55419,0.0362682,0.0362682,1.5482,1.54557,1.58821,0.00498399,0.00716491,-0.0281631
2,14.24321495,0.0981595,0.0304332,0.0304332,1.49725,1.49459,1.53731,-1.16829,-1.16636,-1.19727
2,14.24321495,2.43763,0.0304332,0.0304332,1.49725,1.49459,1.53731,0.785248,0.787661,0.749001
2,14.31050467,2.78119,0.0284876,0.0284876,1.47819,1.47552,1.51827,1.08998,1.09248,1.05252
2,14.4002243,2.87935,0.0260799,0.0260799,1.45283,1.45015,1.49292,1.19614,1.19869,1.15818
2,14.4002243,4.05726,0.0260799,0.0260799,1.45283,1.45015,1.49292,2.18383,2.18663,2.14218
2,14.44508411,0.196319,0.0249512,0.0249512,1.44017,1.43748,1.48026,-1.04421,-1.04221,-1.07383
2,14.44508411,1.01431,0.0249512,0.0249512,1.44017,1.43748,1.48026,-0.357504,-0.355334,-0.389698
2,14.44508411,1.37423,0.0249512,0.0249512,1.44017,1.43748,1.48026,-0.0553534,-0.0531064,-0.0886778
2,14.53480374,2.73211,0.0228346,0.0228346,1.41489,1.41218,1.45499,1.10843,1.11099,1.07065
2,14.64695327,1.22699,0.0204336,0.0204336,1.38337,1.38064,1.42347,-0.131981,-0.129713,-0.165201
2,14.87125234,1.79959,0.0163488,0.0163488,1.32064,1.31788,1.36071,0.406634,0.409086,0.371201
2,14.98340187,0.179959,0.0146183,0.0146183,1.28944,1.28666,1.32948,-0.944749,-0.942632,-0.975138
2,15.02826168,1.79959,0.0139777,0.0139777,1.27699,1.27421,1.31702,0.445534,0.448026,0.409844
2,15.0955514,1.86503,0.0130683,0.0130683,1.25836,1.25556,1.29837,0.518127,0.520651,0.48212
2,15.25256075,3.68098,0.0111669,0.0111669,1.21507,1.21225,1.255,2.11474,2.11772,2.07257
2,15.27499065,0.572597,0.0109185,0.0109185,1.2089,1.20609,1.24882,-0.54601,-0.54374,-0.578055
2,15.29742056,1.68507,0.0106756,0.0106756,1.20275,1.19993,1.24265,0.414123,0.416656,0.378412
2,15.38714019,1.86503,0.00975638,0.00975638,1.17818,1.17535,1.21803,0.591122,0.593717,0.554703
2,15.47685981,0.883436,0.00891546,0.00891546,1.15371,1.15087,1.19349,-0.233153,-0.230768,-0.266451
2,15.52171963,2.81391,0.00852232,0.00852232,1.14151,1.13867,1.18126,1.44439,1.44724,1.40468
2,15.90302804,1.66871,0.00580445,0.00580445,1.03899,1.03612,1.07833,0.549296,0.551953,0.513019
2,16.08246729,1.81595,0.00484294,0.00484294,0.991543,0.988666,1.03062,0.722458,0.725183,0.685596
2,16.26190654,2.56851,0.00403997,0.00403997,0.944675,0.941796,0.983438,1.42957,1.43251,1.39015
2,16.30676636,1.97955,0.00386086,0.00386086,0.933056,0.930177,0.971733,0.922356,0.925155,0.8849
3,0,0.620408,5.1422,5.1422,6.31987,6.31488,6.83574,-3.28349,-3.28166,-3.46572
3,2.018691589,4.5551,4.25197,4.25197,5.80243,5.80451,6.30016,-0.74332,-0.744458,-1.00661
3,2.041121495,2.61224,4.24208,4.24208,5.79668,5.79884,6.29421,-1.89843,-1.89944,-2.1247
3,3.005607477,5.24082,3.81678,3.81678,5.54946,5.555,6.03812,-0.187076,-0.190365,-0.467804
3,3.857943925,3.72245,3.44098,3.44098,5.33098,5.33951,5.81177,-0.989606,-0.994272,-1.24432
3,4.014953271,2.1551,3.37177,3.37177,5.29074,5.29982,5.77007,-1.93446,-1.93885,-2.15892
3,4.014953271,3.2,3.37177,3.37177,5.29074,5.29982,5.77007,-1.28983,-1.29463,-1.53489
3,4.037383178,5.01224,3.36188,3.36188,5.28499,5.29415,5.76411,-0.16833,-0.173873,-0.449207
3,4.351401869,3.82041,3.22347,3.22347,5.2045,5.21476,5.68072,-0.858983,-0.864736,-1.11766
3,5.001869159,3.11837,2.93685,2.93685,5.03777,5.05031,5.50796,-1.20512,-1.21193,-1.45248
3,5.136448598,5.8449,2.87758,2.87758,5.00328,5.01629,5.47221,0.529704,0.521039,0.227083
3,5.226168224,1.94286,2.83806,2.83806,4.98028,4.9936,5.44838,-1.9148,-1.9214,-2.13943
3,5.45046729,4.81633,2.73931,2.73931,4.92279,4.9369,5.38881,-0.0673845,-0.0762408,-0.35081
3,5.876635514,3.59184,2.55179,2.55179,4.81355,4.82916,5.27562,-0.779313,-0.788391,-1.03985
3,5.943925234,4.70204,2.52221,2.52221,4.7963,4.81214,5.25774,-0.0602019,-0.0702399,-0.343608
3,6.011214953,4.3102,2.49262,2.49262,4.77905,4.79513,5.23987,-0.299809,-0.309734,-0.575552
3,6.03364486,6.33469,2.48276,2.48276,4.77331,4.78946,5.23391,0.998848,0.987374,0.681768
3,6.347663551,4.60408,2.34482,2.34482,4.69282,4.71007,5.15051,-0.0570933,-0.0681119,-0.340391
3,6.841121495,5.12653,2.12847,2.12847,4.56633,4.58532,5.01944,0.363743,0.350932,0.0673243
3,6.908411215,6.12245,2.09903,2.09903,4.54909,4.56831,5.00157,1.02288,1.00898,0.705549
3,6.998130841,4.19592,2.05979,2.05979,4.52609,4.54563,4.97774,-0.215012,-0.227411,-0.492949
3,7.020560748,6.17143,2.04998,2.04998,4.52034,4.53996,4.97178,1.07566,1.06137,0.756714
3,7.042990654,5.40408,2.04018,2.04018,4.51459,4.53429,4.96582,0.579731,0.566085,0.276561
3,7.155140187,7.77143,1.9912,1.9912,4.48585,4.50593,4.93603,2.14589,2.12965,1.79302
3,7.244859813,4.76735,1.95206,1.95206,4.46285,4.48325,4.9122,0.199208,0.185585,-0.0917574
3,7.289719626,6.85714,1.9325,1.9325,4.45135,4.47191,4.90029,1.57524,1.55943,1.24059
3,7.334579439,5.81224,1.91295,1.91295,4.43985,4.46057,4.88837,0.899355,0.88444,0.586201
3,7.334579439,4.44082,1.91295,1.91295,4.43985,4.46057,4.88837,0.000631044,-0.0129243,-0.283977
3,7.379439252,4.01633,1.89342,1.89342,4.42836,4.44923,4.87646,-0.270238,-0.283494,-0.546219
3,7.446728972,6.23673,1.86413,1.86413,4.41111,4.43222,4.85858,1.19889,1.1832,0.876292
3,7.648598131,4.81633,1.77646,1.77646,4.35937,4.38118,4.80497,0.301228,0.286388,0.00725094
3,7.693457944,6.44898,1.75701,1.75701,4.34787,4.36984,4.79305,1.38623,1.36951,1.05784
3,7.85046729,4.76735,1.68908,1.68908,4.30762,4.33015,4.75135,0.304207,0.288823,0.0102511
3,7.962616822,6.80816,1.64069,1.64069,4.27888,4.3018,4.72156,1.67724,1.65923,1.33979
3,8.007476636,5.74694,1.62137,1.62137,4.26738,4.29045,4.70964,0.98197,0.965007,0.666606
3,8.007476636,3.6898,1.62137,1.62137,4.26738,4.29045,4.70964,-0.383339,-0.397972,-0.655394
3,8.007476636,5.3551,1.62137,1.62137,4.26738,4.29045,4.70964,0.721911,0.705392,0.414796
3,8.142056075,8.26122,1.56354,1.56354,4.23289,4.25643,4.6739,2.68042,2.6601,2.31128
3,8.231775701,4.5551,1.5251,1.5251,4.20989,4.23375,4.65007,0.230093,0.213811,-0.0612908
3,8.321495327,5.48571,1.48677,1.48677,4.1869,4.21107,4.62624,0.867185,0.849515,0.555657
3,8.343925234,4.32653,1.47721,1.47721,4.18115,4.2054,4.62028,0.0971102,0.0807651,-0.189993
3,8.456074766,5.9102,1.42949,1.42949,4.1524,4.17705,4.59049,1.17666,1.15803,0.855409
3,8.747663551,4.75102,1.30643,1.30643,4.07767,4.10333,4.51304,0.453269,0.435152,0.155121
3,8.882242991,3.98367,1.25021,1.25021,4.04317,4.06931,4.4773,-0.0401569,-0.0576837,-0.322598
3,8.94953271,6.66122,1.22226,1.22226,4.02593,4.0523,4.45943,1.78088,1.75955,1.44082
3,9.01682243,4.8,1.19442,1.19442,4.00868,4.03529,4.44155,0.535452,0.516409,0.234868
3,9.039252336,5.9102,1.18517,1.18517,4.00293,4.02962,4.4356,1.29113,1.2705,0.966641
3,9.039252336,4.60408,1.18517,1.18517,4.00293,4.02962,4.4356,0.406949,0.3881,0.110447
3,9.151401869,7.72245,1.13911,1.13911,3.97419,4.00127,4.40581,2.54291,2.51938,2.17889
3,9.218691589,3.80408,1.11166,1.11166,3.95694,3.98426,4.38793,-0.103841,-0.122144,-0.384069
3,9.285981308,5.06122,1.08436,1.08436,3.9397,3.96725,4.37006,0.762865,0.742571,0.455256
3,9.330841121,6.22041,1.06624,1.06624,3.9282,3.95591,4.35815,1.56053,1.53842,1.22771
3,9.353271028,5.32245,1.0572,1.0572,3.92245,3.95024,4.35219,0.95353,0.932634,0.639933
3,9.375700935,4.39184,1.04819,1.04819,3.9167,3.94457,4.34623,0.323752,0.30412,0.0300917
3,9.487850467,6.26939,1.00339,1.00339,3.88796,3.91622,4.31644,1.62624,1.60349,1.29146
3,9.66728972,4.34286,0.932786,0.932786,3.84197,3.87086,4.26878,0.34325,0.322741,0.0491561
3,9.846728972,4.71837,0.863669,0.863669,3.79598,3.8255,4.22113,0.634328,0.612642,0.33115
3,9.958878505,5.02857,0.821322,0.821322,3.76724,3.79715,4.19134,0.86934,0.846778,0.558812
3,10.00373832,6.92245,0.804582,0.804582,3.75575,3.78581,4.17942,2.1845,2.15877,1.83246
3,10.02616822,4.35918,0.796257,0.796257,3.75,3.78014,4.17347,0.420425,0.398695,0.124123
3,10.02616822,5.51837,0.796257,0.796257,3.75,3.78014,4.17347,1.22042,1.19684,0.898853
3,10.11588785,7.24898,0.763263,0.763263,3.727,3.75746,4.14964,2.43497,2.40825,2.07511
3,10.22803738,3.80408,0.722747,0.722747,3.69826,3.72911,4.11985,0.0733221,0.0518219,-0.211888
3,10.2953271,5.1102,0.698848,0.698848,3.68102,3.7121,4.10198,0.991608,0.96771,0.677451
3,10.34018692,5.20816,0.683095,0.683095,3.66952,3.70077,4.09006,1.0685,1.04428,0.75195
3,10.38504673,3.15102,0.667491,0.667491,3.65803,3.68943,4.07815,-0.352401,-0.373318,-0.624075
3,10.45233645,4.63673,0.64437,0.64437,3.64078,3.67242,4.06028,0.693179,0.669515,0.388551
3,10.65420561,4.70204,0.577194,0.577194,3.58905,3.62139,4.00666,0.777762,0.75326,0.470606
3,10.69906542,4.13061,0.562737,0.562737,3.57755,3.61005,3.99475,0.386825,0.363173,0.0920312
3,10.74392523,3.4449,0.548458,0.548458,3.56606,3.59872,3.98283,-0.0848201,-0.107407,-0.36471
3,10.85607477,6.07347,0.513569,0.513569,3.53732,3.57037,3.95305,1.77945,1.75173,1.44085
3,10.94579439,4.21224,0.486517,0.486517,3.51433,3.54769,3.92922,0.490564,0.465894,0.192668
3,10.99065421,5.42041,0.473286,0.473286,3.50284,3.53635,3.9173,1.34908,1.32202,1.02415
3,11.01308411,5.99184,0.466746,0.466746,3.49709,3.53069,3.91135,1.75593,1.72773,1.4182
3,11.03551402,4.81633,0.460257,0.460257,3.49134,3.52502,3.90539,0.933015,0.906901,0.621239
3,11.14766355,6.38367,0.428582,0.428582,3.4626,3.49667,3.8756,2.06159,2.03209,1.71433
3,11.23738318,2.48163,0.404188,0.404188,3.43961,3.474,3.85178,-0.677335,-0.699747,-0.938237
3,11.28224299,4.65306,0.392313,0.392313,3.42812,3.46266,3.83986,0.866874,0.840139,0.557363
3,11.3271028,3.65714,0.380655,0.380655,3.41663,3.45132,3.82795,0.170365,0.14539,-0.117177
3,11.37196262,2.13878,0.369216,0.369216,3.40513,3.43998,3.81604,-0.897812,-0.919985,-1.15169
3,11.41682243,4.16327,0.357998,0.357998,3.39364,3.42865,3.80412,0.546142,0.519857,0.246831
3,11.6635514,2.67755,0.300287,0.300287,3.33042,3.36629,3.7386,-0.465621,-0.489806,-0.732914
3,11.68598131,3.2,0.295378,0.295378,3.32468,3.36063,3.73264,-0.0889581,-0.114282,-0.368089
3,11.73084112,2.38367,0.285729,0.285729,3.31318,3.34929,3.72073,-0.663827,-0.687634,-0.92484
3,11.86542056,3.36327,0.258128,0.258128,3.2787,3.31528,3.68499,0.0605574,0.0342629,-0.223151
3,11.93271028,4.94694,0.245081,0.245081,3.26147,3.29828,3.66712,1.2087,1.17882,0.888931
3,12,3.78776,0.232531,0.232531,3.24423,3.28127,3.64925,0.390316,0.362635,0.0963369
3,12.02242991,6.22041,0.228458,0.228458,3.23848,3.27561,3.64329,2.14236,2.1094,1.79331
3,12.04485981,3.08571,0.224439,0.224439,3.23274,3.26994,3.63734,-0.105675,-0.132023,-0.384028
3,12.11214953,5.64898,0.212706,0.212706,3.2155,3.25294,3.61947,1.75156,1.71944,1.41488
3,12.22429907,2.51429,0.194216,0.194216,3.18677,3.2246,3.58968,-0.485155,-0.510891,-0.751455
3,12.29158879,4.88163,0.183748,0.183748,3.16953,3.2076,3.57182,1.23689,1.20569,0.916537
3,12.31401869,5.19184,0.180361,0.180361,3.16379,3.20193,3.56586,1.46583,1.43384,1.1383
3,12.3364486,2.82449,0.177024,0.177024,3.15804,3.19626,3.5599,-0.241195,-0.268006,-0.51508
3,12.3588785,2.30204,0.173738,0.173738,3.1523,3.1906,3.55395,-0.615114,-0.64084,-0.877238
3,12.44859813,4.73469,0.161086,0.161086,3.12932,3.16793,3.53012,1.16356,1.13204,0.845645
3,12.65046729,2.36735,0.135396,0.135396,3.07761,3.11693,3.47652,-0.516957,-0.543835,-0.781956
3,12.6728972,3.46122,0.132769,0.132769,3.07187,3.11126,3.47056,0.28352,0.254021,-0.00658703
3,12.74018692,3.05306,0.125147,0.125147,3.05464,3.09426,3.4527,-0.00114775,-0.0299479,-0.282268
3,12.87476636,3.00408,0.111032,0.111032,3.02017,3.06027,3.41696,-0.0117653,-0.0409519,-0.292448
3,12.94205607,4.08163,0.104512,0.104512,3.00294,3.04327,3.3991,0.789902,0.757871,0.484131
3,12.98691589,4.44082,0.100356,0.100356,2.99145,3.03194,3.38719,1.06233,1.02925,0.748058
3,13.00934579,4.57143,0.0983335,0.0983335,2.98571,3.02627,3.38123,1.16282,1.12933,0.845418
3,13.0317757,2.62857,0.0963474,0.0963474,2.97997,3.02061,3.37527,-0.257802,-0.286666,-0.530646
3,13.16635514,4.60408,0.0851676,0.0851676,2.94551,2.98662,3.33954,1.22026,1.18601,0.901201
3,13.23364486,2.10612,0.0800294,0.0800294,2.92828,2.96962,3.32168,-0.605743,-0.634049,-0.867525
3,13.30093458,3.55918,0.0751751,0.0751751,2.91105,2.95263,3.30381,0.478203,0.445999,0.182514
3,13.30093458,2.35102,0.0751751,0.0751751,2.91105,2.95263,3.30381,-0.413202,-0.442364,-0.680964
3,13.32336449,3.13469,0.0736178,0.0736178,2.90531,2.94697,3.29786,0.169323,0.1381,-0.11667
3,13.3682243,2.93878,0.0705918,0.0705918,2.89383,2.93564,3.28595,0.0332116,0.00231024,-0.24848
3,13.45794393,3.98367,0.064881,0.064881,2.87086,2.91298,3.26213,0.823781,0.78985,0.517409
3,13.65981308,5.33e-15,0.0535647,0.0535647,2.81919,2.86201,3.20854,-2.0959,-2.12021,-2.31071
3,13.68224299,2.17143,0.0524284,0.0524284,2.81345,2.85635,3.20259,-0.477532,-0.507633,-0.742971
3,13.74953271,1.69796,0.0491542,0.0491542,2.79623,2.83936,3.18473,-0.818057,-0.847148,-1.07279
3,13.86168224,0.897959,0.0441228,0.0441228,2.76753,2.81105,3.15496,-1.3959,-1.42323,-1.63247
3,13.92897196,3.57551,0.0413428,0.0413428,2.75031,2.79406,3.1371,0.617014,0.582173,0.317559
3,13.99626168,3.5102,0.0387304,0.0387304,2.73309,2.77708,3.11924,0.581893,0.546946,0.283601
3,14.01869159,1.50204,0.0378951,0.0378951,2.72736,2.77142,3.11328,-0.917945,-0.947465,-1.16933
3,14.0411215,2.69388,0.0370772,0.0370772,2.72162,2.76576,3.10733,-0.0207909,-0.0536772,-0.3002
3,14.13084112,5.30612,0.0339714,0.0339714,2.69866,2.74312,3.08352,1.95807,1.91755,1.61691
3,14.24299065,1.6,0.0304399,0.0304399,2.66998,2.71481,3.05375,-0.805438,-0.83604,-1.06015
3,14.28785047,3.88571,0.0291288,0.0291288,2.6585,2.7035,3.04185,0.924688,0.88743,0.615984
3,14.33271028,2.77551,0.0278724,0.0278724,2.64703,2.69218,3.02994,0.0969013,0.0626133,-0.185906
3,14.44485981,4.27755,0.0249568,0.0249568,2.61835,2.66388,3.00018,1.25442,1.21533,0.935597
3,14.64672897,2.25306,0.0204382,0.0204382,2.56674,2.61296,2.94662,-0.238191,-0.272225,-0.510226
3,14.69158879,5.07755,0.0195482,0.0195482,2.55527,2.60165,2.93472,1.91715,1.87452,1.57794
3,14.93831776,2.93878,0.0152912,0.0152912,2.49222,2.53944,2.86927,0.341246,0.303937,0.051463
3,14.98317757,3.10204,0.0146216,0.0146216,2.48076,2.52813,2.85737,0.475232,0.437226,0.181327
3,15.00560748,1.19184,0.0142977,0.0142977,2.47503,2.52248,2.85142,-0.982021,-1.01422,-1.23051
3,15.05046729,1.51837,0.0136709,0.0136709,2.46357,2.51117,2.83952,-0.724067,-0.757451,-0.980545
3,15.11775701,5.38776,0.0127811,0.0127811,2.44638,2.49421,2.82167,2.25654,2.21079,1.90734
3,15.25233645,1.76327,0.0111694,0.0111694,2.41201,2.4603,2.78598,-0.499171,-0.534111,-0.76243
3,15.29719626,2.98776,0.010678,0.010678,2.40056,2.449,2.77408,0.452254,0.413225,0.159449
3,15.36448598,1.25714,0.00998083,0.00998083,2.38338,2.43205,2.75624,-0.868706,-0.902465,-1.12034
3,15.4317757,3.96735,0.00932865,0.00932865,2.36621,2.4151,2.7384,1.23684,1.19404,0.919816
3,15.67850467,0.0163265,0.00727844,0.00727844,2.30326,2.35298,2.67299,-1.77624,-1.80707,-1.99933
3,15.92523364,2.59592,0.00567588,0.00567588,2.24035,2.2909,2.60761,0.277678,0.237157,-0.00884566
3,16.1271028,0.881633,0.00462948,0.00462948,2.18893,2.24014,2.55413,-1.02553,-1.06095,-1.27136
3,16.21682243,1.24082,0.0042283,0.0042283,2.16608,2.21759,2.53037,-0.727293,-0.76433,-0.982244
3,16.30654206,2.85714,0.00386174,0.00386174,2.14324,2.19505,2.50661,0.562277,0.519109,0.267542
3,16.35140187,0.914286,0.0036905,0.0036905,2.13183,2.18378,2.49473,-0.95992,-0.996326,-1.20747
3,16.4635514,2.84082,0.00329477,0.00329477,2.1033,2.15562,2.46504,0.582924,0.539083,0.287827
3,16.66542056,2.74286,0.00268599,0.00268599,2.05199,2.10496,2.41161,0.548537,0.50411,0.25488
3,16.97943925,0.163265,0.00195428,0.00195428,1.97229,2.02626,2.32856,-1.44655,-1.48257,-1.67808
3,17.00186916,2.17143,0.00191037,0.00191037,1.9666,2.02064,2.32263,0.163873,0.120056,-0.11724
3,17.11401869,2.23673,0.00170514,0.00170514,1.93817,1.99257,2.29299,0.23947,0.194892,-0.0437306
3,17.20373832,0.555102,0.00155693,0.00155693,1.91545,1.97012,2.26928,-1.09332,-1.13171,-1.33532
3,17.29345794,0.457143,0.00142157,0.00142157,1.89274,1.94769,2.24558,-1.15615,-1.19451,-1.39604
3,17.29345794,1.95918,0.00142157,0.00142157,1.89274,1.94769,2.24558,0.0535135,0.00921282,-0.223561
3,17.31588785,3.2,0.00138961,0.00138961,1.88706,1.94208,2.23966,1.05792,1.00859,0.750023
3,17.42803738,2.67755,0.00124025,0.00124025,1.8587,1.91406,2.21005,0.661486,0.613699,0.366064
3,18.03364486,1.81224,0.000670993,0.000670993,1.70604,1.76319,2.05038,0.0869887,0.0399758,-0.189106
3,18.12336449,4.5551,0.000612605,0.000612605,1.68351,1.7409,2.02677,2.35696,2.29777,2.01195
3,18.23551402,0.555102,0.000546707,0.000546707,1.65538,1.71308,1.99727,-0.905425,-0.947885,-1.15064
3,18.37009346,1.30612,0.000476914,0.000476914,1.62168,1.67974,1.9619,-0.260478,-0.306768,-0.524868
3,18.43738318,2.20408,0.000445431,0.000445431,1.60485,1.66309,1.94423,0.495411,0.444868,0.20831
3,18.95327103,2.04082,0.000263853,0.000263853,1.47644,1.53596,1.80902,0.472191,0.420057,0.188089
3,19.13271028,2.57959,0.000219913,0.000219913,1.43206,1.49198,1.76214,0.964084,0.908636,0.666151
3,19.26728972,0.359184,0.000191829,0.000191829,1.39889,1.4591,1.72704,-0.876221,-0.921742,-1.11826
3,19.44672897,1.63265,0.000159881,0.000159881,1.35483,1.41539,1.68032,0.235114,0.182817,-0.0391369
3,20.43364486,1.66531,5.86965e-05,5.86965e-05,1.11676,1.17864,1.42563,0.47489,0.418815,0.201485
4,0,1.95122,5.1422,5.1422,7.27033,7.29599,6.85541,-2.88788,-2.8973,-2.73128
4,0.993314231,2.05765,4.70415,4.70415,6.92397,7.05733,7.05135,-2.69869,-2.74994,-2.74767
4,1.107927412,5.62306,4.65361,4.65361,6.87648,7.01671,7.06341,-0.697152,-0.768457,-0.79193
4,1.184336199,0.922395,4.61991,4.61991,6.8443,6.98857,7.06999,-3.30035,-3.35069,-3.3787
4,1.222540592,4.25721,4.60306,4.60306,6.82806,6.97421,7.07284,-1.43422,-1.50208,-1.54719
4,1.910219675,7.34368,4.2998,4.2998,6.52363,6.68996,7.06989,0.466325,0.367859,0.150476
4,1.986628462,4.00887,4.26611,4.26611,6.48877,6.65612,7.06302,-1.41333,-1.49282,-1.67927
4,2.101241643,5.81818,4.21557,4.21557,6.43621,6.60475,7.05026,-0.353403,-0.444996,-0.677965
4,2.17765043,4.00887,4.18187,4.18187,6.401,6.57015,7.04014,-1.37097,-1.4522,-1.66903
4,2.215854823,2.80266,4.16503,4.16503,6.38336,6.55275,7.0346,-2.05447,-2.12857,-2.33092
4,2.215854823,4.47007,4.16503,4.16503,6.38336,6.55275,7.0346,-1.09777,-1.18214,-1.41253
4,2.521489971,3.051,4.03025,4.03025,6.24128,6.41149,6.97929,-1.84727,-1.92466,-2.17105
4,2.903533906,8.26608,3.86179,3.86179,6.06194,6.23101,6.88487,1.29123,1.17915,0.767822
4,3.018147087,4.82483,3.81125,3.81125,6.00786,6.17625,6.85173,-0.695501,-0.785812,-1.12909
4,3.094555874,6.56319,3.77756,3.77756,5.97175,6.13961,6.82853,0.348532,0.246889,-0.148021
4,3.132760267,6.17295,3.76071,3.76071,5.95368,6.12126,6.81661,0.129365,0.0301646,-0.359341
4,3.209169054,4.15078,3.72702,3.72702,5.91752,6.08449,6.79218,-1.04486,-1.13114,-1.47687
4,3.209169054,4.66519,3.72702,3.72702,5.91752,6.08449,6.79218,-0.740632,-0.830229,-1.18925
4,3.209169054,6.03104,3.72702,3.72702,5.91752,6.08449,6.79218,0.0671397,-0.0312626,-0.425569
4,3.896848138,8.26608,3.42383,3.42383,5.59069,5.75062,6.54224,1.61712,1.50422,0.979112
4,3.915950334,7.18404,3.41541,3.41541,5.58159,5.74129,6.53467,0.969185,0.863286,0.369006
4,4.011461318,6.29712,3.37331,3.37331,5.53605,5.69461,6.49643,0.461722,0.361646,-0.113536
4,4.087870105,8.2306,3.33963,3.33963,5.49961,5.65723,6.46539,1.66093,1.5485,1.00752
4,4.106972302,7.55654,3.33121,3.33121,5.4905,5.64788,6.45757,1.2573,1.14924,0.627568
4,4.183381089,7.73392,3.29753,3.29753,5.45404,5.61046,6.42606,1.39088,1.2818,0.748357
4,4.240687679,7.27273,3.27227,3.27227,5.42669,5.58238,6.40221,1.12831,1.02229,0.49887
4,4.240687679,4.50554,3.27227,3.27227,5.42669,5.58238,6.40221,-0.563007,-0.651252,-1.08692
4,4.508118434,7.94678,3.1544,3.1544,5.29896,5.45117,6.28864,1.63259,1.52279,0.957188
4,4.508118434,6.38581,3.1544,3.1544,5.29896,5.45117,6.28864,0.670126,0.570307,0.0560933
4,4.699140401,7.50333,3.07022,3.07022,5.20766,5.3573,6.2056,1.4244,1.3179,0.753162
4,4.890162369,8.54989,2.98606,2.98606,5.11632,5.26334,6.12126,2.14401,2.03139,1.41724
4,4.928366762,7.57428,2.96923,2.96923,5.09805,5.24454,6.10426,1.54819,1.44187,0.858791
4,5.023877746,6.40355,2.92716,2.92716,5.05236,5.19752,6.06158,0.847491,0.748834,0.200336
4,5.062082139,7.25499,2.91033,2.91033,5.03409,5.17871,6.04444,1.39478,1.29087,0.709974
4,5.11938873,8.08869,2.88509,2.88509,5.00667,5.15049,6.01867,1.93931,1.83033,1.2161
4,5.17669532,7.5388,2.85985,2.85985,4.97925,5.12227,5.99282,1.61366,1.50832,0.909778
4,5.214899713,6.7051,2.84303,2.84303,4.96097,5.10345,5.97555,1.101,1.00101,0.429813
4,5.23400191,6.26164,2.83461,2.83461,4.95183,5.09404,5.9669,0.827364,0.730215,0.173744
4,5.520534862,6.29712,2.70847,2.70847,4.81469,4.95283,5.83637,0.945541,0.849084,0.273956
4,5.539637058,5.10865,2.70006,2.70006,4.80555,4.94341,5.82762,0.193454,0.104438,-0.427741
4,5.711556829,6.52772,2.62441,2.62441,4.72324,4.85864,5.74863,1.1585,1.06127,0.465949
4,5.902578797,7.60976,2.54039,2.54039,4.63178,4.76442,5.66044,1.92451,1.82137,1.17273
4,5.921680993,6.86475,2.53199,2.53199,4.62263,4.755,5.6516,1.44992,1.35141,0.730279
4,6.036294174,7.41463,2.4816,2.4816,4.56775,4.69845,5.59848,1.84833,1.74692,1.09719
4,6.074498567,5.42794,2.46481,2.46481,4.54946,4.67961,5.58075,0.571108,0.481946,-0.092426
4,6.074498567,5.14412,2.46481,2.46481,4.54946,4.67961,5.58075,0.386598,0.299163,-0.26409
4,6.112702961,8.42572,2.44802,2.44802,4.53116,4.66076,5.563,2.53525,2.42803,1.73359
4,6.189111748,5.39246,2.41445,2.41445,4.49457,4.62305,5.52748,0.586061,0.497542,-0.0819591
4,6.227316141,6.95344,2.39766,2.39766,4.47627,4.6042,5.5097,1.61902,1.52122,0.877452
4,6.227316141,5.78271,2.39766,2.39766,4.47627,4.6042,5.5097,0.853856,0.763124,0.165923
4,6.227316141,5.85366,2.39766,2.39766,4.47627,4.6042,5.5097,0.90023,0.809069,0.209046
4,6.532951289,4.64745,2.26351,2.26351,4.32989,4.45336,5.36713,0.209789,0.127063,-0.441665
4,6.532951289,5.60532,2.26351,2.26351,4.32989,4.45336,5.36713,0.84259,0.754155,0.146179
4,6.723973257,5.21508,2.17977,2.17977,4.2384,4.35908,5.27776,0.649608,0.564288,-0.0387077
4,6.914995224,5.78271,2.09615,2.09615,4.1469,4.26478,5.18825,1.09545,1.00763,0.369343
4,6.914995224,5.56984,2.09615,2.09615,4.1469,4.26478,5.18825,0.9529,0.866328,0.23709
4,7.029608405,6.03104,2.04603,2.04603,4.092,4.2082,5.13448,1.30386,1.21513,0.559131
4,7.067812798,6.13747,2.02934,2.02934,4.0737,4.18934,5.11654,1.38964,1.30048,0.637484
4,7.067812798,5.78271,2.02934,2.02934,4.0737,4.18934,5.11654,1.15076,1.06365,0.415962
4,7.106017192,7.84035,2.01265,2.01265,4.0554,4.17048,5.09861,2.55212,2.45328,1.71413
4,7.182425979,4.75388,1.97929,1.97929,4.0188,4.13276,5.06272,0.497018,0.416388,-0.193571
4,7.220630372,5.35698,1.96262,1.96262,4.0005,4.11389,5.04477,0.918443,0.834517,0.195931
4,7.220630372,4.50554,1.96262,1.96262,4.0005,4.11389,5.04477,0.341953,0.262924,-0.338395
4,7.258834766,4.36364,1.94596,1.94596,3.9822,4.09503,5.02682,0.258619,0.180576,-0.416708
4,7.526265521,6.102,1.82956,1.82956,3.8541,3.963,4.90106,1.53902,1.45238,0.761313
4,7.526265521,4.32816,1.82956,1.82956,3.8541,3.963,4.90106,0.324567,0.247945,-0.363185
4,7.698185291,7.04213,1.75496,1.75496,3.77175,3.87812,4.82015,2.25325,2.16227,1.4167
4,7.908309456,6.91796,1.66411,1.66411,3.6711,3.77437,4.7212,2.25449,2.16545,1.41055
4,7.908309456,4.39911,1.66411,1.66411,3.6711,3.77437,4.7212,0.505504,0.43035,-0.206817
4,8.022922636,4.61197,1.61473,1.61473,3.6162,3.71779,4.66721,0.694379,0.618649,-0.0356054
4,8.022922636,4.15078,1.61473,1.61473,3.6162,3.71779,4.66721,0.372774,0.299567,-0.332894
4,8.06112703,4.39911,1.59829,1.59829,3.5979,3.69892,4.64921,0.559503,0.485137,-0.161421
4,8.099331423,4.89579,1.58188,1.58188,3.5796,3.68006,4.63121,0.920433,0.843565,0.170992
4,8.099331423,5.03769,1.58188,1.58188,3.5796,3.68006,4.63121,1.01967,0.942031,0.262703
4,8.213944604,4.18625,1.53274,1.53274,3.52471,3.62348,4.57719,0.464622,0.392217,-0.253641
4,8.213944604,3.08647,1.53274,1.53274,3.52471,3.62348,4.57719,-0.307783,-0.374255,-0.96718
4,8.213944604,3.33481,1.53274,1.53274,3.52471,3.62348,4.57719,-0.133369,-0.20118,-0.806058
4,8.2330468,4.5765,1.52456,1.52456,3.51556,3.61405,4.56819,0.745662,0.671255,0.00539548
4,8.519579752,4.77162,1.40256,1.40256,3.37833,3.47259,4.4331,0.989905,0.916088,0.221949
4,8.538681948,4.68293,1.39447,1.39447,3.36918,3.46316,4.42409,0.934069,0.86083,0.169817
4,8.672397326,4.86031,1.33804,1.33804,3.30514,3.39715,4.36103,1.11136,1.038,0.329085
4,8.901623687,6.03104,1.24215,1.24215,3.19538,3.284,4.25291,2.04434,1.96643,1.1814
4,9.016236867,2.55432,1.19466,1.19466,3.14051,3.22743,4.19884,-0.424476,-0.48402,-1.09702
4,9.054441261,4.70067,1.17891,1.17891,3.12222,3.20857,4.18081,1.1447,1.07457,0.347247
4,9.073543457,4.23947,1.17105,1.17105,3.11307,3.19915,4.1718,0.817477,0.74978,0.045229
4,9.092645654,5.42794,1.1632,1.1632,3.10393,3.18972,4.16279,1.68789,1.61435,0.846224
4,9.092645654,4.32816,1.1632,1.1632,3.10393,3.18972,4.16279,0.88914,0.82112,0.110611
4,9.207258835,1.59645,1.11632,1.11632,3.04906,3.13316,4.10872,-1.05972,-1.11344,-1.6872
4,9.207258835,1.09978,1.11632,1.11632,3.04906,3.13316,4.10872,-1.42205,-1.47332,-2.02076
4,9.245463228,3.1929,1.10078,1.10078,3.03077,3.1143,4.09069,0.118457,0.0570387,-0.603754
4,9.512893983,1.77384,0.993455,0.993455,2.90278,2.98235,3.9645,-0.833523,-0.88646,-1.48729
4,9.53199618,4.20399,0.985894,0.985894,2.89364,2.97293,3.95549,0.96819,0.903696,0.168832
4,9.70391595,7.29047,0.918551,0.918551,2.81138,2.88812,3.87436,3.33209,3.25427,2.33523
4,9.894937918,1.77384,0.845381,0.845381,2.72002,2.79392,3.78421,-0.709269,-0.759969,-1.3838
4,9.914040115,4.949,0.83817,0.83817,2.71088,2.7845,3.7752,1.679,1.61382,0.808521
4,10.04775549,1.63193,0.788273,0.788273,2.64695,2.71859,3.71209,-0.765552,-0.814666,-1.43981
4,10.04775549,3.22838,0.788273,0.788273,2.64695,2.71859,3.71209,0.438525,0.382194,-0.334807
4,10.12416428,2.09313,0.760244,0.760244,2.61043,2.68093,3.67603,-0.391365,-0.442066,-1.09869
4,10.12416428,3.58315,0.760244,0.760244,2.61043,2.68093,3.67603,0.735906,0.678534,-0.0644715
4,10.20057307,0.922395,0.732591,0.732591,2.57392,2.64327,3.63998,-1.25332,-1.29832,-1.89154
4,10.20057307,1.20621,0.732591,0.732591,2.57392,2.64327,3.63998,-1.03793,-1.0842,-1.694
4,10.20057307,1.59645,0.732591,0.732591,2.57392,2.64327,3.63998,-0.741783,-0.789778,-1.42237
4,10.27698185,1.41907,0.705332,0.705332,2.53741,2.60563,3.60392,-0.851325,-0.898051,-1.52501
4,10.50620821,2.62528,0.626115,0.626115,2.42794,2.49274,3.49574,0.151628,0.101275,-0.612742
4,10.67812798,4.23947,0.569462,0.569462,2.34591,2.40814,3.41461,1.46529,1.40956,0.584362
4,10.88825215,2.34146,0.503777,0.503777,2.24575,2.30483,3.31546,0.0747145,0.0284521,-0.695473
4,10.92645654,5.35698,0.492281,0.492281,2.22755,2.28605,3.29743,2.44666,2.38873,1.47272
4,11.04106972,0.851441,0.458657,0.458657,2.17298,2.22976,3.24336,-1.03815,-1.07739,-1.71779
4,11.06017192,3.40576,0.453182,0.453182,2.16389,2.22039,3.23434,0.976347,0.927335,0.123198
4,11.09837631,2.8204,0.442343,0.442343,2.14571,2.20163,3.21632,0.531276,0.48486,-0.284954
4,11.11747851,2.41242,0.43698,0.43698,2.13663,2.19226,3.20731,0.217341,0.172654,-0.572517
4,11.1938873,0.532151,0.415908,0.415908,2.1003,2.15478,3.17126,-1.23978,-1.27671,-1.90633
4,11.1938873,1.70288,0.415908,0.415908,2.1003,2.15478,3.17126,-0.314197,-0.35556,-1.06067
4,11.27029608,0.354767,0.395455,0.395455,2.06399,2.11732,3.13521,-1.35566,-1.39138,-2.01428
4,11.49952245,1.5255,0.337899,0.337899,1.95524,2.0051,3.02708,-0.34416,-0.382384,-1.09741
4,11.53772684,2.83814,0.32887,0.32887,1.93714,1.98642,3.00907,0.72273,0.680201,-0.125104
4,11.72874881,4.96674,0.286174,0.286174,1.8468,1.89317,2.91898,2.52306,2.4752,1.50989
4,11.91977077,2.44789,0.247551,0.247551,1.75672,1.80018,2.82892,0.563524,0.526015,-0.283042
4,12.03438395,0.141907,0.226309,0.226309,1.70283,1.74453,2.7749,-1.27892,-1.3081,-1.96469
4,12.03438395,2.02217,0.226309,0.226309,1.70283,1.74453,2.7749,0.261647,0.226618,-0.561669
4,12.07258835,0.922395,0.219545,0.219545,1.6849,1.72601,2.75689,-0.625772,-0.657038,-1.37093
4,12.11079274,1.38359,0.212937,0.212937,1.66698,1.7075,2.73889,-0.232953,-0.26528,-1.01434
4,12.11079274,3.01552,0.212937,0.212937,1.66698,1.7075,2.73889,1.10854,1.07125,0.207042
4,12.22540592,0.496674,0.19404,0.19404,1.61332,1.65209,2.68488,-0.922461,-0.951083,-1.64514
4,12.22540592,2.76718,0.19404,0.19404,1.61332,1.65209,2.68488,0.9532,0.917899,0.0618778
4,12.53104107,0.567627,0.150141,0.150141,1.47111,1.50515,2.54094,-0.756279,-0.782284,-1.50171
4,12.53104107,2.44789,0.150141,0.150141,1.47111,1.50515,2.54094,0.81764,0.786646,-0.0708089
4,12.70296084,3.40576,0.129316,0.129316,1.39179,1.42316,2.46003,1.69843,1.66705,0.724695
4,12.913085,2.55432,0.107277,0.107277,1.29569,1.32379,2.36121,1.07112,1.04442,0.149237
4,13.04680038,2.92683,0.0950371,0.0950371,1.2351,1.26113,2.29838,1.44802,1.42221,0.488317
4,13.06590258,0,0.0933942,0.0933942,1.22649,1.25222,2.28941,-1.05067,-1.07008,-1.7803
4,13.10410697,0.354767,0.0901847,0.0901847,1.20929,1.23442,2.27147,-0.733235,-0.752987,-1.4928
4,13.12320917,1.24169,0.0886175,0.0886175,1.20071,1.22555,2.2625,0.035186,0.0138263,-0.795665
4,13.21872015,1.0643,0.0811441,0.0811441,1.15798,1.18133,2.21766,-0.080779,-0.100688,-0.902501
4,13.5243553,2.18182,0.0609328,0.0609328,1.02348,1.04212,2.0744,1.01193,0.993842,0.0851175
4,13.5243553,1.77384,0.0609328,0.0609328,1.02348,1.04212,2.0744,0.655513,0.638073,-0.238172
4,13.69627507,3.051,0.0517291,0.0517291,0.94962,0.965642,1.99399,1.84909,1.83211,0.843586
4,13.92550143,2.5898,0.041482,0.041482,0.853604,0.866213,1.88701,1.5423,1.52918,0.566284
4,14.05921681,2.25277,0.0364296,0.0364296,0.799103,0.809775,1.82476,1.29834,1.28744,0.346818
4,14.0974212,0,0.0350979,0.0350979,0.783758,0.793885,1.807,-0.701082,-0.709424,-1.46657
4,14.0974212,0.283814,0.0350979,0.0350979,0.783758,0.793885,1.807,-0.447207,-0.455805,-1.23622
4,14.51766953,1.31264,0.0232248,0.0232248,0.622632,0.627132,1.6125,0.627311,0.622936,-0.24773
4,14.7086915,6.40355,0.019219,0.019219,0.554747,0.556972,1.52475,5.35425,5.35099,4.06354
4,14.89971347,0.532151,0.0158915,0.0158915,0.490736,0.490916,1.43755,0.0381625,0.0379956,-0.760267
4,15.05253104,1.70288,0.0136427,0.0136427,0.442546,0.441278,1.36826,1.16715,1.16847,0.282824
4,15.70200573,3.76053,0.0071082,0.0071082,0.270626,0.265302,1.0803,3.29033,3.29719,2.32856
4,15.8930277,0.0709534,0.0058633,0.0058633,0.230565,0.2247,0.998371,-0.15112,-0.145658,-0.812186
4,16.04584527,1.91574,0.00502538,0.00502538,0.201883,0.195775,0.934031,1.62762,1.63448,0.865175
4,16.10315186,0.86918,0.00474283,0.00474283,0.191877,0.185717,0.910213,0.643904,0.650186,-0.0362474
4,16.52340019,1.5255,0.00310119,0.00310119,0.130149,0.124142,0.74168,1.33529,1.3419,0.704094
4,16.71442216,4.45233,0.00255599,0.00255599,0.108237,0.102531,0.669294,4.16686,4.17488,3.42309
4,16.88634193,0.354767,0.00214756,0.00214756,0.0913619,0.0860032,0.606831,0.253116,0.258414,-0.229529
4,17.0582617,2.1286,0.00180426,0.00180426,0.0768891,0.0719223,0.54719,1.97464,1.98047,1.44881
4,17.68863419,2.69623,0.000952202,0.000952202,0.0400563,0.0366076,0.356524,2.56654,2.57083,2.18614
