parameter,value,CV,se_sa,rse_sa,P2.5_sa,P97.5_sa
alpha_pop,4.93e-05,
D_pop,0.962029450779477,,0.296354225328792,30.8051094577898,0.545709,1.69596
E_pop,5,
C_pop,10,
B_pop,7084.13296881,,9.7851996127655,0.138128401257398,7064.98,7103.34
ECLIPSE0_pop,9.99999999999999e-08,
BUD0_pop,0.033,
ep_pop,0.001,
Time0_pop,9.34708592795489,,4.99983980950328,53.4908938255287,0.0992825,13.9755
omega_alpha,12.4122260433669,2.84729553029005e+35,6.3806474791533,51.4061495243482,5.20642,29.591
omega_D,0.574742407287625,62.5640154011799,0.204670240850835,35.6107776728591,0.301974,1.0939
omega_B,0.000310972491527775,0.0310972498967108,0.000590893203904755,190.014621872745,4.83336e-05,0.00200076
omega_Time0,4.77925068317253,74.342195180499,3.10463990096659,64.960808854364,1.70219,13.4187
a,1.38831518199451,,0.0741802553604882,5.34318549004972,1.25056,1.54125
b,2.22044604925031e-16,,0.0184725351011848,8.31929021982843e+15,3.36816e-21,1.46382e-11