id,time,y10,popPred_medianCOV,popPred,indivPred_SAEM,indivPred_mean,indivPred_mode,indWRes_SAEM,indWRes_mean,indWRes_mode
1,0,0.780488,6.74627,6.74627,3.47917,3.45262,3.46511,-1.94385,-1.92473,-1.93372
1,0,1.59645,6.74627,6.74627,3.47917,3.45262,3.46511,-1.35612,-1.33699,-1.34599
1,0.667302193,5.67627,7.09232,7.09232,4.52478,4.49773,4.50898,0.829418,0.848904,0.840803
1,0.762631077,5.25055,7.13708,7.13708,4.67417,4.64705,4.65811,0.415168,0.434705,0.426733
1,1.029551954,3.22838,7.2533,7.2533,5.09246,5.06514,5.07571,-1.34269,-1.32301,-1.33063
1,1.18207817,7.3082,7.31247,7.31247,5.33149,5.30405,5.31434,1.42382,1.44358,1.43618
1,1.220209724,3.051,7.32631,7.32631,5.39125,5.36378,5.37399,-1.68567,-1.66589,-1.67325
1,1.258341277,5.32151,7.33974,7.33974,5.451,5.42351,5.43365,-0.0932745,-0.073472,-0.0807743
1,1.258341277,5.74723,7.33974,7.33974,5.451,5.42351,5.43365,0.213371,0.233173,0.225871
1,1.315538608,5.88914,7.35909,7.35909,5.54064,5.5131,5.52313,0.251022,0.270855,0.263631
1,1.315538608,6.38581,7.35909,7.35909,5.54064,5.5131,5.52313,0.608775,0.628608,0.621384
1,1.410867493,4.15078,7.3891,7.3891,5.69003,5.66242,5.67227,-1.10872,-1.08884,-1.09593
1,1.448999047,3.37029,7.40029,7.40029,5.74979,5.72215,5.73193,-1.71395,-1.69404,-1.70108
1,1.468064824,8.17738,7.4057,7.4057,5.77966,5.75202,5.76176,1.72707,1.74699,1.73997
1,1.601525262,5.32151,7.44004,7.44004,5.98881,5.96107,5.97055,-0.480659,-0.460673,-0.467501
1,1.67778837,6.45676,7.45676,7.45676,6.10833,6.08052,6.08985,0.250977,0.271004,0.264285
1,1.754051478,4.15078,7.47128,7.47128,6.22784,6.19998,6.20915,-1.4961,-1.47604,-1.48264
1,1.754051478,4.61197,7.47128,7.47128,6.22784,6.19998,6.20915,-1.16391,-1.14384,-1.15045
1,1.754051478,8.15965,7.47128,7.47128,6.22784,6.19998,6.20915,1.39147,1.41154,1.40493
1,1.811248808,6.79379,7.48069,7.48069,6.31748,6.28957,6.29863,0.343089,0.363187,0.356664
1,1.982840801,3.29933,7.50109,7.50109,6.58638,6.55835,6.56704,-2.36765,-2.34746,-2.35372
1,1.982840801,6.38581,7.50109,7.50109,6.58638,6.55835,6.56704,-0.144472,-0.124282,-0.130541
1,2.020972355,5.14412,7.50402,7.50402,6.64614,6.61808,6.62668,-1.0819,-1.06169,-1.06788
1,2.020972355,6.66962,7.50402,7.50402,6.64614,6.61808,6.62668,0.0169155,0.0371257,0.0309283
1,2.097235462,7.20177,7.50812,7.50812,6.76565,6.73754,6.74596,0.314137,0.334388,0.328318
1,2.135367016,5.1796,7.5093,7.5093,6.82541,6.79727,6.8056,-1.18547,-1.1652,-1.1712
1,2.230695901,6.31486,7.50976,7.50976,6.9748,6.94659,6.95467,-0.475358,-0.455035,-0.460859
1,2.249761678,7.80488,7.50942,7.50942,7.00468,6.97645,6.98448,0.57638,0.596713,0.590928
1,2.249761678,7.48559,7.50942,7.50942,7.00468,6.97645,6.98448,0.346396,0.366729,0.360944
1,2.326024786,5.46341,7.50673,7.50673,7.12419,7.09591,7.10371,-1.19626,-1.17588,-1.1815
1,2.326024786,7.27273,7.50673,7.50673,7.12419,7.09591,7.10371,0.106988,0.127361,0.121743
1,2.364156339,6.13747,7.50458,7.50458,7.18395,7.15564,7.16331,-0.753776,-0.733383,-0.738908
1,2.402287893,5.74723,7.5019,7.5019,7.24371,7.21537,7.2229,-1.07791,-1.0575,-1.06292
1,2.440419447,6.03104,7.49871,7.49871,7.30346,7.2751,7.28246,-0.916523,-0.896089,-0.901396
1,2.459485224,8.15965,7.49693,7.49693,7.33334,7.30496,7.31224,0.595184,0.615628,0.610385
1,2.592945663,7.59202,7.48113,7.48113,7.54249,7.514,7.52025,0.0356781,0.0561931,0.0516918
1,2.66920877,8.12417,7.46963,7.46963,7.65264,7.6292,7.63315,0.339639,0.356525,0.353678
1,2.745471878,8.37251,7.45649,7.45649,7.72341,7.71042,7.71211,0.467543,0.4769,0.475678
1,2.745471878,7.41463,7.45649,7.45649,7.72341,7.71042,7.71211,-0.22241,-0.213052,-0.214274
1,2.764537655,5.67627,7.45296,7.45296,7.73425,7.72376,7.72503,-1.48236,-1.4748,-1.47571
1,2.802669209,5.8714,7.44563,7.44563,7.74857,7.74265,7.7432,-1.35213,-1.34786,-1.34826
1,2.974261201,5.92461,7.4084,7.4084,7.72568,7.73233,7.73148,-1.29731,-1.3021,-1.30148
1,2.974261201,7.62749,7.4084,7.4084,7.72568,7.73233,7.73148,-0.070725,-0.0755142,-0.0748996
1,2.974261201,6.68736,7.4084,7.4084,7.72568,7.73233,7.73148,-0.747901,-0.75269,-0.752075
1,3.012392755,6.102,7.39928,7.39928,7.70835,7.71639,7.71547,-1.15705,-1.16285,-1.16218
1,3.012392755,7.98226,7.39928,7.39928,7.70835,7.71639,7.71547,0.197301,0.191506,0.192172
1,3.088655863,6.77605,7.38021,7.38021,7.66668,7.67659,7.67566,-0.641518,-0.648656,-0.647983
1,3.16491897,6.31486,7.36013,7.36013,7.61903,7.62996,7.62913,-0.939396,-0.947269,-0.946671
1,3.203050524,7.48559,7.34975,7.34975,7.59382,7.60506,7.60431,-0.0779608,-0.086055,-0.0855138
1,3.241182078,8.37251,7.33914,7.33914,7.56799,7.57944,7.57878,0.579491,0.571243,0.571719
1,3.241182078,8.2306,7.33914,7.33914,7.56799,7.57944,7.57878,0.477275,0.469028,0.469504
1,3.241182078,6.95344,7.33914,7.33914,7.56799,7.57944,7.57878,-0.442661,-0.450908,-0.450433
1,3.317445186,4.82483,7.31732,7.31732,7.51506,7.52674,7.52629,-1.93777,-1.94618,-1.94585
1,3.317445186,8.08869,7.31732,7.31732,7.51506,7.52674,7.52629,0.413182,0.40477,0.405097
1,3.317445186,7.7694,7.31732,7.31732,7.51506,7.52674,7.52629,0.183198,0.174786,0.175113
1,3.35557674,5.96009,7.30613,7.30613,7.48818,7.49991,7.49957,-1.10068,-1.10913,-1.10888
1,3.35557674,5.39246,7.30613,7.30613,7.48818,7.49991,7.49957,-1.50954,-1.51799,-1.51774
1,3.393708294,8.2306,7.29476,7.29476,7.46111,7.47286,7.47263,0.55426,0.545799,0.545962
1,3.393708294,6.95344,7.29476,7.29476,7.46111,7.47286,7.47263,-0.365676,-0.374137,-0.373974
1,3.469971401,7.55654,7.27153,7.27153,7.4066,7.41833,7.41834,0.108001,0.0995557,0.0995461
1,3.469971401,7.27273,7.27153,7.27153,7.4066,7.41833,7.41834,-0.0964297,-0.104875,-0.104884
1,3.508102955,9.15299,7.25969,7.25969,7.37923,7.39092,7.39105,1.27764,1.26922,1.26912
1,3.546234509,6.95344,7.24771,7.24771,7.3518,7.36345,7.36371,-0.286937,-0.295331,-0.295518
1,3.584366063,7.59202,7.23559,7.23559,7.32433,7.33593,7.33632,0.192817,0.184456,0.18418
1,3.698760724,8.33703,7.1985,7.1985,7.24178,7.25323,7.25399,0.788905,0.78066,0.780113
1,3.736892278,8.01774,7.18591,7.18591,7.21424,7.22562,7.22651,0.578761,0.570557,0.569919
1,3.775023832,5.49889,7.17322,7.17322,7.18668,7.19801,7.19903,-1.21571,-1.22387,-1.2246
1,3.775023832,7.00665,7.17322,7.17322,7.18668,7.19801,7.19903,-0.129677,-0.137838,-0.138566
1,3.813155386,4.75388,7.16043,7.16043,7.15913,7.1704,7.17153,-1.73249,-1.74061,-1.74143
1,3.889418494,8.58537,7.13459,7.13459,7.104,7.11515,7.11654,1.06702,1.059,1.05799
1,3.908484271,8.85144,7.12808,7.12808,7.09022,7.10133,7.10279,1.2686,1.2606,1.25955
1,3.965681602,7.37916,7.10842,7.10842,7.04887,7.05989,7.06153,0.237908,0.22997,0.228785
1,3.965681602,5.81818,7.10842,7.10842,7.04887,7.05989,7.06153,-0.886459,-0.894397,-0.895582
1,3.965681602,6.63415,7.10842,7.10842,7.04887,7.05989,7.06153,-0.298722,-0.30666,-0.307844
1,4.003813155,6.84701,7.09522,7.09522,7.0213,7.03225,7.03403,-0.12554,-0.133434,-0.134709
1,4.003813155,6.98891,7.09522,7.09522,7.0213,7.03225,7.03403,-0.0233253,-0.0312186,-0.0324943
1,4.061010486,8.03548,7.07528,7.07528,6.97994,6.9908,6.99277,0.7603,0.752475,0.751062
1,4.156339371,8.26608,7.04174,7.04174,6.91101,6.92172,6.924,0.976049,0.968337,0.966697
1,4.194470925,7.96452,7.02823,7.02823,6.88344,6.89408,6.89649,0.778702,0.771036,0.769304
1,4.232602479,7.1663,7.01465,7.01465,6.85587,6.86645,6.86898,0.223602,0.215981,0.214158
1,4.232602479,7.69845,7.01465,7.01465,6.85587,6.86645,6.86898,0.606909,0.599288,0.597465
1,4.289799809,8.07095,6.9942,6.9942,6.81451,6.82499,6.82772,0.905014,0.897462,0.895501
1,4.308865586,6.13747,6.98735,6.98735,6.80072,6.81118,6.81396,-0.477737,-0.485267,-0.487273
1,4.308865586,6.66962,6.98735,6.98735,6.80072,6.81118,6.81396,-0.0944301,-0.10196,-0.103966
1,4.327931363,8.26608,6.9805,6.9805,6.78694,6.79736,6.80021,1.06542,1.05791,1.05586
1,4.327931363,5.78271,6.9805,6.9805,6.78694,6.79736,6.80021,-0.723345,-0.730852,-0.732904
1,4.327931363,6.26164,6.9805,6.9805,6.78694,6.79736,6.80021,-0.378369,-0.385876,-0.387928
1,4.34699714,7.62749,6.97363,6.97363,6.77315,6.78354,6.78645,0.615383,0.607898,0.605801
1,4.385128694,6.77605,6.95987,6.95987,6.74558,6.7559,6.75894,0.0219522,0.0145131,0.0123245
1,4.423260248,6.91796,6.94606,6.94606,6.718,6.72827,6.73143,0.144028,0.136634,0.134354
1,4.461391802,7.02439,6.93221,6.93221,6.69043,6.70063,6.70392,0.24055,0.233202,0.23083
1,4.499523356,7.52106,6.91832,6.91832,6.66286,6.673,6.67642,0.618164,0.610861,0.608398
1,4.59485224,8.01774,6.88345,6.88345,6.59393,6.60391,6.60764,1.02557,1.01838,1.01569
1,4.652049571,7.66297,6.86243,6.86243,6.55257,6.56245,6.56638,0.799822,0.792701,0.789872
1,4.747378456,7.18404,6.82724,6.82724,6.48364,6.49336,6.49761,0.504496,0.49749,0.494433
1,4.766444233,4.36364,6.82018,6.82018,6.46985,6.47954,6.48385,-1.5171,-1.52408,-1.52719
1,4.804575786,4.75388,6.80605,6.80605,6.44228,6.45191,6.45634,-1.21615,-1.22309,-1.22628
1,4.880838894,8.01774,6.7777,6.7777,6.38713,6.39664,6.40132,1.17452,1.16767,1.1643
1,4.957102002,5.07317,6.74926,6.74926,6.33199,6.34136,6.34631,-0.906724,-0.913477,-0.917036
1,4.995233556,3.5122,6.73501,6.73501,6.30442,6.31373,6.3188,-2.01123,-2.01794,-2.02159
1,4.995233556,6.88248,6.73501,6.73501,6.30442,6.31373,6.3188,0.416379,0.409673,0.406022
1,4.995233556,7.02439,6.73501,6.73501,6.30442,6.31373,6.3188,0.518594,0.511888,0.508237
1,4.995233556,7.27273,6.73501,6.73501,6.30442,6.31373,6.3188,0.697471,0.690764,0.687114
1,4.995233556,6.17295,6.73501,6.73501,6.30442,6.31373,6.3188,-0.0946966,-0.101403,-0.105054
1,5.03336511,7.52106,6.72073,6.72073,6.27684,6.28609,6.29129,0.896208,0.889547,0.885805
1,5.03336511,5.46341,6.72073,6.72073,6.27684,6.28609,6.29129,-0.585912,-0.592573,-0.596315
1,5.071496663,5.96009,6.70644,6.70644,6.24927,6.25846,6.26378,-0.208298,-0.214913,-0.218747
1,5.147759771,7.41463,6.6778,6.6778,6.19413,6.20318,6.20876,0.879129,0.872605,0.868588
1,5.147759771,5.28603,6.6778,6.6778,6.19413,6.20318,6.20876,-0.654098,-0.660623,-0.664639
1,5.224022879,5.07317,6.6491,6.6491,6.13898,6.14791,6.15374,-0.7677,-0.774133,-0.778333
1,5.300285987,7.94678,6.62033,6.62033,6.08383,6.09264,6.09872,1.34188,1.33554,1.33115
1,5.300285987,7.20177,6.62033,6.62033,6.08383,6.09264,6.09872,0.80525,0.798908,0.794525
1,5.319351764,2.44789,6.61313,6.61313,6.07005,6.07882,6.08497,-2.60903,-2.61535,-2.61978
1,5.319351764,6.56319,6.61313,6.61313,6.07005,6.07882,6.08497,0.355212,0.348893,0.344464
1,5.338417541,3.68958,6.60592,6.60592,6.05626,6.065,6.07121,-1.70471,-1.71101,-1.71549
1,5.338417541,6.11973,6.60592,6.60592,6.05626,6.065,6.07121,0.0457201,0.0394234,0.0349489
1,5.338417541,5.74723,6.60592,6.60592,6.05626,6.065,6.07121,-0.222595,-0.228891,-0.233366
1,5.376549094,5.46341,6.5915,6.5915,6.02869,6.03737,6.0437,-0.407164,-0.413415,-0.417981
1,5.395614871,6.03104,6.58429,6.58429,6.0149,6.02355,6.02995,0.0116271,0.00539847,0.000786639
1,5.452812202,6.97118,6.56263,6.56263,5.97354,5.98209,5.98869,0.718593,0.712433,0.707684
1,5.452812202,4.47007,6.56263,6.56263,5.97354,5.98209,5.98869,-1.08295,-1.08911,-1.09386
1,5.510009533,7.23725,6.54094,6.54094,5.93218,5.94064,5.94742,0.940037,0.933946,0.92906
1,5.52907531,6.75831,6.5337,6.5337,5.9184,5.92682,5.93367,0.604991,0.598922,0.593991
1,5.605338418,7.62749,6.50473,6.50473,5.86325,5.87155,5.87865,1.27078,1.2648,1.25969
1,5.605338418,6.56319,6.50473,6.50473,5.86325,5.87155,5.87865,0.504167,0.498188,0.493075
1,5.643469971,5.32151,6.49023,6.49023,5.83568,5.84391,5.85114,-0.370355,-0.376288,-0.381493
1,5.681601525,7.73392,6.47572,6.47572,5.8081,5.81628,5.82363,1.38716,1.38128,1.37598
1,5.681601525,5.56984,6.47572,6.47572,5.8081,5.81628,5.82363,-0.171618,-0.177506,-0.182801
1,5.738798856,3.26386,6.45393,6.45393,5.76675,5.77482,5.78237,-1.80282,-1.80864,-1.81408
1,5.757864633,6.35033,6.44666,6.44666,5.75296,5.76101,5.76861,0.430286,0.42449,0.419012
1,5.834127741,5.10865,6.41758,6.41758,5.69781,5.70574,5.71359,-0.424375,-0.430081,-0.435741
1,5.872259295,6.45676,6.40302,6.40302,5.67024,5.6781,5.68608,0.56653,0.560869,0.555118
1,5.929456625,0.674058,6.38117,6.38117,5.62888,5.63665,5.64482,-3.56895,-3.57454,-3.58043
1,5.929456625,5.90687,6.38117,6.38117,5.62888,5.63665,5.64482,0.200237,0.194645,0.188756
1,5.948522402,5.46341,6.37389,6.37389,5.6151,5.62283,5.63107,-0.109255,-0.114825,-0.120759
1,5.986653956,4.1153,6.35931,6.35931,5.58752,5.59519,5.60356,-1.06044,-1.06596,-1.07199
1,6.02478551,5.1796,6.34472,6.34472,5.55995,5.56756,5.57605,-0.273965,-0.279443,-0.28556
1,6.062917064,3.97339,6.33013,6.33013,5.53238,5.53992,5.54854,-1.12293,-1.12837,-1.13457
1,6.081982841,3.77827,6.32283,6.32283,5.51859,5.5261,5.53478,-1.25355,-1.25896,-1.26521
1,6.101048618,4.93126,6.31553,6.31553,5.50481,nan,5.52103,-0.413122,nan,-0.424807
1,6.139180172,6.35033,6.30093,6.30093,5.47723,nan,5.49352,0.62889,nan,0.61716
1,6.139180172,6.102,6.30093,6.30093,5.47723,nan,5.49352,0.450014,nan,0.438283
1,6.234509056,5.97783,6.26439,6.26439,5.4083,nan,5.42475,0.410227,nan,0.398382
1,6.253574833,5.81818,6.25708,6.25708,5.39452,nan,5.41099,0.305166,nan,0.293297
1,6.253574833,5.00222,6.25708,6.25708,5.39452,nan,5.41099,-0.282572,nan,-0.29444
1,6.291706387,3.90244,6.24245,6.24245,5.36694,nan,5.38348,-1.05488,nan,-1.06679
1,6.291706387,3.6541,6.24245,6.24245,5.36694,nan,5.38348,-1.23375,nan,-1.24567
1,6.329837941,6.91796,6.22782,6.22782,5.33937,nan,5.35597,1.13706,nan,1.12509
1,6.329837941,4.15078,6.22782,6.22782,5.33937,nan,5.35597,-0.85614,nan,-0.868102
1,6.348903718,6.4745,6.2205,6.2205,5.32558,nan,5.34222,0.827564,nan,0.815579
1,6.367969495,6.03104,6.21318,6.21318,5.31179,nan,5.32847,0.518072,nan,0.506064
1,6.406101049,4.64745,6.19854,6.19854,5.28422,nan,5.30096,-0.458665,nan,-0.470719
1,6.406101049,4.43459,6.19854,6.19854,5.28422,nan,5.30096,-0.611988,nan,-0.624042
1,6.444232602,7.13082,6.1839,6.1839,5.25665,nan,5.27345,1.34996,nan,1.33786
1,6.444232602,2.98004,6.1839,6.1839,5.25665,nan,5.27345,-1.63983,nan,-1.65193
1,6.52049571,4.15078,6.15459,6.15459,5.2015,nan,5.21843,-0.756835,nan,-0.769028
1,6.52049571,4.96674,6.15459,6.15459,5.2015,nan,5.21843,-0.169098,nan,-0.181291
1,6.596758818,4.29268,6.12527,6.12527,5.14636,nan,5.16341,-0.614898,nan,-0.627183
1,6.615824595,5.25055,6.11793,6.11793,5.13257,nan,5.14966,0.0849845,nan,0.0726763
1,6.634890372,5.03769,6.1106,6.1106,5.11878,nan,5.1359,-0.0584077,nan,-0.0707391
1,6.673021926,5.60532,6.09593,6.09593,5.09121,nan,5.10839,0.370314,nan,0.357936
1,6.749285033,3.58315,6.06658,6.06658,5.03606,nan,5.05338,-1.04653,nan,-1.059
1,6.787416587,4.5765,6.05189,6.05189,5.00849,nan,5.02587,-0.311163,nan,-0.32368
1,6.787416587,5.00222,6.05189,6.05189,5.00849,nan,5.02587,-0.00451797,nan,-0.0170342
1,6.863679695,5.92461,6.02252,6.02252,4.95334,nan,4.97085,0.699602,nan,0.686994
1,6.882745472,4.77162,6.01518,6.01518,4.93956,nan,4.95709,-0.120965,nan,-0.133597
1,6.95900858,5.12639,5.98579,5.98579,4.88441,nan,4.90208,0.174294,nan,0.16157
1,6.978074357,2.60754,5.97844,5.97844,4.87062,nan,4.88832,-1.63009,nan,-1.64284
1,6.978074357,6.06652,5.97844,5.97844,4.87062,nan,4.88832,0.8614,nan,0.848653
1,6.978074357,4.00887,5.97844,5.97844,4.87062,nan,4.88832,-0.62072,nan,-0.633467
1,6.978074357,3.90244,5.97844,5.97844,4.87062,nan,4.88832,-0.697381,nan,-0.710128
1,6.978074357,3.68958,5.97844,5.97844,4.87062,nan,4.88832,-0.850704,nan,-0.863451
1,7.01620591,5.55211,5.96374,5.96374,4.84305,nan,4.86081,0.510731,nan,0.497938
1,7.01620591,3.49446,5.96374,5.96374,4.84305,nan,4.86081,-0.971389,nan,-0.984182
1,7.054337464,3.83149,5.94904,5.94904,4.81548,nan,4.8333,-0.708767,nan,-0.721607
1,7.092469018,5.33925,5.93434,5.93434,4.78791,nan,4.80579,0.39713,nan,0.384244
1,7.092469018,4.64745,5.93434,5.93434,4.78791,nan,4.80579,-0.101169,nan,-0.114055
1,7.20686368,3.40576,5.89021,5.89021,4.70519,nan,4.72327,-0.93597,nan,-0.948994
1,7.244995234,3.22838,5.8755,5.8755,4.67761,nan,4.69576,-1.04388,nan,-1.05695
1,7.244995234,5.97783,5.8755,5.8755,4.67761,nan,4.69576,0.936541,nan,0.92347
1,7.283126787,3.86696,5.86078,5.86078,4.65004,nan,4.66825,-0.564049,nan,-0.577166
1,7.321258341,2.87361,5.84607,5.84607,4.62247,nan,4.64074,-1.2597,nan,-1.27286
1,7.321258341,5.32151,5.84607,5.84607,4.62247,nan,4.64074,0.503517,nan,0.490354
1,7.321258341,4.25721,5.84607,5.84607,4.62247,nan,4.64074,-0.263097,nan,-0.27626
1,7.321258341,3.97339,5.84607,5.84607,4.62247,nan,4.64074,-0.467527,nan,-0.48069
1,7.359389895,3.72506,5.83135,5.83135,4.5949,nan,4.61323,-0.626543,nan,-0.639753
1,7.359389895,4.7184,5.83135,5.83135,4.5949,nan,4.61323,0.0889628,nan,0.0757535
1,7.397521449,4.07982,5.81663,5.81663,4.56732,nan,4.58573,-0.351146,nan,-0.364401
1,7.435653003,3.97339,5.8019,5.8019,4.53975,nan,4.55822,-0.407946,nan,-0.421248
1,7.473784557,3.29933,5.78718,5.78718,4.51218,nan,4.53071,-0.873608,nan,-0.886956
1,7.473784557,5.88914,5.78718,5.78718,4.51218,nan,4.53071,0.991819,nan,0.978471
1,7.511916111,3.86696,5.77245,5.77245,4.48461,nan,4.5032,-0.444887,nan,-0.458282
1,7.607244995,1.04656,5.73563,5.73563,4.41568,nan,4.43443,-2.42676,nan,-2.44027
1,7.607244995,2.55432,5.73563,5.73563,4.41568,nan,4.43443,-1.34073,nan,-1.35424
1,7.626310772,4.1153,5.72827,5.72827,4.40189,nan,4.42068,-0.206432,nan,-0.219963
1,7.626310772,3.97339,5.72827,5.72827,4.40189,nan,4.42068,-0.308647,nan,-0.322178
1,7.664442326,4.7184,5.71353,5.71353,4.37432,nan,4.39317,0.247842,nan,0.234266
1,7.740705434,3.58315,5.68406,5.68406,4.31918,nan,4.33815,-0.53016,nan,-0.543828
1,7.740705434,5.35698,5.68406,5.68406,4.31918,nan,4.33815,0.74753,nan,0.733862
1,7.778836988,3.22838,5.66933,5.66933,4.29161,nan,4.31065,-0.765838,nan,-0.779552
1,7.797902765,4.27494,5.66196,5.66196,4.27782,nan,4.29689,-0.0020713,nan,-0.0158082
1,7.912297426,5.42794,5.61774,5.61774,4.19511,nan,4.21437,0.888006,nan,0.874131
1,7.931363203,4.86031,5.61037,5.61037,4.18132,nan,4.20061,0.489075,nan,0.475177
1,7.969494757,0.461197,5.59563,5.59563,4.15375,nan,4.17311,-2.65974,nan,-2.67368
1,7.969494757,3.44124,5.59563,5.59563,4.15375,nan,4.17311,-0.513217,nan,-0.527161
1,7.969494757,2.83814,5.59563,5.59563,4.15375,nan,4.17311,-0.947632,nan,-0.961576
1,7.988560534,1.54324,5.58826,5.58826,4.13996,nan,4.15935,-1.87042,nan,-1.88438
1,8.007626311,3.33481,5.58088,5.58088,4.12618,nan,4.1456,-0.570019,nan,-0.584009
1,8.026692088,4.55876,5.57351,5.57351,4.11239,nan,4.13185,0.321516,nan,0.307503
1,8.083889418,3.86696,5.55139,5.55139,4.07104,nan,4.09059,-0.146994,nan,-0.161076
1,8.083889418,2.55432,5.55139,5.55139,4.07104,nan,4.09059,-1.09248,nan,-1.10657
1,8.141086749,1.38359,5.52927,5.52927,4.02968,nan,4.04933,-1.90597,nan,-1.92012
1,8.160152526,1.84479,5.5219,5.5219,4.0159,nan,4.03557,-1.56384,nan,-1.57802
1,8.236415634,4.00887,5.4924,5.4924,3.96076,nan,3.98056,0.0346556,nan,0.0203911
1,8.236415634,2.16408,5.4924,5.4924,3.96076,nan,3.98056,-1.29414,nan,-1.30841
1,8.236415634,4.7184,5.4924,5.4924,3.96076,nan,3.98056,0.545731,nan,0.531467
1,8.312678742,2.98004,5.4629,5.4629,3.90562,nan,3.92555,-0.666688,nan,-0.681044
1,8.312678742,5.25055,5.4629,5.4629,3.90562,nan,3.92555,0.968755,nan,0.954399
1,8.331744519,1.20621,5.45553,5.45553,3.89183,nan,3.91179,-1.93445,nan,-1.94883
1,8.350810296,4.00887,5.44815,5.44815,3.87805,nan,3.89804,0.0942303,nan,0.0798285
1,8.350810296,3.47672,5.44815,5.44815,3.87805,nan,3.89804,-0.289077,nan,-0.303478
1,8.369876072,2.80266,5.44078,5.44078,3.86426,nan,3.88429,-0.76467,nan,-0.779094
1,8.408007626,2.19956,5.42602,5.42602,3.83669,nan,3.85678,-1.17923,nan,-1.1937
1,8.465204957,2.30599,5.40389,5.40389,3.79534,nan,3.81553,-1.07278,nan,-1.08732
1,8.465204957,5.32151,5.40389,5.40389,3.79534,nan,3.81553,1.09929,nan,1.08475
1,8.503336511,2.44789,5.38914,5.38914,3.76777,nan,3.78802,-0.950706,nan,-0.965291
1,8.579599619,2.94457,5.35963,5.35963,3.71264,nan,3.73301,-0.553239,nan,-0.567915
1,8.598665396,2.23503,5.35225,5.35225,3.69885,nan,3.71926,-1.05439,nan,-1.06909
1,8.617731173,3.5122,5.34487,5.34487,3.68507,nan,3.70551,-0.124522,nan,-0.139243
1,8.617731173,2.76718,5.34487,5.34487,3.68507,nan,3.70551,-0.661151,nan,-0.675873
1,8.732125834,5.62306,5.3006,5.3006,3.60237,nan,3.623,1.4555,nan,1.44064
1,8.751191611,3.08647,5.29322,5.29322,3.58859,nan,3.60925,-0.361671,nan,-0.376553
1,8.808388942,3.90244,5.27108,5.27108,3.54724,nan,3.568,0.25585,nan,0.240899
1,8.88465205,6.66962,5.24156,5.24156,3.49211,nan,3.51299,2.28875,nan,2.27371
1,8.903717827,7.02439,5.23418,5.23418,3.47833,nan,3.49924,2.55422,nan,2.53916
1,8.94184938,1.54324,5.21942,5.21942,3.45077,nan,3.47174,-1.37399,nan,-1.3891
1,8.979980934,2.55432,5.20466,5.20466,3.4232,nan,3.44424,-0.625852,nan,-0.641006
1,8.979980934,5.28603,5.20466,5.20466,3.4232,nan,3.44424,1.34179,nan,1.32664
1,9.037178265,1.17073,5.18252,5.18252,3.38186,nan,3.40299,-1.59267,nan,-1.60789
1,9.075309819,4.15078,5.16776,5.16776,3.3543,nan,3.3755,0.573699,nan,0.558432
1,9.151572927,3.68958,5.13823,5.13823,3.29918,nan,3.3205,0.281202,nan,0.265844
1,9.151572927,1.38359,5.13823,5.13823,3.29918,nan,3.3205,-1.37979,nan,-1.39515
1,9.208770257,1.11752,5.11609,5.11609,3.25784,nan,3.27926,-1.54167,nan,-1.5571
1,9.246901811,1.72062,5.10132,5.10132,3.23029,nan,3.25177,-1.08741,nan,-1.10288
1,9.304099142,4.15078,5.07918,5.07918,3.18895,nan,3.21053,0.692799,nan,0.677259
1,9.304099142,2.94457,5.07918,5.07918,3.18895,nan,3.21053,-0.17603,nan,-0.19157
1,9.304099142,2.73171,5.07918,5.07918,3.18895,nan,3.21053,-0.329353,nan,-0.344892
1,9.304099142,1.88027,5.07918,5.07918,3.18895,nan,3.21053,-0.942644,nan,-0.958183
1,9.342230696,3.40576,5.06441,5.06441,3.1614,nan,3.18303,0.176017,nan,0.160432
1,9.342230696,2.51885,5.06441,5.06441,3.1614,nan,3.18303,-0.462828,nan,-0.478413
1,9.456625357,4.39911,5.02012,5.02012,3.07874,nan,3.10057,0.951061,nan,0.935339
1,9.475691134,1.91574,5.01274,5.01274,3.06497,nan,3.08682,-0.827783,nan,-0.843527
1,9.532888465,2.76718,4.99059,4.99059,3.02364,nan,3.0456,-0.184728,nan,-0.200539
1,9.571020019,1.0643,4.97582,4.97582,2.9961,nan,3.01811,-1.39147,nan,-1.40732
1,9.571020019,1.73836,4.97582,4.97582,2.9961,nan,3.01811,-0.905947,nan,-0.921803
1,9.609151573,0.248337,4.96105,4.96105,2.96855,nan,2.99063,-1.95937,nan,-1.97527
1,9.666348904,2.02217,4.9389,4.9389,2.92724,nan,2.94941,-0.651919,nan,-0.667887
1,9.723546235,3.58315,4.91675,4.91675,2.88593,nan,2.9082,0.502202,nan,0.486167
1,9.742612011,4.54102,4.90937,4.90937,2.87217,nan,2.89446,1.20207,nan,1.18601
1,9.818875119,4.20399,4.87983,4.87983,2.8171,nan,2.83951,0.998976,nan,0.982829
1,9.87607245,4.96674,4.85768,4.85768,2.7758,nan,2.79831,1.57813,nan,1.56191
1,9.971401335,7.21951,4.82076,4.82076,2.707,nan,2.72966,3.25035,nan,3.23403
1,9.990467112,3.1929,4.81338,4.81338,2.69324,nan,2.71593,0.359907,nan,0.343563
1,10.06673022,1.84479,4.78384,4.78384,2.63821,nan,2.66103,-0.571502,nan,-0.587933
1,10.06673022,2.94457,4.78384,4.78384,2.63821,nan,2.66103,0.220665,nan,0.204235
1,10.14299333,1.02882,4.7543,4.7543,2.5832,nan,2.60614,-1.11962,nan,-1.13613
1,10.21925643,1.41907,4.72476,4.72476,2.52821,nan,2.55126,-0.798914,nan,-0.815516
1,10.21925643,1.91574,4.72476,4.72476,2.52821,nan,2.55126,-0.441161,nan,-0.457763
1,10.29551954,2.62528,4.69523,4.69523,2.47324,nan,2.49641,0.109511,nan,0.0928236
1,10.3336511,0.31929,4.68046,4.68046,2.44576,nan,2.46899,-1.53169,nan,-1.54842
1,10.3336511,0.709534,4.68046,4.68046,2.44576,nan,2.46899,-1.2506,nan,-1.26733
1,10.3336511,1.84479,4.68046,4.68046,2.44576,nan,2.46899,-0.43288,nan,-0.44961
1,10.3336511,2.80266,4.68046,4.68046,2.44576,nan,2.46899,0.257072,nan,0.240342
1,10.37178265,2.30599,4.66569,4.66569,2.41829,nan,2.44158,-0.0808942,nan,-0.0976657
1,10.4099142,2.73171,4.65092,4.65092,2.39083,nan,2.41417,0.245533,nan,0.228721
1,10.44804576,3.4235,4.63615,4.63615,2.36337,nan,2.38677,0.763609,nan,0.746756
1,10.44804576,2.02217,4.63615,4.63615,2.36337,nan,2.38677,-0.245765,nan,-0.262619
1,10.56244042,0,4.59183,4.59183,2.28105,nan,2.30462,-1.64303,nan,-1.66001
1,10.60057197,3.29933,4.57706,4.57706,2.25363,nan,2.27725,0.753221,nan,0.736206
1,10.60057197,1.73836,4.57706,4.57706,2.25363,nan,2.27725,-0.371146,nan,-0.388161
1,10.67683508,2.98004,4.54752,4.54752,2.19881,nan,2.22254,0.562722,nan,0.545629
1,10.71496663,1.73836,4.53275,4.53275,2.17142,nan,2.1952,-0.311929,nan,-0.329062
1,10.73403241,3.37029,4.52537,4.52537,2.15772,nan,2.18154,0.873407,nan,0.856256
1,10.81029552,3.1929,4.49583,4.49583,2.10299,nan,2.1269,0.785066,nan,0.767838
1,10.88655863,6.42129,4.46628,4.46628,2.0483,nan,2.07232,3.14985,nan,3.13255
1,10.9056244,3.051,4.4589,4.4589,2.03464,nan,2.05869,0.732079,nan,0.714759
1,10.94375596,0.390244,4.44413,4.44413,2.00733,nan,2.03143,-1.16478,nan,-1.18214
1,10.94375596,1.02882,4.44413,4.44413,2.00733,nan,2.03143,-0.704816,nan,-0.722171
1,10.96282173,1.27716,4.43674,4.43674,1.99368,nan,2.0178,-0.516109,nan,-0.53348
1,11.05815062,2.23503,4.39981,4.39981,1.92551,nan,1.94974,0.22295,nan,0.205494
1,11.05815062,1.95122,4.39981,4.39981,1.92551,nan,1.94974,0.0185193,nan,0.00106385
1,11.09628217,0.177384,4.38504,4.38504,1.89827,nan,1.92255,-1.23955,nan,-1.25704
1,11.13441373,2.19956,4.37027,4.37027,1.87106,nan,1.89538,0.236615,nan,0.219096
1,11.22974261,2.53659,4.33334,4.33334,1.80313,nan,1.82756,0.528304,nan,0.510712
1,11.24880839,0.603104,4.32596,4.32596,1.78957,nan,1.81401,-0.854606,nan,-0.872212
1,11.30600572,4.38137,4.3038,4.3038,1.74891,nan,1.77341,1.89616,nan,1.87851
1,11.3250715,0,4.29641,4.29641,1.73537,nan,1.75989,-1.24999,nan,-1.26764
1,11.3250715,0.886918,4.29641,4.29641,1.73537,nan,1.75989,-0.611141,nan,-0.6288
1,11.3250715,2.80266,4.29641,4.29641,1.73537,nan,1.75989,0.768763,nan,0.751105
1,11.36320305,1.45455,4.28164,4.28164,1.70833,nan,1.73288,-0.182797,nan,-0.20048
1,11.4013346,1.0643,4.26687,4.26687,1.68131,nan,1.70589,-0.444429,nan,-0.462135
1,11.43946616,1.59645,4.2521,4.2521,1.65433,nan,1.67894,-0.0416889,nan,-0.059416
1,11.55386082,0.957871,4.20778,4.20778,1.57363,nan,1.59831,-0.443528,nan,-0.461308
1,11.59199237,1.24169,4.19301,4.19301,1.54681,nan,1.57152,-0.219784,nan,-0.237578
1,11.59199237,4.39911,4.19301,4.19301,1.54681,nan,1.57152,2.0545,nan,2.03671
1,11.63012393,2.87361,4.17824,4.17824,1.52005,nan,1.54477,0.974969,nan,0.957163
1,11.74451859,2.55432,4.13393,4.13393,1.44007,nan,1.46483,0.802591,nan,0.784761
1,11.8207817,1.70288,4.10438,4.10438,1.38706,nan,1.41182,0.227488,nan,0.209654
1,11.87797903,6.31486,4.08222,4.08222,1.34747,nan,1.37223,3.57799,nan,3.56016
1,11.8970448,1.80931,4.07484,4.07484,1.33432,nan,1.35907,0.342139,nan,0.324312
1,11.93517636,0.425721,4.06007,4.06007,1.30806,nan,1.3328,-0.635547,nan,-0.653365
1,11.97330791,0.141907,4.0453,4.0453,1.28189,nan,1.30661,-0.821124,nan,-0.838929
1,11.97330791,0.993348,4.0453,4.0453,1.28189,nan,1.30661,-0.207833,nan,-0.225638
1,12.01143947,0.283814,4.03052,4.03052,1.2558,nan,1.2805,-0.700117,nan,-0.717907
1,12.04957102,0.815965,4.01575,4.01575,1.2298,nan,1.25447,-0.298086,nan,-0.315856
1,12.12583413,0.815965,3.98621,3.98621,1.17811,nan,1.20271,-0.26085,nan,-0.27857
1,12.16396568,1.09978,3.97144,3.97144,1.15242,nan,1.17697,-0.0379164,nan,-0.0556044
1,12.27836034,1.88027,3.92712,3.92712,1.07607,nan,1.10045,0.579262,nan,0.561698
1,12.3164919,0.10643,3.91235,3.91235,1.05088,nan,1.07519,-0.680283,nan,-0.697796
1,12.3164919,0.851441,3.91235,3.91235,1.05088,nan,1.07519,-0.143654,nan,-0.161167
1,12.3164919,1.41907,3.91235,3.91235,1.05088,nan,1.07519,0.265207,nan,0.247694
1,12.43088656,1.34812,3.86804,3.86804,0.97619,nan,1.00024,0.267897,nan,0.250573
1,12.46901811,0.780488,3.85327,3.85327,0.951615,nan,0.975561,-0.123262,nan,-0.140511
1,12.58341277,0.266075,3.80895,3.80895,0.878966,nan,0.902544,-0.441464,nan,-0.458447
1,12.58341277,2.87361,3.80895,3.80895,0.878966,nan,0.902544,1.43674,nan,1.41976
1,12.60247855,4.87805,3.80157,3.80157,0.867028,nan,0.890535,2.88913,nan,2.8722
1,12.73593899,2.23503,3.74987,3.74987,0.784959,nan,0.807905,1.04449,nan,1.02796
1,12.8122021,1.56098,3.72033,3.72033,0.739355,nan,0.761921,0.591812,nan,0.575557
1,12.92659676,1.63193,3.67602,3.67602,0.672932,nan,0.694841,0.690763,nan,0.674982
1,12.96472831,4.32816,3.66125,3.66125,0.651363,nan,0.673028,2.64839,nan,2.63278
1,12.96472831,1.27716,3.66125,3.66125,0.651363,nan,0.673028,0.450762,nan,0.435156
1,13.04099142,0.674058,3.63171,3.63171,0.609145,nan,0.630288,0.0467565,nan,0.0315274
1,13.15538608,1.73836,3.5874,3.5874,0.548279,nan,0.568547,0.857212,nan,0.842613
1,13.19351764,1.9867,3.57263,3.57263,0.528687,nan,0.548641,1.0502,nan,1.03583
1,13.26978074,0.745011,3.54309,3.54309,0.490607,nan,0.509897,0.183246,nan,0.169352
1,13.3079123,0.0709534,3.52832,3.52832,0.472138,nan,0.491078,-0.288972,nan,-0.302615
1,13.34604385,0.567627,3.51355,3.51355,0.454059,nan,0.472641,0.0818032,nan,0.0684188
1,13.49857007,1.09978,3.45448,3.45448,0.385803,nan,0.402857,0.514275,nan,0.501991
1,13.53670162,0.709534,3.43971,3.43971,0.369784,nan,0.386437,0.244721,nan,0.232727
1,13.57483317,1.70288,3.42494,3.42494,0.354194,nan,0.370438,0.971457,nan,0.959756
1,13.61296473,4.1153,3.41017,3.41017,0.339036,nan,0.354866,2.72003,nan,2.70863
1,13.89895138,2.46563,3.29942,3.29942,0.239242,nan,0.251876,1.60366,nan,1.59456
1,13.99428027,4.89579,3.2625,3.2625,0.211369,nan,0.222942,3.37417,nan,3.36584
1,13.99428027,1.27716,3.2625,3.2625,0.211369,nan,0.222942,0.767688,nan,0.759352
1,14.0514776,1.91574,3.24035,3.24035,0.195894,nan,0.206842,1.2388,nan,1.23092
1,14.2993327,0.886918,3.14439,3.14439,0.139015,nan,0.14742,0.538713,nan,0.532659
1,14.2993327,0.638581,3.14439,3.14439,0.139015,nan,0.14742,0.359836,nan,0.353782
1,14.37559581,1.0643,3.11486,3.11486,0.124592,nan,0.132285,0.67687,nan,0.671329
1,14.45185891,1.27716,3.08534,3.08534,0.11148,nan,0.118499,0.839638,nan,0.834582
1,14.48999047,0.425721,3.07058,3.07058,0.10539,nan,0.112087,0.230734,nan,0.22591
1,14.56625357,0.709534,3.04106,3.04106,0.0940851,nan,0.10017,0.443307,nan,0.438924
1,14.60438513,1.84479,3.0263,3.0263,0.0888501,nan,0.0946441,1.2648,nan,1.26063
1,14.60438513,1.9867,3.0263,3.0263,0.0888501,nan,0.0946441,1.36701,nan,1.36284
1,14.90943756,1.27716,2.90823,2.90823,0.0556102,nan,0.0594482,0.879881,nan,0.877116
1,15.02383222,0.638581,2.86397,2.86397,0.046462,nan,0.049725,0.426502,nan,0.424151
1,15.36701621,0.10643,2.73122,2.73122,0.0268462,nan,0.0288141,0.0573241,nan,0.0559066
1,15.40514776,0.638581,2.71647,2.71647,0.0252419,nan,0.0270996,0.441787,nan,0.440448
1,15.55767398,0.496674,2.6575,2.6575,0.0197072,nan,0.0211794,0.343558,nan,0.342498
1,15.90085796,1.13525,2.52488,2.52488,0.0112391,nan,0.0121032,0.809626,nan,0.809003
1,15.97712107,0.567627,2.49542,2.49542,0.00991419,nan,0.0106806,0.40172,nan,0.401167
1,16.01525262,0.674058,2.4807,2.4807,0.00931086,nan,0.0100325,0.478815,nan,0.478296
1,16.2821735,1.09978,2.37766,2.37766,0.00599264,nan,0.00646601,0.787851,nan,0.78751
1,16.32030505,1.31264,2.36295,2.36295,0.00562631,nan,0.0060719,0.941438,nan,0.941117
1,16.47283127,0.922395,2.30413,2.30413,0.00437128,nan,0.00472025,0.66125,nan,0.660999
1,16.54909438,0.141907,2.27474,2.27474,0.00385251,nan,0.00416128,0.0994402,nan,0.0992178
1,16.62535748,0,2.24535,2.24535,0.00339497,nan,0.00366822,-0.00244539,nan,-0.00264221
1,16.89227836,0.851441,2.1426,2.1426,0.0021804,nan,0.00235802,0.61172,nan,0.611593
1,17.04480458,1.0643,2.08396,2.08396,0.00169218,nan,0.00183136,0.765395,nan,0.765295
1,17.57864633,0.425721,1.8793,1.8793,0.000696664,nan,0.000755414,0.306144,nan,0.306101
1,18.03622498,2.37694,1.7049,1.7049,0.000324998,nan,0.000353408,1.71187,nan,1.71185
1,19.04671115,1.56098,1.32575,1.32575,6.03375e-05,nan,6.5984e-05,1.12432,nan,1.12432
2,0.000224299,0.556237,6.7464,6.7464,nan,5.37094,5.37493,nan,-3.46802,-3.47089
2,0.045084112,2.87935,6.77099,6.77099,nan,5.3594,5.36344,nan,-1.78638,-1.78929
2,0.067514019,2.97751,6.78323,6.78323,nan,5.35364,5.3577,nan,-1.71152,-1.71445
2,0.134803738,4.05726,6.81972,6.81972,nan,5.33634,5.34046,nan,-0.921316,-0.924289
2,0.157233645,3.27198,6.83181,6.83181,nan,5.33057,5.33472,nan,-1.48279,-1.48578
2,0.269383178,3.40286,6.89156,6.89156,nan,5.30174,5.306,nan,-1.36775,-1.37083
2,0.426392523,2.01227,6.9731,6.9731,nan,5.26137,5.26579,nan,-2.34032,-2.3435
2,0.426392523,4.13906,6.9731,6.9731,nan,5.26137,5.26579,nan,-0.808398,-0.811584
2,0.51611215,4.90798,7.01842,7.01842,nan,5.2383,5.24282,nan,-0.237935,-0.241186
2,0.650691589,3.81186,7.08436,7.08436,nan,5.2037,5.20835,nan,-1.00254,-1.00589
2,0.650691589,3.5501,7.08436,7.08436,nan,5.2037,5.20835,nan,-1.19109,-1.19444
2,0.673121495,2.86299,7.09509,7.09509,nan,5.19794,5.20261,nan,-1.68186,-1.68523
2,0.762841121,3.09202,7.13718,7.13718,nan,5.17487,5.17964,nan,-1.50027,-1.5037
2,0.807700935,5.51329,7.1577,7.1577,nan,5.16334,5.16815,nan,0.252071,0.248607
2,0.897420561,4.25358,7.1976,7.1976,nan,5.14027,5.14517,nan,-0.638683,-0.642212
2,0.9198504669999999,3.01022,7.20732,7.20732,nan,5.13451,5.13943,nan,-1.53011,-1.53366
2,0.9198504669999999,4.79346,7.20732,7.20732,nan,5.13451,5.13943,nan,-0.245657,-0.249203
2,0.96471028,5.97137,7.22645,7.22645,nan,5.12297,5.12794,nan,0.611099,0.607521
2,0.96471028,4.98978,7.22645,7.22645,nan,5.12297,5.12794,nan,-0.0959419,-0.0995199
2,0.9871401869999999,3.51738,7.23585,7.23585,nan,5.11721,5.1222,nan,-1.15235,-1.15594
2,0.9871401869999999,4.07362,7.23585,7.23585,nan,5.11721,5.1222,nan,-0.751693,-0.755287
2,1.054429907,3.3865,7.26335,7.26335,nan,5.09991,5.10496,nan,-1.23416,-1.2378
2,1.121719626,3.1411,7.28976,7.28976,nan,5.08261,5.08773,nan,-1.39846,-1.40215
2,1.211439252,4.30266,7.32316,7.32316,nan,5.05954,5.06476,nan,-0.54518,-0.548938
2,1.278728972,5.20245,7.34674,7.34674,nan,5.04224,5.04753,nan,0.115401,0.111595
2,1.323588785,5.48057,7.36173,7.36173,nan,5.03071,5.03604,nan,0.324037,0.320197
2,1.346018692,4.10634,7.36899,7.36899,nan,5.02494,5.03029,nan,-0.661666,-0.665522
2,1.390878505,7.00204,7.38305,7.38305,nan,5.01341,5.01881,nan,1.43241,1.42852
2,1.413308411,5.10429,7.38983,7.38983,nan,5.00764,5.01306,nan,0.0696191,0.0657143
2,1.435738318,7.62372,7.39645,7.39645,nan,5.00187,5.00732,nan,1.88851,1.88459
2,1.480598131,5.79141,7.40919,7.40919,nan,4.99034,4.99583,nan,0.577008,0.573055
2,1.480598131,5.62781,7.40919,7.40919,nan,4.99034,4.99583,nan,0.459168,0.455215
2,1.503028037,4.76074,7.4153,7.4153,nan,4.98457,4.99009,nan,-0.161231,-0.1652
2,1.660037383,6.11861,7.45306,7.45306,nan,4.94421,4.94988,nan,0.845918,0.841834
2,1.660037383,4.92434,7.45306,7.45306,nan,4.94421,4.94988,nan,-0.0143147,-0.0183988
2,1.727327103,4.05726,7.46645,7.46645,nan,4.92691,4.93265,nan,-0.626406,-0.630539
2,1.817046729,6.51125,7.48157,7.48157,nan,4.90384,4.90967,nan,1.15781,1.15361
2,1.884336449,5.07157,7.49082,7.49082,nan,4.88654,4.89244,nan,0.133278,0.12903
2,1.929196262,3.58282,7.49599,7.49599,nan,4.87501,4.88095,nan,-0.930759,-0.93504
2,1.951626168,6.31493,7.49826,7.49826,nan,4.86924,4.87521,nan,1.04132,1.03703
2,1.974056075,5.62781,7.50034,7.50034,nan,4.86348,4.86946,nan,0.550549,0.546236
2,1.996485981,1.68507,7.50221,7.50221,nan,4.85771,4.86372,nan,-2.28524,-2.28957
2,2.041345794,6.72393,7.50535,7.50535,nan,4.84618,4.85223,nan,1.35254,1.34818
2,2.131065421,4.97342,7.5092,7.5092,nan,4.82311,4.82926,nan,0.108264,0.103836
2,2.153495327,6.21677,7.50966,7.50966,nan,4.81734,4.82351,nan,1.008,1.00356
2,2.175925234,6.49489,7.50993,7.50993,nan,4.81158,4.81777,nan,1.21248,1.20802
2,2.243214953,2.94479,7.50955,7.50955,nan,4.79428,4.80054,nan,-1.33218,-1.33669
2,2.310504673,4.23722,7.50745,7.50745,nan,4.77698,4.78331,nan,-0.388787,-0.393346
2,2.377794393,5.12065,7.50368,7.50368,nan,4.75968,4.76608,nan,0.260011,0.255402
2,2.422654206,3.58282,7.50026,7.50026,nan,4.74814,4.75459,nan,-0.839379,-0.84402
2,2.422654206,7.80368,7.50026,7.50026,nan,4.74814,4.75459,nan,2.2009,2.19625
2,2.422654206,5.21881,7.50026,7.50026,nan,4.74814,4.75459,nan,0.339022,0.334381
2,2.512373832,4.95706,7.49136,7.49136,nan,4.72508,4.73161,nan,0.167093,0.162386
2,2.534803738,7.0184,7.48872,7.48872,nan,4.71931,4.72587,nan,1.65603,1.65131
2,2.534803738,5.62781,7.48872,7.48872,nan,4.71931,4.72587,nan,0.654391,0.649668
2,2.534803738,4.51534,7.48872,7.48872,nan,4.71931,4.72587,nan,-0.146922,-0.151645
2,2.669383178,5.54601,7.46961,7.46961,nan,4.68471,4.6914,nan,0.620393,0.615572
2,2.669383178,5.05521,7.46961,7.46961,nan,4.68471,4.6914,nan,0.266873,0.262052
2,2.669383178,4.35174,7.46961,7.46961,nan,4.68471,4.6914,nan,-0.23984,-0.244661
2,2.736672897,3.48466,7.45809,7.45809,nan,4.66741,4.67417,nan,-0.851931,-0.856801
2,2.826392523,5.95501,7.44088,7.44088,nan,4.64435,4.6512,nan,0.944069,0.939133
2,2.91611215,3.10838,7.42175,7.42175,nan,4.62128,4.62822,nan,-1.08973,-1.09473
2,2.91611215,5.75869,7.42175,7.42175,nan,4.62128,4.62822,nan,0.819275,0.814274
2,2.960971963,5.05521,7.41152,7.41152,nan,4.60975,4.61673,nan,0.320869,0.315836
2,2.960971963,3.69734,7.41152,7.41152,nan,4.60975,4.61673,nan,-0.657203,-0.662236
2,2.983401869,5.66053,7.40624,7.40624,nan,4.60398,4.61099,nan,0.761031,0.755982
2,3.005831776,2.68303,7.40087,7.40087,nan,4.59821,4.60525,nan,-1.3795,-1.38457
2,3.005831776,4.7771,7.40087,7.40087,nan,4.59821,4.60525,nan,0.128848,0.123783
2,3.050691589,3.41922,7.38984,7.38984,nan,4.58668,4.59376,nan,-0.840917,-0.846016
2,3.050691589,6.26585,7.38984,7.38984,nan,4.58668,4.59376,nan,1.2095,1.2044
2,3.050691589,5.31697,7.38984,7.38984,nan,4.58668,4.59376,nan,0.526028,0.520929
2,3.095551402,4.07362,7.37844,7.37844,nan,4.57515,4.58227,nan,-0.36125,-0.366381
2,3.140411215,5.90593,7.36669,7.36669,nan,4.56362,4.57078,nan,0.966867,0.961702
2,3.162841121,3.25562,7.36069,7.36069,nan,4.55785,4.56504,nan,-0.937989,-0.94317
2,3.162841121,5.49693,7.36069,7.36069,nan,4.55785,4.56504,nan,0.67642,0.671239
2,3.252560748,5.39877,7.33593,7.33593,nan,4.53478,4.54207,nan,0.62233,0.617084
2,3.297420561,4.76074,7.32312,7.32312,nan,4.52325,4.53058,nan,0.171061,0.165781
2,3.319850467,5.67689,7.31662,7.31662,nan,4.51748,4.52484,nan,0.835119,0.829823
2,3.319850467,4.1227,7.31662,7.31662,nan,4.51748,4.52484,nan,-0.284362,-0.289658
2,3.387140187,6.05317,7.29673,7.29673,nan,4.50018,4.5076,nan,1.11861,1.11327
2,3.409570093,6.51125,7.28998,7.28998,nan,4.49442,4.50186,nan,1.45272,1.44736
2,3.409570093,5.00613,7.28998,7.28998,nan,4.49442,4.50186,nan,0.368589,0.363227
2,3.432,6.87117,7.28318,7.28318,nan,4.48865,4.49612,nan,1.71612,1.71074
2,3.432,3.3047,7.28318,7.28318,nan,4.48865,4.49612,nan,-0.852794,-0.858172
2,3.454429907,3.97546,7.27632,7.27632,nan,4.48288,4.49037,nan,-0.365496,-0.370891
2,3.454429907,4.4499,7.27632,7.27632,nan,4.48288,4.49037,nan,-0.0237595,-0.0291546
2,3.476859813,4.5317,7.2694,7.2694,nan,4.47712,4.48463,nan,0.0393142,0.0339026
2,3.521719626,5.56237,7.25543,7.25543,nan,4.46558,4.47314,nan,0.790014,0.784569
2,3.521719626,3.45194,7.25543,7.25543,nan,4.46558,4.47314,nan,-0.730123,-0.735568
2,3.544149533,7.31288,7.24836,7.24836,nan,4.45982,4.4674,nan,2.05506,2.0496
2,3.633869159,4.90798,7.21967,7.21967,nan,4.43675,4.44442,nan,0.339422,0.333895
2,3.656299065,4.02454,7.21239,7.21239,nan,4.43098,4.43868,nan,-0.292761,-0.298304
2,3.678728972,4.56442,7.20507,7.20507,nan,4.42522,4.43294,nan,0.100265,0.0947053
2,3.723588785,3.5501,7.19031,7.19031,nan,4.41368,4.42145,nan,-0.622037,-0.627629
2,3.723588785,3.23926,7.19031,7.19031,nan,4.41368,4.42145,nan,-0.845933,-0.851525
2,3.813308411,6.05317,7.16038,7.16038,nan,4.39062,4.39847,nan,1.19753,1.19187
2,3.903028037,4.22086,7.12994,7.12994,nan,4.36755,4.3755,nan,-0.105664,-0.111387
2,3.925457944,3.53374,7.12226,7.12226,nan,4.36179,4.36976,nan,-0.596439,-0.602178
2,3.925457944,3.41922,7.12226,7.12226,nan,4.36179,4.36976,nan,-0.678927,-0.684667
2,3.94788785,3.9591,7.11455,7.11455,nan,4.35602,4.36401,nan,-0.285901,-0.291657
2,3.970317757,3.20654,7.10682,7.10682,nan,4.35025,4.35827,nan,-0.823812,-0.829584
2,3.992747664,5.12065,7.09905,7.09905,nan,4.34449,4.35252,nan,0.55907,0.553282
2,3.992747664,3.01022,7.09905,7.09905,nan,4.34449,4.35252,nan,-0.961067,-0.966855
2,4.037607477,2.61759,7.08346,7.08346,nan,4.33296,4.34104,nan,-1.23558,-1.2414
2,4.060037383,4.59714,7.07563,7.07563,nan,4.32719,4.33529,nan,0.194442,0.188605
2,4.08246729,5.51329,7.06777,7.06777,nan,4.32142,4.32955,nan,0.8585,0.852646
2,4.104897196,1.71779,7.05989,7.05989,nan,4.31566,4.32381,nan,-1.87124,-1.87711
2,4.104897196,3.3047,7.05989,7.05989,nan,4.31566,4.32381,nan,-0.728187,-0.734058
2,4.127327103,6.10225,7.05199,7.05199,nan,4.30989,4.31806,nan,1.29103,1.28514
2,4.172186916,4.10634,7.03613,7.03613,nan,4.29836,4.30658,nan,-0.138311,-0.14423
2,4.239476636,2.71575,7.0122,7.0122,nan,4.28106,4.28935,nan,-1.12749,-1.13346
2,4.261906542,4.40082,7.00419,7.00419,nan,4.27529,4.2836,nan,0.0904153,0.0844303
2,4.261906542,4.97342,7.00419,7.00419,nan,4.27529,4.2836,nan,0.502856,0.496871
2,4.351626168,3.69734,6.97196,6.97196,nan,4.25223,4.26063,nan,-0.399683,-0.405734
2,4.351626168,4.87526,6.97196,6.97196,nan,4.25223,4.26063,nan,0.448765,0.442715
2,4.418915888,5.88957,6.94763,6.94763,nan,4.23493,4.2434,nan,1.19183,1.18573
2,4.418915888,6.59305,6.94763,6.94763,nan,4.23493,4.2434,nan,1.69855,1.69245
2,4.418915888,2.97751,6.94763,6.94763,nan,4.23493,4.2434,nan,-0.905719,-0.911819
2,4.486205607,4.30266,6.92318,6.92318,nan,4.21763,4.22617,nan,0.0612457,0.0550968
2,4.486205607,4.1227,6.92318,6.92318,nan,4.21763,4.22617,nan,-0.0683784,-0.0745273
2,4.508635514,4.84254,6.915,6.915,nan,4.21186,4.22042,nan,0.454271,0.448106
2,4.531065421,5.52965,6.90681,6.90681,nan,4.2061,4.21468,nan,0.953353,0.947172
2,4.531065421,2.81391,6.90681,6.90681,nan,4.2061,4.21468,nan,-1.00279,-1.00897
2,4.575925234,6.56033,6.89039,6.89039,nan,4.19456,4.20319,nan,1.70405,1.69784
2,4.66564486,1.43967,6.85742,6.85742,nan,4.1715,4.18022,nan,-1.96773,-1.97401
2,4.66564486,3.07566,6.85742,6.85742,nan,4.1715,4.18022,nan,-0.789327,-0.795607
2,4.66564486,4.0409,6.85742,6.85742,nan,4.1715,4.18022,nan,-0.0940709,-0.100351
2,4.66564486,3.8773,6.85742,6.85742,nan,4.1715,4.18022,nan,-0.211911,-0.218191
2,4.732934579,3.45194,6.83258,6.83258,nan,4.1542,4.16299,nan,-0.505835,-0.512164
2,4.755364486,3.94274,6.82428,6.82428,nan,4.14843,4.15724,nan,-0.148161,-0.154507
2,4.800224299,4.80982,6.80766,6.80766,nan,4.1369,4.14576,nan,0.484698,0.47832
2,4.889943925,3.27198,6.77431,6.77431,nan,4.11384,4.12278,nan,-0.606386,-0.612829
2,4.912373832,3.56646,6.76595,6.76595,nan,4.10807,4.11704,nan,-0.39012,-0.39658
2,4.912373832,2.37219,6.76595,6.76595,nan,4.10807,4.11704,nan,-1.25035,-1.25681
2,4.934803738,3.41922,6.75758,6.75758,nan,4.10231,4.1113,nan,-0.492023,-0.498499
2,4.934803738,4.41718,6.75758,6.75758,nan,4.10231,4.1113,nan,0.226802,0.220325
2,4.957233645,4.64622,6.74921,6.74921,nan,4.09654,4.10555,nan,0.395931,0.389439
2,5.002093458,3.9591,6.73244,6.73244,nan,4.08501,4.09407,nan,-0.0906905,-0.0972158
2,5.002093458,4.49898,6.73244,6.73244,nan,4.08501,4.09407,nan,0.298182,0.291656
2,5.024523364,3.59918,6.72404,6.72404,nan,4.07924,4.08832,nan,-0.345785,-0.352327
2,5.024523364,4.13906,6.72404,6.72404,nan,4.07924,4.08832,nan,0.043087,0.0365453
2,5.069383178,5.38241,6.70723,6.70723,nan,4.06771,4.07684,nan,0.946978,0.940404
2,5.114242991,1.91411,6.6904,6.6904,nan,4.05618,4.06535,nan,-1.54293,-1.54953
2,5.114242991,6.11861,6.6904,6.6904,nan,4.05618,4.06535,nan,1.48557,1.47896
2,5.114242991,2.83027,6.6904,6.6904,nan,4.05618,4.06535,nan,-0.883021,-0.889628
2,5.18153271,1.97955,6.6651,6.6651,nan,4.03888,4.04812,nan,-1.48333,-1.48999
2,5.226392523,5.02249,6.64821,6.64821,nan,4.02735,4.03663,nan,0.716803,0.710114
2,5.271252336,3.82822,6.63129,6.63129,nan,4.01581,4.02515,nan,-0.135123,-0.141845
2,5.293682243,4.90798,6.62282,6.62282,nan,4.01005,4.0194,nan,0.646775,0.640037
2,5.360971963,4.10634,6.5974,6.5974,nan,3.99275,4.00217,nan,0.081818,0.075031
2,5.360971963,2.73211,6.5974,6.5974,nan,3.99275,4.00217,nan,-0.908039,-0.914826
2,5.405831776,5.18609,6.58042,6.58042,nan,3.98122,3.99069,nan,0.867869,0.861049
2,5.405831776,3.10838,6.58042,6.58042,nan,3.98122,3.99069,nan,-0.6287,-0.63552
2,5.428261682,7.47648,6.57193,6.57193,nan,3.97545,3.98494,nan,2.52178,2.51495
2,5.428261682,4.51534,6.57193,6.57193,nan,3.97545,3.98494,nan,0.388878,0.382042
2,5.450691589,3.6319,6.56343,6.56343,nan,3.96969,3.9792,nan,-0.243305,-0.250158
2,5.517981308,4.8589,6.53791,6.53791,nan,3.95239,3.96197,nan,0.652955,0.646053
2,5.517981308,6.08589,6.53791,6.53791,nan,3.95239,3.96197,nan,1.53676,1.52985
2,5.540411215,2.96115,6.5294,6.5294,nan,3.94662,3.95623,nan,-0.709837,-0.716755
2,5.652560748,4.6953,6.48677,6.48677,nan,3.91779,3.92751,nan,0.560034,0.553034
2,5.652560748,4.51534,6.48677,6.48677,nan,3.91779,3.92751,nan,0.43041,0.42341
2,5.652560748,3.66462,6.48677,6.48677,nan,3.91779,3.92751,nan,-0.182358,-0.189358
2,5.652560748,2.56851,6.48677,6.48677,nan,3.91779,3.92751,nan,-0.971887,-0.978887
2,5.719850467,3.89366,6.46115,6.46115,nan,3.90049,3.91028,nan,-0.00492252,-0.0119716
2,5.719850467,3.2229,6.46115,6.46115,nan,3.90049,3.91028,nan,-0.488067,-0.495116
2,5.876859813,3.59918,6.40127,6.40127,nan,3.86013,3.87008,nan,-0.187963,-0.195126
2,5.921719626,1.86503,6.38413,6.38413,nan,3.8486,3.85859,nan,-1.42876,-1.43596
2,5.966579439,2.66667,6.36699,6.36699,nan,3.83707,3.84711,nan,-0.843039,-0.850268
2,5.989009346,4.80982,6.35841,6.35841,nan,3.83131,3.84136,nan,0.704819,0.697574
2,5.989009346,4.6135,6.35841,6.35841,nan,3.83131,3.84136,nan,0.563411,0.556166
2,5.989009346,4.0409,6.35841,6.35841,nan,3.83131,3.84136,nan,0.15097,0.143726
2,5.989009346,3.3047,6.35841,6.35841,nan,3.83131,3.84136,nan,-0.37931,-0.386555
2,6.011439252,2.84663,6.34983,6.34983,nan,3.82554,3.83562,nan,-0.705109,-0.71237
2,6.101158879,1.76687,6.31549,6.31549,nan,3.80248,3.81265,nan,-1.46624,-1.47357
2,6.101158879,3.0593,6.31549,6.31549,nan,3.80248,3.81265,nan,-0.535306,-0.542631
2,6.123588785,3.97546,6.3069,6.3069,nan,3.79671,3.8069,nan,0.128752,0.12141
2,6.146018692,3.59918,6.29831,6.29831,nan,3.79095,3.80116,nan,-0.138127,-0.145486
2,6.235738318,1.91411,6.26392,6.26392,nan,3.76788,3.77819,nan,-1.33527,-1.34269
2,6.235738318,5.56237,6.26392,6.26392,nan,3.76788,3.77819,nan,1.29257,1.28514
2,6.280598131,5.26789,6.24672,6.24672,nan,3.75635,3.7667,nan,1.08876,1.0813
2,6.280598131,4.22086,6.24672,6.24672,nan,3.75635,3.7667,nan,0.334583,0.327127
2,6.280598131,3.86094,6.24672,6.24672,nan,3.75635,3.7667,nan,0.0753343,0.0678784
2,6.370317757,2.96115,6.21228,6.21228,nan,3.73329,3.74373,nan,-0.556174,-0.563696
2,6.392747664,4.58078,6.20367,6.20367,nan,3.72752,3.73799,nan,0.614595,0.607058
2,6.41517757,6.75665,6.19506,6.19506,nan,3.72176,3.73225,nan,2.18602,2.17847
2,6.437607477,4.76074,6.18644,6.18644,nan,3.71599,3.7265,nan,0.752526,0.744955
2,6.460037383,5.88957,6.17782,6.17782,nan,3.71023,3.72076,nan,1.56978,1.56219
2,6.48246729,4.98978,6.1692,6.1692,nan,3.70446,3.71502,nan,0.925807,0.918204
2,6.504897196,4.25358,6.16058,6.16058,nan,3.6987,3.70928,nan,0.39968,0.39206
2,6.527327103,1.93047,6.15196,6.15196,nan,3.69293,3.70353,nan,-1.2695,-1.27713
2,6.527327103,5.61145,6.15196,6.15196,nan,3.69293,3.70353,nan,1.38191,1.37427
2,6.527327103,0.670757,6.15196,6.15196,nan,3.69293,3.70353,nan,-2.17687,-2.1845
2,6.639476636,3.56646,6.10883,6.10883,nan,3.6641,3.67482,nan,-0.0703312,-0.0780492
2,6.639476636,3.3865,6.10883,6.10883,nan,3.6641,3.67482,nan,-0.199955,-0.207673
2,6.639476636,3.25562,6.10883,6.10883,nan,3.6641,3.67482,nan,-0.294227,-0.301945
2,6.661906542,2.71575,6.1002,6.1002,nan,3.65834,3.66908,nan,-0.678947,-0.686681
2,6.818915888,3.99182,6.03976,6.03976,nan,3.61798,3.62888,nan,0.269275,0.261426
2,6.886205607,3.77914,6.01384,6.01384,nan,3.60069,3.61165,nan,0.128541,0.120643
2,6.886205607,3.20654,6.01384,6.01384,nan,3.60069,3.61165,nan,-0.283899,-0.291797
2,6.931065421,2.01227,5.99656,5.99656,nan,3.58916,3.60017,nan,-1.13583,-1.14376
2,6.953495327,4.25358,5.98791,5.98791,nan,3.58339,3.59442,nan,0.482735,0.474788
2,6.953495327,3.61554,5.98791,5.98791,nan,3.58339,3.59442,nan,0.023159,0.0152121
2,6.99835514,1.76687,5.97062,5.97062,nan,3.57186,3.58294,nan,-1.30013,-1.30811
2,6.99835514,2.19223,5.97062,5.97062,nan,3.57186,3.58294,nan,-0.993744,-1.00172
2,7.06564486,3.01022,5.94468,5.94468,nan,3.55456,3.56571,nan,-0.392086,-0.400115
2,7.088074766,4.54806,5.93603,5.93603,nan,3.5488,3.55997,nan,0.719763,0.711718
2,7.110504673,1.96319,5.92738,5.92738,nan,3.54303,3.55423,nan,-1.13796,-1.14602
2,7.132934579,3.7955,5.91873,5.91873,nan,3.53727,3.54848,nan,0.186004,0.177926
2,7.177794393,2.42127,5.90143,5.90143,nan,3.52574,3.537,nan,-0.795547,-0.803658
2,7.200224299,3.17382,5.89277,5.89277,nan,3.51997,3.53126,nan,-0.24933,-0.257458
2,7.222654206,4.1227,5.88412,5.88412,nan,3.51421,3.52551,nan,0.438295,0.430151
2,7.267514019,4.71166,5.86681,5.86681,nan,3.50268,3.51403,nan,0.870824,0.862647
2,7.334803738,3.3865,5.84084,5.84084,nan,3.48538,3.4968,nan,-0.0712236,-0.0794493
2,7.379663551,3.92638,5.82352,5.82352,nan,3.47385,3.48532,nan,0.325953,0.317695
2,7.402093458,1.32515,5.81486,5.81486,nan,3.46809,3.47958,nan,-1.54355,-1.55183
2,7.402093458,5.54601,5.81486,5.81486,nan,3.46809,3.47958,nan,1.49672,1.48845
2,7.424523364,5.85685,5.8062,5.8062,nan,3.46233,3.47384,nan,1.72477,1.71648
2,7.424523364,6.72393,5.8062,5.8062,nan,3.46233,3.47384,nan,2.34932,2.34103
2,7.446953271,4.7771,5.79754,5.79754,nan,3.45656,3.46809,nan,0.951179,0.942871
2,7.446953271,4.64622,5.79754,5.79754,nan,3.45656,3.46809,nan,0.856907,0.848599
2,7.469383178,3.68098,5.78888,5.78888,nan,3.4508,3.46235,nan,0.165802,0.157479
2,7.536672897,1.83231,5.76289,5.76289,nan,3.4335,3.44513,nan,-1.15333,-1.16171
2,7.536672897,4.22086,5.76289,5.76289,nan,3.4335,3.44513,nan,0.567131,0.558759
2,7.536672897,5.00613,5.76289,5.76289,nan,3.4335,3.44513,nan,1.13276,1.12439
2,7.64882243,2.38855,5.71957,5.71957,nan,3.40468,3.41642,nan,-0.731918,-0.740371
2,7.64882243,2.56851,5.71957,5.71957,nan,3.40468,3.41642,nan,-0.602294,-0.610747
2,7.671252336,3.56646,5.7109,5.7109,nan,3.39892,3.41067,nan,0.120683,0.112213
2,7.671252336,3.32106,5.7109,5.7109,nan,3.39892,3.41067,nan,-0.0560771,-0.064547
2,7.805831776,3.82822,5.65889,5.65889,nan,3.36433,3.37623,nan,0.334139,0.325571
2,7.895551402,3.3047,5.62421,5.62421,nan,3.34127,3.35326,nan,-0.0263418,-0.034975
2,7.917981308,2.14315,5.61554,5.61554,nan,3.33551,3.34752,nan,-0.858855,-0.867504
2,7.940411215,2.97751,5.60687,5.60687,nan,3.32975,3.34178,nan,-0.253718,-0.262384
2,7.962841121,2.86299,5.5982,5.5982,nan,3.32398,3.33604,nan,-0.332055,-0.340737
2,8.030130841,4.25358,5.57218,5.57218,nan,3.30669,3.31881,nan,0.682041,0.67331
2,8.030130841,3.7955,5.57218,5.57218,nan,3.30669,3.31881,nan,0.352089,0.343358
2,8.052560748,3.68098,5.56351,5.56351,nan,3.30093,3.31307,nan,0.273753,0.265005
2,8.052560748,2.07771,5.56351,5.56351,nan,3.30093,3.31307,nan,-0.88108,-0.889828
2,8.097420561,1.94683,5.54616,5.54616,nan,3.2894,3.30159,nan,-0.967049,-0.975829
2,8.142280374,3.40286,5.52881,5.52881,nan,3.27787,3.29011,nan,0.090031,0.0812179
2,8.16471028,4.1227,5.52014,5.52014,nan,3.27211,3.28437,nan,0.612679,0.603849
2,8.232,4.35174,5.49411,5.49411,nan,3.25482,3.26714,nan,0.790109,0.781231
2,8.232,1.25971,5.49411,5.49411,nan,3.25482,3.26714,nan,-1.43707,-1.44595
2,8.254429907,3.3047,5.48544,5.48544,nan,3.24905,3.2614,nan,0.0400843,0.0311895
2,8.344149533,0.916155,5.45073,5.45073,nan,3.226,3.23844,nan,-1.66378,-1.67274
2,8.366579439,3.94274,5.44205,5.44205,nan,3.22024,3.2327,nan,0.520417,0.511441
2,8.389009346,3.58282,5.43337,5.43337,nan,3.21447,3.22696,nan,0.26532,0.256327
2,8.411439252,6.08589,5.4247,5.4247,nan,3.20871,3.22122,nan,2.07242,2.06342
2,8.411439252,2.47035,5.4247,5.4247,nan,3.20871,3.22122,nan,-0.531841,-0.54085
2,8.456299065,3.69734,5.40734,5.40734,nan,3.19718,3.20974,nan,0.360262,0.35122
2,8.478728972,3.33742,5.39866,5.39866,nan,3.19142,3.204,nan,0.105164,0.0961064
2,8.501158879,4.33538,5.38998,5.38998,nan,3.18566,3.19826,nan,0.82814,0.819066
2,8.501158879,0.834356,5.38998,5.38998,nan,3.18566,3.19826,nan,-1.69364,-1.70271
2,8.501158879,3.48466,5.38998,5.38998,nan,3.18566,3.19826,nan,0.215371,0.206297
2,8.523588785,4.02454,5.3813,5.3813,nan,3.1799,3.19252,nan,0.608395,0.599304
2,8.635738318,2.17587,5.3379,5.3379,nan,3.15108,3.16382,nan,-0.702444,-0.711616
2,8.658168224,1.94683,5.32922,5.32922,nan,3.14532,3.15808,nan,-0.86327,-0.872458
2,8.658168224,3.10838,5.32922,5.32922,nan,3.14532,3.15808,nan,-0.0266049,-0.0357933
2,8.703028037,1.75051,5.31186,5.31186,nan,3.1338,3.1466,nan,-0.996376,-1.0056
2,8.725457944,1.14519,5.30318,5.30318,nan,3.12803,3.14086,nan,-1.42823,-1.43747
2,8.792747664,2.56851,5.27714,5.27714,nan,3.11075,3.12364,nan,-0.390574,-0.39986
2,8.904897196,6.90389,5.23373,5.23373,nan,3.08194,3.09494,nan,2.75294,2.74357
2,8.904897196,1.06339,5.23373,5.23373,nan,3.08194,3.09494,nan,-1.45395,-1.46332
2,8.904897196,2.83027,5.23373,5.23373,nan,3.08194,3.09494,nan,-0.181278,-0.190646
2,8.927327103,3.53374,5.22505,5.22505,nan,3.07618,3.0892,nan,0.329584,0.3202
2,8.972186916,2.30675,5.20768,5.20768,nan,3.06465,3.07772,nan,-0.545916,-0.555332
2,8.972186916,3.27198,5.20768,5.20768,nan,3.06465,3.07772,nan,0.14934,0.139924
2,8.972186916,3.89366,5.20768,5.20768,nan,3.06465,3.07772,nan,0.597133,0.587716
2,9.017046729,3.04294,5.19031,5.19031,nan,3.05313,3.06625,nan,-0.00733556,-0.0167845
2,9.039476636,2.48671,5.18163,5.18163,nan,3.04737,3.06051,nan,-0.403842,-0.413307
2,9.061906542,4.84254,5.17295,5.17295,nan,3.04161,3.05477,nan,1.29721,1.28772
2,9.106766355,1.57055,5.15558,5.15558,nan,3.03008,3.04329,nan,-1.0513,-1.06081
2,9.106766355,3.61554,5.15558,5.15558,nan,3.03008,3.04329,nan,0.421704,0.412191
2,9.129196262,1.29243,5.1469,5.1469,nan,3.02432,3.03755,nan,-1.24748,-1.25701
2,9.174056075,4.41718,5.12953,5.12953,nan,3.0128,3.02608,nan,1.01157,1.00201
2,9.196485981,3.43558,5.12084,5.12084,nan,3.00704,3.02034,nan,0.308679,0.2991
2,9.241345794,3.73006,5.10348,5.10348,nan,2.99552,3.00886,nan,0.52909,0.519479
2,9.286205607,2.55215,5.08611,5.08611,nan,2.984,2.99738,nan,-0.31106,-0.320703
2,9.286205607,3.27198,5.08611,5.08611,nan,2.984,2.99738,nan,0.207437,0.197794
2,9.308635514,1.35787,5.07742,5.07742,nan,2.97824,2.99165,nan,-1.16714,-1.1768
2,9.331065421,3.10838,5.06874,5.06874,nan,2.97247,2.98591,nan,0.0978953,0.0882197
2,9.375925234,5.54601,5.05137,5.05137,nan,2.96095,2.97443,nan,1.86201,1.8523
2,9.39835514,4.26994,5.04268,5.04268,nan,2.95519,2.96869,nan,0.947007,0.937283
2,9.420785047,7.39468,5.034,5.034,nan,2.94943,2.96296,nan,3.2019,3.19216
2,9.443214953,2.38855,5.02531,5.02531,nan,2.94367,2.95722,nan,-0.399856,-0.409612
2,9.443214953,2.84663,5.02531,5.02531,nan,2.94367,2.95722,nan,-0.0699034,-0.0796599
2,9.443214953,4.15542,5.02531,5.02531,nan,2.94367,2.95722,nan,0.872817,0.863061
2,9.510504673,4.89162,4.99925,4.99925,nan,2.92639,2.94001,nan,1.41554,1.40574
2,9.532934579,0.719836,4.99057,4.99057,nan,2.92063,2.93427,nan,-1.58523,-1.59505
2,9.532934579,4.40082,4.99057,4.99057,nan,2.92063,2.93427,nan,1.06617,1.05635
2,9.645084112,3.41922,4.94714,4.94714,nan,2.89184,2.90558,nan,0.379875,0.369972
2,9.645084112,2.68303,4.94714,4.94714,nan,2.89184,2.90558,nan,-0.150406,-0.160308
2,9.667514019,1.42331,4.93845,4.93845,nan,2.88608,2.89985,nan,-1.05363,-1.06354
2,9.667514019,2.48671,4.93845,4.93845,nan,2.88608,2.89985,nan,-0.287666,-0.297584
2,9.734803738,3.25562,4.91239,4.91239,nan,2.8688,2.88264,nan,0.278627,0.26866
2,9.846953271,2.42127,4.86896,4.86896,nan,2.84001,2.85396,nan,-0.301618,-0.311666
2,9.869383178,2.78119,4.86027,4.86027,nan,2.83425,2.84822,nan,-0.0382221,-0.0482859
2,9.959102804,1.79959,4.82553,4.82553,nan,2.81122,2.82528,nan,-0.728673,-0.738801
2,9.959102804,3.1411,4.82553,4.82553,nan,2.81122,2.82528,nan,0.237616,0.227487
2,10.00396262,2.61759,4.80815,4.80815,nan,2.7997,2.81381,nan,-0.131179,-0.141339
2,10.02639252,2.35583,4.79946,4.79946,nan,2.79395,2.80807,nan,-0.315576,-0.325752
2,10.07125234,2.04499,4.78209,4.78209,nan,2.78243,2.7966,nan,-0.531178,-0.541386
2,10.13854206,2.53579,4.75603,4.75603,nan,2.76516,2.7794,nan,-0.165217,-0.175474
2,10.16097196,3.01022,4.74734,4.74734,nan,2.7594,2.77367,nan,0.180665,0.170392
2,10.18340187,5.33e-15,4.73865,4.73865,nan,2.75365,2.76793,nan,-1.98345,-1.99374
2,10.20583178,3.40286,4.72996,4.72996,nan,2.74789,2.7622,nan,0.471774,0.461469
2,10.2731215,2.35583,4.7039,4.7039,nan,2.73062,2.745,nan,-0.269964,-0.280318
2,10.2731215,3.9591,4.7039,4.7039,nan,2.73062,2.745,nan,0.884869,0.874515
2,10.31798131,2.74847,4.68652,4.68652,nan,2.71911,2.73353,nan,0.021144,0.0107582
2,10.40770093,5.87321,4.65177,4.65177,nan,2.69609,2.7106,nan,2.28847,2.27802
2,10.40770093,2.30675,4.65177,4.65177,nan,2.69609,2.7106,nan,-0.280442,-0.290892
2,10.40770093,3.7955,4.65177,4.65177,nan,2.69609,2.7106,nan,0.791903,0.781453
2,10.40770093,3.35378,4.65177,4.65177,nan,2.69609,2.7106,nan,0.473735,0.463284
2,10.40770093,3.01022,4.65177,4.65177,nan,2.69609,2.7106,nan,0.22627,0.21582
2,10.47499065,2.53579,4.62571,4.62571,nan,2.67883,2.6934,nan,-0.10303,-0.113529
2,10.49742056,3.19018,4.61702,4.61702,nan,2.67307,2.68767,nan,0.372475,0.36196
2,10.51985047,4.46626,4.60833,4.60833,nan,2.66732,2.68194,nan,1.29577,1.28524
2,10.54228037,3.51738,4.59964,4.59964,nan,2.66156,2.6762,nan,0.616445,0.605898
2,10.632,1.86503,4.56489,4.56489,nan,2.63855,2.65328,nan,-0.557163,-0.567773
2,10.65442991,1.01431,4.5562,4.5562,nan,2.63279,2.64755,nan,-1.16579,-1.17641
2,10.92358879,2.53579,4.45194,4.45194,nan,2.56377,2.57879,nan,-0.0201554,-0.0309744
2,10.94601869,4.15542,4.44325,4.44325,nan,2.55802,2.57306,nan,1.1506,1.13977
2,11.03573832,0.327198,4.4085,4.4085,nan,2.53502,2.55015,nan,-1.59029,-1.60119
2,11.03573832,1.50511,4.4085,4.4085,nan,2.53502,2.55015,nan,-0.741838,-0.752737
2,11.03573832,2.38855,4.4085,4.4085,nan,2.53502,2.55015,nan,-0.105502,-0.1164
2,11.08059813,1.66871,4.39112,4.39112,nan,2.52352,2.53869,nan,-0.615715,-0.626646
2,11.14788785,1.42331,4.36505,4.36505,nan,2.50627,2.52151,nan,-0.780052,-0.79103
2,11.17031776,2.19223,4.35636,4.35636,nan,2.50052,2.51579,nan,-0.222063,-0.233057
2,11.19274766,1.79959,4.34767,4.34767,nan,2.49477,2.51006,nan,-0.500739,-0.511749
2,11.26003738,2.58487,4.32161,4.32161,nan,2.47753,2.49288,nan,0.0773142,0.0662564
2,11.28246729,1.47239,4.31292,4.31292,nan,2.47178,2.48716,nan,-0.719859,-0.730932
2,11.3048972,3.25562,4.30423,4.30423,nan,2.46604,2.48143,nan,0.568738,0.557648
2,11.39461682,2.91207,4.26947,4.26947,nan,2.44305,2.45853,nan,0.33783,0.326677
2,11.43947664,2.45399,4.25209,4.25209,nan,2.43156,2.44709,nan,0.0161553,0.00497059
2,11.46190654,2.06135,4.24341,4.24341,nan,2.42581,2.44136,nan,-0.262523,-0.273723
2,11.48433645,1.93047,4.23472,4.23472,nan,2.42007,2.43564,nan,-0.352657,-0.363873
2,11.52919626,2.71575,4.21734,4.21734,nan,2.40858,2.4242,nan,0.221251,0.210003
2,11.52919626,4.38446,4.21734,4.21734,nan,2.40858,2.4242,nan,1.42322,1.41197
2,11.64134579,0.359918,4.17389,4.17389,nan,2.37986,2.39559,nan,-1.45496,-1.46629
2,11.91050467,0.834356,4.06962,4.06962,nan,2.31098,2.32696,nan,-1.06361,-1.07512
2,11.93293458,2.15951,4.06094,4.06094,nan,2.30524,2.32124,nan,-0.104968,-0.116498
2,11.93293458,0.687117,4.06094,4.06094,nan,2.30524,2.32124,nan,-1.16553,-1.17706
2,11.97779439,1.11247,4.04356,4.04356,nan,2.29376,2.30981,nan,-0.850878,-0.86244
2,12.02265421,1.73415,4.02618,4.02618,nan,2.28229,2.29838,nan,-0.394822,-0.406414
2,12.04508411,3.69734,4.01749,4.01749,nan,2.27655,2.29267,nan,1.02339,1.01178
2,12.11237383,1.96319,3.99142,3.99142,nan,2.25935,2.27553,nan,-0.21332,-0.224974
2,12.17966355,1.45603,3.96536,3.96536,nan,2.24214,2.25839,nan,-0.566233,-0.577933
2,12.24695327,2.84663,3.93929,3.93929,nan,2.22494,2.24125,nan,0.447796,0.436049
2,12.26938318,2.61759,3.9306,3.9306,nan,2.21921,2.23554,nan,0.286949,0.275187
2,12.38153271,3.28834,3.88716,3.88716,nan,2.19056,2.20699,nan,0.790732,0.778893
2,12.42639252,1.89775,3.86978,3.86978,nan,2.1791,2.19558,nan,-0.202656,-0.214525
2,12.42639252,1.60327,3.86978,3.86978,nan,2.1791,2.19558,nan,-0.414768,-0.426637
2,12.47125234,2.09407,3.8524,3.8524,nan,2.16764,2.18417,nan,-0.0529958,-0.0648956
2,12.47125234,1.06339,3.8524,3.8524,nan,2.16764,2.18417,nan,-0.795388,-0.807288
2,12.51611215,3.32106,3.83502,3.83502,nan,2.15619,2.17275,nan,0.839055,0.827125
2,12.53854206,2.20859,3.82634,3.82634,nan,2.15046,2.16705,nan,0.041867,0.0299216
2,12.60583178,1.93047,3.80027,3.80027,nan,2.13329,2.14994,nan,-0.14609,-0.158081
2,12.6955514,0.736196,3.76551,3.76551,nan,2.1104,2.12713,nan,-0.989833,-1.00188
2,12.91985047,1.79959,3.67863,3.67863,nan,2.05321,2.07015,nan,-0.18268,-0.194881
2,12.91985047,0.916155,3.67863,3.67863,nan,2.05321,2.07015,nan,-0.819017,-0.831217
2,12.98714019,4.33538,3.65257,3.65257,nan,2.03606,2.05306,nan,1.65619,1.64394
2,13.05442991,1.66871,3.6265,3.6265,nan,2.01893,2.03599,nan,-0.25226,-0.264549
2,13.05442991,4.5317,3.6265,3.6265,nan,2.01893,2.03599,nan,1.80994,1.79765
2,13.18900935,0.458078,3.57437,3.57437,nan,1.98467,2.00186,nan,-1.0996,-1.11198
2,13.23386916,2.38855,3.557,3.557,nan,1.97326,1.99048,nan,0.299131,0.286725
2,13.25629907,0.539877,3.54831,3.54831,nan,1.96756,1.9848,nan,-1.02835,-1.04077
2,13.30115888,3.58282,3.53093,3.53093,nan,1.95615,1.97343,nan,1.17169,1.15924
2,13.3908785,2.02863,3.49618,3.49618,nan,1.93334,1.95071,nan,0.0686348,0.056128
2,13.41330841,3.76278,3.4875,3.4875,nan,1.92764,1.94503,nan,1.32184,1.30932
2,13.41330841,4.08998,3.4875,3.4875,nan,1.92764,1.94503,nan,1.55752,1.545
2,13.45816822,2.65031,3.47012,3.47012,nan,1.91625,1.93367,nan,0.52874,0.51619
2,13.48059813,0.556237,3.46144,3.46144,nan,1.91055,1.928,nan,-0.97551,-0.988074
2,13.52545794,2.14315,3.44406,3.44406,nan,1.89916,1.91664,nan,0.175743,0.163151
2,13.74975701,1.40695,3.35719,3.35719,nan,1.84227,1.85995,nan,-0.31356,-0.326292
2,13.81704673,0.997955,3.33114,3.33114,nan,1.82523,1.84296,nan,-0.595882,-0.608655
2,13.99648598,0.719836,3.26165,3.26165,nan,1.77982,1.7977,nan,-0.763505,-0.776386
2,14.0637757,1.55419,3.23559,3.23559,nan,1.76281,1.78075,nan,-0.15027,-0.163191
2,14.24321495,0.0981595,3.16611,3.16611,nan,1.71752,1.7356,nan,-1.16642,-1.17945
2,14.24321495,2.43763,3.16611,3.16611,nan,1.71752,1.7356,nan,0.518691,0.505666
2,14.31050467,2.78119,3.14006,3.14006,nan,1.70056,1.71869,nan,0.778373,0.76531
2,14.4002243,2.87935,3.10533,3.10533,nan,1.67797,1.69617,nan,0.865351,0.852238
2,14.4002243,4.05726,3.10533,3.10533,nan,1.67797,1.69617,nan,1.7138,1.70069
2,14.44508411,0.196319,3.08796,3.08796,nan,1.66668,1.68492,nan,-1.0591,-1.07223
2,14.44508411,1.01431,3.08796,3.08796,nan,1.66668,1.68492,nan,-0.469895,-0.483033
2,14.44508411,1.37423,3.08796,3.08796,nan,1.66668,1.68492,nan,-0.210647,-0.223785
2,14.53480374,2.73211,3.05323,3.05323,nan,1.64412,1.66243,nan,0.783673,0.770487
2,14.64695327,1.22699,3.00982,3.00982,nan,1.61597,1.63435,nan,-0.280175,-0.293421
2,14.87125234,1.79959,2.92301,2.92301,nan,1.55979,1.57834,nan,0.172728,0.159368
2,14.98340187,0.179959,2.87961,2.87961,nan,1.53178,1.5504,nan,-0.973711,-0.987127
2,15.02826168,1.79959,2.86226,2.86226,nan,1.52059,1.53924,nan,0.200966,0.187529
2,15.0955514,1.86503,2.83622,2.83622,nan,1.50382,1.52252,nan,0.26018,0.246711
2,15.25256075,3.68098,2.77548,2.77548,nan,1.46478,1.48357,nan,1.59633,1.58279
2,15.27499065,0.572597,2.76681,2.76681,nan,1.45921,1.47802,nan,-0.638624,-0.652173
2,15.29742056,1.68507,2.75813,2.75813,nan,1.45364,1.47247,nan,0.166697,0.153138
2,15.38714019,1.86503,2.72344,2.72344,nan,1.43141,1.45029,nan,0.312336,0.298739
2,15.47685981,0.883436,2.68874,2.68874,nan,1.40922,1.42815,nan,-0.378721,-0.392354
2,15.52171963,2.81391,2.6714,2.6714,nan,1.39814,1.41709,nan,1.01977,1.00612
2,15.90302804,1.66871,2.52404,2.52404,nan,1.30448,1.32362,nan,0.262354,0.248571
2,16.08246729,1.81595,2.45474,2.45474,nan,1.26076,1.27996,nan,0.399905,0.386072
2,16.26190654,2.56851,2.38548,2.38548,nan,1.21729,1.23655,nan,0.973282,0.959408
2,16.30676636,1.97955,2.36818,2.36818,nan,1.20646,1.22573,nan,0.556855,0.542973
3,0,0.620408,6.74627,6.74627,6.16648,6.13741,6.54166,-3.99482,-3.97389,-4.26507
3,2.018691589,4.5551,7.50386,7.50386,5.72032,5.69695,6.0599,-0.839305,-0.82247,-1.0839
3,2.041121495,2.61224,7.50533,7.50533,5.71537,5.69206,6.05454,-2.23517,-2.21838,-2.47948
3,3.005607477,5.24082,7.40093,7.40093,5.5022,5.48161,5.82436,-0.188277,-0.173446,-0.420328
3,3.857943925,3.72245,7.1453,7.1453,5.31383,5.29564,5.62095,-1.14627,-1.13317,-1.36749
3,4.014953271,2.1551,7.09135,7.09135,5.27913,5.26138,5.58348,-2.25023,-2.23745,-2.46945
3,4.014953271,3.2,7.09135,7.09135,5.27913,5.26138,5.58348,-1.49759,-1.48481,-1.71681
3,4.037383178,5.01224,7.08354,7.08354,5.27417,5.25649,5.57813,-0.188664,-0.17593,-0.407604
3,4.351401869,3.82041,6.97205,6.97205,5.20477,5.18798,5.50319,-0.997152,-0.985055,-1.2121
3,5.001869159,3.11837,6.73252,6.73252,5.06101,5.04605,5.34795,-1.39928,-1.38851,-1.60596
3,5.136448598,5.8449,6.68206,6.68206,5.03127,5.01669,5.31583,0.586057,0.596556,0.381084
3,5.226168224,1.94286,6.64829,6.64829,5.01144,4.99711,5.29442,-2.21029,-2.19997,-2.41412
3,5.45046729,4.81633,6.56352,6.56352,4.96187,4.94817,5.24089,-0.104832,-0.0949699,-0.305813
3,5.876635514,3.59184,6.40135,6.40135,4.86768,nan,5.13919,-0.918986,nan,-1.11455
3,5.943925234,4.70204,6.37564,6.37564,4.85281,nan,5.12313,-0.108597,nan,-0.303307
3,6.011214953,4.3102,6.34992,6.34992,4.83794,nan,5.10707,-0.380124,nan,-0.573979
3,6.03364486,6.33469,6.34134,6.34134,4.83298,nan,5.10172,1.08168,nan,0.888112
3,6.347663551,4.60408,6.22098,6.22098,4.76358,nan,5.02677,-0.114885,nan,-0.304464
3,6.841121495,5.12653,6.03121,6.03121,4.65452,nan,4.90901,0.339986,nan,0.156681
3,6.908411215,6.12245,6.00529,6.00529,4.63965,nan,4.89295,1.06806,nan,0.885605
3,6.998130841,4.19592,5.97071,5.97071,4.61982,nan,4.87154,-0.305337,nan,-0.486647
3,7.020560748,6.17143,5.96206,5.96206,4.61486,nan,4.86619,1.12119,nan,0.940164
3,7.042990654,5.40408,5.95342,5.95342,4.60991,nan,4.86083,0.572041,nan,0.391301
3,7.155140187,7.77143,5.91017,5.91017,4.58512,nan,4.83407,2.29509,nan,2.11577
3,7.244859813,4.76735,5.87555,5.87555,4.56529,nan,4.81266,0.145539,nan,-0.0326366
3,7.289719626,6.85714,5.85824,5.85824,4.55538,nan,4.80195,1.65795,nan,1.48035
3,7.334579439,5.81224,5.84092,5.84092,4.54546,nan,4.79125,0.912459,nan,0.735423
3,7.334579439,4.44082,5.84092,5.84092,4.54546,nan,4.79125,-0.075378,nan,-0.252413
3,7.379439252,4.01633,5.82361,5.82361,4.53555,nan,4.78054,-0.373996,nan,-0.550461
3,7.446728972,6.23673,5.79763,5.79763,4.52068,nan,4.76448,1.23607,nan,1.06046
3,7.648598131,4.81633,5.71965,5.71965,4.47606,nan,4.71631,0.24509,nan,0.0720448
3,7.693457944,6.44898,5.70232,5.70232,4.46615,nan,4.7056,1.42823,nan,1.25575
3,7.85046729,4.76735,5.64164,5.64164,4.43145,nan,4.66813,0.241946,nan,0.0714657
3,7.962616822,6.80816,5.59829,5.59829,4.40666,nan,4.64137,1.72979,nan,1.56074
3,8.007476636,5.74694,5.58094,5.58094,4.39675,nan,4.63066,0.972538,nan,0.804053
3,8.007476636,3.6898,5.58094,5.58094,4.39675,nan,4.63066,-0.509216,nan,-0.677702
3,8.007476636,5.3551,5.58094,5.58094,4.39675,nan,4.63066,0.690299,nan,0.521814
3,8.142056075,8.26122,5.5289,5.5289,4.36701,nan,4.59854,2.805,nan,2.63822
3,8.231775701,4.5551,5.4942,5.4942,4.34718,nan,4.57713,0.149768,nan,-0.0158685
3,8.321495327,5.48571,5.45949,5.45949,4.32735,nan,4.55572,0.834367,nan,0.669872
3,8.343925234,4.32653,5.45082,5.45082,4.32239,nan,4.55037,0.00298087,nan,-0.16123
3,8.456074766,5.9102,5.40743,5.40743,4.29761,nan,4.5236,1.16155,nan,0.998764
3,8.747663551,4.75102,5.29459,5.29459,4.23317,nan,4.45402,0.373009,nan,0.21393
3,8.882242991,3.98367,5.2425,5.2425,4.20343,nan,4.4219,-0.158287,nan,-0.315655
3,8.94953271,6.66122,5.21645,5.21645,4.18855,nan,4.40584,1.78106,nan,1.62454
3,9.01682243,4.8,5.1904,5.1904,4.17368,nan,4.38979,0.451134,nan,0.295476
3,9.039252336,5.9102,5.18172,5.18172,4.16873,nan,4.38443,1.25438,nan,1.09901
3,9.039252336,4.60408,5.18172,5.18172,4.16873,nan,4.38443,0.313585,nan,0.158212
3,9.151401869,7.72245,5.1383,5.1383,4.14394,nan,4.35767,2.57759,nan,2.42364
3,9.218691589,3.80408,5.11225,5.11225,4.12907,nan,4.34161,-0.234089,nan,-0.387182
3,9.285981308,5.06122,5.08619,5.08619,4.1142,nan,4.32555,0.682139,nan,0.529902
3,9.330841121,6.22041,5.06882,5.06882,4.10429,nan,4.31485,1.52424,nan,1.37257
3,9.353271028,5.32245,5.06014,5.06014,4.09933,nan,4.3095,0.88101,nan,0.729628
3,9.375700935,4.39184,5.05145,5.05145,4.09437,nan,4.30414,0.214262,nan,0.0631656
3,9.487850467,6.26939,5.00803,5.00803,4.06959,nan,4.27738,1.58451,nan,1.43484
3,9.66728972,4.34286,4.93854,4.93854,4.02993,nan,4.23456,0.225397,nan,0.0780074
3,9.846728972,4.71837,4.86905,4.86905,3.99028,nan,4.19174,0.524439,nan,0.37933
3,9.958878505,5.02857,4.82561,4.82561,3.9655,nan,4.16497,0.76573,nan,0.622047
3,10.00373832,6.92245,4.80824,4.80824,3.95558,nan,4.15427,2.13703,nan,1.99391
3,10.02616822,4.35918,4.79955,4.79955,3.95063,nan,4.14892,0.294283,nan,0.151455
3,10.02616822,5.51837,4.79955,4.79955,3.95063,nan,4.14892,1.12924,nan,0.986412
3,10.11588785,7.24898,4.7648,4.7648,3.9308,nan,4.12751,2.39008,nan,2.24839
3,10.22803738,3.80408,4.72136,4.72136,3.90602,nan,4.10074,-0.0734237,nan,-0.213685
3,10.2953271,5.1102,4.6953,4.6953,3.89115,nan,4.08469,0.878084,nan,0.738678
3,10.34018692,5.20816,4.67792,4.67792,3.88123,nan,4.07398,0.955784,nan,0.816949
3,10.38504673,3.15102,4.66055,4.66055,3.87132,nan,4.06328,-0.51883,nan,-0.657096
3,10.45233645,4.63673,4.63448,4.63448,3.85645,nan,4.04722,0.562037,nan,0.424627
3,10.65420561,4.70204,4.55629,4.55629,3.81184,nan,3.99905,0.641209,nan,0.506365
3,10.69906542,4.13061,4.53891,4.53891,3.80193,nan,3.98834,0.23675,nan,0.102477
3,10.74392523,3.4449,4.52154,4.52154,3.79202,nan,3.97764,-0.250028,nan,-0.383731
3,10.85607477,6.07347,4.47809,4.47809,3.76723,nan,3.95088,1.66118,nan,1.5289
3,10.94579439,4.21224,4.44334,4.44334,3.74741,nan,3.92947,0.334822,nan,0.203685
3,10.99065421,5.42041,4.42596,4.42596,3.73749,nan,3.91876,1.2122,nan,1.08163
3,11.01308411,5.99184,4.41727,4.41727,3.73254,nan,3.91341,1.62737,nan,1.49709
3,11.03551402,4.81633,4.40858,4.40858,3.72758,nan,3.90806,0.78422,nan,0.654225
3,11.14766355,6.38367,4.36514,4.36514,3.7028,nan,3.8813,1.93103,nan,1.80246
3,11.23738318,2.48163,4.33038,4.33038,3.68297,nan,3.85989,-0.865324,nan,-0.992753
3,11.28224299,4.65306,4.313,4.313,3.67306,nan,3.84918,0.705891,nan,0.579032
3,11.3271028,3.65714,4.29563,4.29563,3.66315,nan,3.83848,-0.00432662,nan,-0.130615
3,11.37196262,2.13878,4.27825,4.27825,3.65324,nan,3.82777,-1.09086,nan,-1.21658
3,11.41682243,4.16327,4.26087,4.26087,3.64332,nan,3.81707,0.374512,nan,0.249364
3,11.6635514,2.67755,4.16529,4.16529,3.58881,nan,3.7582,-0.656375,nan,-0.778386
3,11.68598131,3.2,4.1566,4.1566,3.58385,nan,3.75284,-0.276486,nan,-0.398212
3,11.73084112,2.38367,4.13922,4.13922,3.57394,nan,3.74214,-0.857344,nan,-0.9785
3,11.86542056,3.36327,4.08709,4.08709,3.5442,nan,3.71003,-0.130328,nan,-0.249773
3,11.93271028,4.94694,4.06102,4.06102,3.52933,nan,3.69397,1.0211,nan,0.902508
3,12,3.78776,4.03496,4.03496,3.51447,nan,3.67792,0.196849,nan,0.079116
3,12.02242991,6.22041,4.02627,4.02627,3.50951,nan,3.67257,1.95265,nan,1.8352
3,12.04485981,3.08571,4.01758,4.01758,3.50456,nan,3.66721,-0.301691,nan,-0.418853
3,12.11214953,5.64898,3.99151,3.99151,3.48969,nan,3.65116,1.55533,nan,1.43903
3,12.22429907,2.51429,3.94807,3.94807,3.46491,nan,3.6244,-0.684733,nan,-0.799612
3,12.29158879,4.88163,3.922,3.922,3.45004,nan,3.60834,1.03117,nan,0.917146
3,12.31401869,5.19184,3.91331,3.91331,3.44509,nan,3.60299,1.25818,nan,1.14444
3,12.3364486,2.82449,3.90462,3.90462,3.44013,nan,3.59764,-0.443447,nan,-0.556899
3,12.3588785,2.30204,3.89593,3.89593,3.43518,nan,3.59229,-0.816196,nan,-0.929363
3,12.44859813,4.73469,3.86118,3.86118,3.41536,nan,3.57088,0.950316,nan,0.83829
3,12.65046729,2.36735,3.78298,3.78298,3.37076,nan,3.52272,-0.722755,nan,-0.832213
3,12.6728972,3.46122,3.77429,3.77429,3.3658,nan,3.51737,0.0687314,nan,-0.0404408
3,12.74018692,3.05306,3.74822,3.74822,3.35094,nan,3.50132,-0.21456,nan,-0.322876
3,12.87476636,3.00408,3.69609,3.69609,3.32121,nan,3.46921,-0.228426,nan,-0.335029
3,12.94205607,4.08163,3.67003,3.67003,3.30634,nan,3.45315,0.558438,nan,0.452691
3,12.98691589,4.44082,3.65265,3.65265,3.29643,nan,3.44245,0.824295,nan,0.719119
3,13.00934579,4.57143,3.64396,3.64396,3.29148,nan,3.4371,0.921944,nan,0.817053
3,13.0317757,2.62857,3.63528,3.63528,3.28653,nan,3.43175,-0.473922,nan,-0.578528
3,13.16635514,4.60408,3.58315,3.58315,3.2568,nan,3.39964,0.970446,nan,0.867553
3,13.23364486,2.10612,3.55708,3.55708,3.24193,nan,3.38359,-0.818122,nan,-0.920158
3,13.30093458,3.55918,3.53102,3.53102,3.22707,nan,3.36754,0.23922,nan,0.138041
3,13.30093458,2.35102,3.53102,3.53102,3.22707,nan,3.36754,-0.631017,nan,-0.732196
3,13.32336449,3.13469,3.52233,3.52233,3.22212,nan,3.36219,-0.0629703,nan,-0.163864
3,13.3682243,2.93878,3.50496,3.50496,3.21221,nan,3.35149,-0.196953,nan,-0.297276
3,13.45794393,3.98367,3.47021,3.47021,3.19239,nan,3.33009,0.569959,nan,0.470778
3,13.65981308,5.33e-15,3.39203,3.39203,3.14781,nan,3.28193,-2.26736,nan,-2.36397
3,13.68224299,2.17143,3.38334,3.38334,3.14285,nan,3.27658,-0.699714,nan,-0.796039
3,13.74953271,1.69796,3.35728,3.35728,3.12799,nan,3.26053,-1.03005,nan,-1.12552
3,13.86168224,0.897959,3.31385,3.31385,3.10322,nan,3.23378,-1.58845,nan,-1.68249
3,13.92897196,3.57551,3.28779,3.28779,3.08836,nan,3.21773,0.35089,nan,0.257707
3,13.99626168,3.5102,3.26174,3.26174,3.07351,nan,3.20168,0.314553,nan,0.222227
3,14.01869159,1.50204,3.25305,3.25305,3.06855,nan,3.19633,-1.12835,nan,-1.22039
3,14.0411215,2.69388,3.24436,3.24436,3.0636,nan,3.19098,-0.26631,nan,-0.358065
3,14.13084112,5.30612,3.20962,3.20962,3.04379,nan,3.16959,1.62955,nan,1.53894
3,14.24299065,1.6,3.1662,3.1662,3.01902,nan,3.14284,-1.02212,nan,-1.1113
3,14.28785047,3.88571,3.14883,3.14883,3.00912,nan,3.13214,0.631409,nan,0.542796
3,14.33271028,2.77551,3.13147,3.13147,2.99921,nan,3.12144,-0.161134,nan,-0.249176
3,14.44485981,4.27755,3.08805,3.08805,2.97445,nan,3.0947,0.938618,nan,0.852004
3,14.64672897,2.25306,3.00991,3.00991,2.92989,nan,3.04657,-0.487517,nan,-0.571559
3,14.69158879,5.07755,2.99254,2.99254,2.91999,nan,3.03587,1.55409,nan,1.47062
3,14.93831776,2.93878,2.89706,2.89706,2.86552,nan,2.97704,0.0527624,nan,-0.0275654
3,14.98317757,3.10204,2.8797,2.8797,2.85562,nan,2.96635,0.177494,nan,0.0977374
3,15.00560748,1.19184,2.87102,2.87102,2.85067,nan,2.961,-1.19486,nan,-1.27433
3,15.05046729,1.51837,2.85366,2.85366,2.84077,nan,2.95031,-0.952525,nan,-1.03142
3,15.11775701,5.38776,2.82763,2.82763,2.82592,nan,2.93427,1.84528,nan,1.76724
3,15.25233645,1.76327,2.77557,2.77557,2.79622,nan,2.90219,-0.744038,nan,-0.820365
3,15.29719626,2.98776,2.75822,2.75822,2.78633,nan,2.8915,0.145089,nan,0.0693338
3,15.36448598,1.25714,2.7322,2.7322,2.77148,nan,2.87546,-1.09077,nan,-1.16567
3,15.4317757,3.96735,2.70618,2.70618,2.75663,nan,2.85942,0.872074,nan,0.798035
3,15.67850467,0.0163265,2.61079,2.61079,2.7022,nan,2.80063,-1.93463,nan,-2.00553
3,15.92523364,2.59592,2.51546,2.51546,2.64779,nan,2.74185,-0.0373618,nan,-0.105111
3,16.1271028,0.881633,2.43751,2.43751,2.60328,nan,2.69376,-1.2401,nan,-1.30527
3,16.21682243,1.24082,2.40288,2.40288,2.5835,nan,2.67239,-0.967131,nan,-1.03116
3,16.30654206,2.85714,2.36826,2.36826,2.56372,nan,2.65103,0.21135,nan,0.148463
3,16.35140187,0.914286,2.35096,2.35096,2.55384,nan,2.64035,-1.18096,nan,-1.24328
3,16.4635514,2.84082,2.30771,2.30771,2.52912,nan,2.61365,0.224514,nan,0.16363
3,16.66542056,2.74286,2.22992,2.22992,2.48464,nan,2.56559,0.18599,nan,0.127683
3,16.97943925,0.163265,2.10908,2.10908,2.41549,nan,2.49087,-1.62227,nan,-1.67657
3,17.00186916,2.17143,2.10046,2.10046,2.41055,nan,2.48554,-0.172239,nan,-0.226253
3,17.11401869,2.23673,2.05737,2.05737,2.38586,nan,2.45886,-0.107418,nan,-0.16
3,17.20373832,0.555102,2.02293,2.02293,2.36612,nan,2.43753,-1.30447,nan,-1.35591
3,17.29345794,0.457143,1.98851,1.98851,2.34638,nan,2.4162,-1.36081,nan,-1.4111
3,17.29345794,1.95918,1.98851,1.98851,2.34638,nan,2.4162,-0.278894,nan,-0.329186
3,17.31588785,3.2,1.97991,1.97991,2.34144,nan,2.41087,0.618418,nan,0.568412
3,17.42803738,2.67755,1.93693,1.93693,2.31677,nan,2.38421,0.259869,nan,0.211294
3,18.03364486,1.81224,1.70588,1.70588,2.18368,nan,2.24039,-0.267545,nan,-0.308389
3,18.12336449,4.5551,1.67183,1.67183,2.16399,nan,2.2191,1.72232,nan,1.68262
3,18.23551402,0.555102,1.62935,1.62935,2.13937,nan,2.1925,-1.14115,nan,-1.17942
3,18.37009346,1.30612,1.57851,1.57851,2.10985,nan,2.1606,-0.578925,nan,-0.615477
3,18.43738318,2.20408,1.55314,1.55314,2.0951,nan,2.14465,0.0785001,nan,0.0428064
3,18.95327103,2.04082,1.36031,1.36031,1.98213,nan,2.02255,0.0422738,nan,0.013154
3,19.13271028,2.57959,1.29407,1.29407,1.9429,nan,1.98016,0.458607,nan,0.431771
3,19.26728972,0.359184,1.24473,1.24473,1.91351,nan,1.94839,-1.11958,nan,-1.1447
3,19.44672897,1.63265,1.17948,1.17948,1.87436,nan,1.90607,-0.174098,nan,-0.196943
3,20.43364486,1.66531,0.835883,0.835883,1.66,nan,1.67441,0.00381911,nan,-0.00655588
4,0,1.95122,6.74627,6.74627,1.41469,1.42335,1.54846,0.38646,0.380226,0.290109
4,0.993314231,2.05765,7.23841,7.23841,2.94383,2.95245,3.08806,-0.638312,-0.64452,-0.742204
4,1.107927412,5.62306,7.28444,7.28444,3.12173,3.13033,3.26685,1.8017,1.79551,1.69717
4,1.184336199,0.922395,7.3133,7.3133,3.24036,3.24895,3.38606,-1.66963,-1.67581,-1.77458
4,1.222540592,4.25721,7.32714,7.32714,3.29969,3.30826,3.44568,0.689699,0.68352,0.584543
4,1.910219675,7.34368,7.4939,7.4939,4.36789,4.37634,4.51897,2.14345,2.13737,2.03463
4,1.986628462,4.00887,7.50141,7.50141,4.4866,4.49503,4.63824,-0.344108,-0.350178,-0.453334
4,2.101241643,5.81818,7.50827,7.50827,4.66466,4.67307,4.81714,0.830877,0.824823,0.721046
4,2.17765043,4.00887,7.50994,7.50994,4.78337,4.79176,4.93641,-0.557873,-0.563915,-0.668106
4,2.215854823,2.80266,7.50992,7.50992,4.84273,4.85111,4.99605,-1.46945,-1.47549,-1.57989
4,2.215854823,4.47007,7.50992,7.50992,4.84273,4.85111,4.99605,-0.268427,-0.274463,-0.378862
4,2.521489971,3.051,7.4903,7.4903,5.31757,5.32589,5.47313,-1.63261,-1.6386,-1.74465
4,2.903533906,8.26608,7.42454,7.42454,5.91113,5.91937,6.06948,1.69626,1.69033,1.5822
4,3.018147087,4.82483,7.39788,7.39788,6.08919,6.09741,6.24839,-0.910716,-0.916636,-1.02538
4,3.094555874,6.56319,7.3787,7.3787,6.20791,6.21611,6.36766,0.255912,0.250004,0.140845
4,3.132760267,6.17295,7.36872,7.36872,6.26726,6.27546,6.42729,-0.0679337,-0.0738364,-0.183202
4,3.209169054,4.15078,7.34806,7.34806,6.38597,6.39415,6.54656,-1.61001,-1.6159,-1.72568
4,3.209169054,4.66519,7.34806,7.34806,6.38597,6.39415,6.54656,-1.23948,-1.24537,-1.35515
4,3.209169054,6.03104,7.34806,7.34806,6.38597,6.39415,6.54656,-0.255657,-0.261548,-0.371328
4,3.896848138,8.26608,7.13206,7.13206,7.45438,7.46242,7.61721,0.584662,0.578872,0.467373
4,3.915950334,7.18404,7.12552,7.12552,7.48406,7.49209,7.6426,-0.216106,-0.221893,-0.330304
4,4.011461318,6.29712,7.09256,7.09256,7.62786,7.6346,7.72854,-0.958534,-0.963385,-1.03105
4,4.087870105,8.2306,7.06587,7.06587,7.70735,7.71105,7.75099,0.376895,0.374229,0.345464
4,4.106972302,7.55654,7.05916,7.05916,7.72022,7.72318,7.75146,-0.117897,-0.12003,-0.140397
4,4.183381089,7.73392,7.03216,7.03216,7.74669,7.74712,7.73797,-0.00919548,-0.00950753,-0.00291387
4,4.240687679,7.27273,7.01177,7.01177,7.74515,7.74419,7.71582,-0.340283,-0.339593,-0.319159
4,4.240687679,4.50554,7.01177,7.01177,7.74515,7.74419,7.71582,-2.33348,-2.33279,-2.31235
4,4.508118434,7.94678,6.91519,6.91519,7.61549,7.61184,7.55125,0.238629,0.241263,0.2849
4,4.508118434,6.38581,6.91519,6.91519,7.61549,7.61184,7.55125,-0.885738,-0.883104,-0.839467
4,4.699140401,7.50333,6.84507,6.84507,7.4799,7.47585,7.41401,0.0168732,0.0197907,0.0643335
4,4.890162369,8.54989,6.77423,6.77423,7.33782,7.33363,7.27403,0.873051,0.876065,0.918997
4,4.928366762,7.57428,6.75998,6.75998,7.30918,7.30497,7.24594,0.190953,0.19398,0.2365
4,5.023877746,6.40355,6.72429,6.72429,7.23744,7.2332,7.17567,-0.600649,-0.597594,-0.556156
4,5.062082139,7.25499,6.70997,6.70997,7.20871,7.20446,7.14754,0.0333342,0.0363992,0.0773925
4,5.11938873,8.08869,6.68847,6.68847,7.1656,7.16132,7.10535,0.664901,0.667981,0.708298
4,5.17669532,7.5388,6.66692,6.66692,7.12247,7.11818,7.06315,0.299882,0.302976,0.342611
4,5.214899713,6.7051,6.65254,6.65254,7.09372,7.08941,7.03502,-0.279919,-0.276815,-0.237638
4,5.23400191,6.26164,6.64534,6.64534,7.07934,7.07502,7.02095,-0.588983,-0.585876,-0.546927
4,5.520534862,6.29712,6.53694,6.53694,6.86359,6.85918,6.80991,-0.408031,-0.404855,-0.369361
4,5.539637058,5.10865,6.52969,6.52969,6.84921,6.84479,6.79584,-1.25372,-1.25054,-1.21528
4,5.711556829,6.52772,6.46431,6.46431,6.71975,6.71528,6.66921,-0.138321,-0.135101,-0.101917
4,5.902578797,7.60976,6.39144,6.39144,6.57591,6.57137,6.52851,0.74468,0.747945,0.778818
4,5.921680993,6.86475,6.38415,6.38415,6.56152,6.55698,6.51444,0.218412,0.221681,0.252323
4,6.036294174,7.41463,6.34032,6.34032,6.47521,6.47064,6.43002,0.676662,0.679958,0.709215
4,6.074498567,5.42794,6.3257,6.3257,6.44645,6.44186,6.40188,-0.733628,-0.730322,-0.701528
4,6.074498567,5.14412,6.3257,6.3257,6.44645,6.44186,6.40188,-0.938059,-0.934753,-0.905959
4,6.112702961,8.42572,6.31107,6.31107,6.41768,6.41307,6.37374,1.44639,1.4497,1.47804
4,6.189111748,5.39246,6.2818,6.2818,6.36014,6.35551,6.31746,-0.697017,-0.693684,-0.666275
4,6.227316141,6.95344,6.26715,6.26715,6.33137,6.32673,6.28932,0.448072,0.451413,0.478362
4,6.227316141,5.78271,6.26715,6.26715,6.33137,6.32673,6.28932,-0.395203,-0.391862,-0.364914
4,6.227316141,5.85366,6.26715,6.26715,6.33137,6.32673,6.28932,-0.344096,-0.340755,-0.313806
4,6.532951289,4.64745,6.1498,6.1498,6.10122,6.09648,6.0642,-1.04715,-1.04374,-1.02048
4,6.532951289,5.60532,6.1498,6.1498,6.10122,6.09648,6.0642,-0.357194,-0.353783,-0.330532
4,6.723973257,5.21508,6.07632,6.07632,5.95737,5.95258,5.9235,-0.534675,-0.531218,-0.510278
4,6.914995224,5.78271,6.00275,6.00275,5.81353,5.80867,5.7828,-0.0222035,-0.0187008,-7.12605e-05
4,6.914995224,5.56984,6.00275,6.00275,5.81353,5.80867,5.7828,-0.175526,-0.172024,-0.153394
4,7.029608405,6.03104,5.95858,5.95858,5.72723,5.72232,5.69838,0.218839,0.22237,0.239613
4,7.067812798,6.13747,5.94385,5.94385,5.69846,5.69354,5.67024,0.316222,0.319762,0.336544
4,7.067812798,5.78271,5.94385,5.94385,5.69846,5.69354,5.67024,0.0606843,0.0642245,0.0810062
4,7.106017192,7.84035,5.92911,5.92911,5.66969,5.66476,5.6421,1.56353,1.56708,1.5834
4,7.182425979,4.75388,5.89964,5.89964,5.61215,5.6072,5.58582,-0.618209,-0.614642,-0.599247
4,7.220630372,5.35698,5.8849,5.8849,5.58338,5.57842,5.55768,-0.163072,-0.159497,-0.144564
4,7.220630372,4.50554,5.8849,5.8849,5.58338,5.57842,5.55768,-0.776363,-0.772788,-0.757855
4,7.258834766,4.36364,5.87016,5.87016,5.55461,5.54964,5.52955,-0.857856,-0.854272,-0.839801
4,7.526265521,6.102,5.76691,5.76691,5.35323,5.34816,5.33257,0.539333,0.542982,0.554218
4,7.526265521,4.32816,5.76691,5.76691,5.35323,5.34816,5.33257,-0.738357,-0.734707,-0.723472
4,7.698185291,7.04213,5.70049,5.70049,5.22377,5.21865,5.20594,1.30976,1.31345,1.32261
4,7.908309456,6.91796,5.61928,5.61928,5.06555,5.06035,5.05117,1.33429,1.33803,1.34465
4,7.908309456,4.39911,5.61928,5.61928,5.06555,5.06035,5.05117,-0.48003,-0.476289,-0.469673
4,8.022922636,4.61197,5.57497,5.57497,4.97924,4.97401,4.96675,-0.264538,-0.260774,-0.255543
4,8.022922636,4.15078,5.57497,5.57497,4.97924,4.97401,4.96675,-0.596738,-0.592973,-0.587742
4,8.06112703,4.39911,5.5602,5.5602,4.95047,4.94523,4.93861,-0.397139,-0.393366,-0.388597
4,8.099331423,4.89579,5.54542,5.54542,4.9217,4.91645,4.91047,-0.0186646,-0.0148822,-0.010575
4,8.099331423,5.03769,5.54542,5.54542,4.9217,4.91645,4.91047,0.0835506,0.087333,0.0916402
4,8.213944604,4.18625,5.5011,5.5011,4.83539,4.83011,4.82605,-0.467575,-0.463765,-0.460844
4,8.213944604,3.08647,5.5011,5.5011,4.83539,4.83011,4.82605,-1.25974,-1.25593,-1.25301
4,8.213944604,3.33481,5.5011,5.5011,4.83539,4.83011,4.82605,-1.08087,-1.07706,-1.07414
4,8.2330468,4.5765,5.49371,5.49371,4.82101,4.81571,4.81198,-0.176122,-0.172308,-0.169618
4,8.519579752,4.77162,5.38285,5.38285,4.60525,4.59986,4.60093,0.119837,0.123718,0.122944
4,8.538681948,4.68293,5.37546,5.37546,4.59086,4.58547,4.58686,0.0663135,0.0701992,0.0691934
4,8.672397326,4.86031,5.32372,5.32372,4.49017,4.48474,4.48838,0.266609,0.270525,0.267902
4,8.901623687,6.03104,5.23499,5.23499,4.31757,4.31206,4.31954,1.23421,1.23818,1.23279
4,9.016236867,2.55432,5.19063,5.19063,4.23127,4.22572,4.23513,-1.2079,-1.2039,-1.21068
4,9.054441261,4.70067,5.17584,5.17584,4.2025,4.19694,4.20699,0.358827,0.362835,0.355593
4,9.073543457,4.23947,5.16844,5.16844,4.18812,4.18255,4.19292,0.0369885,0.0410005,0.033528
4,9.092645654,5.42794,5.16105,5.16105,4.17373,4.16816,4.17885,0.903401,0.907417,0.899714
4,9.092645654,4.32816,5.16105,5.16105,4.17373,4.16816,4.17885,0.111234,0.11525,0.107546
4,9.207258835,1.59645,5.11667,5.11667,4.08743,4.08182,4.09444,-1.79425,-1.7902,-1.79929
4,9.207258835,1.09978,5.11667,5.11667,4.08743,4.08182,4.09444,-2.152,-2.14796,-2.15705
4,9.245463228,3.1929,5.10188,5.10188,4.05866,4.05304,4.0663,-0.623604,-0.619554,-0.629104
4,9.512893983,1.77384,4.99833,4.99833,3.8573,3.85159,3.86934,-1.50071,-1.4966,-1.50939
4,9.53199618,4.20399,4.99093,4.99093,3.84292,3.8372,3.85527,0.260081,0.264196,0.251181
4,9.70391595,7.29047,4.92436,4.92436,3.71348,3.70771,3.72866,2.5765,2.58065,2.56556
4,9.894937918,1.77384,4.85038,4.85038,3.56966,3.56384,3.58799,-1.29353,-1.28933,-1.30673
4,9.914040115,4.949,4.84298,4.84298,3.55528,3.54945,3.57393,1.00389,1.00809,0.990462
4,10.04775549,1.63193,4.79119,4.79119,3.45462,3.44875,3.47547,-1.31288,-1.30865,-1.3279
4,10.04775549,3.22838,4.79119,4.79119,3.45462,3.44875,3.47547,-0.162959,-0.158728,-0.177976
4,10.12416428,2.09313,4.7616,4.7616,3.3971,3.3912,3.41921,-0.93925,-0.935003,-0.955173
4,10.12416428,3.58315,4.7616,4.7616,3.3971,3.3912,3.41921,0.134009,0.138257,0.118086
4,10.20057307,0.922395,4.732,4.732,3.33959,3.33367,3.36295,-1.7411,-1.73683,-1.75793
4,10.20057307,1.20621,4.732,4.732,3.33959,3.33367,3.36295,-1.53667,-1.5324,-1.5535
4,10.20057307,1.59645,4.732,4.732,3.33959,3.33367,3.36295,-1.25558,-1.25131,-1.2724
4,10.27698185,1.41907,4.70241,4.70241,3.28208,3.27613,3.3067,-1.34192,-1.33764,-1.35965
4,10.50620821,2.62528,4.61362,4.61362,3.10957,3.10356,3.13796,-0.348838,-0.344503,-0.369283
4,10.67812798,4.23947,4.54702,4.54702,2.98023,2.97416,3.01144,0.907027,0.911399,0.884549
4,10.88825215,2.34146,4.46563,4.46563,2.8222,2.81606,2.85685,-0.346273,-0.341854,-0.371229
4,10.92645654,5.35698,4.45083,4.45083,2.79348,2.78733,2.82875,1.84649,1.85092,1.82108
4,11.04106972,0.851441,4.40643,4.40643,2.70732,2.70114,2.74446,-1.33679,-1.33233,-1.36354
4,11.06017192,3.40576,4.39903,4.39903,2.69297,2.68678,2.73042,0.513427,0.517883,0.486449
4,11.09837631,2.8204,4.38423,4.38423,2.66426,2.65806,2.70233,0.112469,0.116933,0.0850424
4,11.11747851,2.41242,4.37683,4.37683,2.6499,2.6437,2.68829,-0.171061,-0.166593,-0.198712
4,11.1938873,0.532151,4.34723,4.34723,2.5925,2.58628,2.63213,-1.48407,-1.47958,-1.51261
4,11.1938873,1.70288,4.34723,4.34723,2.5925,2.58628,2.63213,-0.640793,-0.636306,-0.669337
4,11.27029608,0.354767,4.31763,4.31763,2.53512,2.52887,2.57599,-1.57051,-1.566,-1.59994
4,11.49952245,1.5255,4.22883,4.22883,2.36313,2.35681,2.4077,-0.603343,-0.59879,-0.635448
4,11.53772684,2.83814,4.21403,4.21403,2.33449,2.32816,2.37968,0.362777,0.367338,0.330229
4,11.72874881,4.96674,4.14003,4.14003,2.19143,2.18505,2.23967,1.99905,2.00364,1.9643
4,11.91977077,2.44789,4.06604,4.06604,2.04868,2.04226,2.09992,0.287551,0.292179,0.250641
4,12.03438395,0.141907,4.02164,4.02164,1.96323,1.95678,2.01624,-1.31189,-1.30725,-1.35008
4,12.03438395,2.02217,4.02164,4.02164,1.96323,1.95678,2.01624,0.042458,0.0471027,0.00427013
4,12.07258835,0.922395,4.00684,4.00684,1.93478,1.92833,1.98838,-0.729221,-0.724571,-0.76783
4,12.11079274,1.38359,3.99204,3.99204,1.90636,1.8999,1.96054,-0.376548,-0.371893,-0.415577
4,12.11079274,3.01552,3.99204,3.99204,1.90636,1.8999,1.96054,0.798927,0.803582,0.759898
4,12.22540592,0.496674,3.94764,3.94764,1.82124,1.81475,1.87714,-0.954078,-0.94941,-0.994348
4,12.22540592,2.76718,3.94764,3.94764,1.82124,1.81475,1.87714,0.681365,0.686033,0.641095
4,12.53104107,0.567627,3.82924,3.82924,1.59564,1.58913,1.65592,-0.740474,-0.735788,-0.783895
4,12.53104107,2.44789,3.82924,3.82924,1.59564,1.58913,1.65592,0.613877,0.618563,0.570456
4,12.70296084,3.40576,3.76264,3.76264,1.46999,1.46349,1.53253,1.39434,1.39902,1.34929
4,12.913085,2.55432,3.68125,3.68125,1.31818,1.31171,1.38318,0.890391,0.895054,0.843574
4,13.04680038,2.92683,3.62946,3.62946,1.2229,1.21647,1.28924,1.22734,1.23197,1.17955
4,13.06590258,0,3.62206,3.62206,1.20939,1.20296,1.2759,-0.871121,-0.866492,-0.91903
4,13.10410697,0.354767,3.60726,3.60726,1.18245,1.17604,1.2493,-0.596181,-0.591563,-0.64433
4,13.12320917,1.24169,3.59986,3.59986,1.16903,1.16263,1.23604,0.0523335,0.0569451,0.00406939
4,13.21872015,1.0643,3.56287,3.56287,1.10238,1.09602,1.1701,-0.0274247,-0.0228484,-0.076205
4,13.5243553,2.18182,3.44449,3.44449,0.895562,0.889459,0.964475,0.926487,0.930883,0.87685
4,13.5243553,1.77384,3.44449,3.44449,0.895562,0.889459,0.964475,0.632618,0.637015,0.582981
4,13.69627507,3.051,3.37791,3.37791,0.784874,0.778982,0.853515,1.63228,1.63653,1.58284
4,13.92550143,2.5898,3.28914,3.28914,0.64572,0.64021,0.712667,1.40032,1.40429,1.35209
4,14.05921681,2.25277,3.23736,3.23736,0.569924,0.564689,0.63509,1.21215,1.21592,1.16521
4,14.0974212,0,3.22256,3.22256,0.54909,0.54394,0.613634,-0.395508,-0.391799,-0.441999
4,14.0974212,0.283814,3.22256,3.22256,0.54909,0.54394,0.613634,-0.191078,-0.187368,-0.237569
4,14.51766953,1.31264,3.05986,3.05986,0.347528,0.343508,0.402066,0.695167,0.698062,0.655883
4,14.7086915,6.40355,2.98592,2.98592,0.274236,0.270793,0.322667,4.41493,4.41741,4.38004
4,14.89971347,0.532151,2.912,2.912,0.212755,0.209884,0.254588,0.23006,0.232128,0.199928
4,15.05253104,1.70288,2.85287,2.85287,0.171724,0.169288,0.208215,1.10289,1.10464,1.0766
4,15.70200573,3.76053,2.60171,2.60171,0.0634365,0.0623966,0.0807926,2.66301,2.66376,2.65051
4,15.8930277,0.0709534,2.5279,2.5279,0.0464653,0.0456864,0.0598965,0.0176388,0.0181998,0.00796425
4,16.04584527,1.91574,2.46888,2.46888,0.0360863,0.0354694,0.0469308,1.35391,1.35436,1.3461
4,16.10315186,0.86918,2.44676,2.44676,0.0327993,0.0322346,0.0427911,0.602443,0.602849,0.595246
4,16.52340019,1.5255,2.28464,2.28464,0.0161376,0.0158493,0.0215074,1.08719,1.0874,1.08332
4,16.71442216,4.45233,2.21105,2.21105,0.011648,0.0114364,0.0156614,3.19861,3.19876,3.19572
4,16.88634193,0.354767,2.14488,2.14488,0.00867485,0.00851589,0.0117535,0.249289,0.249404,0.247072
4,17.0582617,2.1286,2.07879,2.07879,0.00645633,0.00633662,0.00881077,1.52858,1.52866,1.52688
4,17.68863419,2.69623,1.83728,1.83728,0.00217352,0.00213372,0.00304505,1.94052,1.94055,1.93989
