parameter,value,CV,se_sa,rse_sa,P2.5_sa,P97.5_sa
alpha_pop,4.93e-05,
D_pop,0.959103926579514,,0.290417093245095,30.2800442367929,0.548751,1.67632
E_pop,5,
C_pop,10,
B_pop,7531.61686951032,,1.16933888648634,0.0155257351342457,7529.33,7533.91
ECLIPSE0_pop,9.99999999999999e-08,
BUD0_pop,0.033,
ep_pop,0.001,
Time0_pop,9.25279750478322,,5.34648106771643,57.7823200491805,0.028839,13.9927
omega_alpha,11.6911418417092,4.7895242484073e+31,6.22323301024635,53.2303268107176,4.79003,28.5349
omega_D,0.565432798391544,61.3786856818104,0.201018265057623,35.5512212290211,0.297358,1.07518
omega_B,3.33453358078817e-05,0.00333453362826199,6.71984484037315e-05,201.522782049321,4.95422e-06,0.000224437
omega_Time0,5.68318212464662,78.2917712992724,4.30887860330607,75.8180629936085,1.80539,17.89
a,1.38639488136306,,0.0734181977154836,5.29561950223742,1.24999,1.53769
b,2.22044604925031e-16,,0.0182748455399902,8.23025875641533e+15,3.37444e-21,1.4611e-11