parameter,value,CV,se_sa,rse_sa,P2.5_sa,P97.5_sa
alpha_pop,4.93e-05,
D_pop,1.13103034878644,,0.605074269069411,53.4976156668685,0.461825,2.76995
E_pop,5,
C_pop,10,
B_pop,45379.3451024838,,15774.1369348938,34.7606094783206,24161.2,85230.9
ECLIPSE0_pop,9.99999999999999e-08,
BUD0_pop,0.033,
ep_pop,0.001,
Time0_pop,12.5974203266116,,5.34106503160471,42.3980854264416,0.0190566,13.9998
omega_D,0.672827835622728,75.6669081218981,nan,nan,nan,nan
omega_B,0.15088610868428,15.1748987508534,0.208822724572376,138.397581058522,0.0300155,0.758495
omega_Time0,7.43968730470245,70.6233969663697,5.38883217493181,72.4335842922545,2.44566,22.6315
a,1.44518023849678,,0.155873302360838,10.7857344162809,1.17192,1.78216
b,2.22044604925031e-16,,0.0354389060589963,1.59602644121714e+16,3.01065e-21,1.63765e-11