parameter,value,CV,se_sa,rse_sa,P2.5_sa,P97.5_sa
alpha_pop,4.93e-05,
D_pop,0.96321526833072,,0.288503969572233,29.9521798561414,0.554085,1.67444
E_pop,5,
C_pop,10,
B_pop,9626.41958596144,,418.138224399529,4.34365259757964,8841.86,10480.6
ECLIPSE0_pop,9.99999999999999e-08,
BUD0_pop,0.033,
ep_pop,0.001,
Time0_pop,6.81449450039773,,5.21777803065524,76.5688200401469,0.0297192,13.9681
omega_alpha,10.6412044948803,3.87898809387382e+26,5.93663242613018,55.7891019666659,4.22187,26.8211
omega_D,0.559610873723909,60.6420872243608,0.196951162939101,35.1943059341391,0.295937,1.05821
omega_B,0.0135010000029475,1.35016152567563,0.0228764949315307,169.442966643481,0.0022928,0.0794998
omega_Time0,5.61333829089949,86.0661397703544,3.30557920744351,58.8879386229512,2.14465,14.6922
a,1.38672700090683,,0.0727337076373683,5.24499108979671,1.25152,1.53654
b,2.22044604925031e-16,,0.0180933817854076,8.14853474666336e+15,3.38027e-21,1.45857e-11