id,time,y10,popPred_medianCOV,popPred,indivPred_SAEM,indivPred_mean,indivPred_mode,indWRes_SAEM,indWRes_mean,indWRes_mode
1,0,0.780488,6.08262,6.08262,3.26683,3.28364,3.29467,-1.79295,-1.80508,-1.81303
1,0,1.59645,6.08262,6.08262,3.26683,3.28364,3.29467,-1.20454,-1.21667,-1.22462
1,0.667302193,5.67627,6.54097,6.54097,4.3669,4.38519,4.3931,0.944218,0.931032,0.925327
1,0.762631077,5.25055,6.60516,6.60516,4.52408,4.54258,4.55004,0.523876,0.510539,0.505155
1,1.029551954,3.22838,6.78202,6.78202,4.96419,4.98327,4.98949,-1.25173,-1.26549,-1.26997
1,1.18207817,7.3082,6.8806,6.8806,5.21569,5.2351,5.2406,1.50896,1.49496,1.491
1,1.220209724,3.051,6.9049,6.9049,5.27856,5.29806,5.30338,-1.60634,-1.62041,-1.62424
1,1.258341277,5.32151,6.92903,6.92903,5.34143,5.36102,5.36616,-0.0143681,-0.0284901,-0.0321962
1,1.258341277,5.74723,6.92903,6.92903,5.34143,5.36102,5.36616,0.292629,0.278507,0.274801
1,1.315538608,5.88914,6.96491,6.96491,5.43574,5.45545,5.46032,0.326951,0.312739,0.309227
1,1.315538608,6.38581,6.96491,6.96491,5.43574,5.45545,5.46032,0.685114,0.670902,0.66739
1,1.410867493,4.15078,7.02377,7.02377,5.59293,5.61285,5.61727,-1.03997,-1.05433,-1.05752
1,1.448999047,3.37029,7.04696,7.04696,5.6558,5.6758,5.68004,-1.64813,-1.66256,-1.66562
1,1.468064824,8.17738,7.05847,7.05847,5.68724,5.70728,5.71143,1.7957,1.78125,1.77825
1,1.601525262,5.32151,7.13734,7.13734,5.9073,5.92763,5.93115,-0.422426,-0.437091,-0.439624
1,1.67778837,6.45676,7.18093,7.18093,6.03304,6.05355,6.05669,0.305553,0.290767,0.288499
1,1.754051478,4.15078,7.22328,7.22328,6.15879,6.17946,6.18224,-1.44803,-1.46293,-1.46493
1,1.754051478,4.61197,7.22328,7.22328,6.15879,6.17946,6.18224,-1.11545,-1.13035,-1.13235
1,1.754051478,8.15965,7.22328,7.22328,6.15879,6.17946,6.18224,1.44286,1.42795,1.42595
1,1.811248808,6.79379,7.25416,7.25416,6.2531,6.2739,6.27639,0.389903,0.374905,0.373111
1,1.982840801,3.29933,7.34158,7.34158,6.53604,6.55721,6.55883,-2.33406,-2.34933,-2.35049
1,1.982840801,6.38581,7.34158,7.34158,6.53604,6.55721,6.55883,-0.108332,-0.123601,-0.124766
1,2.020972355,5.14412,7.35982,7.35982,6.59891,6.62017,6.62158,-1.04908,-1.06441,-1.06543
1,2.020972355,6.66962,7.35982,7.35982,6.59891,6.62017,6.62158,0.0509928,0.0356635,0.0346426
1,2.097235462,7.20177,7.39485,7.39485,6.72466,6.74608,6.74709,0.344059,0.328609,0.327885
1,2.135367016,5.1796,7.4116,7.4116,6.78753,6.80904,6.80983,-1.15952,-1.17503,-1.1756
1,2.230695901,6.31486,7.45109,7.45109,6.94472,6.96643,6.96666,-0.454207,-0.469868,-0.470033
1,2.249761678,7.80488,7.45855,7.45855,6.97615,6.99791,6.99802,0.597612,0.58192,0.581841
1,2.249761678,7.48559,7.45855,7.45855,6.97615,6.99791,6.99802,0.367364,0.351673,0.351594
1,2.326024786,5.46341,7.48688,7.48688,7.1019,7.12383,7.12343,-1.18155,-1.19736,-1.19708
1,2.326024786,7.27273,7.48688,7.48688,7.1019,7.12383,7.12343,0.123186,0.107374,0.107661
1,2.364156339,6.13747,7.5001,7.5001,7.16478,7.18679,7.18611,-0.740811,-0.756684,-0.756196
1,2.402287893,5.74723,7.51265,7.51265,7.22765,7.24974,7.24876,-1.06756,-1.0835,-1.08279
1,2.440419447,6.03104,7.52453,7.52453,7.29052,7.3127,7.31138,-0.90824,-0.924234,-0.923282
1,2.459485224,8.15965,7.53021,7.53021,7.32196,7.34418,7.34267,0.604074,0.58805,0.589136
1,2.592945663,7.59202,7.56493,7.56493,7.54201,7.56453,7.56074,0.0360603,0.0198231,0.022554
1,2.66920877,8.12417,7.58067,7.58067,7.65953,7.67674,7.67194,0.335058,0.322654,0.326109
1,2.745471878,8.37251,7.59335,7.59335,7.73299,7.74154,7.73846,0.46117,0.455006,0.457224
1,2.745471878,7.41463,7.59335,7.59335,7.73299,7.74154,7.73846,-0.229573,-0.235736,-0.233518
1,2.764537655,5.67627,7.59603,7.59603,7.74368,7.75033,7.74775,-1.49085,-1.49565,-1.49379
1,2.802669209,5.8714,7.60082,7.60082,7.7571,7.76042,7.75882,-1.35982,-1.36222,-1.36106
1,2.974261201,5.92461,7.61279,7.61279,7.72769,7.72271,7.7241,-1.30024,-1.29665,-1.29765
1,2.974261201,7.62749,7.61279,7.61279,7.72769,7.72271,7.7241,-0.0722507,-0.0686589,-0.0696654
1,2.974261201,6.68736,7.61279,7.61279,7.72769,7.72271,7.7241,-0.750202,-0.74661,-0.747617
1,3.012392755,6.102,7.61336,7.61336,7.70919,7.7034,7.70518,-1.15899,-1.15481,-1.15609
1,3.012392755,7.98226,7.61336,7.61336,7.70919,7.7034,7.70518,0.196915,0.201095,0.199811
1,3.088655863,6.77605,7.61231,7.61231,7.66578,7.65897,7.66133,-0.641606,-0.636692,-0.63839
1,3.16491897,6.31486,7.60844,7.60844,7.61702,7.60972,7.61247,-0.939019,-0.933754,-0.935742
1,3.203050524,7.48559,7.60549,7.60549,7.59143,7.58401,7.58692,-0.0763238,-0.0709711,-0.0730748
1,3.241182078,8.37251,7.6019,7.6019,7.5653,7.55782,7.56088,0.582091,0.587491,0.585285
1,3.241182078,8.2306,7.6019,7.6019,7.5653,7.55782,7.56088,0.479759,0.485159,0.482953
1,3.241182078,6.95344,7.6019,7.6019,7.5653,7.55782,7.56088,-0.441232,-0.435831,-0.438037
1,3.317445186,4.82483,7.59285,7.59285,7.51199,7.50448,7.50779,-1.93777,-1.93235,-1.93474
1,3.317445186,8.08869,7.59285,7.59285,7.51199,7.50448,7.50779,0.415873,0.421288,0.418904
1,3.317445186,7.7694,7.59285,7.59285,7.51199,7.50448,7.50779,0.185625,0.191041,0.188656
1,3.35557674,5.96009,7.58745,7.58745,7.48498,7.4775,7.48091,-1.09963,-1.09424,-1.0967
1,3.35557674,5.39246,7.58745,7.58745,7.48498,7.4775,7.48091,-1.50896,-1.50357,-1.50603
1,3.393708294,8.2306,7.58149,7.58149,7.45782,7.45038,7.4539,0.557271,0.562636,0.560095
1,3.393708294,6.95344,7.58149,7.58149,7.45782,7.45038,7.4539,-0.363719,-0.358354,-0.360895
1,3.469971401,7.55654,7.568,7.568,7.40318,7.39586,7.39959,0.110589,0.115869,0.113183
1,3.469971401,7.27273,7.568,7.568,7.40318,7.39586,7.39959,-0.0940752,-0.0887955,-0.0914811
1,3.508102955,9.15299,7.56051,7.56051,7.37577,7.36852,7.37234,1.2816,1.28683,1.28407
1,3.546234509,6.95344,7.55257,7.55257,7.34831,7.34113,7.34505,-0.28475,-0.279575,-0.282399
1,3.584366063,7.59202,7.54419,7.54419,7.32082,7.31372,7.31773,0.195569,0.200688,0.197796
1,3.698760724,8.33703,7.51667,7.51667,7.23823,7.23138,7.23567,0.79237,0.797311,0.794218
1,3.736892278,8.01774,7.50678,7.50678,7.21068,7.20391,7.20829,0.581991,0.586871,0.583711
1,3.775023832,5.49889,7.49655,7.49655,7.18312,7.17644,7.18091,-1.21453,-1.20972,-1.21294
1,3.775023832,7.00665,7.49655,7.49655,7.18312,7.17644,7.18091,-0.127253,-0.122435,-0.125661
1,3.813155386,4.75388,7.48603,7.48603,7.15555,7.14896,7.15352,-1.7319,-1.72714,-1.73044
1,3.889418494,8.58537,7.46412,7.46412,7.10042,7.094,7.09874,1.07083,1.07546,1.07204
1,3.908484271,8.85144,7.45848,7.45848,7.08663,7.08025,7.08505,1.27264,1.27724,1.27379
1,3.965681602,7.37916,7.4412,7.4412,7.04528,7.03903,7.04396,0.24077,0.245276,0.24172
1,3.965681602,5.81818,7.4412,7.4412,7.04528,7.03903,7.04396,-0.884885,-0.880378,-0.883934
1,3.965681602,6.63415,7.4412,7.4412,7.04528,7.03903,7.04396,-0.296474,-0.291968,-0.295524
1,4.003813155,6.84701,7.4294,7.4294,7.0177,7.01154,7.01656,-0.123092,-0.118649,-0.122271
1,4.003813155,6.98891,7.4294,7.4294,7.0177,7.01154,7.01656,-0.0207599,-0.0163165,-0.0199385
1,4.061010486,8.03548,7.41131,7.41131,6.97634,6.97031,6.97547,0.763767,0.768116,0.764395
1,4.156339371,8.26608,7.38024,7.38024,6.9074,6.90159,6.90698,0.979769,0.98396,0.980075
1,4.194470925,7.96452,7.36753,7.36753,6.87983,6.8741,6.87958,0.782198,0.786327,0.782375
1,4.232602479,7.1663,7.35466,7.35466,6.85225,6.84661,6.85219,0.226464,0.23053,0.226513
1,4.232602479,7.69845,7.35466,7.35466,6.85225,6.84661,6.85219,0.61021,0.614276,0.610259
1,4.289799809,8.07095,7.33511,7.33511,6.81089,6.80538,6.81109,0.90866,0.912631,0.908516
1,4.308865586,6.13747,7.32853,7.32853,6.7971,6.79164,6.79739,-0.475674,-0.471734,-0.475883
1,4.308865586,6.66962,7.32853,7.32853,6.7971,6.79164,6.79739,-0.0919278,-0.0879883,-0.0921368
1,4.327931363,8.26608,7.32191,7.32191,6.78331,6.77789,6.78369,1.06925,1.07316,1.06898
1,4.327931363,5.78271,7.32191,7.32191,6.78331,6.77789,6.78369,-0.721562,-0.717654,-0.721835
1,4.327931363,6.26164,7.32191,7.32191,6.78331,6.77789,6.78369,-0.37619,-0.372282,-0.376464
1,4.34699714,7.62749,7.31527,7.31527,6.76953,6.76415,6.76999,0.6187,0.622577,0.618362
1,4.385128694,6.77605,7.3019,7.3019,6.74195,6.73666,6.7426,0.0245922,0.0284054,0.0241256
1,4.423260248,6.91796,7.28843,7.28843,6.71437,6.70917,6.7152,0.14681,0.15056,0.146215
1,4.461391802,7.02439,7.27485,7.27485,6.6868,6.68169,6.6878,0.243445,0.247132,0.24272
1,4.499523356,7.52106,7.26119,7.26119,6.65922,6.6542,6.66041,0.621493,0.625117,0.62064
1,4.59485224,8.01774,7.22665,7.22665,6.59028,6.58548,6.59191,1.02937,1.03284,1.02819
1,4.652049571,7.66297,7.2057,7.2057,6.54892,6.54425,6.55082,0.803367,0.806738,0.801999
1,4.747378456,7.18404,7.17045,7.17045,6.47998,6.47553,6.48233,0.50771,0.510923,0.506019
1,4.766444233,4.36364,7.16335,7.16335,6.46619,6.46178,6.46863,-1.5162,-1.51302,-1.51796
1,4.804575786,4.75388,7.14912,7.14912,6.43862,6.43429,6.44123,-1.2149,-1.21178,-1.21679
1,4.880838894,8.01774,7.1205,7.1205,6.38347,6.37932,6.38644,1.17851,1.1815,1.17637
1,4.957102002,5.07317,7.09169,7.09169,6.32831,6.32434,6.33164,-0.905112,-0.902245,-0.907511
1,4.995233556,3.5122,7.07723,7.07723,6.30074,6.29685,6.30424,-2.01088,-2.00808,-2.01341
1,4.995233556,6.88248,7.07723,7.07723,6.30074,6.29685,6.30424,0.419509,0.422314,0.416981
1,4.995233556,7.02439,7.07723,7.07723,6.30074,6.29685,6.30424,0.521841,0.524646,0.519314
1,4.995233556,7.27273,7.07723,7.07723,6.30074,6.29685,6.30424,0.700923,0.703727,0.698395
1,4.995233556,6.17295,7.07723,7.07723,6.30074,6.29685,6.30424,-0.092152,-0.0893473,-0.0946797
1,5.03336511,7.52106,7.06272,7.06272,6.27316,6.26936,6.27685,0.89989,0.902632,0.897233
1,5.03336511,5.46341,7.06272,7.06272,6.27316,6.26936,6.27685,-0.583928,-0.581186,-0.586584
1,5.071496663,5.96009,7.04818,7.04818,6.24559,6.24187,6.24945,-0.205879,-0.2032,-0.208665
1,5.147759771,7.41463,7.01899,7.01899,6.19044,6.1869,6.19466,0.882797,0.88535,0.879754
1,5.147759771,5.28603,7.01899,7.01899,6.19044,6.1869,6.19466,-0.652187,-0.649633,-0.655229
1,5.224022879,5.07317,6.98968,6.98968,6.13528,6.13192,6.13986,-0.765914,-0.763487,-0.769215
1,5.300285987,7.94678,6.96025,6.96025,6.08013,6.07694,6.08507,1.34608,1.34839,1.34253
1,5.300285987,7.20177,6.96025,6.96025,6.08013,6.07694,6.08507,0.808841,0.811142,0.805282
1,5.319351764,2.44789,6.95288,6.95288,6.06634,6.0632,6.07137,-2.60935,-2.60708,-2.61297
1,5.319351764,6.56319,6.95288,6.95288,6.06634,6.0632,6.07137,0.358288,0.360558,0.354666
1,5.338417541,3.68958,6.9455,6.9455,6.05256,6.04945,6.05767,-1.704,-1.70176,-1.70768
1,5.338417541,6.11973,6.9455,6.9455,6.05256,6.04945,6.05767,0.0484428,0.050681,0.0447557
1,5.338417541,5.74723,6.9455,6.9455,6.05256,6.04945,6.05767,-0.220179,-0.217941,-0.223866
1,5.376549094,5.46341,6.93073,6.93073,6.02498,6.02196,6.03027,-0.404958,-0.402783,-0.408774
1,5.395614871,6.03104,6.92333,6.92333,6.01119,6.00822,6.01657,0.0143134,0.0164572,0.0104331
1,5.452812202,6.97118,6.90111,6.90111,5.96983,5.96699,5.97548,0.722093,0.724142,0.718019
1,5.452812202,4.47007,6.90111,6.90111,5.96983,5.96699,5.97548,-1.08151,-1.07946,-1.08559
1,5.510009533,7.23725,6.87885,6.87885,5.92847,5.92575,5.93438,0.943794,0.945749,0.939527
1,5.52907531,6.75831,6.87142,6.87142,5.91468,5.91201,5.92068,0.608365,0.610289,0.604034
1,5.605338418,7.62749,6.84165,6.84165,5.85953,5.85703,5.86589,1.27492,1.27672,1.27033
1,5.605338418,6.56319,6.84165,6.84165,5.85953,5.85703,5.86589,0.507429,0.509227,0.502841
1,5.643469971,5.32151,6.82674,6.82674,5.83195,5.82955,5.83849,-0.368092,-0.366357,-0.37281
1,5.681601525,7.73392,6.81181,6.81181,5.80438,5.80206,5.8111,1.39144,1.39311,1.38659
1,5.681601525,5.56984,6.81181,6.81181,5.80438,5.80206,5.8111,-0.169125,-0.167453,-0.173972
1,5.738798856,3.26386,6.78939,6.78939,5.76301,5.76082,5.77,-1.8022,-1.80062,-1.80724
1,5.757864633,6.35033,6.78191,6.78191,5.74922,5.74708,5.7563,0.433473,0.435019,0.428369
1,5.834127741,5.10865,6.75196,6.75196,5.69407,5.6921,5.70151,-0.422163,-0.420743,-0.427525
1,5.872259295,6.45676,6.73697,6.73697,5.6665,5.66461,5.67411,0.569878,0.571236,0.564388
1,5.929456625,0.674058,6.71445,6.71445,5.62513,5.62338,5.63302,-3.57033,-3.56907,-3.57602
1,5.929456625,5.90687,6.71445,6.71445,5.62513,5.62338,5.63302,0.203169,0.204432,0.197485
1,5.948522402,5.46341,6.70694,6.70694,5.61135,5.60964,5.61932,-0.106676,-0.105445,-0.112424
1,5.986653956,4.1153,6.69191,6.69191,5.58377,5.58215,5.59192,-1.05895,-1.05778,-1.06482
1,6.02478551,5.1796,6.67687,6.67687,5.55619,5.55466,5.56452,-0.27157,-0.270465,-0.277576
1,6.062917064,3.97339,6.66182,6.66182,5.52862,5.52717,5.53713,-1.12151,-1.12047,-1.12764
1,6.081982841,3.77827,6.6543,6.6543,5.51483,5.51343,5.52343,-1.25227,-1.25126,-1.25847
1,6.101048618,4.93126,6.64677,6.64677,5.50104,5.49968,5.50973,-0.41088,-0.409901,-0.417144
1,6.139180172,6.35033,6.6317,6.6317,5.47347,5.4722,5.48233,0.632327,0.633243,0.625935
1,6.139180172,6.102,6.6317,6.6317,5.47347,5.4722,5.48233,0.453246,0.454162,0.446854
1,6.234509056,5.97783,6.59399,6.59399,5.40453,5.40348,5.41384,0.413419,0.414177,0.406705
1,6.253574833,5.81818,6.58644,6.58644,5.39074,5.38973,5.40014,0.308238,0.308964,0.30146
1,6.253574833,5.00222,6.58644,6.58644,5.39074,5.38973,5.40014,-0.280173,-0.279447,-0.286951
1,6.291706387,3.90244,6.57134,6.57134,5.36316,5.36225,5.37274,-1.05336,-1.0527,-1.06027
1,6.291706387,3.6541,6.57134,6.57134,5.36316,5.36225,5.37274,-1.23244,-1.23178,-1.23935
1,6.329837941,6.91796,6.55624,6.55624,5.33559,5.33476,5.34535,1.14108,1.14168,1.13405
1,6.329837941,4.15078,6.55624,6.55624,5.33559,5.33476,5.34535,-0.854395,-0.853795,-0.861431
1,6.348903718,6.4745,6.54868,6.54868,5.3218,5.32101,5.33165,0.831238,0.831806,0.824138
1,6.367969495,6.03104,6.54112,6.54112,5.30801,5.30727,5.31795,0.521392,0.521929,0.514228
1,6.406101049,4.64745,6.526,6.526,5.28044,5.27978,5.29055,-0.456461,-0.455987,-0.463755
1,6.406101049,4.43459,6.526,6.526,5.28044,5.27978,5.29055,-0.60996,-0.609486,-0.617253
1,6.444232602,7.13082,6.51087,6.51087,5.25286,5.25229,5.26315,1.35424,1.35465,1.34682
1,6.444232602,2.98004,6.51087,6.51087,5.25286,5.25229,5.26315,-1.63898,-1.63857,-1.6464
1,6.52049571,4.15078,6.4806,6.4806,5.19771,5.19732,5.20836,-0.754968,-0.754683,-0.762648
1,6.52049571,4.96674,6.4806,6.4806,5.19771,5.19732,5.20836,-0.166558,-0.166273,-0.174238
1,6.596758818,4.29268,6.45031,6.45031,5.14256,5.14234,5.15357,-0.612865,-0.612706,-0.620803
1,6.615824595,5.25055,6.44273,6.44273,5.12877,5.12859,5.13987,0.0878201,0.0879481,0.0798177
1,6.634890372,5.03769,6.43515,6.43515,5.11498,5.11485,5.12617,-0.0557356,-0.055639,-0.0638025
1,6.673021926,5.60532,6.41999,6.41999,5.08741,5.08736,5.09877,0.373479,0.373512,0.365283
1,6.749285033,3.58315,6.38966,6.38966,5.03226,5.03239,5.04398,-1.04499,-1.04508,-1.05344
1,6.787416587,4.5765,6.37448,6.37448,5.00468,5.0049,5.01658,-0.308774,-0.308929,-0.317357
1,6.787416587,5.00222,6.37448,6.37448,5.00468,5.0049,5.01658,-0.00177735,-0.00193235,-0.0103607
1,6.863679695,5.92461,6.34412,6.34412,4.94953,4.94992,4.96179,0.703153,0.702872,0.694311
1,6.882745472,4.77162,6.33653,6.33653,4.93574,4.93618,4.94809,-0.118354,-0.118666,-0.12726
1,6.95900858,5.12639,6.30615,6.30615,4.88059,4.8812,4.8933,0.177247,0.176809,0.168083
1,6.978074357,2.60754,6.29855,6.29855,4.8668,4.86746,4.8796,-1.62921,-1.62968,-1.63844
1,6.978074357,6.06652,6.29855,6.29855,4.8668,4.86746,4.8796,0.865141,0.864671,0.855913
1,6.978074357,4.00887,6.29855,6.29855,4.8668,4.86746,4.8796,-0.618677,-0.619146,-0.627905
1,6.978074357,3.90244,6.29855,6.29855,4.8668,4.86746,4.8796,-0.695426,-0.695896,-0.704654
1,6.978074357,3.68958,6.29855,6.29855,4.8668,4.86746,4.8796,-0.848924,-0.849394,-0.858152
1,7.01620591,5.55211,6.28335,6.28335,4.83923,4.83997,4.85221,0.514072,0.513539,0.504714
1,7.01620591,3.49446,6.28335,6.28335,4.83923,4.83997,4.85221,-0.969746,-0.970279,-0.979103
1,7.054337464,3.83149,6.26815,6.26815,4.81165,4.81248,4.82481,-0.706822,-0.707418,-0.716308
1,7.092469018,5.33925,6.25295,6.25295,4.78408,4.78499,4.79741,0.400344,0.399684,0.390728
1,7.092469018,4.64745,6.25295,6.25295,4.78408,4.78499,4.79741,-0.098526,-0.0991857,-0.108141
1,7.20686368,3.40576,6.20732,6.20732,4.70135,4.70253,4.71522,-0.934278,-0.935127,-0.94428
1,7.244995234,3.22838,6.1921,6.1921,4.67378,4.67504,4.68783,-1.04231,-1.04322,-1.05244
1,7.244995234,5.97783,6.1921,6.1921,4.67378,4.67504,4.68783,0.940379,0.939467,0.930248
1,7.283126787,3.86696,6.17688,6.17688,4.6462,4.64755,4.66043,-0.561928,-0.562903,-0.572188
1,7.321258341,2.87361,6.16166,6.16166,4.61863,4.62007,4.63303,-1.25837,-1.25941,-1.26876
1,7.321258341,5.32151,6.16166,6.16166,4.61863,4.62007,4.63303,0.506863,0.505825,0.496474
1,7.321258341,4.25721,6.16166,6.16166,4.61863,4.62007,4.63303,-0.260629,-0.261667,-0.271018
1,7.321258341,3.97339,6.16166,6.16166,4.61863,4.62007,4.63303,-0.465293,-0.466331,-0.475683
1,7.359389895,3.72506,6.14644,6.14644,4.59105,4.59258,4.60564,-0.62449,-0.625591,-0.635008
1,7.359389895,4.7184,6.14644,6.14644,4.59105,4.59258,4.60564,0.0918358,0.090735,0.0813175
1,7.397521449,4.07982,6.13121,6.13121,4.56348,4.56509,4.57824,-0.348774,-0.349938,-0.359421
1,7.435653003,3.97339,6.11599,6.11599,4.5359,4.5376,4.55085,-0.405639,-0.406865,-0.416415
1,7.473784557,3.29933,6.10076,6.10076,4.50833,4.51011,4.52345,-0.871832,-0.873121,-0.882737
1,7.473784557,5.88914,6.10076,6.10076,4.50833,4.51011,4.52345,0.995732,0.994443,0.984826
1,7.511916111,3.86696,6.08553,6.08553,4.48075,4.48263,4.49605,-0.442618,-0.443969,-0.453652
1,7.607244995,1.04656,6.04744,6.04744,4.41182,4.41391,4.42756,-2.42676,-2.42827,-2.43812
1,7.607244995,2.55432,6.04744,6.04744,4.41182,4.41391,4.42756,-1.33948,-1.34099,-1.35084
1,7.626310772,4.1153,6.03982,6.03982,4.39803,4.40016,4.41387,-0.203882,-0.205421,-0.215303
1,7.626310772,3.97339,6.03982,6.03982,4.39803,4.40016,4.41387,-0.306214,-0.307753,-0.317636
1,7.664442326,4.7184,6.02458,6.02458,4.37045,4.37267,4.38647,0.250914,0.249313,0.239364
1,7.740705434,3.58315,5.99409,5.99409,4.3153,4.3177,4.33168,-0.527974,-0.529702,-0.539782
1,7.740705434,5.35698,5.99409,5.99409,4.3153,4.3177,4.33168,0.751179,0.749451,0.739371
1,7.778836988,3.22838,5.97885,5.97885,4.28773,4.29021,4.30428,-0.76392,-0.765711,-0.775857
1,7.797902765,4.27494,5.97123,5.97123,4.27394,4.27647,4.29059,0.000722148,-0.00110051,-0.0112793
1,7.912297426,5.42794,5.92548,5.92548,4.19122,4.19401,4.2084,0.891825,0.889813,0.879436
1,7.931363203,4.86031,5.91786,5.91786,4.17743,4.18027,4.1947,0.492438,0.490395,0.479985
1,7.969494757,0.461197,5.9026,5.9026,4.14986,4.15278,4.16731,-2.65998,-2.66208,-2.67256
1,7.969494757,3.44124,5.9026,5.9026,4.14986,4.15278,4.16731,-0.511,-0.513106,-0.523582
1,7.969494757,2.83814,5.9026,5.9026,4.14986,4.15278,4.16731,-0.945912,-0.948018,-0.958494
1,7.988560534,1.54324,5.89498,5.89498,4.13607,4.13904,4.15361,-1.86975,-1.87189,-1.8824
1,8.007626311,3.33481,5.88735,5.88735,4.12229,4.12529,4.13991,-0.567866,-0.570035,-0.580576
1,8.026692088,4.55876,5.87972,5.87972,4.1085,4.11155,4.12621,0.324692,0.322491,0.311917
1,8.083889418,3.86696,5.85684,5.85684,4.06714,4.07032,4.08512,-0.144352,-0.146647,-0.15732
1,8.083889418,2.55432,5.85684,5.85684,4.06714,4.07032,4.08512,-1.09093,-1.09322,-1.10389
1,8.141086749,1.38359,5.83395,5.83395,4.02578,4.02909,4.04403,-1.90534,-1.90773,-1.9185
1,8.160152526,1.84479,5.82633,5.82633,4.01199,4.01535,4.03033,-1.56282,-1.56524,-1.57604
1,8.236415634,4.00887,5.79581,5.79581,3.95685,3.96038,3.97554,0.0375145,0.0349685,0.0240316
1,8.236415634,2.16408,5.79581,5.79581,3.95685,3.96038,3.97554,-1.2928,-1.29535,-1.30629
1,8.236415634,4.7184,5.79581,5.79581,3.95685,3.96038,3.97554,0.549176,0.54663,0.535693
1,8.312678742,2.98004,5.76528,5.76528,3.9017,3.90541,3.92076,-0.664628,-0.6673,-0.678368
1,8.312678742,5.25055,5.76528,5.76528,3.9017,3.90541,3.92076,0.972688,0.970016,0.958948
1,8.331744519,1.20621,5.75765,5.75765,3.88792,3.89166,3.90706,-1.93384,-1.93654,-1.94764
1,8.350810296,4.00887,5.75002,5.75002,3.87413,3.87792,3.89336,0.0971638,0.0944291,0.0832948
1,8.350810296,3.47672,5.75002,5.75002,3.87413,3.87792,3.89336,-0.286582,-0.289317,-0.300451
1,8.369876072,2.80266,5.74239,5.74239,3.86034,3.86418,3.87967,-0.762719,-0.765485,-0.776652
1,8.408007626,2.19956,5.72713,5.72713,3.83277,3.83669,3.85227,-1.17775,-1.18058,-1.19181
1,8.465204957,2.30599,5.70423,5.70423,3.79141,3.79547,3.81118,-1.07118,-1.0741,-1.08543
1,8.465204957,5.32151,5.70423,5.70423,3.79141,3.79547,3.81118,1.10338,1.10046,1.08913
1,8.503336511,2.44789,5.68896,5.68896,3.76384,3.76798,3.78379,-0.948961,-0.951947,-0.963345
1,8.579599619,2.94457,5.65843,5.65843,3.7087,3.71302,3.729,-0.551034,-0.554146,-0.565675
1,8.598665396,2.23503,5.65079,5.65079,3.69492,3.69928,3.71531,-1.05275,-1.0559,-1.06746
1,8.617731173,3.5122,5.64316,5.64316,3.68113,3.68553,3.70161,-0.121824,-0.124998,-0.136594
1,8.617731173,2.76718,5.64316,5.64316,3.68113,3.68553,3.70161,-0.659068,-0.662243,-0.673838
1,8.732125834,5.62306,5.59735,5.59735,3.59842,3.60309,3.61944,1.46001,1.45665,1.44486
1,8.751191611,3.08647,5.58971,5.58971,3.58464,3.58934,3.60574,-0.359238,-0.362631,-0.374457
1,8.808388942,3.90244,5.56681,5.56681,3.54329,3.54812,3.56466,0.258992,0.255505,0.24358
1,8.88465205,6.66962,5.53626,5.53626,3.48815,3.49316,3.50988,2.29423,2.29062,2.27856
1,8.903717827,7.02439,5.52862,5.52862,3.47437,3.47942,3.49619,2.56,2.55636,2.54427
1,8.94184938,1.54324,5.51335,5.51335,3.44681,3.45194,3.4688,-1.37271,-1.37641,-1.38857
1,8.979980934,2.55432,5.49808,5.49808,3.41924,3.42447,3.44141,-0.623712,-0.627479,-0.639699
1,8.979980934,5.28603,5.49808,5.49808,3.41924,3.42447,3.44141,1.34618,1.34242,1.3302
1,9.037178265,1.17073,5.47516,5.47516,3.3779,3.38325,3.40033,-1.59164,-1.5955,-1.60781
1,9.075309819,4.15078,5.45989,5.45989,3.35033,3.35577,3.37295,0.577219,0.573295,0.560911
1,9.151572927,3.68958,5.42934,5.42934,3.29521,3.30082,3.31818,0.284391,0.280341,0.267827
1,9.151572927,1.38359,5.42934,5.42934,3.29521,3.30082,3.31818,-1.37851,-1.38256,-1.39507
1,9.208770257,1.11752,5.40642,5.40642,3.25386,3.25961,3.2771,-1.54057,-1.54471,-1.55732
1,9.246901811,1.72062,5.39114,5.39114,3.2263,3.23214,3.24972,-1.08578,-1.08999,-1.10267
1,9.304099142,4.15078,5.36823,5.36823,3.18497,3.19093,3.20865,0.696468,0.692164,0.679391
1,9.304099142,2.94457,5.36823,5.36823,3.18497,3.19093,3.20865,-0.173356,-0.17766,-0.190433
1,9.304099142,2.73171,5.36823,5.36823,3.18497,3.19093,3.20865,-0.326854,-0.331159,-0.343932
1,9.304099142,1.88027,5.36823,5.36823,3.18497,3.19093,3.20865,-0.940848,-0.945152,-0.957925
1,9.342230696,3.40576,5.35295,5.35295,3.15741,3.16346,3.18127,0.179096,0.174729,0.16189
1,9.342230696,2.51885,5.35295,5.35295,3.15741,3.16346,3.18127,-0.46048,-0.464847,-0.477686
1,9.456625357,4.39911,5.30711,5.30711,3.07474,3.08106,3.09913,0.955033,0.950478,0.937444
1,9.475691134,1.91574,5.29947,5.29947,3.06097,3.06733,3.08545,-0.825847,-0.830434,-0.8435
1,9.532888465,2.76718,5.27655,5.27655,3.01964,3.02613,3.04439,-0.182052,-0.186733,-0.199897
1,9.571020019,1.0643,5.26127,5.26127,2.99209,2.99867,3.01701,-1.39017,-1.39492,-1.40814
1,9.571020019,1.73836,5.26127,5.26127,2.99209,2.99867,3.01701,-0.904095,-0.908839,-0.922067
1,9.609151573,0.248337,5.24599,5.24599,2.96455,2.97121,2.98964,-1.95872,-1.96353,-1.97682
1,9.666348904,2.02217,5.22307,5.22307,2.92323,2.93002,2.94859,-0.649772,-0.654672,-0.668061
1,9.723546235,3.58315,5.20015,5.20015,2.88192,2.88884,2.90754,0.505674,0.500679,0.487193
1,9.742612011,4.54102,5.19251,5.19251,2.86815,2.87512,2.89386,1.20635,1.20132,1.1878
1,9.818875119,4.20399,5.16195,5.16195,2.81307,2.82022,2.83914,1.00302,0.99787,0.984222
1,9.87607245,4.96674,5.13902,5.13902,2.77178,2.77905,2.79811,1.58284,1.57759,1.56385
1,9.971401335,7.21951,5.10082,5.10082,2.70296,2.71045,2.72974,3.25698,3.25158,3.23768
1,9.990467112,3.1929,5.09318,5.09318,2.6892,2.69674,2.71606,0.36323,0.357798,0.343861
1,10.06673022,1.84479,5.06261,5.06261,2.63417,2.64188,2.66138,-0.569242,-0.574798,-0.588863
1,10.06673022,2.94457,5.06261,5.06261,2.63417,2.64188,2.66138,0.223833,0.218277,0.204212
1,10.14299333,1.02882,5.03205,5.03205,2.57916,2.58704,2.60672,-1.11798,-1.12366,-1.13785
1,10.21925643,1.41907,5.00148,5.00148,2.52416,2.53221,2.55207,-0.796906,-0.802711,-0.81703
1,10.21925643,1.91574,5.00148,5.00148,2.52416,2.53221,2.55207,-0.438743,-0.444548,-0.458867
1,10.29551954,2.62528,4.97091,4.97091,2.46918,2.4774,2.49744,0.112563,0.106634,0.0921896
1,10.3336511,0.31929,4.95563,4.95563,2.4417,2.45001,2.47013,-1.53052,-1.53651,-1.55102
1,10.3336511,0.709534,4.95563,4.95563,2.4417,2.45001,2.47013,-1.24911,-1.2551,-1.2696
1,10.3336511,1.84479,4.95563,4.95563,2.4417,2.45001,2.47013,-0.430448,-0.436439,-0.450946
1,10.3336511,2.80266,4.95563,4.95563,2.4417,2.45001,2.47013,0.260294,0.254304,0.239797
1,10.37178265,2.30599,4.94034,4.94034,2.41423,2.42262,2.44283,-0.0780572,-0.0841091,-0.0986786
1,10.4099142,2.73171,4.92506,4.92506,2.38676,2.39524,2.41553,0.248746,0.242633,0.228001
1,10.44804576,3.4235,4.90977,4.90977,2.35931,2.36787,2.38824,0.767417,0.761244,0.746549
1,10.44804576,2.02217,4.90977,4.90977,2.35931,2.36787,2.38824,-0.243114,-0.249287,-0.263982
1,10.56244042,0,4.86392,4.86392,2.27698,2.28579,2.30642,-1.64198,-1.64833,-1.66321
1,10.60057197,3.29933,4.84863,4.84863,2.24955,2.25845,2.27917,0.757022,0.750607,0.735667
1,10.60057197,1.73836,4.84863,4.84863,2.24955,2.25845,2.27917,-0.368632,-0.375048,-0.389987
1,10.67683508,2.98004,4.81806,4.81806,2.19473,2.20379,2.22468,0.566307,0.559771,0.544712
1,10.71496663,1.73836,4.80278,4.80278,2.16734,2.17648,2.19745,-0.309346,-0.315941,-0.33106
1,10.73403241,3.37029,4.79514,4.79514,2.15364,2.16283,2.18384,0.877349,0.870723,0.855575
1,10.81029552,3.1929,4.76457,4.76457,2.09891,2.10826,2.12943,0.788907,0.782163,0.766897
1,10.88655863,6.42129,4.73399,4.73399,2.04422,2.05374,2.07507,3.1564,3.14954,3.13416
1,10.9056244,3.051,4.72635,4.72635,2.03056,2.04012,2.06149,0.73586,0.728969,0.71356
1,10.94375596,0.390244,4.71107,4.71107,2.00325,2.01289,2.03433,-1.16318,-1.17012,-1.18559
1,10.94375596,1.02882,4.71107,4.71107,2.00325,2.01289,2.03433,-0.70268,-0.70963,-0.725095
1,10.96282173,1.27716,4.70342,4.70342,1.9896,1.99928,2.02076,-0.513756,-0.520735,-0.536228
1,11.05815062,2.23503,4.66521,4.66521,1.92143,1.9313,1.95298,0.226148,0.219027,0.203397
1,11.05815062,1.95122,4.66521,4.66521,1.92143,1.9313,1.95298,0.0214834,0.0143624,-0.00126792
1,11.09628217,0.177384,4.64992,4.64992,1.89419,1.90415,1.9259,-1.23803,-1.24521,-1.26089
1,11.13441373,2.19956,4.63464,4.63464,1.86698,1.87701,1.89883,0.239828,0.232594,0.216858
1,11.22974261,2.53659,4.59642,4.59642,1.79905,1.80928,1.83128,0.53185,0.524476,0.508614
1,11.24880839,0.603104,4.58878,4.58878,1.78549,1.79575,1.81778,-0.852644,-0.860046,-0.875933
1,11.30600572,4.38137,4.56585,4.56585,1.74484,1.75521,1.77734,1.90127,1.89378,1.87783
1,11.3250715,0,4.55821,4.55821,1.7313,1.74171,1.76388,-1.24848,-1.25599,-1.27197
1,11.3250715,0.886918,4.55821,4.55821,1.7313,1.74171,1.76388,-0.608903,-0.616413,-0.632395
1,11.3250715,2.80266,4.55821,4.55821,1.7313,1.74171,1.76388,0.772582,0.765072,0.74909
1,11.36320305,1.45455,4.54292,4.54292,1.70425,1.71474,1.73697,-0.180069,-0.187632,-0.20366
1,11.4013346,1.0643,4.52763,4.52763,1.67724,1.6878,1.71009,-0.442002,-0.449617,-0.465691
1,11.43946616,1.59645,4.51235,4.51235,1.65026,1.66089,1.68324,-0.0388014,-0.0464678,-0.0625857
1,11.55386082,0.957871,4.46649,4.46649,1.56957,1.5804,1.60292,-0.441107,-0.448921,-0.465161
1,11.59199237,1.24169,4.4512,4.4512,1.54276,1.55366,1.57623,-0.21711,-0.224972,-0.241248
1,11.59199237,4.39911,4.4512,4.4512,1.54276,1.55366,1.57623,2.05978,2.05192,2.03564
1,11.63012393,2.87361,4.43591,4.43591,1.516,1.52696,1.54958,0.979009,0.9711,0.954788
1,11.74451859,2.55432,4.39005,4.39005,1.43604,1.44719,1.46994,0.806422,0.798381,0.781975
1,11.8207817,1.70288,4.35948,4.35948,1.38303,1.3943,1.41712,0.23065,0.222527,0.206071
1,11.87797903,6.31486,4.33655,4.33655,1.34346,1.35481,1.37767,3.58498,3.5768,3.56032
1,11.8970448,1.80931,4.32891,4.32891,1.33031,1.34168,1.36455,0.345419,0.337221,0.320726
1,11.93517636,0.425721,4.31362,4.31362,1.30406,1.31548,1.33838,-0.633393,-0.641626,-0.658137
1,11.97330791,0.141907,4.29834,4.29834,1.2779,1.28936,1.31227,-0.81919,-0.827456,-0.843979
1,11.97330791,0.993348,4.29834,4.29834,1.2779,1.28936,1.31227,-0.205196,-0.213463,-0.229985
1,12.01143947,0.283814,4.28305,4.28305,1.25182,1.26333,1.28625,-0.698053,-0.706351,-0.722882
1,12.04957102,0.815965,4.26776,4.26776,1.22584,1.23739,1.26032,-0.295569,-0.303896,-0.320432
1,12.12583413,0.815965,4.23719,4.23719,1.17417,1.18579,1.20872,-0.25831,-0.266689,-0.283223
1,12.16396568,1.09978,4.2219,4.2219,1.1485,1.16015,1.18307,-0.0351318,-0.0435329,-0.060061
1,12.27836034,1.88027,4.17604,4.17604,1.0722,1.08392,1.10677,0.582716,0.574265,0.557784
1,12.3164919,0.10643,4.16076,4.16076,1.04703,1.05876,1.08158,-0.678286,-0.686747,-0.703203
1,12.3164919,0.851441,4.16076,4.16076,1.04703,1.05876,1.08158,-0.141042,-0.149503,-0.165958
1,12.3164919,1.41907,4.16076,4.16076,1.04703,1.05876,1.08158,0.268287,0.259826,0.243371
1,12.43088656,1.34812,4.1149,4.1149,0.972405,0.984157,1.00682,0.270933,0.262459,0.246113
1,12.46901811,0.780488,4.09961,4.09961,0.947851,0.959602,0.982202,-0.12069,-0.129163,-0.14546
1,12.58341277,0.266075,4.05375,4.05375,0.875278,0.886992,0.909337,-0.43931,-0.447757,-0.46387
1,12.58341277,2.87361,4.05375,4.05375,0.875278,0.886992,0.909337,1.44105,1.4326,1.41648
1,12.60247855,4.87805,4.04611,4.04611,0.863353,0.875055,0.89735,2.89509,2.88665,2.87057
1,12.73593899,2.23503,3.9926,3.9926,0.781393,0.792974,0.814843,1.04825,1.0399,1.02413
1,12.8122021,1.56098,3.96203,3.96203,0.735861,0.747336,0.768903,0.595009,0.586734,0.571182
1,12.92659676,1.63193,3.91617,3.91617,0.66956,0.680823,0.70185,0.693986,0.685864,0.670701
1,12.96472831,4.32816,3.90089,3.90089,0.648034,0.659212,0.680035,2.65382,2.64576,2.63074
1,12.96472831,1.27716,3.90089,3.90089,0.648034,0.659212,0.680035,0.453678,0.445618,0.430602
1,13.04099142,0.674058,3.87032,3.87032,0.60591,0.616894,0.637274,0.0491431,0.0412217,0.0265259
1,13.15538608,1.73836,3.82446,3.82446,0.545195,0.555835,0.575456,0.860418,0.852745,0.838596
1,13.19351764,1.9867,3.80917,3.80917,0.525657,0.536167,0.555511,1.05359,1.04601,1.03206
1,13.26978074,0.745011,3.7786,3.7786,0.48769,0.497917,0.516672,0.18556,0.178185,0.16466
1,13.3079123,0.0709534,3.76332,3.76332,0.469279,0.479353,0.497797,-0.287242,-0.294506,-0.307807
1,13.34604385,0.567627,3.74803,3.74803,0.451261,0.461174,0.479297,0.0839147,0.0767657,0.0636973
1,13.49857007,1.09978,3.68689,3.68689,0.383257,0.392467,0.409201,0.516699,0.510058,0.497991
1,13.53670162,0.709534,3.67161,3.67161,0.367305,0.376323,0.392689,0.246789,0.240286,0.228484
1,13.57483317,1.70288,3.65632,3.65632,0.351782,0.360604,0.376593,0.974309,0.967947,0.956417
1,13.61296473,4.1153,3.64104,3.64104,0.33669,0.345312,0.360918,2.72484,2.71862,2.70737
1,13.89895138,2.46563,3.52641,3.52641,0.2374,0.244431,0.257029,1.60683,1.60176,1.59267
1,13.99428027,4.89579,3.4882,3.4882,0.209691,0.216174,0.22776,3.37925,3.37457,3.36622
1,13.99428027,1.27716,3.4882,3.4882,0.209691,0.216174,0.22776,0.769777,0.765102,0.756747
1,14.0514776,1.91574,3.46527,3.46527,0.194313,0.20047,0.211456,1.24136,1.23692,1.229
1,14.2993327,0.886918,3.36594,3.36594,0.137816,0.142624,0.151143,0.540194,0.536727,0.530584
1,14.2993327,0.638581,3.36594,3.36594,0.137816,0.142624,0.151143,0.361113,0.357645,0.351503
1,14.37559581,1.0643,3.33538,3.33538,0.1235,0.127923,0.135743,0.678433,0.675244,0.669605
1,14.45185891,1.27716,3.30481,3.30481,0.110487,0.114544,0.1217,0.841316,0.83839,0.83323
1,14.48999047,0.425721,3.28953,3.28953,0.104443,0.108324,0.115162,0.23168,0.228882,0.223951
1,14.56625357,0.709534,3.25897,3.25897,0.093228,0.0967727,0.103003,0.444432,0.441876,0.437383
1,14.60438513,1.84479,3.24369,3.24369,0.0880353,0.0914194,0.0973604,1.26683,1.26439,1.26011
1,14.60438513,1.9867,3.24369,3.24369,0.0880353,0.0914194,0.0973604,1.36917,1.36673,1.36244
1,14.90943756,1.27716,3.12147,3.12147,0.0550782,0.0573648,0.0613427,0.881272,0.879623,0.876755
1,15.02383222,0.638581,3.07564,3.07564,0.0460144,0.0479702,0.0513652,0.427313,0.425903,0.423454
1,15.36701621,0.10643,2.93818,2.93818,0.0265794,0.0277832,0.0298551,0.0575821,0.0567141,0.05522
1,15.40514776,0.638581,2.92291,2.92291,0.02499,0.0261292,0.0280876,0.442474,0.441653,0.44024
1,15.55767398,0.496674,2.86184,2.86184,0.0195079,0.0204208,0.0219791,0.344095,0.343437,0.342313
1,15.90085796,1.13525,2.72447,2.72447,0.0111232,0.0116711,0.0125939,0.810637,0.810242,0.809576
1,15.97712107,0.567627,2.69395,2.69395,0.00981136,0.0102997,0.01112,0.402254,0.401902,0.40131
1,16.01525262,0.674058,2.67869,2.67869,0.00921399,0.00967495,0.0104483,0.479434,0.479101,0.478544
1,16.2821735,1.09978,2.57193,2.57193,0.00593028,0.00623657,0.00674721,0.788798,0.788577,0.788209
1,16.32030505,1.31264,2.55668,2.55668,0.00556786,0.00585675,0.00633771,0.942558,0.94235,0.942003
1,16.47283127,0.922395,2.49571,2.49571,0.00432544,0.0045537,0.00493229,0.66204,0.661876,0.661603
1,16.54909438,0.141907,2.46524,2.46524,0.0038119,0.00401426,0.00435057,0.0995834,0.0994375,0.0991949
1,16.62535748,0,2.43477,2.43477,0.00335906,0.00353836,0.00383715,-0.00242229,-0.00255159,-0.00276706
1,16.89227836,0.851441,2.3282,2.3282,0.00215669,0.00227573,0.00247123,0.612438,0.612352,0.612211
1,17.04480458,1.0643,2.26735,2.26735,0.00167388,0.0017686,0.00192132,0.766285,0.766216,0.766106
1,17.57864633,0.425721,2.05481,2.05481,0.000688898,0.000729995,0.000795436,0.3065,0.30647,0.306423
1,18.03622498,2.37694,1.87336,1.87336,0.0003217,0.000341363,0.000373295,1.71383,1.71382,1.7138
1,19.04671115,1.56098,1.4771,1.4771,5.98346e-05,6.37317e-05,7.01765e-05,1.12561,1.12561,1.1256
2,0.000224299,0.556237,6.08278,6.08278,nan,5.33892,5.35116,nan,-3.4489,-3.45773
2,0.045084112,2.87935,6.11393,6.11393,nan,5.32752,5.3398,nan,-1.76543,-1.77429
2,0.067514019,2.97751,6.12949,6.12949,nan,5.32182,5.33411,nan,-1.69054,-1.6994
2,0.134803738,4.05726,6.17612,6.17612,nan,5.30473,5.31706,nan,-0.899577,-0.908469
2,0.157233645,3.27198,6.19164,6.19164,nan,5.29903,5.31137,nan,-1.46175,-1.47065
2,0.269383178,3.40286,6.2691,6.2691,nan,5.27054,5.28295,nan,-1.34682,-1.35577
2,0.426392523,2.01227,6.37701,6.37701,nan,5.23066,5.24316,nan,-2.32085,-2.32987
2,0.426392523,4.13906,6.37701,6.37701,nan,5.23066,5.24316,nan,-0.787174,-0.796193
2,0.51611215,4.90798,6.43833,6.43833,nan,5.20786,5.22043,nan,-0.216256,-0.225314
2,0.650691589,3.81186,6.52974,6.52974,nan,5.17368,5.18632,nan,-0.982036,-0.991153
2,0.650691589,3.5501,6.52974,6.52974,nan,5.17368,5.18632,nan,-1.1708,-1.17991
2,0.673121495,2.86299,6.5449,6.5449,nan,5.16798,5.18064,nan,-1.66218,-1.67131
2,0.762841121,3.09202,6.6053,6.6053,nan,5.14519,5.1579,nan,-1.48058,-1.48975
2,0.807700935,5.51329,6.63534,6.63534,nan,5.13379,5.14653,nan,0.273666,0.264481
2,0.897420561,4.25358,6.69507,6.69507,nan,5.111,5.12379,nan,-0.618306,-0.62753
2,0.9198504669999999,3.01022,6.70992,6.70992,nan,5.1053,5.11811,nan,-1.51081,-1.52004
2,0.9198504669999999,4.79346,6.70992,6.70992,nan,5.1053,5.11811,nan,-0.224879,-0.234114
2,0.96471028,5.97137,6.73951,6.73951,nan,5.09391,5.10674,nan,0.632759,0.623505
2,0.96471028,4.98978,6.73951,6.73951,nan,5.09391,5.10674,nan,-0.0750917,-0.0843453
2,0.9871401869999999,3.51738,6.75426,6.75426,nan,5.08821,5.10105,nan,-1.13276,-1.14202
2,0.9871401869999999,4.07362,6.75426,6.75426,nan,5.08821,5.10105,nan,-0.731643,-0.740906
2,1.054429907,3.3865,6.79825,6.79825,nan,5.07112,5.084,nan,-1.21481,-1.2241
2,1.121719626,3.1411,6.84185,6.84185,nan,5.05402,5.06695,nan,-1.37945,-1.38877
2,1.211439252,4.30266,6.89932,6.89932,nan,5.03123,5.04421,nan,-0.525389,-0.534751
2,1.278728972,5.20245,6.94186,6.94186,nan,5.01414,5.02716,nan,0.1358,0.126409
2,1.323588785,5.48057,6.96992,6.96992,nan,5.00274,5.01579,nan,0.344576,0.335165
2,1.346018692,4.10634,6.98386,6.98386,nan,4.99704,5.01011,nan,-0.642305,-0.651726
2,1.390878505,7.00204,7.01153,7.01153,nan,4.98565,4.99874,nan,1.45407,1.44463
2,1.413308411,5.10429,7.02526,7.02526,nan,4.97995,4.99305,nan,0.0896692,0.0802187
2,1.435738318,7.62372,7.03892,7.03892,nan,4.97425,4.98737,nan,1.91059,1.90113
2,1.480598131,5.79141,7.066,7.066,nan,4.96285,4.976,nan,0.597491,0.588011
2,1.480598131,5.62781,7.066,7.066,nan,4.96285,4.976,nan,0.479516,0.470036
2,1.503028037,4.76074,7.07943,7.07943,nan,4.95716,4.97032,nan,-0.141642,-0.151132
2,1.660037383,6.11861,7.17089,7.17089,nan,4.91727,4.93052,nan,0.866313,0.856754
2,1.660037383,4.92434,7.17089,7.17089,nan,4.91727,4.93052,nan,0.00509513,-0.00446344
2,1.727327103,4.05726,7.20859,7.20859,nan,4.90018,4.91347,nan,-0.607846,-0.617434
2,1.817046729,6.51125,7.25725,7.25725,nan,4.87738,4.89073,nan,1.17822,1.16859
2,1.884336449,5.07157,7.2924,7.2924,nan,4.86029,4.87368,nan,0.152361,0.142705
2,1.929196262,3.58282,7.31515,7.31515,nan,4.8489,4.86231,nan,-0.912994,-0.92267
2,1.951626168,6.31493,7.32631,7.32631,nan,4.8432,4.85663,nan,1.0613,1.05161
2,1.974056075,5.62781,7.33731,7.33731,nan,4.8375,4.85095,nan,0.569911,0.560216
2,1.996485981,1.68507,7.34816,7.34816,nan,4.8318,4.84526,nan,-2.26918,-2.27888
2,2.041345794,6.72393,7.36937,7.36937,nan,4.82041,4.83389,nan,1.37267,1.36295
2,2.131065421,4.97342,7.40974,7.40974,nan,4.79762,4.81116,nan,0.126773,0.117009
2,2.153495327,6.21677,7.41938,7.41938,nan,4.79192,4.80547,nan,1.02749,1.01772
2,2.175925234,6.49489,7.42883,7.42883,nan,4.78622,4.79979,nan,1.23216,1.22237
2,2.243214953,2.94479,7.456,7.456,nan,4.76913,4.78273,nan,-1.31557,-1.32539
2,2.310504673,4.23722,7.48132,7.48132,nan,4.75203,4.76568,nan,-0.371244,-0.381087
2,2.377794393,5.12065,7.50466,7.50466,nan,4.73494,4.74863,nan,0.278148,0.268276
2,2.422654206,3.58282,7.51908,7.51908,nan,4.72354,4.73726,nan,-0.8226,-0.832492
2,2.422654206,7.80368,7.51908,7.51908,nan,4.72354,4.73726,nan,2.22116,2.21126
2,2.422654206,5.21881,7.51908,7.51908,nan,4.72354,4.73726,nan,0.35715,0.347259
2,2.512373832,4.95706,7.54503,7.54503,nan,4.70075,4.71452,nan,0.184825,0.174895
2,2.534803738,7.0184,7.5509,7.5509,nan,4.69505,4.70884,nan,1.67542,1.66548
2,2.534803738,5.62781,7.5509,7.5509,nan,4.69505,4.70884,nan,0.672632,0.662692
2,2.534803738,4.51534,7.5509,7.5509,nan,4.69505,4.70884,nan,-0.129598,-0.139538
2,2.669383178,5.54601,7.58071,7.58071,nan,4.66087,4.67473,nan,0.638297,0.628299
2,2.669383178,5.05521,7.58071,7.58071,nan,4.66087,4.67473,nan,0.284372,0.274374
2,2.669383178,4.35174,7.58071,7.58071,nan,4.66087,4.67473,nan,-0.222921,-0.232918
2,2.736672897,3.48466,7.59204,7.59204,nan,4.64377,4.65768,nan,-0.835862,-0.845889
2,2.826392523,5.95501,7.6034,7.6034,nan,4.62098,4.63494,nan,0.961996,0.951931
2,2.91611215,3.10838,7.61047,7.61047,nan,4.59819,4.61221,nan,-1.07433,-1.08444
2,2.91611215,5.75869,7.61047,7.61047,nan,4.59819,4.61221,nan,0.836861,0.826757
2,2.960971963,5.05521,7.61241,7.61241,nan,4.5868,4.60084,nan,0.337786,0.327662
2,2.960971963,3.69734,7.61241,7.61241,nan,4.5868,4.60084,nan,-0.641407,-0.651531
2,2.983401869,5.66053,7.61299,7.61299,nan,4.5811,4.59515,nan,0.778403,0.768269
2,3.005831776,2.68303,7.61332,7.61332,nan,4.5754,4.58947,nan,-1.36463,-1.37478
2,3.005831776,4.7771,7.61332,7.61332,nan,4.5754,4.58947,nan,0.145446,0.135302
2,3.050691589,3.41922,7.61319,7.61319,nan,4.56401,4.5781,nan,-0.825529,-0.835693
2,3.050691589,6.26585,7.61319,7.61319,nan,4.56401,4.5781,nan,1.22724,1.21707
2,3.050691589,5.31697,7.61319,7.61319,nan,4.56401,4.5781,nan,0.542981,0.532818
2,3.095551402,4.07362,7.61207,7.61207,nan,4.55261,4.56673,nan,-0.345411,-0.355595
2,3.140411215,5.90593,7.60998,7.60998,nan,4.54122,4.55536,nan,0.984127,0.973924
2,3.162841121,3.25562,7.60858,7.60858,nan,4.53552,4.54968,nan,-0.92296,-0.933173
2,3.162841121,5.49693,7.60858,7.60858,nan,4.53552,4.54968,nan,0.693298,0.683085
2,3.252560748,5.39877,7.6007,7.6007,nan,4.51273,4.52694,nan,0.638948,0.628695
2,3.297420561,4.76074,7.59546,7.59546,nan,4.50133,4.51558,nan,0.187063,0.176791
2,3.319850467,5.67689,7.59253,7.59253,nan,4.49563,4.50989,nan,0.851832,0.84155
2,3.319850467,4.1227,7.59253,7.59253,nan,4.49563,4.50989,nan,-0.268931,-0.279213
2,3.387140187,6.05317,7.58255,7.58255,nan,4.47854,4.49284,nan,1.1355,1.12519
2,3.409570093,6.51125,7.57885,7.57885,nan,4.47284,4.48716,nan,1.46994,1.45962
2,3.409570093,5.00613,7.57885,7.57885,nan,4.47284,4.48716,nan,0.384569,0.374248
2,3.432,6.87117,7.57497,7.57497,nan,4.46714,4.48147,nan,1.73359,1.72326
2,3.432,3.3047,7.57497,7.57497,nan,4.46714,4.48147,nan,-0.838263,-0.848594
2,3.454429907,3.97546,7.57091,7.57091,nan,4.46145,4.47579,nan,-0.350456,-0.360797
2,3.454429907,4.4499,7.57091,7.57091,nan,4.46145,4.47579,nan,-0.00832848,-0.0186696
2,3.476859813,4.5317,7.56668,7.56668,nan,4.45575,4.4701,nan,0.0547678,0.0444169
2,3.521719626,5.56237,7.55773,7.55773,nan,4.44435,4.45874,nan,0.806228,0.795858
2,3.521719626,3.45194,7.55773,7.55773,nan,4.44435,4.45874,nan,-0.71565,-0.726021
2,3.544149533,7.31288,7.55302,7.55302,nan,4.43866,4.45305,nan,2.07267,2.06229
2,3.633869159,4.90798,7.5327,7.5327,nan,4.41587,4.43031,nan,0.354872,0.344452
2,3.656299065,4.02454,7.52728,7.52728,nan,4.41017,4.42463,nan,-0.278085,-0.288514
2,3.678728972,4.56442,7.52173,7.52173,nan,4.40447,4.41895,nan,0.115341,0.104902
2,3.723588785,3.5501,7.51027,7.51027,nan,4.39307,4.40758,nan,-0.607886,-0.618345
2,3.723588785,3.23926,7.51027,7.51027,nan,4.39307,4.40758,nan,-0.832039,-0.842498
2,3.813308411,6.05317,7.48598,7.48598,nan,4.37028,4.38484,nan,1.21357,1.20307
2,3.903028037,4.22086,7.4601,7.4601,nan,4.34749,4.36211,nan,-0.0913191,-0.101856
2,3.925457944,3.53374,7.45341,7.45341,nan,4.3418,4.35642,nan,-0.582706,-0.593252
2,3.925457944,3.41922,7.45341,7.45341,nan,4.3418,4.35642,nan,-0.665288,-0.675835
2,3.94788785,3.9591,7.44663,7.44663,nan,4.3361,4.35074,nan,-0.271862,-0.282418
2,3.970317757,3.20654,7.43978,7.43978,nan,4.3304,4.34505,nan,-0.810438,-0.821005
2,3.992747664,5.12065,7.43285,7.43285,nan,4.3247,4.33937,nan,0.573978,0.563402
2,3.992747664,3.01022,7.43285,7.43285,nan,4.3247,4.33937,nan,-0.9479,-0.958476
2,4.037607477,2.61759,7.41877,7.41877,nan,4.31331,4.328,nan,-1.22282,-1.23342
2,4.060037383,4.59714,7.41162,7.41162,nan,4.30761,4.32232,nan,0.208784,0.198178
2,4.08246729,5.51329,7.40441,7.40441,nan,4.30191,4.31663,nan,0.873553,0.862937
2,4.104897196,1.71779,7.39714,7.39714,nan,4.29621,4.31095,nan,-1.85936,-1.86999
2,4.104897196,3.3047,7.39714,7.39714,nan,4.29621,4.31095,nan,-0.715001,-0.725627
2,4.127327103,6.10225,7.38981,7.38981,nan,4.29052,4.30527,nan,1.30648,1.29584
2,4.172186916,4.10634,7.37498,7.37498,nan,4.27912,4.2939,nan,-0.124597,-0.135253
2,4.239476636,2.71575,7.35233,7.35233,nan,4.26203,4.27685,nan,-1.11506,-1.12574
2,4.261906542,4.40082,7.34468,7.34468,nan,4.25633,4.27116,nan,0.104192,0.0934971
2,4.261906542,4.97342,7.34468,7.34468,nan,4.25633,4.27116,nan,0.517105,0.50641
2,4.351626168,3.69734,7.31366,7.31366,nan,4.23354,4.24843,nan,-0.386666,-0.397401
2,4.351626168,4.87526,7.31366,7.31366,nan,4.23354,4.24843,nan,0.462755,0.45202
2,4.418915888,5.88957,7.28997,7.28997,nan,4.21645,4.23138,nan,1.20653,1.19576
2,4.418915888,6.59305,7.28997,7.28997,nan,4.21645,4.23138,nan,1.71382,1.70305
2,4.418915888,2.97751,7.28997,7.28997,nan,4.21645,4.23138,nan,-0.89343,-0.904194
2,4.486205607,4.30266,7.26597,7.26597,nan,4.19936,4.21432,nan,0.0744938,0.0637
2,4.486205607,4.1227,7.26597,7.26597,nan,4.19936,4.21432,nan,-0.0552787,-0.0660725
2,4.508635514,4.84254,7.25791,7.25791,nan,4.19366,4.20864,nan,0.46792,0.457116
2,4.531065421,5.52965,7.24981,7.24981,nan,4.18796,4.20296,nan,0.967524,0.95671
2,4.531065421,2.81391,7.24981,7.24981,nan,4.18796,4.20296,nan,-0.990862,-1.00168
2,4.575925234,6.56033,7.23354,7.23354,nan,4.17657,4.19159,nan,1.71898,1.70815
2,4.66564486,1.43967,7.20069,7.20069,nan,4.15378,4.16885,nan,-1.9572,-1.96807
2,4.66564486,3.07566,7.20069,7.20069,nan,4.15378,4.16885,nan,-0.77745,-0.788322
2,4.66564486,4.0409,7.20069,7.20069,nan,4.15378,4.16885,nan,-0.0813973,-0.0922695
2,4.66564486,3.8773,7.20069,7.20069,nan,4.15378,4.16885,nan,-0.199372,-0.210245
2,4.732934579,3.45194,7.17581,7.17581,nan,4.13668,4.1518,nan,-0.493782,-0.504683
2,4.755364486,3.94274,7.16748,7.16748,nan,4.13099,4.14612,nan,-0.135748,-0.146659
2,4.800224299,4.80982,7.15074,7.15074,nan,4.11959,4.13475,nan,0.497737,0.486806
2,4.889943925,3.27198,7.11707,7.11707,nan,4.0968,4.11201,nan,-0.594794,-0.605764
2,4.912373832,3.56646,7.10861,7.10861,nan,4.0911,4.10633,nan,-0.37833,-0.38931
2,4.912373832,2.37219,7.10861,7.10861,nan,4.0911,4.10633,nan,-1.23955,-1.25053
2,4.934803738,3.41922,7.10013,7.10013,nan,4.08541,4.10065,nan,-0.480399,-0.491389
2,4.934803738,4.41718,7.10013,7.10013,nan,4.08541,4.10065,nan,0.239249,0.228259
2,4.957233645,4.64622,7.09164,7.09164,nan,4.07971,4.09496,nan,0.408522,0.397522
2,5.002093458,3.9591,7.07462,7.07462,nan,4.06831,4.08359,nan,-0.0787558,-0.0897754
2,5.002093458,4.49898,7.07462,7.07462,nan,4.06831,4.08359,nan,0.310562,0.299542
2,5.024523364,3.59918,7.06609,7.06609,nan,4.06262,4.07791,nan,-0.334192,-0.345222
2,5.024523364,4.13906,7.06609,7.06609,nan,4.06262,4.07791,nan,0.0551253,0.0440958
2,5.069383178,5.38241,7.04899,7.04899,nan,4.05122,4.06654,nan,0.959953,0.948904
2,5.114242991,1.91411,7.03183,7.03183,nan,4.03983,4.05518,nan,-1.5329,-1.54397
2,5.114242991,6.11861,7.03183,7.03183,nan,4.03983,4.05518,nan,1.49906,1.48799
2,5.114242991,2.83027,7.03183,7.03183,nan,4.03983,4.05518,nan,-0.872241,-0.88331
2,5.18153271,1.97955,7.00602,7.00602,nan,4.02273,4.03812,nan,-1.47339,-1.48448
2,5.226392523,5.02249,6.98877,6.98877,nan,4.01134,4.02676,nan,0.729167,0.718049
2,5.271252336,3.82822,6.97147,6.97147,nan,3.99994,4.01539,nan,-0.123834,-0.134971
2,5.293682243,4.90798,6.96281,6.96281,nan,3.99425,4.00971,nan,0.65891,0.647763
2,5.360971963,4.10634,6.93677,6.93677,nan,3.97716,3.99265,nan,0.0931572,0.0819807
2,5.360971963,2.73211,6.93677,6.93677,nan,3.97716,3.99265,nan,-0.897833,-0.90901
2,5.405831776,5.18609,6.91937,6.91937,nan,3.96576,3.98129,nan,0.880009,0.868813
2,5.405831776,3.10838,6.91937,6.91937,nan,3.96576,3.98129,nan,-0.618274,-0.62947
2,5.428261682,7.47648,6.91066,6.91066,nan,3.96006,3.9756,nan,2.53577,2.52456
2,5.428261682,4.51534,6.91066,6.91066,nan,3.96006,3.9756,nan,0.40042,0.389214
2,5.450691589,3.6319,6.90194,6.90194,nan,3.95437,3.96992,nan,-0.232537,-0.243753
2,5.517981308,4.8589,6.87574,6.87574,nan,3.93728,3.95287,nan,0.664601,0.653356
2,5.517981308,6.08589,6.87574,6.87574,nan,3.93728,3.95287,nan,1.54941,1.53817
2,5.540411215,2.96115,6.867,6.867,nan,3.93158,3.94719,nan,-0.699801,-0.711056
2,5.652560748,4.6953,6.82318,6.82318,nan,3.90309,3.91877,nan,0.571276,0.559973
2,5.652560748,4.51534,6.82318,6.82318,nan,3.90309,3.91877,nan,0.441504,0.4302
2,5.652560748,3.66462,6.82318,6.82318,nan,3.90309,3.91877,nan,-0.171967,-0.18327
2,5.652560748,2.56851,6.82318,6.82318,nan,3.90309,3.91877,nan,-0.962399,-0.973703
2,5.719850467,3.89366,6.79682,6.79682,nan,3.886,3.90172,nan,0.00552355,-0.00580953
2,5.719850467,3.2229,6.79682,6.79682,nan,3.886,3.90172,nan,-0.478174,-0.489507
2,5.876859813,3.59918,6.73516,6.73516,nan,3.84612,3.86193,nan,-0.178073,-0.189475
2,5.921719626,1.86503,6.7175,6.7175,nan,3.83473,3.85056,nan,-1.42039,-1.43181
2,5.966579439,2.66667,6.69983,6.69983,nan,3.82333,3.8392,nan,-0.834098,-0.845539
2,5.989009346,4.80982,6.69098,6.69098,nan,3.81764,3.83351,nan,0.715484,0.704033
2,5.989009346,4.6135,6.69098,6.69098,nan,3.81764,3.83351,nan,0.573914,0.562463
2,5.989009346,4.0409,6.69098,6.69098,nan,3.81764,3.83351,nan,0.161001,0.14955
2,5.989009346,3.3047,6.69098,6.69098,nan,3.81764,3.83351,nan,-0.369887,-0.381338
2,6.011439252,2.84663,6.68214,6.68214,nan,3.81194,3.82783,nan,-0.696108,-0.707569
2,6.101158879,1.76687,6.64672,6.64672,nan,3.78915,3.8051,nan,-1.45831,-1.46981
2,6.101158879,3.0593,6.64672,6.64672,nan,3.78915,3.8051,nan,-0.526308,-0.537808
2,6.123588785,3.97546,6.63786,6.63786,nan,3.78345,3.79941,nan,0.138461,0.126951
2,6.146018692,3.59918,6.62899,6.62899,nan,3.77776,3.79373,nan,-0.128774,-0.140293
2,6.235738318,1.91411,6.59351,6.59351,nan,3.75497,3.771,nan,-1.32748,-1.33904
2,6.235738318,5.56237,6.59351,6.59351,nan,3.75497,3.771,nan,1.30336,1.2918
2,6.280598131,5.26789,6.57574,6.57574,nan,3.74357,3.75963,nan,1.09922,1.08764
2,6.280598131,4.22086,6.57574,6.57574,nan,3.74357,3.75963,nan,0.344181,0.332602
2,6.280598131,3.86094,6.57574,6.57574,nan,3.74357,3.75963,nan,0.0846356,0.0730568
2,6.370317757,2.96115,6.54019,6.54019,nan,3.72079,3.7369,nan,-0.547794,-0.559413
2,6.392747664,4.58078,6.5313,6.5313,nan,3.71509,3.73121,nan,0.624267,0.612639
2,6.41517757,6.75665,6.5224,6.5224,nan,3.70939,3.72553,nan,2.19744,2.1858
2,6.437607477,4.76074,6.5135,6.5135,nan,3.7037,3.71985,nan,0.762256,0.750608
2,6.460037383,5.88957,6.5046,6.5046,nan,3.698,3.71417,nan,1.58039,1.56873
2,6.48246729,4.98978,6.4957,6.4957,nan,3.6923,3.70848,nan,0.935637,0.923969
2,6.504897196,4.25358,6.4868,6.4868,nan,3.6866,3.7028,nan,0.408858,0.39718
2,6.527327103,1.93047,6.47789,6.47789,nan,3.68091,3.69712,nan,-1.26228,-1.27397
2,6.527327103,5.61145,6.47789,6.47789,nan,3.68091,3.69712,nan,1.39216,1.38047
2,6.527327103,0.670757,6.47789,6.47789,nan,3.68091,3.69712,nan,-2.17069,-2.18238
2,6.639476636,3.56646,6.43333,6.43333,nan,3.65242,3.6687,nan,-0.0619886,-0.0737263
2,6.639476636,3.3865,6.43333,6.43333,nan,3.65242,3.6687,nan,-0.191761,-0.203499
2,6.639476636,3.25562,6.43333,6.43333,nan,3.65242,3.6687,nan,-0.286141,-0.297879
2,6.661906542,2.71575,6.42441,6.42441,nan,3.64673,3.66302,nan,-0.671351,-0.683098
2,6.818915888,3.99182,6.36194,6.36194,nan,3.60685,3.62324,nan,0.27761,0.265794
2,6.886205607,3.77914,6.33515,6.33515,nan,3.58976,3.60619,nan,0.136566,0.124721
2,6.886205607,3.20654,6.33515,6.33515,nan,3.58976,3.60619,nan,-0.276347,-0.288192
2,6.931065421,2.01227,6.31728,6.31728,nan,3.57837,3.59482,nan,-1.12935,-1.14121
2,6.953495327,4.25358,6.30834,6.30834,nan,3.57267,3.58914,nan,0.491017,0.479142
2,6.953495327,3.61554,6.30834,6.30834,nan,3.57267,3.58914,nan,0.030914,0.0190396
2,6.99835514,1.76687,6.29047,6.29047,nan,3.56128,3.57777,nan,-1.29399,-1.30588
2,6.99835514,2.19223,6.29047,6.29047,nan,3.56128,3.57777,nan,-0.987253,-0.999147
2,7.06564486,3.01022,6.26364,6.26364,nan,3.54419,3.56073,nan,-0.385055,-0.396978
2,7.088074766,4.54806,6.2547,6.2547,nan,3.53849,3.55504,nan,0.728018,0.716085
2,7.110504673,1.96319,6.24575,6.24575,nan,3.5328,3.54936,nan,-1.13188,-1.14382
2,7.132934579,3.7955,6.23681,6.23681,nan,3.5271,3.54368,nan,0.193548,0.181596
2,7.177794393,2.42127,6.21892,6.21892,nan,3.51571,3.53231,nan,-0.789227,-0.801199
2,7.200224299,3.17382,6.20997,6.20997,nan,3.51001,3.52663,nan,-0.242434,-0.254416
2,7.222654206,4.1227,6.20102,6.20102,nan,3.50432,3.52095,nan,0.445929,0.433937
2,7.267514019,4.71166,6.18312,6.18312,nan,3.49292,3.50958,nan,0.878855,0.866843
2,7.334803738,3.3865,6.15626,6.15626,nan,3.47584,3.49253,nan,-0.0644206,-0.0764617
2,7.379663551,3.92638,6.13835,6.13835,nan,3.46444,3.48117,nan,0.333112,0.321051
2,7.402093458,1.32515,6.12939,6.12939,nan,3.45875,3.47549,nan,-1.53858,-1.55065
2,7.402093458,5.54601,6.12939,6.12939,nan,3.45875,3.47549,nan,1.50517,1.4931
2,7.424523364,5.85685,6.12043,6.12043,nan,3.45305,3.4698,nan,1.73343,1.72135
2,7.424523364,6.72393,6.12043,6.12043,nan,3.45305,3.4698,nan,2.3587,2.34662
2,7.446953271,4.7771,6.11147,6.11147,nan,3.44736,3.46412,nan,0.958905,0.946815
2,7.446953271,4.64622,6.11147,6.11147,nan,3.44736,3.46412,nan,0.864525,0.852435
2,7.469383178,3.68098,6.10252,6.10252,nan,3.44166,3.45844,nan,0.172579,0.16048
2,7.536672897,1.83231,6.07563,6.07563,nan,3.42457,3.44139,nan,-1.14822,-1.16035
2,7.536672897,4.22086,6.07563,6.07563,nan,3.42457,3.44139,nan,0.574219,0.56209
2,7.536672897,5.00613,6.07563,6.07563,nan,3.42457,3.44139,nan,1.1405,1.12837
2,7.64882243,2.38855,6.03082,6.03082,nan,3.3961,3.41298,nan,-0.726565,-0.738743
2,7.64882243,2.56851,6.03082,6.03082,nan,3.3961,3.41298,nan,-0.596793,-0.60897
2,7.671252336,3.56646,6.02186,6.02186,nan,3.3904,3.4073,nan,0.126963,0.114775
2,7.671252336,3.32106,6.02186,6.02186,nan,3.3904,3.4073,nan,-0.0500001,-0.0621877
2,7.805831776,3.82822,5.96806,5.96806,nan,3.35623,3.37321,nan,0.340366,0.328119
2,7.895551402,3.3047,5.93218,5.93218,nan,3.33345,3.35048,nan,-0.0207264,-0.0330119
2,7.917981308,2.14315,5.92321,5.92321,nan,3.32775,3.3448,nan,-0.854242,-0.866537
2,7.940411215,2.97751,5.91424,5.91424,nan,3.32205,3.33912,nan,-0.248463,-0.260768
2,7.962841121,2.86299,5.90526,5.90526,nan,3.31636,3.33344,nan,-0.326938,-0.339253
2,8.030130841,4.25358,5.87835,5.87835,nan,3.29927,3.31639,nan,0.68817,0.675826
2,8.030130841,3.7955,5.87835,5.87835,nan,3.29927,3.31639,nan,0.35784,0.345496
2,8.052560748,3.68098,5.86937,5.86937,nan,3.29358,3.31071,nan,0.279364,0.267011
2,8.052560748,2.07771,5.86937,5.86937,nan,3.29358,3.31071,nan,-0.876791,-0.889145
2,8.097420561,1.94683,5.85143,5.85143,nan,3.28219,3.29935,nan,-0.962957,-0.975331
2,8.142280374,3.40286,5.83348,5.83348,nan,3.2708,3.28798,nan,0.0952339,0.0828411
2,8.16471028,4.1227,5.8245,5.8245,nan,3.2651,3.2823,nan,0.618431,0.606028
2,8.232,4.35174,5.79757,5.79757,nan,3.24802,3.26526,nan,0.795916,0.783484
2,8.232,1.25971,5.79757,5.79757,nan,3.24802,3.26526,nan,-1.43381,-1.44624
2,8.254429907,3.3047,5.7886,5.7886,nan,3.24233,3.25958,nan,0.0449819,0.0325404
2,8.344149533,0.916155,5.75269,5.75269,nan,3.21955,3.23685,nan,-1.66103,-1.67351
2,8.366579439,3.94274,5.74371,5.74371,nan,3.21385,3.23117,nan,0.525617,0.513127
2,8.389009346,3.58282,5.73473,5.73473,nan,3.20816,3.22549,nan,0.270178,0.257678
2,8.411439252,6.08589,5.72575,5.72575,nan,3.20246,3.21981,nan,2.0793,2.06679
2,8.411439252,2.47035,5.72575,5.72575,nan,3.20246,3.21981,nan,-0.527946,-0.540455
2,8.456299065,3.69734,5.70779,5.70779,nan,3.19108,3.20845,nan,0.36508,0.352551
2,8.478728972,3.33742,5.69881,5.69881,nan,3.18538,3.20277,nan,0.109641,0.0971019
2,8.501158879,4.33538,5.68983,5.68983,nan,3.17969,3.19709,nan,0.833395,0.820846
2,8.501158879,0.834356,5.68983,5.68983,nan,3.17969,3.19709,nan,-1.69127,-1.70382
2,8.501158879,3.48466,5.68983,5.68983,nan,3.17969,3.19709,nan,0.219925,0.207376
2,8.523588785,4.02454,5.68085,5.68085,nan,3.17399,3.19141,nan,0.613348,0.60079
2,8.635738318,2.17587,5.63595,5.63595,nan,3.14552,3.16301,nan,-0.699239,-0.711846
2,8.658168224,1.94683,5.62697,5.62697,nan,3.13983,3.15733,nan,-0.860298,-0.872915
2,8.658168224,3.10838,5.62697,5.62697,nan,3.13983,3.15733,nan,-0.0226753,-0.0352924
2,8.703028037,1.75051,5.609,5.609,nan,3.12844,3.14596,nan,-0.993657,-1.00629
2,8.725457944,1.14519,5.60002,5.60002,nan,3.12275,3.14028,nan,-1.42606,-1.4387
2,8.792747664,2.56851,5.57307,5.57307,nan,3.10567,3.12324,nan,-0.387358,-0.400034
2,8.904897196,6.90389,5.52815,5.52815,nan,3.0772,3.09485,nan,2.75951,2.74678
2,8.904897196,1.06339,5.52815,5.52815,nan,3.0772,3.09485,nan,-1.4522,-1.46492
2,8.904897196,2.83027,5.52815,5.52815,nan,3.0772,3.09485,nan,-0.178071,-0.190794
2,8.927327103,3.53374,5.51917,5.51917,nan,3.07151,3.08917,nan,0.333327,0.320594
2,8.972186916,2.30675,5.5012,5.5012,nan,3.06012,3.07781,nan,-0.543275,-0.556027
2,8.972186916,3.27198,5.5012,5.5012,nan,3.06012,3.07781,nan,0.152778,0.140026
2,8.972186916,3.89366,5.5012,5.5012,nan,3.06012,3.07781,nan,0.601083,0.588331
2,9.017046729,3.04294,5.48323,5.48323,nan,3.04874,3.06645,nan,-0.00417657,-0.0169483
2,9.039476636,2.48671,5.47424,5.47424,nan,3.04304,3.06077,nan,-0.401187,-0.413968
2,9.061906542,4.84254,5.46526,5.46526,nan,3.03735,3.05509,nan,1.30176,1.28897
2,9.106766355,1.57055,5.44729,5.44729,nan,3.02597,3.04373,nan,-1.04953,-1.06234
2,9.106766355,3.61554,5.44729,5.44729,nan,3.02597,3.04373,nan,0.425156,0.412346
2,9.129196262,1.29243,5.4383,5.4383,nan,3.02027,3.03805,nan,-1.24598,-1.2588
2,9.174056075,4.41718,5.42033,5.42033,nan,3.00889,3.02669,nan,1.01555,1.00271
2,9.196485981,3.43558,5.41134,5.41134,nan,3.0032,3.02101,nan,0.311803,0.298954
2,9.241345794,3.73006,5.39337,5.39337,nan,2.99181,3.00966,nan,0.532368,0.5195
2,9.286205607,2.55215,5.3754,5.3754,nan,2.98043,2.9983,nan,-0.308843,-0.321731
2,9.286205607,3.27198,5.3754,5.3754,nan,2.98043,2.9983,nan,0.210247,0.19736
2,9.308635514,1.35787,5.36641,5.36641,nan,2.97474,2.99262,nan,-1.16596,-1.17885
2,9.331065421,3.10838,5.35742,5.35742,nan,2.96904,2.98694,nan,0.100481,0.0875744
2,9.375925234,5.54601,5.33945,5.33945,nan,2.95766,2.97559,nan,1.86652,1.85359
2,9.39835514,4.26994,5.33046,5.33046,nan,2.95197,2.96991,nan,0.950417,0.937481
2,9.420785047,7.39468,5.32147,5.32147,nan,2.94628,2.96423,nan,3.20785,3.1949
2,9.443214953,2.38855,5.31249,5.31249,nan,2.94059,2.95855,nan,-0.398087,-0.411042
2,9.443214953,2.84663,5.31249,5.31249,nan,2.94059,2.95855,nan,-0.067757,-0.0807123
2,9.443214953,4.15542,5.31249,5.31249,nan,2.94059,2.95855,nan,0.876043,0.863088
2,9.510504673,4.89162,5.28552,5.28552,nan,2.92351,2.94152,nan,1.41924,1.40626
2,9.532934579,0.719836,5.27654,5.27654,nan,2.91782,2.93584,nan,-1.58502,-1.59801
2,9.532934579,4.40082,5.27654,5.27654,nan,2.91782,2.93584,nan,1.06942,1.05643
2,9.645084112,3.41922,5.23159,5.23159,nan,2.88937,2.90745,nan,0.382091,0.369049
2,9.645084112,2.68303,5.23159,5.23159,nan,2.88937,2.90745,nan,-0.148797,-0.161839
2,9.667514019,1.42331,5.22261,5.22261,nan,2.88368,2.90178,nan,-1.0531,-1.06615
2,9.667514019,2.48671,5.22261,5.22261,nan,2.88368,2.90178,nan,-0.286263,-0.299315
2,9.734803738,3.25562,5.19564,5.19564,nan,2.86661,2.88474,nan,0.28053,0.267449
2,9.846953271,2.42127,5.15069,5.15069,nan,2.83816,2.85636,nan,-0.300627,-0.313756
2,9.869383178,2.78119,5.14171,5.14171,nan,2.83247,2.85069,nan,-0.0369793,-0.0501175
2,9.959102804,1.79959,5.10575,5.10575,nan,2.80971,2.82798,nan,-0.728419,-0.741595
2,9.959102804,3.1411,5.10575,5.10575,nan,2.80971,2.82798,nan,0.238977,0.2258
2,10.00396262,2.61759,5.08777,5.08777,nan,2.79833,2.81663,nan,-0.130338,-0.143534
2,10.02639252,2.35583,5.07878,5.07878,nan,2.79264,2.81095,nan,-0.314996,-0.328202
2,10.07125234,2.04499,5.0608,5.0608,nan,2.78126,2.7996,nan,-0.530944,-0.544169
2,10.13854206,2.53579,5.03383,5.03383,nan,2.7642,2.78258,nan,-0.164713,-0.177967
2,10.16097196,3.01022,5.02484,5.02484,nan,2.75851,2.7769,nan,0.181516,0.168253
2,10.18340187,5.33e-15,5.01585,5.01585,nan,2.75282,2.77123,nan,-1.98512,-1.9984
2,10.20583178,3.40286,5.00686,5.00686,nan,2.74714,2.76555,nan,0.47286,0.459578
2,10.2731215,2.35583,4.97989,4.97989,nan,2.73007,2.74853,nan,-0.269876,-0.283187
2,10.2731215,3.9591,4.97989,4.97989,nan,2.73007,2.74853,nan,0.886279,0.872968
2,10.31798131,2.74847,4.96191,4.96191,nan,2.7187,2.73718,nan,0.0214661,0.00813639
2,10.40770093,5.87321,4.92594,4.92594,nan,2.69595,2.71449,nan,2.29119,2.27783
2,10.40770093,2.30675,4.92594,4.92594,nan,2.69595,2.71449,nan,-0.280663,-0.294031
2,10.40770093,3.7955,4.92594,4.92594,nan,2.69595,2.71449,nan,0.79291,0.779542
2,10.40770093,3.35378,4.92594,4.92594,nan,2.69595,2.71449,nan,0.474377,0.461009
2,10.40770093,3.01022,4.92594,4.92594,nan,2.69595,2.71449,nan,0.22663,0.213262
2,10.47499065,2.53579,4.89897,4.89897,nan,2.67889,2.69747,nan,-0.103197,-0.116593
2,10.49742056,3.19018,4.88998,4.88998,nan,2.67321,2.6918,nan,0.372804,0.359398
2,10.51985047,4.46626,4.88099,4.88099,nan,2.66752,2.68612,nan,1.29711,1.28369
2,10.54228037,3.51738,4.872,4.872,nan,2.66184,2.68045,nan,0.616954,0.603529
2,10.632,1.86503,4.83604,4.83604,nan,2.63909,2.65776,nan,-0.558195,-0.571657
2,10.65442991,1.01431,4.82705,4.82705,nan,2.63341,2.65209,nan,-1.16757,-1.18104
2,10.92358879,2.53579,4.71915,4.71915,nan,2.56521,2.58405,nan,-0.0212139,-0.0347997
2,10.94601869,4.15542,4.71016,4.71016,nan,2.55952,2.57838,nan,1.15084,1.13724
2,11.03573832,0.327198,4.67419,4.67419,nan,2.5368,2.5557,nan,-1.59339,-1.60702
2,11.03573832,1.50511,4.67419,4.67419,nan,2.5368,2.5557,nan,-0.74397,-0.757602
2,11.03573832,2.38855,4.67419,4.67419,nan,2.5368,2.5557,nan,-0.106904,-0.120537
2,11.08059813,1.66871,4.65621,4.65621,nan,2.52543,2.54436,nan,-0.617801,-0.631452
2,11.14788785,1.42331,4.62923,4.62923,nan,2.50839,2.52736,nan,-0.782474,-0.796154
2,11.17031776,2.19223,4.62024,4.62024,nan,2.50271,2.52169,nan,-0.223895,-0.237584
2,11.19274766,1.79959,4.61125,4.61125,nan,2.49703,2.51603,nan,-0.502939,-0.516638
2,11.26003738,2.58487,4.58428,4.58428,nan,2.47999,2.49903,nan,0.0756274,0.0619016
2,11.28246729,1.47239,4.57528,4.57528,nan,2.47431,2.49336,nan,-0.722508,-0.736243
2,11.3048972,3.25562,4.56629,4.56629,nan,2.46863,2.48769,nan,0.567515,0.553771
2,11.39461682,2.91207,4.53033,4.53033,nan,2.44592,2.46503,nan,0.336146,0.322365
2,11.43947664,2.45399,4.51234,4.51234,nan,2.43457,2.4537,nan,0.0140035,0.00020441
2,11.46190654,2.06135,4.50335,4.50335,nan,2.42889,2.44804,nan,-0.265043,-0.278851
2,11.48433645,1.93047,4.49436,4.49436,nan,2.42322,2.44238,nan,-0.35533,-0.369147
2,11.52919626,2.71575,4.47638,4.47638,nan,2.41186,2.43105,nan,0.219137,0.205301
2,11.52919626,4.38446,4.47638,4.47638,nan,2.41186,2.43105,nan,1.42248,1.40865
2,11.64134579,0.359918,4.43142,4.43142,nan,2.38349,2.40274,nan,-1.45924,-1.47312
2,11.91050467,0.834356,4.32351,4.32351,nan,2.31542,2.33482,nan,-1.06803,-1.08202
2,11.93293458,2.15951,4.31452,4.31452,nan,2.30975,2.32916,nan,-0.108341,-0.122339
2,11.93293458,0.687117,4.31452,4.31452,nan,2.30975,2.32916,nan,-1.17012,-1.18411
2,11.97779439,1.11247,4.29654,4.29654,nan,2.29841,2.31785,nan,-0.855204,-0.86922
2,12.02265421,1.73415,4.27855,4.27855,nan,2.28707,2.30653,nan,-0.398723,-0.412757
2,12.04508411,3.69734,4.26956,4.26956,nan,2.2814,2.30088,nan,1.02106,1.00702
2,12.11237383,1.96319,4.24258,4.24258,nan,2.2644,2.28391,nan,-0.21721,-0.231279
2,12.17966355,1.45603,4.21561,4.21561,nan,2.2474,2.26695,nan,-0.570674,-0.584769
2,12.24695327,2.84663,4.18863,4.18863,nan,2.23041,2.24999,nan,0.444369,0.430248
2,12.26938318,2.61759,4.17964,4.17964,nan,2.22474,2.24434,nan,0.283289,0.269159
2,12.38153271,3.28834,4.13468,4.13468,nan,2.19643,2.21608,nan,0.787404,0.773231
2,12.42639252,1.89775,4.1167,4.1167,nan,2.18511,2.20478,nan,-0.207219,-0.221409
2,12.42639252,1.60327,4.1167,4.1167,nan,2.18511,2.20478,nan,-0.419574,-0.433764
2,12.47125234,2.09407,4.09871,4.09871,nan,2.17379,2.19349,nan,-0.0574856,-0.0716928
2,12.47125234,1.06339,4.09871,4.09871,nan,2.17379,2.19349,nan,-0.800728,-0.814936
2,12.51611215,3.32106,4.08073,4.08073,nan,2.16247,2.18219,nan,0.835489,0.821265
2,12.53854206,2.20859,4.07174,4.07174,nan,2.15681,2.17655,nan,0.0373393,0.0231065
2,12.60583178,1.93047,4.04476,4.04476,nan,2.13984,2.15961,nan,-0.150979,-0.165237
2,12.6955514,0.736196,4.0088,4.0088,nan,2.11722,2.13703,nan,-0.995884,-1.01018
2,12.91985047,1.79959,3.91888,3.91888,nan,2.0607,2.08063,nan,-0.188292,-0.202667
2,12.91985047,0.916155,3.91888,3.91888,nan,2.0607,2.08063,nan,-0.825357,-0.839732
2,12.98714019,4.33538,3.8919,3.8919,nan,2.04376,2.06373,nan,1.65254,1.63814
2,13.05442991,1.66871,3.86493,3.86493,nan,2.02682,2.04682,nan,-0.258242,-0.272665
2,13.05442991,4.5317,3.86493,3.86493,nan,2.02682,2.04682,nan,1.80632,1.7919
2,13.18900935,0.458078,3.81098,3.81098,nan,1.99297,2.01304,nan,-1.10684,-1.12132
2,13.23386916,2.38855,3.793,3.793,nan,1.98169,2.00178,nan,0.293394,0.278908
2,13.25629907,0.539877,3.78401,3.78401,nan,1.97605,1.99615,nan,-1.03566,-1.05015
2,13.30115888,3.58282,3.76602,3.76602,nan,1.96478,1.9849,nan,1.16681,1.1523
2,13.3908785,2.02863,3.73006,3.73006,nan,1.94224,1.9624,nan,0.0622979,0.0477569
2,13.41330841,3.76278,3.72107,3.72107,nan,1.93661,1.95678,nan,1.3169,1.30235
2,13.41330841,4.08998,3.72107,3.72107,nan,1.93661,1.95678,nan,1.55285,1.5383
2,13.45816822,2.65031,3.70309,3.70309,nan,1.92534,1.94554,nan,0.522786,0.508223
2,13.48059813,0.556237,3.69409,3.69409,nan,1.91971,1.93992,nan,-0.983234,-0.997806
2,13.52545794,2.14315,3.67611,3.67611,nan,1.90846,1.92869,nan,0.169241,0.154655
2,13.74975701,1.40695,3.58621,3.58621,nan,1.85223,1.87256,nan,-0.321099,-0.335758
2,13.81704673,0.997955,3.55923,3.55923,nan,1.83538,1.85574,nan,-0.603886,-0.618567
2,13.99648598,0.719836,3.48731,3.48731,nan,1.7905,1.81093,nan,-0.772078,-0.786813
2,14.0637757,1.55419,3.46034,3.46034,nan,1.77369,1.79415,nan,-0.158282,-0.173037
2,14.24321495,0.0981595,3.38843,3.38843,nan,1.72891,1.74944,nan,-1.17597,-1.19078
2,14.24321495,2.43763,3.38843,3.38843,nan,1.72891,1.74944,nan,0.511072,0.496266
2,14.31050467,2.78119,3.36146,3.36146,nan,1.71214,1.7327,nan,0.770911,0.756087
2,14.4002243,2.87935,3.32551,3.32551,nan,1.6898,1.71039,nan,0.857805,0.842957
2,14.4002243,4.05726,3.32551,3.32551,nan,1.6898,1.71039,nan,1.70723,1.69238
2,14.44508411,0.196319,3.30753,3.30753,nan,1.67864,1.69925,nan,-1.06894,-1.0838
2,14.44508411,1.01431,3.30753,3.30753,nan,1.67864,1.69925,nan,-0.479063,-0.493922
2,14.44508411,1.37423,3.30753,3.30753,nan,1.67864,1.69925,nan,-0.219518,-0.234377
2,14.53480374,2.73211,3.27158,3.27158,nan,1.65634,1.67698,nan,0.775758,0.760876
2,14.64695327,1.22699,3.22664,3.22664,nan,1.6285,1.64918,nan,-0.289536,-0.304445
2,14.87125234,1.79959,3.13677,3.13677,nan,1.57295,1.59369,nan,0.163435,0.148478
2,14.98340187,0.179959,3.09184,3.09184,nan,1.54525,1.56602,nan,-0.984541,-0.999519
2,15.02826168,1.79959,3.07387,3.07387,nan,1.53418,1.55496,nan,0.191393,0.176406
2,15.0955514,1.86503,3.04691,3.04691,nan,1.5176,1.5384,nan,0.250542,0.235544
2,15.25256075,3.68098,2.98402,2.98402,nan,1.47898,1.49981,nan,1.58791,1.57289
2,15.27499065,0.572597,2.97504,2.97504,nan,1.47347,1.49431,nan,-0.64964,-0.664665
2,15.29742056,1.68507,2.96605,2.96605,nan,1.46797,1.48881,nan,0.15656,0.141532
2,15.38714019,1.86503,2.93012,2.93012,nan,1.44597,1.46683,nan,0.302194,0.287155
2,15.47685981,0.883436,2.8942,2.8942,nan,1.42402,1.44488,nan,-0.389824,-0.404873
2,15.52171963,2.81391,2.87623,2.87623,nan,1.41305,1.43393,nan,1.01019,0.995132
2,15.90302804,1.66871,2.7236,2.7236,nan,1.32036,1.34126,nan,0.251202,0.236131
2,16.08246729,1.81595,2.6518,2.6518,nan,1.27707,1.29797,nan,0.388597,0.373529
2,16.26190654,2.56851,2.58003,2.58003,nan,1.23402,1.2549,nan,0.962327,0.947271
2,16.30676636,1.97955,2.5621,2.5621,nan,1.2233,1.24417,nan,0.545349,0.530297
3,0,0.620408,6.08262,6.08262,6.1608,6.10489,6.54354,-3.9953,-3.95498,-4.27131
3,2.018691589,4.5551,7.35874,7.35874,5.70052,5.66023,6.06156,-0.825989,-0.796933,-1.08634
3,2.041121495,2.61224,7.36926,7.36926,5.69541,5.65529,6.05621,-2.22334,-2.19441,-2.48352
3,3.005607477,5.24082,7.61331,7.61331,5.4755,5.44284,5.82593,-0.169236,-0.145687,-0.421937
3,3.857943925,3.72245,7.47329,7.47329,5.28116,5.2551,5.62243,-1.12402,-1.10523,-1.37012
3,4.014953271,2.1551,7.42591,7.42591,5.24536,5.22052,5.58494,-2.22846,-2.21054,-2.47333
3,4.014953271,3.2,7.42591,7.42591,5.24536,5.22052,5.58494,-1.47496,-1.45704,-1.71983
3,4.037383178,5.01224,7.41884,7.41884,5.24025,5.21558,5.57958,-0.164418,-0.146629,-0.409121
3,4.351401869,3.82041,7.31373,7.31373,5.16865,5.14641,5.50461,-0.972247,-0.956211,-1.21452
3,5.001869159,3.11837,7.07471,7.07471,5.02034,5.00314,5.34931,-1.37155,-1.35915,-1.60878
3,5.136448598,5.8449,7.02333,7.02333,4.98965,4.97349,5.31718,0.616735,0.62839,0.38055
3,5.226168224,1.94286,6.98885,6.98885,4.9692,4.95373,5.29576,-2.18236,-2.17121,-2.41785
3,5.45046729,4.81633,6.90203,6.90203,4.91806,4.90432,5.24221,-0.0733598,-0.0634574,-0.307111
3,5.876635514,3.59184,6.73524,6.73524,4.82089,4.81045,5.14045,-0.886297,-0.878773,-1.11674
3,5.943925234,4.70204,6.70875,6.70875,4.80555,4.79563,5.12439,-0.0746399,-0.0674916,-0.304565
3,6.011214953,4.3102,6.68223,6.68223,4.7902,4.78081,5.10832,-0.346139,-0.339366,-0.575542
3,6.03364486,6.33469,6.67338,6.67338,4.78509,4.77587,5.10297,1.11745,1.1241,0.888225
3,6.347663551,4.60408,6.54917,6.54917,4.71349,4.7067,5.02799,-0.0788982,-0.0740034,-0.305693
3,6.841121495,5.12653,6.3531,6.3531,4.60098,4.59801,4.91018,0.378986,0.381125,0.156017
3,6.908411215,6.12245,6.3263,6.3263,4.58564,4.58319,4.89411,1.10823,1.10999,0.885781
3,6.998130841,4.19592,6.29056,6.29056,4.56518,4.56343,4.87269,-0.266285,-0.265022,-0.488036
3,7.020560748,6.17143,6.28162,6.28162,4.56007,4.55849,4.86734,1.16199,1.16313,0.94041
3,7.042990654,5.40408,6.27267,6.27267,4.55495,4.55355,4.86198,0.612325,0.613337,0.390921
3,7.155140187,7.77143,6.22795,6.22795,4.52938,4.52885,4.8352,2.33791,2.3383,2.11738
3,7.244859813,4.76735,6.19216,6.19216,4.50893,4.50909,4.81378,0.186353,0.186237,-0.0334866
3,7.289719626,6.85714,6.17425,6.17425,4.4987,4.49921,4.80307,1.70073,1.70036,1.48124
3,7.334579439,5.81224,6.15635,6.15635,4.48847,4.48932,4.79236,0.954604,0.953987,0.73546
3,7.334579439,4.44082,6.15635,6.15635,4.48847,4.48932,4.79236,-0.0343638,-0.0349805,-0.253508
3,7.379439252,4.01633,6.13844,6.13844,4.47824,4.47944,4.78165,-0.333097,-0.333964,-0.551894
3,7.446728972,6.23673,6.11156,6.11156,4.4629,4.46462,4.76559,1.27915,1.27791,1.06088
3,7.648598131,4.81633,6.03091,6.03091,4.41687,4.42016,4.71739,0.288056,0.285686,0.0713457
3,7.693457944,6.44898,6.01298,6.01298,4.40664,4.41028,4.70668,1.47277,1.47015,1.25641
3,7.85046729,4.76735,5.95021,5.95021,4.37085,4.37569,4.66919,0.285925,0.282429,0.0707813
3,7.962616822,6.80816,5.90535,5.90535,4.34528,4.35099,4.64242,1.77604,1.77192,1.56177
3,8.007476636,5.74694,5.88741,5.88741,4.33505,4.34111,4.63171,1.01815,1.01377,0.804219
3,8.007476636,3.6898,5.88741,5.88741,4.33505,4.34111,4.63171,-0.465307,-0.469679,-0.679233
3,8.007476636,5.3551,5.88741,5.88741,4.33505,4.34111,4.63171,0.735583,0.731211,0.521657
3,8.142056075,8.26122,5.83357,5.83357,4.30437,4.31147,4.59958,2.85338,2.84826,2.6405
3,8.231775701,4.5551,5.79766,5.79766,4.28391,4.29171,4.57815,0.195563,0.189939,-0.0166235
3,8.321495327,5.48571,5.76176,5.76176,4.26345,4.27195,4.55673,0.8814,0.875275,0.669909
3,8.343925234,4.32653,5.75278,5.75278,4.25834,4.26701,4.55138,0.0491742,0.0429244,-0.162143
3,8.456074766,5.9102,5.70788,5.70788,4.23277,4.2423,4.5246,1.20964,1.20276,0.999188
3,8.747663551,4.75102,5.59113,5.59113,4.16629,4.17808,4.45499,0.421662,0.413161,0.213477
3,8.882242991,3.98367,5.53723,5.53723,4.13561,4.14844,4.42285,-0.109562,-0.118815,-0.316704
3,8.94953271,6.66122,5.51027,5.51027,4.12027,4.13362,4.40679,1.83234,1.82271,1.62572
3,9.01682243,4.8,5.48332,5.48332,4.10492,4.1188,4.39072,0.501235,0.491231,0.295138
3,9.039252336,5.9102,5.47433,5.47433,4.09981,4.11386,4.38537,1.30552,1.29539,1.09959
3,9.039252336,4.60408,5.47433,5.47433,4.09981,4.11386,4.38537,0.363642,0.353512,0.157718
3,9.151401869,7.72245,5.42941,5.42941,4.07424,4.08916,4.35859,2.6308,2.62005,2.42575
3,9.218691589,3.80408,5.40245,5.40245,4.0589,4.07433,4.34253,-0.183755,-0.194886,-0.388286
3,9.285981308,5.06122,5.37549,5.37549,4.04356,4.05951,4.32646,0.733862,0.722356,0.529853
3,9.330841121,6.22041,5.35751,5.35751,4.03333,4.04963,4.31575,1.57715,1.56539,1.37349
3,9.353271028,5.32245,5.34853,5.34853,4.02822,4.04469,4.3104,0.9333,0.921418,0.729813
3,9.375700935,4.39184,5.33954,5.33954,4.0231,4.03975,4.30504,0.265902,0.253895,0.0625889
3,9.487850467,6.26939,5.2946,5.2946,3.99754,4.01505,4.27827,1.63828,1.62565,1.43584
3,9.66728972,4.34286,5.2227,5.2227,3.95663,3.97553,4.23543,0.27852,0.264886,0.0774699
3,9.846728972,4.71837,5.15078,5.15078,3.91572,3.93601,4.19259,0.578809,0.564174,0.379152
3,9.958878505,5.02857,5.10584,5.10584,3.89015,3.91131,4.16581,0.820942,0.805681,0.622155
3,10.00373832,6.92245,5.08786,5.08786,3.87992,3.90143,4.1551,2.19403,2.17852,1.9956
3,10.02616822,4.35918,5.07887,5.07887,3.87481,3.89649,4.14975,0.349294,0.333657,0.151029
3,10.02616822,5.51837,5.07887,5.07887,3.87481,3.89649,4.14975,1.18521,1.16957,0.986942
3,10.11588785,7.24898,5.04291,5.04291,3.85435,3.87673,4.12833,2.44794,2.4318,2.25037
3,10.22803738,3.80408,4.99796,4.99796,3.82879,3.85203,4.10155,-0.0178158,-0.0345794,-0.214514
3,10.2953271,5.1102,4.97099,4.97099,3.81345,3.83721,4.08549,0.935121,0.917981,0.738945
3,10.34018692,5.20816,4.95301,4.95301,3.80322,3.82733,4.07478,1.01314,0.995747,0.817309
3,10.38504673,3.15102,4.93503,4.93503,3.79299,3.81746,4.06407,-0.462941,-0.480581,-0.65842
3,10.45233645,4.63673,4.90805,4.90805,3.77765,3.80264,4.048,0.619503,0.601488,0.424546
3,10.65420561,4.70204,4.82714,4.82714,3.73163,3.75818,3.99981,0.699783,0.680641,0.506393
3,10.69906542,4.13061,4.80915,4.80915,3.72141,3.7483,3.9891,0.295087,0.275695,0.102046
3,10.74392523,3.4449,4.79117,4.79117,3.71118,3.73842,3.97839,-0.192022,-0.211664,-0.384715
3,10.85607477,6.07347,4.74621,4.74621,3.68561,3.71372,3.95162,1.72194,1.70167,1.53011
3,10.94579439,4.21224,4.71025,4.71025,3.66516,3.69396,3.9302,0.394514,0.373746,0.203389
3,10.99065421,5.42041,4.69227,4.69227,3.65494,3.68408,3.91949,1.27312,1.2521,1.08235
3,11.01308411,5.99184,4.68327,4.68327,3.64982,3.67914,3.91414,1.68888,1.66774,1.49828
3,11.03551402,4.81633,4.67428,4.67428,3.64471,3.6742,3.90878,0.844879,0.823611,0.654451
3,11.14766355,6.38367,4.62932,4.62932,3.61914,3.64951,3.88201,1.99356,1.97167,1.80401
3,11.23738318,2.48163,4.59336,4.59336,3.59869,3.62975,3.86059,-0.805537,-0.827932,-0.994397
3,11.28224299,4.65306,4.57537,4.57537,3.58847,3.61987,3.84988,0.767703,0.745058,0.579192
3,11.3271028,3.65714,4.55739,4.55739,3.57824,3.60999,3.83917,0.0568975,0.0340024,-0.131265
3,11.37196262,2.13878,4.53941,4.53941,3.56802,3.60011,3.82846,-1.03066,-1.0538,-1.21847
3,11.41682243,4.16327,4.52142,4.52142,3.55779,3.59023,3.81775,0.436622,0.413226,0.249157
3,11.6635514,2.67755,4.42251,4.42251,3.50155,3.5359,3.75885,-0.594205,-0.618976,-0.779752
3,11.68598131,3.2,4.41352,4.41352,3.49644,3.53096,3.7535,-0.213768,-0.238664,-0.399141
3,11.73084112,2.38367,4.39554,4.39554,3.48621,3.52108,3.74279,-0.795066,-0.820212,-0.98009
3,11.86542056,3.36327,4.34159,4.34159,3.45554,3.49145,3.71067,-0.0665397,-0.0924366,-0.250518
3,11.93271028,4.94694,4.31461,4.31461,3.4402,3.47663,3.6946,1.08654,1.06027,0.903088
3,12,3.78776,4.28763,4.28763,3.42486,3.46182,3.67854,0.261689,0.235042,0.0787576
3,12.02242991,6.22041,4.27864,4.27864,3.41975,3.45688,3.67319,2.01962,1.99284,1.83686
3,12.04485981,3.08571,4.26965,4.26965,3.41464,3.45194,3.66783,-0.237195,-0.264092,-0.419778
3,12.11214953,5.64898,4.24267,4.24267,3.3993,3.43712,3.65177,1.62229,1.59502,1.44023
3,12.22429907,2.51429,4.19771,4.19771,3.37374,3.41243,3.625,-0.619773,-0.647671,-0.80096
3,12.29158879,4.88163,4.17074,4.17074,3.35841,3.39761,3.60894,1.09843,1.07016,0.91777
3,12.31401869,5.19184,4.16175,4.16175,3.35329,3.39267,3.60358,1.32582,1.29742,1.14533
3,12.3364486,2.82449,4.15276,4.15276,3.34818,3.38774,3.59823,-0.377646,-0.406169,-0.55796
3,12.3588785,2.30204,4.14376,4.14376,3.34307,3.3828,3.59287,-0.750709,-0.779357,-0.930849
3,12.44859813,4.73469,4.1078,4.1078,3.32262,3.36304,3.57146,1.01828,0.989128,0.838835
3,12.65046729,2.36735,4.02687,4.02687,3.27662,3.3186,3.52327,-0.655695,-0.685968,-0.833565
3,12.6728972,3.46122,4.01788,4.01788,3.27151,3.31366,3.51792,0.136811,0.106413,-0.040885
3,12.74018692,3.05306,3.9909,3.9909,3.25617,3.29884,3.50186,-0.146467,-0.17724,-0.323639
3,12.87476636,3.00408,3.93695,3.93695,3.2255,3.26922,3.46974,-0.159672,-0.191194,-0.335796
3,12.94205607,4.08163,3.90998,3.90998,3.21017,3.2544,3.45368,0.628432,0.596535,0.452832
3,12.98691589,4.44082,3.89199,3.89199,3.19995,3.24453,3.44297,0.894818,0.862672,0.719569
3,13.00934579,4.57143,3.883,3.883,3.19484,3.23959,3.43762,0.992692,0.96042,0.817616
3,13.0317757,2.62857,3.87401,3.87401,3.18973,3.23465,3.43226,-0.404661,-0.437057,-0.579561
3,13.16635514,4.60408,3.82006,3.82006,3.15906,3.20502,3.40014,1.04204,1.00889,0.868186
3,13.23364486,2.10612,3.79309,3.79309,3.14373,3.19021,3.38409,-0.748241,-0.78176,-0.921568
3,13.30093458,3.55918,3.76611,3.76611,3.1284,3.1754,3.36803,0.31065,0.276757,0.137848
3,13.30093458,2.35102,3.76611,3.76611,3.1284,3.1754,3.36803,-0.560584,-0.594477,-0.733386
3,13.32336449,3.13469,3.75712,3.75712,3.12329,3.17046,3.36267,0.00822594,-0.025792,-0.164401
3,13.3682243,2.93878,3.73914,3.73914,3.11307,3.16059,3.35197,-0.125685,-0.159952,-0.297962
3,13.45794393,3.98367,3.70318,3.70318,3.09263,3.14084,3.33056,0.642555,0.607788,0.470978
3,13.65981308,5.33e-15,3.62226,3.62226,3.04663,3.09641,3.28238,-2.197,-2.23289,-2.367
3,13.68224299,2.17143,3.61327,3.61327,3.04153,3.09147,3.27703,-0.627446,-0.663462,-0.797273
3,13.74953271,1.69796,3.5863,3.5863,3.0262,3.07666,3.26097,-0.957822,-0.994212,-1.12712
3,13.86168224,0.897959,3.54134,3.54134,3.00065,3.05198,3.23421,-1.5163,-1.55331,-1.68472
3,13.92897196,3.57551,3.51437,3.51437,2.98532,3.03717,3.21815,0.425597,0.388209,0.257698
3,13.99626168,3.5102,3.4874,3.4874,2.97,3.02236,3.2021,0.389555,0.351794,0.222182
3,14.01869159,1.50204,3.47841,3.47841,2.96489,3.01743,3.19675,-1.05489,-1.09278,-1.22209
3,14.0411215,2.69388,3.46942,3.46942,2.95978,3.01249,3.19139,-0.191748,-0.229759,-0.35877
3,14.13084112,5.30612,3.43346,3.43346,2.93935,2.99275,3.16999,1.70674,1.66823,1.54042
3,14.24299065,1.6,3.38852,3.38852,2.91381,2.96807,3.14323,-0.947415,-0.986546,-1.11286
3,14.28785047,3.88571,3.37054,3.37054,2.90359,2.9582,3.13253,0.708231,0.668852,0.543141
3,14.33271028,2.77551,3.35256,3.35256,2.89338,2.94833,3.12182,-0.0849954,-0.124624,-0.249734
3,14.44485981,4.27755,3.30762,3.30762,2.86784,2.92366,3.09507,1.01658,0.976325,0.852715
3,14.64672897,2.25306,3.22673,3.22673,2.82188,2.87925,3.04691,-0.410186,-0.451556,-0.572463
3,14.69158879,5.07755,3.20875,3.20875,2.81166,2.86938,3.03621,1.63398,1.59236,1.47206
3,14.93831776,2.93878,3.1099,3.1099,2.7555,2.81511,2.97736,0.132164,0.0891781,-0.0278236
3,14.98317757,3.10204,3.09193,3.09193,2.74529,2.80524,2.96666,0.257261,0.214027,0.0976261
3,15.00560748,1.19184,3.08294,3.08294,2.74019,2.80031,2.96131,-1.11655,-1.15991,-1.27601
3,15.05046729,1.51837,3.06497,3.06497,2.72998,2.79045,2.95061,-0.873718,-0.917324,-1.03282
3,15.11775701,5.38776,3.03802,3.03802,2.71466,2.77565,2.93456,1.92763,1.88365,1.76905
3,15.25233645,1.76327,2.98411,2.98411,2.68404,2.74606,2.90247,-0.66399,-0.708712,-0.821507
3,15.29719626,2.98776,2.96614,2.96614,2.67383,2.73619,2.89177,0.226378,0.181407,0.0692142
3,15.36448598,1.25714,2.9392,2.9392,2.65852,2.7214,2.87573,-1.01057,-1.05591,-1.1672
3,15.4317757,3.96735,2.91225,2.91225,2.64321,2.70661,2.85968,0.954863,0.909149,0.79876
3,15.67850467,0.0163265,2.81346,2.81346,2.58709,2.65237,2.80086,-1.85384,-1.90091,-2.00799
3,15.92523364,2.59592,2.71471,2.71471,2.53099,2.59815,2.74205,0.0468205,-0.00161277,-0.105382
3,16.1271028,0.881633,2.63395,2.63395,2.48511,2.55381,2.69395,-1.1563,-1.20584,-1.3069
3,16.21682243,1.24082,2.59806,2.59806,2.46472,2.5341,2.67257,-0.882583,-0.932617,-1.03247
3,16.30654206,2.85714,2.56219,2.56219,2.44433,2.5144,2.6512,0.297686,0.247161,0.148512
3,16.35140187,0.914286,2.54425,2.54425,2.43414,2.50455,2.64051,-1.096,-1.14677,-1.24482
3,16.4635514,2.84082,2.49942,2.49942,2.40867,2.47992,2.6138,0.311632,0.260248,0.163708
3,16.66542056,2.74286,2.41877,2.41877,2.36283,2.43561,2.56572,0.274047,0.221561,0.127735
3,16.97943925,0.163265,2.29342,2.29342,2.29157,2.36672,2.49097,-1.53477,-1.58896,-1.67856
3,17.00186916,2.17143,2.28448,2.28448,2.28648,2.3618,2.48563,-0.0829663,-0.137281,-0.22658
3,17.11401869,2.23673,2.23976,2.23976,2.26105,2.33721,2.45895,-0.017531,-0.0724529,-0.160243
3,17.20373832,0.555102,2.204,2.204,2.2407,2.31754,2.4376,-1.21552,-1.27093,-1.35751
3,17.29345794,0.457143,2.16827,2.16827,2.22037,2.29787,2.41626,-1.2715,-1.32739,-1.41276
3,17.29345794,1.95918,2.16827,2.16827,2.22037,2.29787,2.41626,-0.188345,-0.244236,-0.329609
3,17.31588785,3.2,2.15933,2.15933,2.21528,2.29296,2.41093,0.710102,0.654089,0.569019
3,17.42803738,2.67755,2.1147,2.1147,2.18987,2.26838,2.38426,0.351676,0.29506,0.211501
3,18.03364486,1.81224,1.87438,1.87438,2.05284,2.13583,2.24037,-0.173498,-0.233342,-0.308732
3,18.12336449,4.5551,1.83891,1.83891,2.03257,2.11621,2.21908,1.81906,1.75874,1.68456
3,18.23551402,0.555102,1.79463,1.79463,2.00724,2.0917,2.19247,-1.04717,-1.10808,-1.18074
3,18.37009346,1.30612,1.7416,1.7416,1.97687,2.06231,2.16055,-0.48369,-0.545303,-0.616146
3,18.43738318,2.20408,1.71512,1.71512,1.96169,2.04762,2.1446,0.174793,0.11283,0.0428967
3,18.95327103,2.04082,1.51336,1.51336,1.84554,1.93515,2.02244,0.140821,0.0762013,0.0132496
3,19.13271028,2.57959,1.44381,1.44381,1.80523,1.8961,1.98003,0.558408,0.49288,0.432359
3,19.26728972,0.359184,1.39192,1.39192,1.77505,1.86685,1.94824,-1.02101,-1.08721,-1.14591
3,19.44672897,1.63265,1.32313,1.32313,1.73485,1.82788,1.90591,-0.0736975,-0.140785,-0.197051
3,20.43364486,1.66531,0.9571,0.9571,1.51522,1.61467,1.67414,0.108228,0.0365128,-0.00637267
4,0,1.95122,6.08262,6.08262,1.23673,1.26544,1.34505,0.515235,0.494532,0.437121
4,0.993314231,2.05765,6.75831,6.75831,2.93974,2.94856,3.00274,-0.636093,-0.642459,-0.681523
4,1.107927412,5.62306,6.83295,6.83295,3.12691,3.13531,3.19068,1.80003,1.79397,1.75404
4,1.184336199,0.922395,6.88205,6.88205,3.25173,3.25984,3.31601,-1.67973,-1.68559,-1.72609
4,1.222540592,4.25721,6.90637,6.90637,3.31414,3.32212,3.37868,0.680064,0.674314,0.633524
4,1.910219675,7.34368,7.3056,7.3056,4.43803,4.44343,4.5071,2.09533,2.09144,2.04552
4,1.986628462,4.00887,7.34341,7.34341,4.56293,4.56803,4.6325,-0.399542,-0.403226,-0.449713
4,2.101241643,5.81818,7.39663,7.39663,4.75027,4.75495,4.82059,0.770097,0.766723,0.719384
4,2.17765043,4.00887,7.42955,7.42955,4.87516,4.87956,4.94599,-0.624705,-0.627871,-0.675779
4,2.215854823,2.80266,7.44517,7.44517,4.93761,4.94186,5.00869,-1.53956,-1.54262,-1.59082
4,2.215854823,4.47007,7.44517,7.44517,4.93761,4.94186,5.00869,-0.337158,-0.340221,-0.388412
4,2.521489971,3.051,7.54745,7.54745,5.4372,5.4403,5.51028,-1.72075,-1.72298,-1.77344
4,2.903533906,8.26608,7.60974,7.60974,6.06169,6.06336,6.13727,1.58963,1.58843,1.53513
4,3.018147087,4.82483,7.61338,7.61338,6.24904,6.25027,6.32537,-1.02703,-1.02792,-1.08207
4,3.094555874,6.56319,7.61211,7.61211,6.37394,6.37488,6.45077,0.136478,0.135794,0.0810724
4,3.132760267,6.17295,7.61041,7.61041,6.43638,6.43719,6.51347,-0.189969,-0.19055,-0.245555
4,3.209169054,4.15078,7.60496,7.60496,6.56128,6.5618,6.63886,-1.73827,-1.73864,-1.79422
4,3.209169054,4.66519,7.60496,7.60496,6.56128,6.5618,6.63886,-1.36732,-1.36769,-1.42326
4,3.209169054,6.03104,7.60496,7.60496,6.56128,6.5618,6.63886,-0.382368,-0.382742,-0.438314
4,3.896848138,8.26608,7.46193,7.46193,7.67189,7.67014,7.72065,0.428483,0.429743,0.393315
4,3.915950334,7.18404,7.45626,7.45626,7.69264,7.69095,7.73346,-0.36677,-0.365547,-0.396203
4,4.011461318,6.29712,7.42701,7.42701,7.75044,7.74899,7.75853,-1.04802,-1.04698,-1.05386
4,4.087870105,8.2306,7.40267,7.40267,7.75301,7.75166,7.74465,0.344397,0.345371,0.350428
4,4.106972302,7.55654,7.39647,7.39647,7.74936,7.74802,7.73802,-0.139047,-0.13808,-0.130869
4,4.183381089,7.73392,7.37124,7.37124,7.72278,7.72143,7.70294,0.00803993,0.00900754,0.0223466
4,4.240687679,7.27273,7.35192,7.35192,7.6939,7.69252,7.67034,-0.303717,-0.302722,-0.286727
4,4.240687679,4.50554,7.35192,7.35192,7.6939,7.69252,7.67034,-2.2992,-2.2982,-2.28221
4,4.508118434,7.94678,7.25809,7.25809,7.51731,7.51555,7.48956,0.309704,0.310975,0.329717
4,4.508118434,6.38581,7.25809,7.25809,7.51731,7.51555,7.48956,-0.815951,-0.814679,-0.795937
4,4.699140401,7.50333,7.18833,7.18833,7.37863,7.37652,7.35199,0.0899232,0.0914414,0.109132
4,4.890162369,8.54989,7.11699,7.11699,7.23831,7.23586,7.21335,0.945806,0.947579,0.963812
4,4.928366762,7.57428,7.10257,7.10257,7.2102,7.20767,7.18558,0.262548,0.264372,0.2803
4,5.023877746,6.40355,7.06633,7.06633,7.13987,7.13717,7.11615,-0.530981,-0.529029,-0.513872
4,5.062082139,7.25499,7.05177,7.05177,7.11174,7.10896,7.08837,0.103302,0.105306,0.120153
4,5.11938873,8.08869,7.02986,7.02986,7.06953,7.06664,7.0467,0.734943,0.737024,0.751404
4,5.17669532,7.5388,7.00788,7.00788,7.02731,7.02432,7.00503,0.368847,0.371005,0.384918
4,5.214899713,6.7051,6.99319,6.99319,6.99917,6.9961,6.97724,-0.212059,-0.20985,-0.19625
4,5.23400191,6.26164,6.98583,6.98583,6.9851,6.982,6.96335,-0.5217,-0.519465,-0.50602
4,5.520534862,6.29712,6.87475,6.87475,6.774,6.77037,6.75497,-0.343891,-0.34127,-0.330171
4,5.539637058,5.10865,6.8673,6.8673,6.75993,6.75626,6.74108,-1.19077,-1.18813,-1.17719
4,5.711556829,6.52772,6.80007,6.80007,6.63327,6.62928,6.61605,-0.0761151,-0.073237,-0.063702
4,5.902578797,7.60976,6.72503,6.72503,6.49253,6.48818,6.47713,0.805655,0.808791,0.816761
4,5.921680993,6.86475,6.71751,6.71751,6.47846,6.47408,6.46324,0.278559,0.281721,0.289534
4,6.036294174,7.41463,6.67233,6.67233,6.39402,6.38942,6.37989,0.73599,0.739304,0.746179
4,6.074498567,5.42794,6.65725,6.65725,6.36587,6.3612,6.3521,-0.676365,-0.672998,-0.666437
4,6.074498567,5.14412,6.65725,6.65725,6.36587,6.3612,6.3521,-0.881029,-0.877663,-0.871101
4,6.112702961,8.42572,6.64216,6.64216,6.33772,6.33298,6.32432,1.5057,1.50912,1.51537
4,6.189111748,5.39246,6.61195,6.61195,6.28143,6.27655,6.26875,-0.641056,-0.637536,-0.631913
4,6.227316141,6.95344,6.59684,6.59684,6.25328,6.24833,6.24097,0.504895,0.508468,0.513778
4,6.227316141,5.78271,6.59684,6.59684,6.25328,6.24833,6.24097,-0.339346,-0.335773,-0.330463
4,6.227316141,5.85366,6.59684,6.59684,6.25328,6.24833,6.24097,-0.28818,-0.284607,-0.279297
4,6.532951289,4.64745,6.47566,6.47566,6.02811,6.02259,6.01869,-0.995625,-0.991642,-0.988835
4,6.532951289,5.60532,6.47566,6.47566,6.02811,6.02259,6.01869,-0.304883,-0.300899,-0.298093
4,6.723973257,5.21508,6.39973,6.39973,5.88738,5.8815,5.87977,-0.48481,-0.48057,-0.479327
4,6.914995224,5.78271,6.32368,6.32368,5.74664,5.74041,5.74085,0.0260046,0.0305009,0.0301813
4,6.914995224,5.56984,6.32368,6.32368,5.74664,5.74041,5.74085,-0.127494,-0.122997,-0.123317
4,7.029608405,6.03104,6.27801,6.27801,5.66221,5.65576,5.6575,0.265976,0.270627,0.26937
4,7.067812798,6.13747,6.26278,6.26278,5.63406,5.62754,5.62972,0.363022,0.367725,0.366155
4,7.067812798,5.78271,6.26278,6.26278,5.63406,5.62754,5.62972,0.107191,0.111894,0.110324
4,7.106017192,7.84035,6.24754,6.24754,5.60591,5.59932,5.60193,1.61131,1.61606,1.61418
4,7.182425979,4.75388,6.21707,6.21707,5.54962,5.54288,5.54636,-0.573826,-0.568967,-0.571478
4,7.220630372,5.35698,6.20182,6.20182,5.52147,5.51466,5.51858,-0.118617,-0.113707,-0.11653
4,7.220630372,4.50554,6.20182,6.20182,5.52147,5.51466,5.51858,-0.73261,-0.7277,-0.730523
4,7.258834766,4.36364,6.18658,6.18658,5.49333,5.48645,5.4908,-0.814645,-0.809685,-0.81282
4,7.526265521,6.102,6.07979,6.07979,5.2963,5.28892,5.29631,0.581006,0.586325,0.580999
4,7.526265521,4.32816,6.07979,6.07979,5.2963,5.28892,5.29631,-0.698147,-0.692828,-0.698154
4,7.698185291,7.04213,6.01109,6.01109,5.16964,5.16194,5.17128,1.35029,1.35584,1.34911
4,7.908309456,6.91796,5.92708,5.92708,5.01483,5.00674,5.01847,1.37239,1.37822,1.36976
4,7.908309456,4.39911,5.92708,5.92708,5.01483,5.00674,5.01847,-0.444008,-0.438176,-0.446632
4,8.022922636,4.61197,5.88123,5.88123,4.93039,4.92209,4.93512,-0.229618,-0.223632,-0.233027
4,8.022922636,4.15078,5.88123,5.88123,4.93039,4.92209,4.93512,-0.562198,-0.556212,-0.565607
4,8.06112703,4.39911,5.86595,5.86595,4.90224,4.89387,4.90733,-0.36282,-0.356783,-0.36649
4,8.099331423,4.89579,5.85066,5.85066,4.8741,4.86566,4.87955,0.0156404,0.0217284,0.0117084
4,8.099331423,5.03769,5.85066,5.85066,4.8741,4.86566,4.87955,0.117973,0.124061,0.114041
4,8.213944604,4.18625,5.8048,5.8048,4.78966,4.781,4.7962,-0.43513,-0.428888,-0.439846
4,8.213944604,3.08647,5.8048,5.8048,4.78966,4.781,4.7962,-1.2282,-1.22196,-1.23292
4,8.213944604,3.33481,5.8048,5.8048,4.78966,4.781,4.7962,-1.04912,-1.04288,-1.05384
4,8.2330468,4.5765,5.79716,5.79716,4.77559,4.7669,4.78231,-0.143567,-0.137301,-0.148414
4,8.519579752,4.77162,5.68246,5.68246,4.56449,4.55527,4.57393,0.149367,0.156017,0.142559
4,8.538681948,4.68293,5.67481,5.67481,4.55041,4.54116,4.56004,0.0955579,0.102234,0.0886189
4,8.672397326,4.86031,5.62127,5.62127,4.4519,4.4424,4.46279,0.294512,0.301366,0.286658
4,8.901623687,6.03104,5.52946,5.52946,4.28303,4.2731,4.2961,1.26053,1.26769,1.25111
4,9.016236867,2.55432,5.48355,5.48355,4.19859,4.18845,4.21275,-1.18572,-1.17841,-1.19593
4,9.054441261,4.70067,5.46825,5.46825,4.17045,4.16023,4.18496,0.382351,0.389717,0.371883
4,9.073543457,4.23947,5.4606,5.4606,4.15638,4.14613,4.17107,0.0599197,0.0673107,0.0493209
4,9.092645654,5.42794,5.45294,5.45294,4.1423,4.13202,4.15718,0.9271,0.934517,0.916371
4,9.092645654,4.32816,5.45294,5.45294,4.1423,4.13202,4.15718,0.134025,0.141442,0.123296
4,9.207258835,1.59645,5.40703,5.40703,4.05787,4.04737,4.07384,-1.77498,-1.76741,-1.7865
4,9.207258835,1.09978,5.40703,5.40703,4.05787,4.04737,4.07384,-2.13315,-2.12558,-2.14466
4,9.245463228,3.1929,5.39172,5.39172,4.02973,4.01915,4.04605,-0.60345,-0.595828,-0.615225
4,9.512893983,1.77384,5.28457,5.28457,3.83272,3.82165,3.85158,-1.48471,-1.47673,-1.49831
4,9.53199618,4.20399,5.27691,5.27691,3.81865,3.80754,3.83769,0.277879,0.285886,0.264145
4,9.70391595,7.29047,5.20802,5.20802,3.69201,3.68059,3.71269,2.59493,2.60316,2.58002
4,9.894937918,1.77384,5.13146,5.13146,3.55131,3.53953,3.57379,-1.28178,-1.27328,-1.29799
4,9.914040115,4.949,5.12381,5.12381,3.53724,3.52543,3.55991,1.01805,1.02657,1.00171
4,10.04775549,1.63193,5.07022,5.07022,3.43876,3.4267,3.46269,-1.30294,-1.29425,-1.3202
4,10.04775549,3.22838,5.07022,5.07022,3.43876,3.4267,3.46269,-0.151706,-0.143009,-0.168966
4,10.12416428,2.09313,5.03959,5.03959,3.38249,3.37028,3.40714,-0.929786,-0.920986,-0.947567
4,10.12416428,3.58315,5.03959,5.03959,3.38249,3.37028,3.40714,0.144703,0.153503,0.126921
4,10.20057307,0.922395,5.00897,5.00897,3.32622,3.31387,3.3516,-1.73345,-1.72455,-1.75175
4,10.20057307,1.20621,5.00897,5.00897,3.32622,3.31387,3.3516,-1.52879,-1.51988,-1.54709
4,10.20057307,1.59645,5.00897,5.00897,3.32622,3.31387,3.3516,-1.24737,-1.23847,-1.26568
4,10.27698185,1.41907,4.97834,4.97834,3.26995,3.25746,3.29606,-1.33471,-1.32571,-1.35354
4,10.50620821,2.62528,4.88646,4.88646,3.10118,3.08827,3.12946,-0.343186,-0.333875,-0.363576
4,10.67812798,4.23947,4.81755,4.81755,2.97464,2.96141,3.00454,0.912096,0.921635,0.890536
4,10.88825215,2.34146,4.73332,4.73332,2.82003,2.80642,2.85191,-0.345104,-0.33529,-0.368092
4,10.92645654,5.35698,4.718,4.718,2.79193,2.77825,2.82416,1.84972,1.85959,1.82647
4,11.04106972,0.851441,4.67206,4.67206,2.70763,2.69375,2.74095,-1.33854,-1.32853,-1.36257
4,11.06017192,3.40576,4.6644,4.6644,2.69359,2.67967,2.72708,0.513566,0.523605,0.489413
4,11.09837631,2.8204,4.64908,4.64908,2.6655,2.65151,2.69935,0.1117,0.121789,0.0872891
4,11.11747851,2.41242,4.64143,4.64143,2.65146,2.63743,2.68549,-0.172378,-0.162264,-0.196919
4,11.1938873,0.532151,4.61079,4.61079,2.5953,2.58113,2.63004,-1.48778,-1.47757,-1.51284
4,11.1938873,1.70288,4.61079,4.61079,2.5953,2.58113,2.63004,-0.643541,-0.633328,-0.668597
4,11.27029608,0.354767,4.58016,4.58016,2.53916,2.52486,2.57461,-1.57521,-1.5649,-1.60078
4,11.49952245,1.5255,4.48827,4.48827,2.37087,2.35617,2.40845,-0.609618,-0.599013,-0.636717
4,11.53772684,2.83814,4.47296,4.47296,2.34285,2.32808,2.38078,0.357163,0.367816,0.329811
4,11.72874881,4.96674,4.39638,4.39638,2.20287,2.18777,2.24254,1.99309,2.00398,1.96448
4,11.91977077,2.44789,4.3198,4.3198,2.06318,2.04776,2.10456,0.277426,0.288545,0.247588
4,12.03438395,0.141907,4.27385,4.27385,1.97954,1.96394,2.02193,-1.32516,-1.31391,-1.35572
4,12.03438395,2.02217,4.27385,4.27385,1.97954,1.96394,2.02193,0.0307401,0.041991,0.000178426
4,12.07258835,0.922395,4.25853,4.25853,1.9517,1.93604,1.99441,-0.742257,-0.730963,-0.773057
4,12.11079274,1.38359,4.24322,4.24322,1.92388,1.90816,1.96692,-0.389615,-0.378278,-0.420651
4,12.11079274,3.01552,4.24322,4.24322,1.92388,1.90816,1.96692,0.787206,0.798542,0.75617
4,12.22540592,0.496674,4.19727,4.19727,1.84055,1.82466,1.88456,-0.9691,-0.95764,-1.00083
4,12.22540592,2.76718,4.19727,4.19727,1.84055,1.82466,1.88456,0.668216,0.679676,0.636482
4,12.53104107,0.567627,4.07475,4.07475,1.61962,1.60332,1.66605,-0.758612,-0.746864,-0.792099
4,12.53104107,2.44789,4.07475,4.07475,1.61962,1.60332,1.66605,0.59729,0.609038,0.563803
4,12.70296084,3.40576,4.00582,4.00582,1.49647,1.48,1.54414,1.37683,1.38871,1.34246
4,12.913085,2.55432,3.92159,3.92159,1.34755,1.33094,1.39653,0.870229,0.88221,0.834914
4,13.04680038,2.92683,3.86799,3.86799,1.25398,1.23732,1.30363,1.20633,1.21834,1.17052
4,13.06590258,0,3.86033,3.86033,1.2407,1.22404,1.29044,-0.894698,-0.882684,-0.930566
4,13.10410697,0.354767,3.84501,3.84501,1.21422,1.19756,1.26412,-0.619772,-0.607757,-0.655758
4,13.12320917,1.24169,3.83736,3.83736,1.20102,1.18436,1.251,0.0293237,0.0413382,-0.00671715
4,13.21872015,1.0643,3.79907,3.79907,1.13544,1.1188,1.18574,-0.0512968,-0.0392977,-0.0875754
4,13.5243553,2.18182,3.67655,3.67655,0.931345,0.915008,0.981993,0.901744,0.913525,0.865221
4,13.5243553,1.77384,3.67655,3.67655,0.931345,0.915008,0.981993,0.607539,0.61932,0.571015
4,13.69627507,3.051,3.60764,3.60764,0.821577,0.805603,0.871809,1.60769,1.6192,1.57146
4,13.92550143,2.5898,3.51576,3.51576,0.682762,0.667541,0.73158,1.37521,1.38618,1.34
4,14.05921681,2.25277,3.46217,3.46217,0.606619,0.59199,0.654099,1.18708,1.19763,1.15284
4,14.0974212,0,3.44686,3.44686,0.585607,0.571168,0.632632,-0.422295,-0.411882,-0.456205
4,14.0974212,0.283814,3.44686,3.44686,0.585607,0.571168,0.632632,-0.21763,-0.207217,-0.251541
4,14.51766953,1.31264,3.27844,3.27844,0.379803,0.368025,0.419713,0.672689,0.681182,0.643908
4,14.7086915,6.40355,3.2019,3.2019,0.303383,0.293071,0.338994,4.39897,4.4064,4.37329
4,14.89971347,0.532151,3.12536,3.12536,0.238315,0.229522,0.269261,0.211892,0.218233,0.189576
4,15.05253104,1.70288,3.06414,3.06414,0.194271,0.186672,0.221413,1.08789,1.09337,1.06832
4,15.70200573,3.76053,2.80406,2.80406,0.0746142,0.0711231,0.0878253,2.658,2.66052,2.64847
4,15.8930277,0.0709534,2.7276,2.7276,0.0552134,0.0525336,0.0654928,0.0113505,0.0132829,0.0039378
4,16.04584527,1.91574,2.66645,2.66645,0.0432081,0.0410578,0.0515451,1.35033,1.35188,1.34431
4,16.10315186,0.86918,2.64353,2.64353,0.0393809,0.0374042,0.0470748,0.598387,0.599812,0.592838
4,16.52340019,1.5255,2.47551,2.47551,0.0197508,0.0187053,0.0239274,1.08583,1.08658,1.08282
4,16.71442216,4.45233,2.3992,2.3992,0.0143735,0.0135972,0.0175069,3.20031,3.20087,3.19805
4,16.88634193,0.354767,2.33057,2.33057,0.0107813,0.0101901,0.0131932,0.248056,0.248482,0.246317
4,17.0582617,2.1286,2.26199,2.26199,0.0080808,0.00762926,0.00993027,1.52916,1.52948,1.52782
4,17.68863419,2.69623,2.01112,2.01112,0.00279167,0.0026265,0.00348141,1.9423,1.94242,1.9418
