parameter,value,CV,se_sa,rse_sa,P2.5_sa,P97.5_sa
alpha_pop,4.93e-05,
D_pop,0.95968144624871,,0.292295934352245,30.4575998103118,0.547483,1.68222
E_pop,5,
C_pop,10,
B_pop,7666.51636150138,,23.6519659104325,0.308509951523805,7620.3,7713.01
ECLIPSE0_pop,9.99999999999999e-08,
BUD0_pop,0.033,
ep_pop,0.001,
Time0_pop,9.31896190296236,,5.46684763513399,58.6636976528057,0.0161379,13.9962
omega_alpha,10.6151065057296,2.93938634135617e+26,6.14722947985477,57.9102006799156,4.1036,27.4589
omega_D,0.566348158616873,61.4948228616604,0.206978959823709,36.5462404484885,0.293289,1.09363
omega_B,0.000392419202198512,0.0392419217207243,0.00127306389961755,324.414272412069,4.09223e-05,0.00376306
omega_Time0,6.13370602455721,79.5270761640428,4.8408612314964,78.9222895931969,1.89031,19.9027
a,1.38638043014978,,0.073904222157263,5.33073177823773,1.24912,1.53873
b,2.22044604925031e-16,,0.018456461519381,8.31205132212624e+15,3.36867e-21,1.4636e-11