id,time,y10,popPred_medianCOV,popPred,indivPred_SAEM,indivPred_mean,indivPred_mode,indWRes_SAEM,indWRes_mean,indWRes_mode
1,0,0.780488,6.79445,6.79445,3.29009,3.30651,3.29187,-1.81019,-1.82202,-1.81147
1,0,1.59645,6.79445,6.79445,3.29009,3.30651,3.29187,-1.22163,-1.23347,-1.22291
1,0.667302193,5.67627,7.1359,7.1359,4.38724,4.40397,4.39035,0.929785,0.917718,0.927543
1,0.762631077,5.25055,7.17921,7.17921,4.544,4.56077,4.5473,0.509641,0.497542,0.507261
1,1.029551954,3.22838,7.28991,7.28991,4.98293,4.99983,4.98676,-1.26556,-1.27775,-1.26833
1,1.18207817,7.3082,7.34487,7.34487,5.23375,5.25072,5.23789,1.49631,1.48407,1.49332
1,1.220209724,3.051,7.35753,7.35753,5.29646,5.31344,5.30067,-1.61966,-1.63191,-1.62269
1,1.258341277,5.32151,7.36973,7.36973,5.35916,5.37617,5.36345,-0.0271611,-0.0394254,-0.0302544
1,1.258341277,5.74723,7.36973,7.36973,5.35916,5.37617,5.36345,0.279912,0.267648,0.276819
1,1.315538608,5.88914,7.38713,7.38713,5.45322,5.47025,5.45762,0.314426,0.302142,0.31125
1,1.315538608,6.38581,7.38713,7.38713,5.45322,5.47025,5.45762,0.672678,0.660395,0.669502
1,1.410867493,4.15078,7.41367,7.41367,5.60999,5.62706,5.61458,-1.05253,-1.06485,-1.05584
1,1.448999047,3.37029,7.42338,7.42338,5.67269,5.68978,5.67736,-1.66073,-1.67306,-1.6641
1,1.468064824,8.17738,7.42803,7.42803,5.70404,5.72114,5.70875,1.78403,1.77169,1.78063
1,1.601525262,5.32151,7.45678,7.45678,5.92351,5.94068,5.92849,-0.434229,-0.446608,-0.437816
1,1.67778837,6.45676,7.4701,7.4701,6.04893,6.06612,6.05405,0.294174,0.281769,0.290479
1,1.754051478,4.15078,7.48109,7.48109,6.17434,6.19157,6.17961,-1.4596,-1.47203,-1.4634
1,1.754051478,4.61197,7.48109,7.48109,6.17434,6.19157,6.17961,-1.12694,-1.13937,-1.13074
1,1.754051478,8.15965,7.48109,7.48109,6.17434,6.19157,6.17961,1.43201,1.41958,1.42821
1,1.811248808,6.79379,7.48779,7.48779,6.2684,6.28566,6.27378,0.378969,0.36652,0.375087
1,1.982840801,3.29933,7.49989,7.49989,6.55057,6.56791,6.55629,-2.34513,-2.35763,-2.34925
1,1.982840801,6.38581,7.49989,7.49989,6.55057,6.56791,6.55629,-0.118844,-0.13135,-0.122967
1,2.020972355,5.14412,7.50097,7.50097,6.61328,6.63063,6.61907,-1.0597,-1.07222,-1.06388
1,2.020972355,6.66962,7.50097,7.50097,6.61328,6.63063,6.61907,0.0406422,0.0281228,0.0364652
1,2.097235462,7.20177,7.50139,7.50139,6.73869,6.75608,6.74463,0.334024,0.32148,0.329741
1,2.135367016,5.1796,7.50075,7.50075,6.80139,6.8188,6.80741,-1.1698,-1.18236,-1.17414
1,2.230695901,6.31486,7.49677,7.49677,6.95816,6.97561,6.96436,-0.464017,-0.476606,-0.468486
1,2.249761678,7.80488,7.49557,7.49557,6.98951,7.00697,6.99574,0.588126,0.57553,0.58363
1,2.249761678,7.48559,7.49557,7.49557,6.98951,7.00697,6.99574,0.35782,0.345225,0.353325
1,2.326024786,5.46341,7.48949,7.48949,7.11492,7.13242,7.1213,-1.19124,-1.20386,-1.19584
1,2.326024786,7.27273,7.48949,7.48949,7.11492,7.13242,7.1213,0.113824,0.101203,0.109223
1,2.364156339,6.13747,7.4857,7.4857,7.17763,7.19515,7.18408,-0.750268,-0.762902,-0.754921
1,2.402287893,5.74723,7.48143,7.48143,7.24034,7.25787,7.24686,-1.07698,-1.08963,-1.08169
1,2.440419447,6.03104,7.4767,7.4767,7.30304,7.32059,7.30964,-0.917496,-0.930155,-0.922253
1,2.459485224,8.15965,7.47416,7.47416,7.33439,7.35195,7.34102,0.595257,0.582592,0.590474
1,2.592945663,7.59202,7.45341,7.45341,7.55386,7.5715,7.56073,0.0275258,0.0147979,0.0225682
1,2.66920877,8.12417,7.43937,7.43937,7.66987,7.68321,7.67536,0.32769,0.318065,0.323729
1,2.745471878,8.37251,7.42389,7.42389,7.74255,7.74877,7.74557,0.454391,0.449901,0.452213
1,2.745471878,7.41463,7.42389,7.42389,7.74255,7.74877,7.74557,-0.236525,-0.241014,-0.238703
1,2.764537655,5.67627,7.41981,7.41981,7.7527,7.75723,7.75514,-1.49773,-1.501,-1.49949
1,2.802669209,5.8714,7.41142,7.41142,7.76423,7.76575,7.76564,-1.3653,-1.36641,-1.36632
1,2.974261201,5.92461,7.37004,7.37004,7.72084,7.71558,7.72028,-1.29563,-1.29183,-1.29522
1,2.974261201,7.62749,7.37004,7.37004,7.72084,7.71558,7.72028,-0.0673338,-0.0635352,-0.0669258
1,2.974261201,6.68736,7.37004,7.37004,7.72084,7.71558,7.72028,-0.745454,-0.741656,-0.745046
1,3.012392755,6.102,7.36013,7.36013,7.69999,7.69418,7.69937,-1.15264,-1.14845,-1.15219
1,3.012392755,7.98226,7.36013,7.36013,7.69999,7.69418,7.69937,0.2036,0.207793,0.204052
1,3.088655863,6.77605,7.33962,7.33962,7.65327,7.64682,7.6527,-0.632738,-0.628084,-0.632329
1,3.16491897,6.31486,7.31826,7.31826,7.60264,7.59589,7.60227,-0.928881,-0.924016,-0.928618
1,3.203050524,7.48559,7.30729,7.30729,7.57649,7.56967,7.57625,-0.0655669,-0.0606496,-0.0653981
1,3.241182078,8.37251,7.29614,7.29614,7.54998,7.54312,7.54989,0.593289,0.598236,0.593354
1,3.241182078,8.2306,7.29614,7.29614,7.54998,7.54312,7.54989,0.490931,0.495878,0.490996
1,3.241182078,6.95344,7.29614,7.29614,7.54998,7.54312,7.54989,-0.430289,-0.425342,-0.430225
1,3.317445186,4.82483,7.27334,7.27334,7.49626,7.48938,7.49649,-1.92691,-1.92195,-1.92707
1,3.317445186,8.08869,7.27334,7.27334,7.49626,7.48938,7.49649,0.427319,0.432283,0.427157
1,3.317445186,7.7694,7.27334,7.27334,7.49626,7.48938,7.49649,0.197014,0.201978,0.196852
1,3.35557674,5.96009,7.26171,7.26171,7.46918,7.4623,7.46957,-1.08851,-1.08355,-1.08879
1,3.35557674,5.39246,7.26171,7.26171,7.46918,7.4623,7.46957,-1.49794,-1.49298,-1.49822
1,3.393708294,8.2306,7.24993,7.24993,7.44199,7.43513,7.44255,0.568826,0.57377,0.568422
1,3.393708294,6.95344,7.24993,7.24993,7.44199,7.43513,7.44255,-0.352394,-0.34745,-0.352798
1,3.469971401,7.55654,7.22597,7.22597,7.38742,7.38062,7.38833,0.121987,0.126894,0.121334
1,3.469971401,7.27273,7.22597,7.22597,7.38742,7.38062,7.38833,-0.0827283,-0.0778213,-0.083382
1,3.508102955,9.15299,7.2138,7.2138,7.36007,7.3533,7.36115,1.29324,1.29812,1.29246
1,3.546234509,6.95344,7.20151,7.20151,7.3327,7.32596,7.33395,-0.27356,-0.2687,-0.274468
1,3.584366063,7.59202,7.18911,7.18911,7.3053,7.2986,7.30674,0.206811,0.211645,0.205775
1,3.698760724,8.33703,7.15131,7.15131,7.22304,7.21645,7.22501,0.803525,0.808278,0.802103
1,3.736892278,8.01774,7.13852,7.13852,7.1956,7.18905,7.19775,0.593009,0.597733,0.591457
1,3.775023832,5.49889,7.12565,7.12565,7.16816,7.16165,7.17049,-1.20405,-1.19935,-1.20573
1,3.775023832,7.00665,7.12565,7.12565,7.16816,7.16165,7.17049,-0.116499,-0.111803,-0.11818
1,3.813155386,4.75388,7.11269,7.11269,7.14072,7.13425,7.14323,-1.72164,-1.71697,-1.72345
1,3.889418494,8.58537,7.08656,7.08656,7.08583,7.07944,7.0887,1.08162,1.08623,1.07955
1,3.908484271,8.85144,7.07998,7.07998,7.07211,7.06574,7.07507,1.28344,1.28803,1.2813
1,3.965681602,7.37916,7.06015,7.06015,7.03094,7.02463,7.03417,0.251171,0.255724,0.248843
1,3.965681602,5.81818,7.06015,7.06015,7.03094,7.02463,7.03417,-0.874765,-0.870212,-0.877093
1,3.965681602,6.63415,7.06015,7.06015,7.03094,7.02463,7.03417,-0.286208,-0.281654,-0.288535
1,4.003813155,6.84701,7.04686,7.04686,7.00349,6.99722,7.0069,-0.112872,-0.108348,-0.11533
1,4.003813155,6.98891,7.04686,7.04686,7.00349,6.99722,7.0069,-0.0105146,-0.0059901,-0.0129721
1,4.061010486,8.03548,7.0268,7.0268,6.96232,6.95611,6.96599,0.774072,0.778554,0.771421
1,4.156339371,8.26608,6.9931,6.9931,6.89369,6.88758,6.89782,0.989902,0.994311,0.986926
1,4.194470925,7.96452,6.97953,6.97953,6.86624,6.86017,6.87055,0.792192,0.796571,0.789085
1,4.232602479,7.1663,6.96592,6.96592,6.8388,6.83276,6.84328,0.236228,0.240579,0.232992
1,4.232602479,7.69845,6.96592,6.96592,6.8388,6.83276,6.84328,0.62007,0.62442,0.616834
1,4.289799809,8.07095,6.94542,6.94542,6.79762,6.79165,6.80238,0.918457,0.922765,0.915028
1,4.308865586,6.13747,6.93856,6.93856,6.7839,6.77794,6.78874,-0.466269,-0.461975,-0.469762
1,4.308865586,6.66962,6.93856,6.93856,6.7839,6.77794,6.78874,-0.0824267,-0.0781328,-0.0859203
1,4.327931363,8.26608,6.9317,6.9317,6.77017,6.76424,6.77511,1.079,1.08328,1.07544
1,4.327931363,5.78271,6.9317,6.9317,6.77017,6.76424,6.77511,-0.712264,-0.707984,-0.715821
1,4.327931363,6.26164,6.9317,6.9317,6.77017,6.76424,6.77511,-0.366806,-0.362526,-0.370364
1,4.34699714,7.62749,6.92482,6.92482,6.75645,6.75054,6.76147,0.628288,0.632553,0.624666
1,4.385128694,6.77605,6.91104,6.91104,6.729,6.72313,6.7342,0.0339397,0.0381767,0.0301892
1,4.423260248,6.91796,6.89723,6.89723,6.70155,6.69572,6.70693,0.156097,0.160305,0.152216
1,4.461391802,7.02439,6.88338,6.88338,6.6741,6.66831,6.67966,0.252664,0.256844,0.248654
1,4.499523356,7.52106,6.8695,6.8695,6.64665,6.6409,6.65239,0.630715,0.634867,0.626575
1,4.59485224,8.01774,6.83467,6.83467,6.57803,6.57237,6.58422,1.03847,1.04255,1.034
1,4.652049571,7.66297,6.81368,6.81368,6.53686,6.53126,6.54332,0.812271,0.816307,0.80761
1,4.747378456,7.18404,6.77857,6.77857,6.46823,6.46274,6.47514,0.516312,0.520276,0.511325
1,4.766444233,4.36364,6.77153,6.77153,6.45451,6.44903,6.46151,-1.50815,-1.5042,-1.5132
1,4.804575786,4.75388,6.75743,6.75743,6.42706,6.42162,6.43424,-1.20687,-1.20295,-1.21205
1,4.880838894,8.01774,6.72917,6.72917,6.37215,6.3668,6.3797,1.18696,1.19082,1.18152
1,4.957102002,5.07317,6.70083,6.70083,6.31725,6.31198,6.32517,-0.89736,-0.893559,-0.903067
1,4.995233556,3.5122,6.68664,6.68664,6.2898,6.28457,6.2979,-2.0035,-1.99972,-2.00933
1,4.995233556,6.88248,6.68664,6.68664,6.2898,6.28457,6.2979,0.427502,0.431273,0.421664
1,4.995233556,7.02439,6.68664,6.68664,6.2898,6.28457,6.2979,0.52986,0.533631,0.524022
1,4.995233556,7.27273,6.68664,6.68664,6.2898,6.28457,6.2979,0.708986,0.712757,0.703148
1,4.995233556,6.17295,6.68664,6.68664,6.2898,6.28457,6.2979,-0.0842873,-0.0805156,-0.090125
1,5.03336511,7.52106,6.67242,6.67242,6.26235,6.25716,6.27063,0.907911,0.911654,0.901943
1,5.03336511,5.46341,6.67242,6.67242,6.26235,6.25716,6.27063,-0.576277,-0.572534,-0.582245
1,5.071496663,5.96009,6.65819,6.65819,6.2349,6.22976,6.24336,-0.198225,-0.194511,-0.204323
1,5.147759771,7.41463,6.62967,6.62967,6.18001,6.17494,6.18882,0.890541,0.894198,0.884183
1,5.147759771,5.28603,6.62967,6.62967,6.18001,6.17494,6.18882,-0.644826,-0.641169,-0.651185
1,5.224022879,5.07317,6.6011,6.6011,6.12511,6.12012,6.13428,-0.758763,-0.755165,-0.765383
1,5.300285987,7.94678,6.57247,6.57247,6.07021,6.0653,6.07974,1.35358,1.35712,1.3467
1,5.300285987,7.20177,6.57247,6.57247,6.07021,6.0653,6.07974,0.816203,0.819744,0.809322
1,5.319351764,2.44789,6.5653,6.5653,6.05648,6.05159,6.06611,-2.60288,-2.59936,-2.60983
1,5.319351764,6.56319,6.5653,6.5653,6.05648,6.05159,6.06611,0.365493,0.369019,0.358547
1,5.338417541,3.68958,6.55814,6.55814,6.04275,6.03789,6.05248,-1.69735,-1.69384,-1.70436
1,5.338417541,6.11973,6.55814,6.55814,6.04275,6.03789,6.05248,0.0555253,0.0590364,0.0485132
1,5.338417541,5.74723,6.55814,6.55814,6.04275,6.03789,6.05248,-0.213164,-0.209653,-0.220176
1,5.376549094,5.46341,6.54379,6.54379,6.0153,6.01048,6.02521,-0.39808,-0.394598,-0.405223
1,5.395614871,6.03104,6.53661,6.53661,6.00158,5.99677,6.01157,0.0212512,0.0247189,0.0140434
1,5.452812202,6.97118,6.51506,6.51506,5.96041,5.95566,5.97067,0.729071,0.732496,0.721668
1,5.452812202,4.47007,6.51506,6.51506,5.96041,5.95566,5.97067,-1.07499,-1.07156,-1.08239
1,5.510009533,7.23725,6.49349,6.49349,5.91923,5.91454,5.92977,0.95069,0.954073,0.943092
1,5.52907531,6.75831,6.48629,6.48629,5.90551,5.90084,5.91613,0.615132,0.618501,0.607469
1,5.605338418,7.62749,6.45748,6.45748,5.85061,5.84602,5.86159,1.28167,1.28498,1.27375
1,5.605338418,6.56319,6.45748,6.45748,5.85061,5.84602,5.86159,0.513988,0.517301,0.506065
1,5.643469971,5.32151,6.44306,6.44306,5.82316,5.81861,5.83432,-0.361843,-0.358559,-0.369896
1,5.681601525,7.73392,6.42863,6.42863,5.79571,5.7912,5.80706,1.39804,1.4013,1.38986
1,5.681601525,5.56984,6.42863,6.42863,5.79571,5.7912,5.80706,-0.162917,-0.159662,-0.171101
1,5.738798856,3.26386,6.40697,6.40697,5.75453,5.75008,5.76615,-1.79653,-1.79332,-1.80491
1,5.757864633,6.35033,6.39975,6.39975,5.74081,5.73638,5.75252,0.439651,0.442848,0.431207
1,5.834127741,5.10865,6.37084,6.37084,5.68591,5.68156,5.69798,-0.41638,-0.413243,-0.425084
1,5.872259295,6.45676,6.35637,6.35637,5.65846,5.65415,5.67071,0.575819,0.578927,0.566985
1,5.929456625,0.674058,6.33465,6.33465,5.61728,5.61304,5.6298,-3.56556,-3.5625,-3.57459
1,5.929456625,5.90687,6.33465,6.33465,5.61728,5.61304,5.6298,0.208883,0.211946,0.199853
1,5.948522402,5.46341,6.32741,6.32741,5.60356,5.59933,5.61617,-0.101085,-0.0980369,-0.11018
1,5.986653956,4.1153,6.31292,6.31292,5.57611,5.57192,5.5889,-1.05368,-1.05067,-1.06291
1,6.02478551,5.1796,6.29843,6.29843,5.54866,5.54451,5.56163,-0.266201,-0.263212,-0.275557
1,6.062917064,3.97339,6.28393,6.28393,5.52121,5.5171,5.53436,-1.11644,-1.11348,-1.12593
1,6.081982841,3.77827,6.27667,6.27667,5.50748,5.5034,5.52072,-1.24728,-1.24434,-1.25684
1,6.101048618,4.93126,6.26942,6.26942,5.49376,5.48969,5.50709,-0.405728,-0.402797,-0.415344
1,6.139180172,6.35033,6.25491,6.25491,5.46631,5.46228,5.47982,0.63765,0.640552,0.627904
1,6.139180172,6.102,6.25491,6.25491,5.46631,5.46228,5.47982,0.458524,0.461426,0.448778
1,6.234509056,5.97783,6.2186,6.2186,5.39768,5.39376,5.41164,0.41846,0.421289,0.40839
1,6.253574833,5.81818,6.21134,6.21134,5.38396,5.38006,5.39801,0.313208,0.316021,0.303072
1,6.253574833,5.00222,6.21134,6.21134,5.38396,5.38006,5.39801,-0.27535,-0.272536,-0.285485
1,6.291706387,3.90244,6.19681,6.19681,5.35651,5.35265,5.37074,-1.04882,-1.04604,-1.05909
1,6.291706387,3.6541,6.19681,6.19681,5.35651,5.35265,5.37074,-1.22795,-1.22517,-1.23821
1,6.329837941,6.91796,6.18227,6.18227,5.32906,5.32524,5.34347,1.14608,1.14883,1.13569
1,6.329837941,4.15078,6.18227,6.18227,5.32906,5.32524,5.34347,-0.849898,-0.847143,-0.860292
1,6.348903718,6.4745,6.175,6.175,5.31533,5.31153,5.32983,0.836111,0.838852,0.825652
1,6.367969495,6.03104,6.16773,6.16773,5.30161,5.29783,5.3162,0.526143,0.528869,0.515619
1,6.406101049,4.64745,6.15318,6.15318,5.27416,5.27042,5.28893,-0.452047,-0.449349,-0.4627
1,6.406101049,4.43459,6.15318,6.15318,5.27416,5.27042,5.28893,-0.605583,-0.602886,-0.616237
1,6.444232602,7.13082,6.13863,6.13863,5.24671,5.24301,5.26166,1.35901,1.36168,1.34823
1,6.444232602,2.98004,6.13863,6.13863,5.24671,5.24301,5.26166,-1.63495,-1.63228,-1.64573
1,6.52049571,4.15078,6.10951,6.10951,5.19181,5.18819,5.20712,-0.750901,-0.74829,-0.761943
1,6.52049571,4.96674,6.10951,6.10951,5.19181,5.18819,5.20712,-0.162343,-0.159733,-0.173386
1,6.596758818,4.29268,6.08039,6.08039,5.13691,5.13337,5.15258,-0.608944,-0.606391,-0.620246
1,6.615824595,5.25055,6.0731,6.0731,5.12319,5.11967,5.13895,0.0918709,0.0944096,0.0805036
1,6.634890372,5.03769,6.06582,6.06582,5.10946,5.10596,5.12531,-0.0517661,-0.0492418,-0.0631985
1,6.673021926,5.60532,6.05124,6.05124,5.08201,5.07855,5.09804,0.377465,0.37996,0.365902
1,6.749285033,3.58315,6.02209,6.02209,5.02711,5.02373,5.0435,-1.04154,-1.0391,-1.05336
1,6.787416587,4.5765,6.0075,6.0075,4.99966,4.99632,5.01623,-0.305232,-0.302822,-0.317184
1,6.787416587,5.00222,6.0075,6.0075,4.99966,4.99632,5.01623,0.00184194,0.00425102,-0.0101102
1,6.863679695,5.92461,5.97833,5.97833,4.94476,4.9415,4.96169,0.706767,0.709118,0.694555
1,6.882745472,4.77162,5.97104,5.97104,4.93104,4.9278,4.94806,-0.11499,-0.112654,-0.127267
1,6.95900858,5.12639,5.94185,5.94185,4.87614,4.87298,4.89352,0.180503,0.182783,0.167967
1,6.978074357,2.60754,5.93455,5.93455,4.86242,4.85927,4.87988,-1.62645,-1.62418,-1.63905
1,6.978074357,6.06652,5.93455,5.93455,4.86242,4.85927,4.87988,0.868523,0.870789,0.855923
1,6.978074357,4.00887,5.93455,5.93455,4.86242,4.85927,4.87988,-0.615666,-0.6134,-0.628266
1,6.978074357,3.90244,5.93455,5.93455,4.86242,4.85927,4.87988,-0.692434,-0.690168,-0.705034
1,6.978074357,3.68958,5.93455,5.93455,4.86242,4.85927,4.87988,-0.845971,-0.843705,-0.858571
1,7.01620591,5.55211,5.91995,5.91995,4.83497,4.83186,4.85261,0.517275,0.519512,0.504545
1,7.01620591,3.49446,5.91995,5.91995,4.83497,4.83186,4.85261,-0.966914,-0.964676,-0.979643
1,7.054337464,3.83149,5.90535,5.90535,4.80752,4.80446,4.82534,-0.704015,-0.701806,-0.716873
1,7.092469018,5.33925,5.89075,5.89075,4.78007,4.77705,4.79808,0.403336,0.405516,0.390348
1,7.092469018,4.64745,5.89075,5.89075,4.78007,4.77705,4.79808,-0.0956587,-0.0934786,-0.108646
1,7.20686368,3.40576,5.84692,5.84692,4.69772,4.69482,4.71627,-0.931892,-0.929799,-0.945268
1,7.244995234,3.22838,5.83231,5.83231,4.67027,4.66741,4.689,-1.04004,-1.03798,-1.05355
1,7.244995234,5.97783,5.83231,5.83231,4.67027,4.66741,4.689,0.943143,0.945207,0.929637
1,7.283126787,3.86696,5.8177,5.8177,4.64282,4.64,4.66173,-0.559631,-0.557596,-0.573266
1,7.321258341,2.87361,5.80308,5.80308,4.61537,4.61259,4.63446,-1.25634,-1.25433,-1.2701
1,7.321258341,5.32151,5.80308,5.80308,4.61537,4.61259,4.63446,0.509336,0.511342,0.495571
1,7.321258341,4.25721,5.80308,5.80308,4.61537,4.61259,4.63446,-0.258347,-0.256342,-0.272113
1,7.321258341,3.97339,5.80308,5.80308,4.61537,4.61259,4.63446,-0.463063,-0.461057,-0.476828
1,7.359389895,3.72506,5.78847,5.78847,4.58792,4.58518,4.60719,-0.62239,-0.620413,-0.636285
1,7.359389895,4.7184,5.78847,5.78847,4.58792,4.58518,4.60719,0.0941148,0.0960914,0.0802198
1,7.397521449,4.07982,5.77385,5.77385,4.56048,4.55778,4.57992,-0.346696,-0.344749,-0.360721
1,7.435653003,3.97339,5.75923,5.75923,4.53303,4.53037,4.55265,-0.403665,-0.401748,-0.41782
1,7.473784557,3.29933,5.7446,5.7446,4.50558,4.50296,4.52538,-0.870065,-0.868177,-0.88435
1,7.473784557,5.88914,5.7446,5.7446,4.50558,4.50296,4.52538,0.997965,0.999853,0.98368
1,7.511916111,3.86696,5.72998,5.72998,4.47813,4.47555,4.49811,-0.440834,-0.438974,-0.45525
1,7.607244995,1.04656,5.69341,5.69341,4.4095,4.40703,4.42994,-2.4257,-2.42391,-2.44044
1,7.607244995,2.55432,5.69341,5.69341,4.4095,4.40703,4.42994,-1.33815,-1.33636,-1.35289
1,7.626310772,4.1153,5.6861,5.6861,4.39578,4.39332,4.4163,-0.20231,-0.200539,-0.217116
1,7.626310772,3.97339,5.6861,5.6861,4.39578,4.39332,4.4163,-0.304668,-0.302897,-0.319473
1,7.664442326,4.7184,5.67147,5.67147,4.36833,4.36592,4.38904,0.252509,0.254251,0.237574
1,7.740705434,3.58315,5.64221,5.64221,4.31343,4.3111,4.3345,-0.526757,-0.525073,-0.54195
1,7.740705434,5.35698,5.64221,5.64221,4.31343,4.3111,4.3345,0.752716,0.754399,0.737523
1,7.778836988,3.22838,5.62757,5.62757,4.28599,4.28369,4.30723,-0.762853,-0.761199,-0.778175
1,7.797902765,4.27494,5.62026,5.62026,4.27226,4.26999,4.29359,0.00193564,0.00357478,-0.0134519
1,7.912297426,5.42794,5.57635,5.57635,4.18992,4.18776,4.21179,0.892988,0.894541,0.877212
1,7.931363203,4.86031,5.56903,5.56903,4.17619,4.17406,4.19815,0.493456,0.494994,0.477615
1,7.969494757,0.461197,5.55439,5.55439,4.14874,4.14665,4.17089,-2.65984,-2.65833,-2.67581
1,7.969494757,3.44124,5.55439,5.55439,4.14874,4.14665,4.17089,-0.510324,-0.508815,-0.526294
1,7.969494757,2.83814,5.55439,5.55439,4.14874,4.14665,4.17089,-0.945345,-0.943836,-0.961315
1,7.988560534,1.54324,5.54707,5.54707,4.13502,4.13295,4.15725,-1.86946,-1.86797,-1.8855
1,8.007626311,3.33481,5.53975,5.53975,4.1213,4.11925,4.14362,-0.567294,-0.565814,-0.583394
1,8.026692088,4.55876,5.53243,5.53243,4.10757,4.10554,4.12998,0.325441,0.326907,0.309277
1,8.083889418,3.86696,5.51047,5.51047,4.0664,4.06443,4.08908,-0.143856,-0.142434,-0.160215
1,8.083889418,2.55432,5.51047,5.51047,4.0664,4.06443,4.08908,-1.09067,-1.08924,-1.10703
1,8.141086749,1.38359,5.48851,5.48851,4.02523,4.02332,4.04818,-1.90542,-1.90404,-1.92197
1,8.160152526,1.84479,5.48118,5.48118,4.01151,4.00961,4.03455,-1.56286,-1.56149,-1.57948
1,8.236415634,4.00887,5.45189,5.45189,3.95661,3.9548,3.98001,0.0376918,0.0389997,0.0208151
1,8.236415634,2.16408,5.45189,5.45189,3.95661,3.9548,3.98001,-1.29296,-1.29165,-1.30984
1,8.236415634,4.7184,5.45189,5.45189,3.95661,3.9548,3.98001,0.549481,0.550789,0.532604
1,8.312678742,2.98004,5.4226,5.4226,3.90172,3.89999,3.92548,-0.664808,-0.663558,-0.681944
1,8.312678742,5.25055,5.4226,5.4226,3.90172,3.89999,3.92548,0.972917,0.974167,0.955781
1,8.331744519,1.20621,5.41528,5.41528,3.888,3.88629,3.91184,-1.93438,-1.93315,-1.95158
1,8.350810296,4.00887,5.40795,5.40795,3.87427,3.87258,3.89821,0.0970835,0.0983037,0.079818
1,8.350810296,3.47672,5.40795,5.40795,3.87427,3.87258,3.89821,-0.286758,-0.285538,-0.304024
1,8.369876072,2.80266,5.40063,5.40063,3.86055,3.85888,3.88458,-0.763059,-0.761854,-0.78039
1,8.408007626,2.19956,5.38598,5.38598,3.83311,3.83147,3.85731,-1.17828,-1.17711,-1.19574
1,8.465204957,2.30599,5.36401,5.36401,3.79194,3.79037,3.81641,-1.07182,-1.07069,-1.08947
1,8.465204957,5.32151,5.36401,5.36401,3.79194,3.79037,3.81641,1.10328,1.10442,1.08563
1,8.503336511,2.44789,5.34936,5.34936,3.76449,3.76296,3.78915,-0.949665,-0.948561,-0.967449
1,8.579599619,2.94457,5.32006,5.32006,3.7096,3.70815,3.73462,-0.551821,-0.550775,-0.569864
1,8.598665396,2.23503,5.31273,5.31273,3.69588,3.69445,3.72098,-1.05371,-1.05268,-1.07182
1,8.617731173,3.5122,5.30541,5.30541,3.68216,3.68075,3.70735,-0.122594,-0.121577,-0.140767
1,8.617731173,2.76718,5.30541,5.30541,3.68216,3.68075,3.70735,-0.659972,-0.658955,-0.678145
1,8.732125834,5.62306,5.26145,5.26145,3.59983,3.59854,3.62556,1.45936,1.46029,1.4408
1,8.751191611,3.08647,5.25412,5.25412,3.5861,3.58484,3.61193,-0.360384,-0.35947,-0.37901
1,8.808388942,3.90244,5.23214,5.23214,3.54494,3.54373,3.57103,0.257865,0.258734,0.239045
1,8.88465205,6.66962,5.20283,5.20283,3.49006,3.48893,3.51651,2.29343,2.29424,2.27435
1,8.903717827,7.02439,5.1955,5.1955,3.47634,3.47523,3.50288,2.55922,2.56002,2.54008
1,8.94184938,1.54324,5.18084,5.18084,3.4489,3.44783,3.47562,-1.37456,-1.37379,-1.39383
1,8.979980934,2.55432,5.16619,5.16619,3.42146,3.42043,3.44836,-0.625465,-0.624726,-0.644867
1,8.979980934,5.28603,5.16619,5.16619,3.42146,3.42043,3.44836,1.34492,1.34566,1.32552
1,9.037178265,1.17073,5.1442,5.1442,3.3803,3.37933,3.40747,-1.59377,-1.59307,-1.61336
1,9.075309819,4.15078,5.12955,5.12955,3.35286,3.35194,3.38021,0.575539,0.576204,0.555814
1,9.151572927,3.68958,5.10023,5.10023,3.29799,3.29715,3.32569,0.282457,0.283062,0.262473
1,9.151572927,1.38359,5.10023,5.10023,3.29799,3.29715,3.32569,-1.38086,-1.38025,-1.40084
1,9.208770257,1.11752,5.07824,5.07824,3.25683,3.25606,3.28481,-1.54309,-1.54253,-1.56327
1,9.246901811,1.72062,5.06358,5.06358,3.2294,3.22866,3.25755,-1.08829,-1.08775,-1.10859
1,9.304099142,4.15078,5.0416,5.0416,3.18825,3.18758,3.21667,0.694273,0.694759,0.673774
1,9.304099142,2.94457,5.0416,5.0416,3.18825,3.18758,3.21667,-0.175769,-0.175282,-0.196268
1,9.304099142,2.73171,5.0416,5.0416,3.18825,3.18758,3.21667,-0.329306,-0.328819,-0.349804
1,9.304099142,1.88027,5.0416,5.0416,3.18825,3.18758,3.21667,-0.943452,-0.942966,-0.963951
1,9.342230696,3.40576,5.02694,5.02694,3.16082,3.16019,3.18942,0.17668,0.177137,0.156053
1,9.342230696,2.51885,5.02694,5.02694,3.16082,3.16019,3.18942,-0.463056,-0.462599,-0.483683
1,9.456625357,4.39911,4.98296,4.98296,3.07853,3.07802,3.10766,0.952539,0.952906,0.931526
1,9.475691134,1.91574,4.97563,4.97563,3.06482,3.06433,3.09404,-0.828832,-0.828479,-0.849909
1,9.532888465,2.76718,4.95363,4.95363,3.02368,3.02325,3.05317,-0.185013,-0.184704,-0.206282
1,9.571020019,1.0643,4.93897,4.93897,2.99626,2.99587,3.02592,-1.39353,-1.39325,-1.41492
1,9.571020019,1.73836,4.93897,4.93897,2.99626,2.99587,3.02592,-0.907327,-0.907048,-0.928724
1,9.609151573,0.248337,4.92431,4.92431,2.96884,2.96849,2.99868,-1.96231,-1.96206,-1.98383
1,9.666348904,2.02217,4.90232,4.90232,2.92771,2.92743,2.95782,-0.653167,-0.652961,-0.674884
1,9.723546235,3.58315,4.88033,4.88033,2.88659,2.88636,2.91696,0.502431,0.502593,0.480523
1,9.742612011,4.54102,4.873,4.873,2.87288,2.87268,2.90334,1.20323,1.20338,1.18126
1,9.818875119,4.20399,4.84367,4.84367,2.81806,2.81794,2.84888,0.999676,0.999763,0.977449
1,9.87607245,4.96674,4.82168,4.82168,2.77695,2.77689,2.80803,1.5795,1.57954,1.55708
1,9.971401335,7.21951,4.78502,4.78502,2.70845,2.70849,2.73997,3.25384,3.25381,3.23111
1,9.990467112,3.1929,4.77769,4.77769,2.69475,2.69482,2.72636,0.359319,0.359272,0.336519
1,10.06673022,1.84479,4.74836,4.74836,2.63997,2.64012,2.67193,-0.573566,-0.573673,-0.596619
1,10.06673022,2.94457,4.74836,4.74836,2.63997,2.64012,2.67193,0.219707,0.2196,0.196654
1,10.14299333,1.02882,4.71903,4.71903,2.5852,2.58543,2.61751,-1.12262,-1.12279,-1.14593
1,10.21925643,1.41907,4.6897,4.6897,2.53046,2.53077,2.56311,-0.801647,-0.801873,-0.825203
1,10.21925643,1.91574,4.6897,4.6897,2.53046,2.53077,2.56311,-0.443395,-0.44362,-0.46695
1,10.29551954,2.62528,4.66038,4.66038,2.47573,2.47612,2.50873,0.107869,0.107584,0.0840644
1,10.3336511,0.31929,4.64571,4.64571,2.44837,2.44881,2.48155,-1.53571,-1.53603,-1.55964
1,10.3336511,0.709534,4.64571,4.64571,2.44837,2.44881,2.48155,-1.25423,-1.25454,-1.27816
1,10.3336511,1.84479,4.64571,4.64571,2.44837,2.44881,2.48155,-0.435368,-0.435682,-0.459296
1,10.3336511,2.80266,4.64571,4.64571,2.44837,2.44881,2.48155,0.255547,0.255233,0.231619
1,10.37178265,2.30599,4.63105,4.63105,2.42103,2.4215,2.45437,-0.0829781,-0.0833218,-0.10703
1,10.4099142,2.73171,4.61638,4.61638,2.39368,2.3942,2.4272,0.243817,0.243445,0.219642
1,10.44804576,3.4235,4.60172,4.60172,2.36635,2.3669,2.40004,0.762529,0.762128,0.73823
1,10.44804576,2.02217,4.60172,4.60172,2.36635,2.3669,2.40004,-0.248255,-0.248655,-0.272553
1,10.56244042,0,4.55772,4.55772,2.28439,2.28506,2.31858,-1.64774,-1.64822,-1.6724
1,10.60057197,3.29933,4.54306,4.54306,2.25709,2.2578,2.29145,0.751777,0.75126,0.726991
1,10.60057197,1.73836,4.54306,4.54306,2.25709,2.2578,2.29145,-0.374159,-0.374676,-0.398945
1,10.67683508,2.98004,4.51373,4.51373,2.20251,2.20331,2.2372,0.56084,0.560263,0.535813
1,10.71496663,1.73836,4.49906,4.49906,2.17524,2.17607,2.2101,-0.31512,-0.315725,-0.340266
1,10.73403241,3.37029,4.49173,4.49173,2.1616,2.16246,2.19655,0.871828,0.871208,0.846623
1,10.81029552,3.1929,4.4624,4.4624,2.10711,2.10804,2.14238,0.783189,0.782512,0.75775
1,10.88655863,6.42129,4.43307,4.43307,2.05266,2.05368,2.08825,3.1511,3.15037,3.12543
1,10.9056244,3.051,4.42573,4.42573,2.03906,2.0401,2.07473,0.729912,0.729164,0.704183
1,10.94375596,0.390244,4.41107,4.41107,2.01187,2.01295,2.0477,-1.16968,-1.17046,-1.19553
1,10.94375596,1.02882,4.41107,4.41107,2.01187,2.01295,2.0477,-0.709073,-0.70985,-0.734917
1,10.96282173,1.27716,4.40374,4.40374,1.99828,1.99938,2.03419,-0.520145,-0.520936,-0.546045
1,11.05815062,2.23503,4.36707,4.36707,1.9304,1.9316,1.9667,0.219733,0.218871,0.193553
1,11.05815062,1.95122,4.36707,4.36707,1.9304,1.9316,1.9667,0.0150173,0.0141552,-0.0111626
1,11.09628217,0.177384,4.35241,4.35241,1.90328,1.90452,1.93973,-1.2449,-1.24579,-1.27118
1,11.13441373,2.19956,4.33774,4.33774,1.87619,1.87746,1.91278,0.233248,0.23233,0.206851
1,11.22974261,2.53659,4.30107,4.30107,1.80855,1.80992,1.84551,0.525136,0.524148,0.498475
1,11.24880839,0.603104,4.29374,4.29374,1.79504,1.79643,1.83207,-0.859746,-0.860748,-0.886459
1,11.30600572,4.38137,4.27174,4.27174,1.75455,1.756,1.7918,1.89473,1.89369,1.86787
1,11.3250715,0,4.26441,4.26441,1.74108,1.74254,1.77839,-1.25584,-1.2569,-1.28276
1,11.3250715,0.886918,4.26441,4.26441,1.74108,1.74254,1.77839,-0.616106,-0.617163,-0.643021
1,11.3250715,2.80266,4.26441,4.26441,1.74108,1.74254,1.77839,0.765725,0.764667,0.73881
1,11.36320305,1.45455,4.24974,4.24974,1.71414,1.71564,1.75159,-0.187245,-0.18833,-0.214258
1,11.4013346,1.0643,4.23508,4.23508,1.68724,1.68878,1.72482,-0.449324,-0.450436,-0.476431
1,11.43946616,1.59645,4.22041,4.22041,1.66037,1.66195,1.69808,-0.0461017,-0.0472406,-0.0733014
1,11.55386082,0.957871,4.17641,4.17641,1.57999,1.58168,1.61807,-0.448738,-0.449957,-0.476199
1,11.59199237,1.24169,4.16175,4.16175,1.55329,1.55501,1.59147,-0.22476,-0.226005,-0.252303
1,11.59199237,4.39911,4.16175,4.16175,1.55329,1.55501,1.59147,2.0527,2.05146,2.02516
1,11.63012393,2.87361,4.14708,4.14708,1.52663,1.52839,1.56492,0.971584,0.970312,0.943963
1,11.74451859,2.55432,4.10308,4.10308,1.44697,1.44884,1.48556,0.79874,0.79739,0.770902
1,11.8207817,1.70288,4.07375,4.07375,1.39415,1.39609,1.43292,0.222688,0.221289,0.194727
1,11.87797903,6.31486,4.05175,4.05175,1.35472,1.35671,1.39359,3.57776,3.57633,3.54972
1,11.8970448,1.80931,4.04442,4.04442,1.34161,1.34361,1.38052,0.337358,0.33591,0.309293
1,11.93517636,0.425721,4.02975,4.02975,1.31544,1.31748,1.35441,-0.641759,-0.643232,-0.66987
1,11.97330791,0.141907,4.01508,4.01508,1.28936,1.29143,1.32839,-0.827662,-0.829158,-0.855811
1,11.97330791,0.993348,4.01508,4.01508,1.28936,1.29143,1.32839,-0.213515,-0.215011,-0.241664
1,12.01143947,0.283814,4.00042,4.00042,1.26336,1.26547,1.30244,-0.706552,-0.708071,-0.734735
1,12.04957102,0.815965,3.98575,3.98575,1.23746,1.23959,1.27657,-0.304024,-0.305564,-0.332233
1,12.12583413,0.815965,3.95642,3.95642,1.18593,1.18813,1.22509,-0.266859,-0.26844,-0.295103
1,12.16396568,1.09978,3.94175,3.94175,1.16033,1.16255,1.19949,-0.0436728,-0.0452747,-0.071925
1,12.27836034,1.88027,3.89776,3.89776,1.0842,1.0865,1.12334,0.574204,0.572546,0.545976
1,12.3164919,0.10643,3.88309,3.88309,1.05908,1.0614,1.09818,-0.687148,-0.688824,-0.715351
1,12.3164919,0.851441,3.88309,3.88309,1.05908,1.0614,1.09818,-0.149769,-0.151445,-0.177972
1,12.3164919,1.41907,3.88309,3.88309,1.05908,1.0614,1.09818,0.259662,0.257986,0.231459
1,12.43088656,1.34812,3.83909,3.83909,0.984572,0.986962,1.02349,0.262225,0.260501,0.234153
1,12.46901811,0.780488,3.82443,3.82443,0.960048,0.962459,0.99888,-0.129517,-0.131256,-0.157527
1,12.58341277,0.266075,3.78043,3.78043,0.887528,0.88999,0.926005,-0.448255,-0.450031,-0.476009
1,12.58341277,2.87361,3.78043,3.78043,0.887528,0.88999,0.926005,1.43257,1.43079,1.40482
1,12.60247855,4.87805,3.7731,3.7731,0.875606,0.878075,0.91401,2.88697,2.88519,2.85927
1,12.73593899,2.23503,3.72177,3.72177,0.79362,0.796129,0.831386,1.0397,1.03789,1.01245
1,12.8122021,1.56098,3.69244,3.69244,0.748032,0.750554,0.78533,0.586379,0.584559,0.559475
1,12.92659676,1.63193,3.64845,3.64845,0.681585,0.684113,0.718034,0.685486,0.683663,0.659195
1,12.96472831,4.32816,3.63378,3.63378,0.659994,0.66252,0.696118,2.64586,2.64404,2.6198
1,12.96472831,1.27716,3.63378,3.63378,0.659994,0.66252,0.696118,0.445165,0.443343,0.419109
1,13.04099142,0.674058,3.60445,3.60445,0.617713,0.620227,0.653122,0.0406417,0.0388281,0.0151006
1,13.15538608,1.73836,3.56046,3.56046,0.556697,0.559179,0.590874,0.852336,0.850546,0.827684
1,13.19351764,1.9867,3.5458,3.5458,0.537041,0.539507,0.570765,1.04564,1.04386,1.02131
1,13.26978074,0.745011,3.51647,3.51647,0.49881,0.501239,0.531567,0.177586,0.175833,0.153958
1,13.3079123,0.0709534,3.5018,3.5018,0.480254,0.482661,0.512496,-0.295229,-0.296965,-0.318486
1,13.34604385,0.567627,3.48714,3.48714,0.462081,0.464464,0.493789,0.0761307,0.0744121,0.05326
1,13.49857007,1.09978,3.42849,3.42849,0.393384,0.395648,0.422768,0.509524,0.507891,0.488329
1,13.53670162,0.709534,3.41383,3.41383,0.37724,0.379469,0.406003,0.239685,0.238077,0.218938
1,13.57483317,1.70288,3.39916,3.39916,0.361518,0.363711,0.389645,0.96753,0.965948,0.947242
1,13.61296473,4.1153,3.3845,3.3845,0.346223,0.348377,0.373701,2.71865,2.71709,2.69883
1,13.89895138,2.46563,3.27454,3.27454,0.245271,0.247093,0.267616,1.60155,1.60024,1.58543
1,13.99428027,4.89579,3.23789,3.23789,0.216978,0.218679,0.237577,3.37484,3.37361,3.35998
1,13.99428027,1.27716,3.23789,3.23789,0.216978,0.218679,0.237577,0.764713,0.763487,0.749855
1,14.0514776,1.91574,3.2159,3.2159,0.20125,0.202876,0.22081,1.23667,1.2355,1.22256
1,14.2993327,0.886918,3.12062,3.12062,0.143286,0.144594,0.158546,0.536384,0.53544,0.525377
1,14.2993327,0.638581,3.12062,3.12062,0.143286,0.144594,0.158546,0.357258,0.356314,0.34625
1,14.37559581,1.0643,3.09131,3.09131,0.128546,0.129759,0.14258,0.674963,0.674088,0.66484
1,14.45185891,1.27716,3.062,3.062,0.115128,0.11625,0.127994,0.838179,0.837369,0.828898
1,14.48999047,0.425721,3.04734,3.04734,0.108889,0.109967,0.121195,0.228532,0.227754,0.219655
1,14.56625357,0.709534,3.01803,3.01803,0.0972985,0.0982908,0.108531,0.441607,0.440892,0.433505
1,14.60438513,1.84479,3.00338,3.00338,0.0919265,0.0928772,0.102647,1.26434,1.26366,1.25661
1,14.60438513,1.9867,3.00338,3.00338,0.0919265,0.0928772,0.102647,1.3667,1.36602,1.35897
1,14.90943756,1.27716,2.88617,2.88617,0.0577339,0.0583975,0.0649587,0.879577,0.879098,0.874365
1,15.02383222,0.638581,2.84222,2.84222,0.0482942,0.0488674,0.0544742,0.425775,0.425362,0.421318
1,15.36701621,0.10643,2.71043,2.71043,0.0279986,0.0283605,0.0317902,0.0565729,0.0563119,0.053838
1,15.40514776,0.638581,2.69579,2.69579,0.0263348,0.026678,0.0299205,0.441615,0.441367,0.439028
1,15.55767398,0.496674,2.63724,2.63724,0.0205881,0.0208663,0.0234508,0.343402,0.343201,0.341337
1,15.90085796,1.13525,2.50559,2.50559,0.0117821,0.0119467,0.0134819,0.810364,0.810245,0.809138
1,15.97712107,0.567627,2.47634,2.47634,0.0103971,0.0105471,0.0119124,0.401932,0.401824,0.400839
1,16.01525262,0.674058,2.46173,2.46173,0.00976617,0.00990933,0.0111967,0.479155,0.479052,0.478123
1,16.2821735,1.09978,2.35945,2.35945,0.00629743,0.00639686,0.0072474,0.788731,0.788659,0.788046
1,16.32030505,1.31264,2.34484,2.34484,0.00591427,0.00600857,0.00680976,0.942544,0.942476,0.941898
1,16.47283127,0.922395,2.28646,2.28646,0.00459995,0.00467526,0.00530648,0.662008,0.661954,0.661498
1,16.54909438,0.141907,2.25728,2.25728,0.00405623,0.00412224,0.00468359,0.099432,0.0993844,0.0989795
1,16.62535748,0,2.22811,2.22811,0.00357652,0.00363454,0.00413347,-0.00257976,-0.0026216,-0.00298149
1,16.89227836,0.851441,2.12611,2.12611,0.00230114,0.00234076,0.00266785,0.612487,0.612459,0.612223
1,17.04480458,1.0643,2.06791,2.06791,0.00178812,0.00181957,0.00207672,0.766394,0.766371,0.766186
1,17.57864633,0.425721,1.86479,1.86479,0.000739001,0.000753202,0.000863393,0.30654,0.30653,0.306451
1,18.03622498,2.37694,1.69173,1.69173,0.000346243,0.000353332,0.00040663,1.71424,1.71424,1.7142
1,19.04671115,1.56098,1.31562,1.31562,6.48867e-05,6.63573e-05,7.70401e-05,1.12589,1.12589,1.12588
2,0.000224299,0.556237,6.79458,6.79458,5.34484,5.34373,5.34959,-3.45403,-3.45323,-3.45746
2,0.045084112,2.87935,6.8191,6.8191,5.33345,5.33233,5.33824,-1.77015,-1.76934,-1.77361
2,0.067514019,2.97751,6.83129,6.83129,5.32776,5.32662,5.33256,-1.69524,-1.69443,-1.69871
2,0.134803738,4.05726,6.8676,6.8676,5.31068,5.30951,5.31553,-0.904093,-0.903254,-0.907596
2,0.157233645,3.27198,6.87961,6.87961,5.30498,5.30381,5.30986,-1.46641,-1.46556,-1.46992
2,0.269383178,3.40286,6.93886,6.93886,5.27651,5.27529,5.28147,-1.35147,-1.35059,-1.35505
2,0.426392523,2.01227,7.01935,7.01935,5.23666,5.23537,5.24174,-2.32576,-2.32483,-2.32943
2,0.426392523,4.13906,7.01935,7.01935,5.23666,5.23537,5.24174,-0.791703,-0.790769,-0.795367
2,0.51611215,4.90798,7.06383,7.06383,5.21389,5.21255,5.21903,-0.220656,-0.219693,-0.224368
2,0.650691589,3.81186,7.12818,7.12818,5.17973,5.17833,5.18498,-0.986647,-0.98564,-0.990432
2,0.650691589,3.5501,7.12818,7.12818,5.17973,5.17833,5.18498,-1.17545,-1.17445,-1.17924
2,0.673121495,2.86299,7.13859,7.13859,5.17404,5.17263,5.1793,-1.66697,-1.66595,-1.67076
2,0.762841121,3.09202,7.17931,7.17931,5.15126,5.14981,5.15659,-1.48533,-1.48429,-1.48918
2,0.807700935,5.51329,7.19905,7.19905,5.13988,5.13841,5.14524,0.269347,0.270405,0.265476
2,0.897420561,4.25358,7.23722,7.23722,5.1171,5.11559,5.12254,-0.622862,-0.621774,-0.626781
2,0.9198504669999999,3.01022,7.24647,7.24647,5.11141,5.10989,5.11686,-1.51559,-1.51449,-1.51952
2,0.9198504669999999,4.79346,7.24647,7.24647,5.11141,5.10989,5.11686,-0.22934,-0.228245,-0.233272
2,0.96471028,5.97137,7.26461,7.26461,5.10002,5.09848,5.10551,0.628506,0.629616,0.62455
2,0.96471028,4.98978,7.26461,7.26461,5.10002,5.09848,5.10551,-0.0795214,-0.0784115,-0.0834777
2,0.9871401869999999,3.51738,7.27348,7.27348,5.09433,5.09278,5.09983,-1.13746,-1.13634,-1.14142
2,0.9871401869999999,4.07362,7.27348,7.27348,5.09433,5.09278,5.09983,-0.73624,-0.735123,-0.740209
2,1.054429907,3.3865,7.29933,7.29933,5.07725,5.07567,5.0828,-1.21954,-1.2184,-1.22354
2,1.121719626,3.1411,7.32393,7.32393,5.06017,5.05856,5.06577,-1.38423,-1.38307,-1.38827
2,1.211439252,4.30266,7.35466,7.35466,5.0374,5.03574,5.04307,-0.529968,-0.528777,-0.534057
2,1.278728972,5.20245,7.37606,7.37606,5.02032,5.01863,5.02604,0.131377,0.13259,0.127251
2,1.323588785,5.48057,7.3895,7.3895,5.00893,5.00723,5.01468,0.340198,0.341425,0.336048
2,1.346018692,4.10634,7.39596,7.39596,5.00324,5.00152,5.00901,-0.646933,-0.645699,-0.651096
2,1.390878505,7.00204,7.40837,7.40837,4.99185,4.99012,4.99765,1.44996,1.45121,1.44577
2,1.413308411,5.10429,7.4143,7.4143,4.98616,4.98441,4.99198,0.0852141,0.0864704,0.0810151
2,1.435738318,7.62372,7.42006,7.42006,4.98046,4.97871,4.9863,1.90659,1.90785,1.90238
2,1.480598131,5.79141,7.43102,7.43102,4.96908,4.9673,4.97495,0.593153,0.594431,0.588918
2,1.480598131,5.62781,7.43102,7.43102,4.96908,4.9673,4.97495,0.475148,0.476427,0.470913
2,1.503028037,4.76074,7.43622,7.43622,4.96338,4.9616,4.96927,-0.146169,-0.144883,-0.150417
2,1.660037383,6.11861,7.46721,7.46721,4.92353,4.92167,4.92954,0.862015,0.863352,0.857682
2,1.660037383,4.92434,7.46721,7.46721,4.92353,4.92167,4.92954,0.00058215,0.00191914,-0.003751
2,1.727327103,4.05726,7.47751,7.47751,4.90645,4.90456,4.91251,-0.612522,-0.611163,-0.616892
2,1.817046729,6.51125,7.48839,7.48839,4.88367,4.88175,4.8898,1.17397,1.17536,1.16955
2,1.884336449,5.07157,7.49441,7.49441,4.86659,4.86464,4.87277,0.147853,0.149263,0.143398
2,1.929196262,3.58282,7.49739,7.49739,4.85521,4.85323,4.86142,-0.917775,-0.91635,-0.922255
2,1.951626168,6.31493,7.49858,7.49858,4.84951,4.84753,4.85574,1.05701,1.05844,1.05252
2,1.974056075,5.62781,7.49956,7.49956,4.84382,4.84182,4.85007,0.565495,0.566934,0.560991
2,1.996485981,1.68507,7.50034,7.50034,4.83813,4.83612,4.84439,-2.27431,-2.27286,-2.27882
2,2.041345794,6.72393,7.5013,7.5013,4.82674,4.82471,4.83304,1.36845,1.36991,1.3639
2,2.131065421,4.97342,7.50085,7.50085,4.80397,4.8019,4.81033,0.122223,0.123713,0.117635
2,2.153495327,6.21677,7.50026,7.50026,4.79827,4.7962,4.80465,1.02316,1.02466,1.01856
2,2.175925234,6.49489,7.49947,7.49947,4.79258,4.79049,4.79898,1.22788,1.22938,1.22327
2,2.243214953,2.94479,7.49599,7.49599,4.7755,4.77338,4.78195,-1.3205,-1.31897,-1.32515
2,2.310504673,4.23722,7.49089,7.49089,4.75842,4.75627,4.76492,-0.375946,-0.374396,-0.38063
2,2.377794393,5.12065,7.48423,7.48423,4.74134,4.73916,4.74789,0.273598,0.27517,0.268878
2,2.422654206,3.58282,7.47896,7.47896,4.72996,4.72776,4.73653,-0.827431,-0.825845,-0.832176
2,2.422654206,7.80368,7.47896,7.47896,4.72996,4.72776,4.73653,2.21709,2.21867,2.21234
2,2.422654206,5.21881,7.47896,7.47896,4.72996,4.72776,4.73653,0.352614,0.3542,0.347869
2,2.512373832,4.95706,7.46655,7.46655,4.70718,4.70494,4.71383,0.180233,0.181849,0.175439
2,2.534803738,7.0184,7.46307,7.46307,4.70149,4.69924,4.70815,1.6712,1.67282,1.66639
2,2.534803738,5.62781,7.46307,7.46307,4.70149,4.69924,4.70815,0.668158,0.669781,0.663352
2,2.534803738,4.51534,7.46307,7.46307,4.70149,4.69924,4.70815,-0.134272,-0.13265,-0.139079
2,2.669383178,5.54601,7.43933,7.43933,4.66733,4.66502,4.6741,0.633796,0.635462,0.628916
2,2.669383178,5.05521,7.43933,7.43933,4.66733,4.66502,4.6741,0.279782,0.281448,0.274902
2,2.669383178,4.35174,7.43933,7.43933,4.66733,4.66502,4.6741,-0.227638,-0.225971,-0.232518
2,2.736672897,3.48466,7.42575,7.42575,4.65025,4.64791,4.65707,-0.840742,-0.839053,-0.845659
2,2.826392523,5.95501,7.40604,7.40604,4.62748,4.6251,4.63436,0.957553,0.95927,0.952587
2,2.91611215,3.10838,7.38468,7.38468,4.60471,4.60228,4.61166,-1.0793,-1.07755,-1.08431
2,2.91611215,5.75869,7.38468,7.38468,4.60471,4.60228,4.61166,0.832373,0.83412,0.827359
2,2.960971963,5.05521,7.37344,7.37344,4.59332,4.59088,4.6003,0.333167,0.334928,0.328129
2,2.960971963,3.69734,7.37344,7.37344,4.59332,4.59088,4.6003,-0.646271,-0.644509,-0.651309
2,2.983401869,5.66053,7.36769,7.36769,4.58763,4.58517,4.59463,0.77389,0.775659,0.76884
2,3.005831776,2.68303,7.36185,7.36185,4.58193,4.57947,4.58895,-1.36969,-1.36791,-1.37475
2,3.005831776,4.7771,7.36185,7.36185,4.58193,4.57947,4.58895,0.140772,0.142548,0.13571
2,3.050691589,3.41922,7.34994,7.34994,4.57055,4.56806,4.5776,-0.830453,-0.828662,-0.835539
2,3.050691589,6.26585,7.34994,7.34994,4.57055,4.56806,4.5776,1.22283,1.22462,1.21774
2,3.050691589,5.31697,7.34994,7.34994,4.57055,4.56806,4.5776,0.538399,0.54019,0.533313
2,3.095551402,4.07362,7.33772,7.33772,4.55916,4.55666,4.56625,-0.350222,-0.348417,-0.355332
2,3.140411215,5.90593,7.32521,7.32521,4.54778,4.54525,4.55489,0.979641,0.981461,0.974507
2,3.162841121,3.25562,7.31885,7.31885,4.54208,4.53955,4.54922,-0.927926,-0.926098,-0.933072
2,3.162841121,5.49693,7.31885,7.31885,4.54208,4.53955,4.54922,0.688736,0.690564,0.68359
2,3.252560748,5.39877,7.29278,7.29278,4.51931,4.51674,4.52651,0.634359,0.636216,0.629165
2,3.297420561,4.76074,7.27939,7.27939,4.50792,4.50533,4.51516,0.182354,0.184226,0.177136
2,3.319850467,5.67689,7.27261,7.27261,4.50223,4.49963,4.50948,0.847286,0.849165,0.842055
2,3.319850467,4.1227,7.27261,7.27261,4.50223,4.49963,4.50948,-0.273757,-0.271878,-0.278988
2,3.387140187,6.05317,7.25197,7.25197,4.48515,4.48252,4.49245,1.13102,1.13292,1.12575
2,3.409570093,6.51125,7.24499,7.24499,4.47946,4.47681,4.48678,1.46554,1.46744,1.46026
2,3.409570093,5.00613,7.24499,7.24499,4.47946,4.47681,4.48678,0.379893,0.381802,0.374614
2,3.432,6.87117,7.23796,7.23796,4.47377,4.47111,4.4811,1.72925,1.73117,1.72396
2,3.432,3.3047,7.23796,7.23796,4.47377,4.47111,4.4811,-0.843247,-0.841332,-0.848539
2,3.454429907,3.97546,7.23089,7.23089,4.46807,4.46541,4.47542,-0.355322,-0.353399,-0.360626
2,3.454429907,4.4499,7.23089,7.23089,4.46807,4.46541,4.47542,-0.013109,-0.0111861,-0.0184128
2,3.476859813,4.5317,7.22378,7.22378,4.46238,4.4597,4.46975,0.0499997,0.05193,0.0446837
2,3.521719626,5.56237,7.20942,7.20942,4.45099,4.4483,4.4584,0.801641,0.803586,0.796301
2,3.521719626,3.45194,7.20942,7.20942,4.45099,4.4483,4.4584,-0.720617,-0.718672,-0.725958
2,3.544149533,7.31288,7.20218,7.20218,4.4453,4.44259,4.45272,2.0684,2.07035,2.06304
2,3.633869159,4.90798,7.17286,7.17286,4.42253,4.41978,4.43001,0.350156,0.352137,0.344754
2,3.656299065,4.02454,7.16544,7.16544,4.41683,4.41408,4.42434,-0.282962,-0.280973,-0.288376
2,3.678728972,4.56442,7.15799,7.15799,4.41114,4.40837,4.41866,0.110559,0.112555,0.105133
2,3.723588785,3.5501,7.14299,7.14299,4.39975,4.39697,4.40731,-0.612856,-0.610845,-0.618306
2,3.723588785,3.23926,7.14299,7.14299,4.39975,4.39697,4.40731,-0.837064,-0.835054,-0.842515
2,3.813308411,6.05317,7.11264,7.11264,4.37698,4.37415,4.3846,1.20904,1.21108,1.20354
2,3.903028037,4.22086,7.08187,7.08187,4.35421,4.35134,4.3619,-0.0961856,-0.0941163,-0.101733
2,3.925457944,3.53374,7.07411,7.07411,4.34852,4.34564,4.35622,-0.587698,-0.585622,-0.593258
2,3.925457944,3.41922,7.07411,7.07411,4.34852,4.34564,4.35622,-0.670301,-0.668225,-0.675861
2,3.94788785,3.9591,7.06634,7.06634,4.34282,4.33993,4.35055,-0.27678,-0.274696,-0.282352
2,3.970317757,3.20654,7.05854,7.05854,4.33713,4.33423,4.34487,-0.815495,-0.813403,-0.821079
2,3.992747664,5.12065,7.05072,7.05072,4.33144,4.32853,4.3392,0.569265,0.571364,0.563669
2,3.992747664,3.01022,7.05072,7.05072,4.33144,4.32853,4.3392,-0.952994,-0.950895,-0.95859
2,4.037607477,2.61759,7.03502,7.03502,4.32005,4.31712,4.32784,-1.22799,-1.22588,-1.23361
2,4.060037383,4.59714,7.02714,7.02714,4.31436,4.31142,4.32217,0.20397,0.20609,0.198337
2,4.08246729,5.51329,7.01924,7.01924,4.30866,4.30571,4.31649,0.868901,0.871029,0.863257
2,4.104897196,1.71779,7.01132,7.01132,4.30297,4.30001,4.31081,-1.8647,-1.86256,-1.87035
2,4.104897196,3.3047,7.01132,7.01132,4.30297,4.30001,4.31081,-0.720053,-0.717918,-0.725711
2,4.127327103,6.10225,7.00339,7.00339,4.29728,4.29431,4.30514,1.30193,1.30407,1.29626
2,4.172186916,4.10634,6.98746,6.98746,4.28589,4.2829,4.29379,-0.129512,-0.127355,-0.135206
2,4.239476636,2.71575,6.96346,6.96346,4.26881,4.26579,4.27676,-1.12023,-1.11805,-1.12596
2,4.261906542,4.40082,6.95542,6.95542,4.26312,4.26009,4.27108,0.0993216,0.101508,0.0935795
2,4.261906542,4.97342,6.95542,6.95542,4.26312,4.26009,4.27108,0.512337,0.514524,0.506595
2,4.351626168,3.69734,6.92315,6.92315,4.24035,4.23728,4.24838,-0.391672,-0.389457,-0.397463
2,4.351626168,4.87526,6.92315,6.92315,4.24035,4.23728,4.24838,0.45796,0.460176,0.45217
2,4.418915888,5.88957,6.89881,6.89881,4.22327,4.22017,4.23135,1.20191,1.20415,1.19608
2,4.418915888,6.59305,6.89881,6.89881,4.22327,4.22017,4.23135,1.70933,1.71156,1.7035
2,4.418915888,2.97751,6.89881,6.89881,4.22327,4.22017,4.23135,-0.898573,-0.896335,-0.9044
2,4.486205607,4.30266,6.87435,6.87435,4.20619,4.20306,4.21432,0.0695827,0.0718425,0.063719
2,4.486205607,4.1227,6.87435,6.87435,4.20619,4.20306,4.21432,-0.0602222,-0.0579624,-0.066086
2,4.508635514,4.84254,6.86618,6.86618,4.2005,4.19735,4.20864,0.463104,0.465371,0.457228
2,4.531065421,5.52965,6.858,6.858,4.1948,4.19165,4.20297,0.96283,0.965104,0.956941
2,4.531065421,2.81391,6.858,6.858,4.1948,4.19165,4.20297,-0.996046,-0.993771,-1.00193
2,4.575925234,6.56033,6.8416,6.8416,4.18342,4.18024,4.19162,1.71447,1.71676,1.70856
2,4.66564486,1.43967,6.80868,6.80868,4.16065,4.15743,4.16891,-1.96265,-1.96033,-1.96861
2,4.66564486,3.07566,6.80868,6.80868,4.16065,4.15743,4.16891,-0.7826,-0.780282,-0.788562
2,4.66564486,4.0409,6.80868,6.80868,4.16065,4.15743,4.16891,-0.0863736,-0.0840552,-0.0923348
2,4.66564486,3.8773,6.80868,6.80868,4.16065,4.15743,4.16891,-0.204378,-0.20206,-0.210339
2,4.732934579,3.45194,6.7839,6.7839,4.14357,4.14032,4.15188,-0.498871,-0.496531,-0.504869
2,4.755364486,3.94274,6.77562,6.77562,4.13787,4.13462,4.14621,-0.140751,-0.138403,-0.146761
2,4.800224299,4.80982,6.75904,6.75904,4.12649,4.12321,4.13485,0.492886,0.495248,0.486852
2,4.889943925,3.27198,6.72579,6.72579,4.10372,4.1004,4.11215,-0.599932,-0.59754,-0.606014
2,4.912373832,3.56646,6.71746,6.71746,4.09802,4.0947,4.10647,-0.383417,-0.381018,-0.389512
2,4.912373832,2.37219,6.71746,6.71746,4.09802,4.0947,4.10647,-1.24485,-1.24245,-1.25095
2,4.934803738,3.41922,6.70913,6.70913,4.09233,4.089,4.1008,-0.485515,-0.483109,-0.491622
2,4.934803738,4.41718,6.70913,6.70913,4.09233,4.089,4.1008,0.234313,0.236719,0.228206
2,4.957233645,4.64622,6.70078,6.70078,4.08664,4.08329,4.09512,0.403625,0.406039,0.397506
2,5.002093458,3.9591,6.68408,6.68408,4.07525,4.07189,4.08377,-0.0837814,-0.0813532,-0.0899247
2,5.002093458,4.49898,6.68408,6.68408,4.07525,4.07189,4.08377,0.305634,0.308062,0.29949
2,5.024523364,3.59918,6.67572,6.67572,4.06956,4.06618,4.07809,-0.339285,-0.33685,-0.345441
2,5.024523364,4.13906,6.67572,6.67572,4.06956,4.06618,4.07809,0.0501298,0.0525653,0.0439744
2,5.069383178,5.38241,6.65898,6.65898,4.05817,4.05478,4.06674,0.955177,0.957627,0.948997
2,5.114242991,1.91411,6.64221,6.64221,4.04679,4.04337,4.05539,-1.53831,-1.53584,-1.54451
2,5.114242991,6.11861,6.64221,6.64221,4.04679,4.04337,4.05539,1.49441,1.49687,1.48821
2,5.114242991,2.83027,6.64221,6.64221,4.04679,4.04337,4.05539,-0.877481,-0.875017,-0.883685
2,5.18153271,1.97955,6.61703,6.61703,4.02971,4.02626,4.03836,-1.47879,-1.4763,-1.48503
2,5.226392523,5.02249,6.60021,6.60021,4.01832,4.01486,4.02701,0.724311,0.726812,0.718046
2,5.271252336,3.82822,6.58337,6.58337,4.00694,4.00345,4.01566,-0.12891,-0.126394,-0.135199
2,5.293682243,4.90798,6.57495,6.57495,4.00125,3.99775,4.00998,0.654026,0.656549,0.647725
2,5.360971963,4.10634,6.54965,6.54965,3.98417,3.98064,3.99295,0.0881224,0.0906677,0.0817848
2,5.360971963,2.73211,6.54965,6.54965,3.98417,3.98064,3.99295,-0.903116,-0.90057,-0.909453
2,5.405831776,5.18609,6.53276,6.53276,3.97278,3.96923,3.9816,0.875165,0.877725,0.868803
2,5.405831776,3.10838,6.53276,6.53276,3.97278,3.96923,3.9816,-0.623493,-0.620933,-0.629855
2,5.428261682,7.47648,6.52431,6.52431,3.96709,3.96353,3.97593,2.53133,2.5339,2.52496
2,5.428261682,4.51534,6.52431,6.52431,3.96709,3.96353,3.97593,0.395452,0.39802,0.389078
2,5.450691589,3.6319,6.51586,6.51586,3.9614,3.95783,3.97025,-0.237666,-0.235091,-0.244052
2,5.517981308,4.8589,6.49048,6.49048,3.94432,3.94072,3.95322,0.659686,0.662283,0.653264
2,5.517981308,6.08589,6.49048,6.49048,3.94432,3.94072,3.95322,1.54472,1.54732,1.5383
2,5.540411215,2.96115,6.48201,6.48201,3.93863,3.93502,3.94755,-0.70506,-0.702456,-0.711494
2,5.652560748,4.6953,6.43962,6.43962,3.91016,3.9065,3.91917,0.566319,0.568959,0.559824
2,5.652560748,4.51534,6.43962,6.43962,3.91016,3.9065,3.91917,0.436514,0.439154,0.430019
2,5.652560748,3.66462,6.43962,6.43962,3.91016,3.9065,3.91917,-0.17711,-0.174469,-0.183604
2,5.652560748,2.56851,6.43962,6.43962,3.91016,3.9065,3.91917,-0.96774,-0.9651,-0.974235
2,5.719850467,3.89366,6.41415,6.41415,3.89309,3.88939,3.90214,0.000414807,0.00307723,-0.00611582
2,5.719850467,3.2229,6.41415,6.41415,3.89309,3.88939,3.90214,-0.483404,-0.480741,-0.489934
2,5.876859813,3.59918,6.35462,6.35462,3.85324,3.84948,3.86241,-0.183251,-0.180537,-0.189866
2,5.921719626,1.86503,6.33759,6.33759,3.84185,3.83807,3.85106,-1.42589,-1.42316,-1.43253
2,5.966579439,2.66667,6.32055,6.32055,3.83047,3.82667,3.83971,-0.839453,-0.83671,-0.846116
2,5.989009346,4.80982,6.31203,6.31203,3.82477,3.82096,3.83403,0.710513,0.713263,0.703837
2,5.989009346,4.6135,6.31203,6.31203,3.82477,3.82096,3.83403,0.568907,0.571657,0.562232
2,5.989009346,4.0409,6.31203,6.31203,3.82477,3.82096,3.83403,0.155891,0.158641,0.149216
2,5.989009346,3.3047,6.31203,6.31203,3.82477,3.82096,3.83403,-0.375129,-0.372379,-0.381805
2,6.011439252,2.84663,6.3035,6.3035,3.81908,3.81526,3.82835,-0.701436,-0.698678,-0.708124
2,6.101158879,1.76687,6.26938,6.26938,3.79631,3.79245,3.80565,-1.46384,-1.46106,-1.47058
2,6.101158879,3.0593,6.26938,6.26938,3.79631,3.79245,3.80565,-0.531606,-0.528819,-0.538342
2,6.123588785,3.97546,6.26084,6.26084,3.79062,3.78675,3.79998,0.133325,0.136119,0.126577
2,6.146018692,3.59918,6.2523,6.2523,3.78493,3.78104,3.7943,-0.133979,-0.131178,-0.14074
2,6.235738318,1.91411,6.21813,6.21813,3.76216,3.75823,3.7716,-1.333,-1.33017,-1.33981
2,6.235738318,5.56237,6.21813,6.21813,3.76216,3.75823,3.7716,1.2985,1.30133,1.29169
2,6.280598131,5.26789,6.20104,6.20104,3.75077,3.74683,3.76025,1.0943,1.09715,1.08747
2,6.280598131,4.22086,6.20104,6.20104,3.75077,3.74683,3.76025,0.339074,0.341919,0.33224
2,6.280598131,3.86094,6.20104,6.20104,3.75077,3.74683,3.76025,0.0794637,0.0823089,0.0726297
2,6.370317757,2.96115,6.16683,6.16683,3.728,3.72402,3.73755,-0.553138,-0.550263,-0.560021
2,6.392747664,4.58078,6.15827,6.15827,3.72231,3.71832,3.73187,0.619213,0.622095,0.612318
2,6.41517757,6.75665,6.14972,6.14972,3.71662,3.71261,3.7262,2.19278,2.19567,2.18587
2,6.437607477,4.76074,6.14116,6.14116,3.71093,3.70691,3.72052,0.75723,0.760126,0.75031
2,6.460037383,5.88957,6.1326,6.1326,3.70524,3.70121,3.71485,1.57557,1.57847,1.56864
2,6.48246729,4.98978,6.12403,6.12403,3.69954,3.69551,3.70917,0.930648,0.933558,0.923704
2,6.504897196,4.25358,6.11547,6.11547,3.69385,3.68981,3.70349,0.403733,0.406651,0.396777
2,6.527327103,1.93047,6.10691,6.10691,3.68816,3.6841,3.69782,-1.26783,-1.2649,-1.27479
2,6.527327103,5.61145,6.10691,6.10691,3.68816,3.6841,3.69782,1.38728,1.3902,1.38031
2,6.527327103,0.670757,6.10691,6.10691,3.68816,3.6841,3.69782,-2.17646,-2.17354,-2.18343
2,6.639476636,3.56646,6.06406,6.06406,3.6597,3.65559,3.66944,-0.0672515,-0.0642897,-0.0742803
2,6.639476636,3.3865,6.06406,6.06406,3.6597,3.65559,3.66944,-0.197057,-0.194095,-0.204085
2,6.639476636,3.25562,6.06406,6.06406,3.6597,3.65559,3.66944,-0.29146,-0.288498,-0.298489
2,6.661906542,2.71575,6.05549,6.05549,3.65401,3.64989,3.66377,-0.676769,-0.6738,-0.68381
2,6.818915888,3.99182,5.99546,5.99546,3.61416,3.60998,3.62404,0.272406,0.275425,0.26528
2,6.886205607,3.77914,5.96971,5.96971,3.59709,3.59287,3.60702,0.131317,0.134358,0.124154
2,6.886205607,3.20654,5.96971,5.96971,3.59709,3.59287,3.60702,-0.281699,-0.278658,-0.288862
2,6.931065421,2.01227,5.95254,5.95254,3.5857,3.58147,3.59567,-1.13492,-1.13187,-1.14211
2,6.953495327,4.25358,5.94396,5.94396,3.58001,3.57576,3.58999,0.485846,0.488909,0.478648
2,6.953495327,3.61554,5.94396,5.94396,3.58001,3.57576,3.58999,0.0256286,0.0286915,0.0184298
2,6.99835514,1.76687,5.92679,5.92679,3.56863,3.56436,3.57864,-1.29961,-1.29653,-1.30683
2,6.99835514,2.19223,5.92679,5.92679,3.56863,3.56436,3.57864,-0.9928,-0.989722,-1.00002
2,7.06564486,3.01022,5.90102,5.90102,3.55155,3.54726,3.56162,-0.390461,-0.387361,-0.39772
2,7.088074766,4.54806,5.89243,5.89243,3.54586,3.54155,3.55594,0.722887,0.725994,0.715616
2,7.110504673,1.96319,5.88384,5.88384,3.54017,3.53585,3.55027,-1.13748,-1.13436,-1.14476
2,7.132934579,3.7955,5.87525,5.87525,3.53448,3.53015,3.54459,0.188277,0.191399,0.180981
2,7.177794393,2.42127,5.85806,5.85806,3.52309,3.51875,3.53324,-0.79475,-0.791614,-0.80207
2,7.200224299,3.17382,5.84947,5.84947,3.5174,3.51304,3.52757,-0.247824,-0.24468,-0.255156
2,7.222654206,4.1227,5.84087,5.84087,3.51171,3.50734,3.52189,0.440708,0.443859,0.433363
2,7.267514019,4.71166,5.82368,5.82368,3.50033,3.49594,3.51054,0.873735,0.8769,0.866366
2,7.334803738,3.3865,5.79789,5.79789,3.48325,3.47883,3.49352,-0.0697858,-0.0665983,-0.0771914
2,7.379663551,3.92638,5.78069,5.78069,3.47187,3.46743,3.48217,0.32784,0.331042,0.32041
2,7.402093458,1.32515,5.77209,5.77209,3.46618,3.46173,3.4765,-1.54433,-1.54112,-1.55177
2,7.402093458,5.54601,5.77209,5.77209,3.46618,3.46173,3.4765,1.50019,1.5034,1.49275
2,7.424523364,5.85685,5.76349,5.76349,3.46049,3.45603,3.47082,1.7285,1.73172,1.72105
2,7.424523364,6.72393,5.76349,5.76349,3.46049,3.45603,3.47082,2.35393,2.35714,2.34647
2,7.446953271,4.7771,5.75489,5.75489,3.4548,3.45033,3.46515,0.953779,0.957003,0.946313
2,7.446953271,4.64622,5.75489,5.75489,3.4548,3.45033,3.46515,0.859375,0.862599,0.851909
2,7.469383178,3.68098,5.74629,5.74629,3.4491,3.44462,3.45947,0.167254,0.170485,0.159775
2,7.536672897,1.83231,5.72049,5.72049,3.43203,3.42752,3.44245,-1.15388,-1.15063,-1.1614
2,7.536672897,4.22086,5.72049,5.72049,3.43203,3.42752,3.44245,0.568984,0.572237,0.561469
2,7.536672897,5.00613,5.72049,5.72049,3.43203,3.42752,3.44245,1.13541,1.13866,1.12789
2,7.64882243,2.38855,5.67746,5.67746,3.40357,3.39901,3.41408,-0.732142,-0.728851,-0.739717
2,7.64882243,2.56851,5.67746,5.67746,3.40357,3.39901,3.41408,-0.602337,-0.599046,-0.609912
2,7.671252336,3.56646,5.66886,5.66886,3.39788,3.39331,3.4084,0.121596,0.124894,0.114008
2,7.671252336,3.32106,5.66886,5.66886,3.39788,3.39331,3.4084,-0.0554107,-0.0521133,-0.0629985
2,7.805831776,3.82822,5.61721,5.61721,3.36374,3.35911,3.37436,0.335033,0.338375,0.327372
2,7.895551402,3.3047,5.58278,5.58278,3.34097,3.3363,3.35166,-0.0261626,-0.0227913,-0.0338716
2,7.917981308,2.14315,5.57417,5.57417,3.33528,3.3306,3.34599,-0.85989,-0.856511,-0.867611
2,7.940411215,2.97751,5.56556,5.56556,3.32959,3.3249,3.34031,-0.253962,-0.250576,-0.261696
2,7.962841121,2.86299,5.55695,5.55695,3.3239,3.3192,3.33464,-0.332461,-0.329067,-0.340206
2,8.030130841,4.25358,5.53111,5.53111,3.30683,3.3021,3.31762,0.682892,0.686307,0.67511
2,8.030130841,3.7955,5.53111,5.53111,3.30683,3.3021,3.31762,0.352479,0.355895,0.344697
2,8.052560748,3.68098,5.5225,5.5225,3.30114,3.29639,3.31195,0.27398,0.277404,0.266186
2,8.052560748,2.07771,5.5225,5.5225,3.30114,3.29639,3.31195,-0.882464,-0.879041,-0.890258
2,8.097420561,1.94683,5.50527,5.50527,3.28976,3.28499,3.3006,-0.968659,-0.965221,-0.976477
2,8.142280374,3.40286,5.48805,5.48805,3.27838,3.27359,3.28925,0.0897908,0.0932432,0.0819482
2,8.16471028,4.1227,5.47943,5.47943,3.27269,3.26789,3.28358,0.613115,0.616575,0.605261
2,8.232,4.35174,5.45359,5.45359,3.25562,3.25079,3.26656,0.790635,0.794116,0.782744
2,8.232,1.25971,5.45359,5.45359,3.25562,3.25079,3.26656,-1.43965,-1.43617,-1.44754
2,8.254429907,3.3047,5.44498,5.44498,3.24993,3.24509,3.26088,0.03951,0.0429988,0.0316068
2,8.344149533,0.916155,5.41051,5.41051,3.22717,3.22229,3.23819,-1.66694,-1.66342,-1.67489
2,8.366579439,3.94274,5.4019,5.4019,3.22148,3.21659,3.23252,0.520249,0.523774,0.512285
2,8.389009346,3.58282,5.39328,5.39328,3.21579,3.21089,3.22685,0.264743,0.268275,0.256767
2,8.411439252,6.08589,5.38466,5.38466,3.2101,3.20519,3.22117,2.07432,2.07786,2.06633
2,8.411439252,2.47035,5.38466,5.38466,3.2101,3.20519,3.22117,-0.533584,-0.530044,-0.541572
2,8.456299065,3.69734,5.36743,5.36743,3.19872,3.19379,3.20983,0.359658,0.363213,0.351646
2,8.478728972,3.33742,5.35881,5.35881,3.19303,3.18809,3.20415,0.104152,0.107714,0.096128
2,8.501158879,4.33538,5.3502,5.3502,3.18734,3.18239,3.19848,0.828084,0.831653,0.820048
2,8.501158879,0.834356,5.3502,5.3502,3.18734,3.18239,3.19848,-1.69721,-1.69364,-1.70525
2,8.501158879,3.48466,5.3502,5.3502,3.18734,3.18239,3.19848,0.21446,0.218029,0.206424
2,8.523588785,4.02454,5.34158,5.34158,3.18165,3.17669,3.19281,0.607979,0.611555,0.599931
2,8.635738318,2.17587,5.29849,5.29849,3.1532,3.14819,3.16444,-0.704953,-0.70134,-0.713062
2,8.658168224,1.94683,5.28987,5.28987,3.14751,3.14249,3.15877,-0.866055,-0.862436,-0.874177
2,8.658168224,3.10838,5.28987,5.28987,3.14751,3.14249,3.15877,-0.0282233,-0.0246033,-0.0363444
2,8.703028037,1.75051,5.27263,5.27263,3.13613,3.1311,3.14743,-0.999454,-0.995819,-1.0076
2,8.725457944,1.14519,5.26401,5.26401,3.13045,3.1254,3.14175,-1.43197,-1.42832,-1.44012
2,8.792747664,2.56851,5.23815,5.23815,3.11338,3.1083,3.12474,-0.393017,-0.389353,-0.401211
2,8.904897196,6.90389,5.19505,5.19505,3.08493,3.0798,3.09638,2.75462,2.75832,2.74637
2,8.904897196,1.06339,5.19505,5.19505,3.08493,3.0798,3.09638,-1.45814,-1.45444,-1.4664
2,8.904897196,2.83027,5.19505,5.19505,3.08493,3.0798,3.09638,-0.183693,-0.179993,-0.191947
2,8.927327103,3.53374,5.18643,5.18643,3.07925,3.07411,3.09071,0.32783,0.331537,0.319564
2,8.972186916,2.30675,5.16918,5.16918,3.06787,3.06271,3.07936,-0.548998,-0.545276,-0.557288
2,8.972186916,3.27198,5.16918,5.16918,3.06787,3.06271,3.07936,0.147229,0.150951,0.138938
2,8.972186916,3.89366,5.16918,5.16918,3.06787,3.06271,3.07936,0.595646,0.599368,0.587356
2,9.017046729,3.04294,5.15194,5.15194,3.05649,3.05131,3.06802,-0.00977128,-0.0060346,-0.0180859
2,9.039476636,2.48671,5.14332,5.14332,3.0508,3.04561,3.06235,-0.406884,-0.40314,-0.41521
2,9.061906542,4.84254,5.1347,5.1347,3.04511,3.03991,3.05668,1.29648,1.30024,1.28815
2,9.106766355,1.57055,5.11745,5.11745,3.03374,3.02852,3.04533,-1.0554,-1.05163,-1.06376
2,9.106766355,3.61554,5.11745,5.11745,3.03374,3.02852,3.04533,0.419656,0.423422,0.411293
2,9.129196262,1.29243,5.10883,5.10883,3.02805,3.02282,3.03966,-1.25191,-1.24813,-1.26028
2,9.174056075,4.41718,5.09159,5.09159,3.01667,3.01142,3.02832,1.01019,1.01397,1.00179
2,9.196485981,3.43558,5.08297,5.08297,3.01099,3.00573,3.02265,0.306262,0.310057,0.297851
2,9.241345794,3.73006,5.06572,5.06572,2.99961,2.99433,3.01131,0.526875,0.530684,0.51844
2,9.286205607,2.55215,5.04847,5.04847,2.98824,2.98294,2.99996,-0.314552,-0.310729,-0.323012
2,9.286205607,3.27198,5.04847,5.04847,2.98824,2.98294,2.99996,0.204668,0.208491,0.196208
2,9.308635514,1.35787,5.03985,5.03985,2.98255,2.97724,2.99429,-1.17188,-1.16805,-1.18035
2,9.331065421,3.10838,5.03123,5.03123,2.97686,2.97154,2.98862,0.0948678,0.0987052,0.0863842
2,9.375925234,5.54601,5.01398,5.01398,2.96549,2.96015,2.97728,1.86134,1.86519,1.85283
2,9.39835514,4.26994,5.00536,5.00536,2.9598,2.95445,2.97161,0.945007,0.948865,0.936487
2,9.420785047,7.39468,4.99674,4.99674,2.95411,2.94875,2.96594,3.203,3.20686,3.19446
2,9.443214953,2.38855,4.98811,4.98811,2.94843,2.94306,2.96027,-0.403842,-0.399968,-0.412385
2,9.443214953,2.84663,4.98811,4.98811,2.94843,2.94306,2.96027,-0.0734288,-0.0695558,-0.0819726
2,9.443214953,4.15542,4.98811,4.98811,2.94843,2.94306,2.96027,0.870608,0.874481,0.862064
2,9.510504673,4.89162,4.96224,4.96224,2.93137,2.92597,2.94326,1.41393,1.41783,1.40535
2,9.532934579,0.719836,4.95362,4.95362,2.92568,2.92027,2.93759,-1.59108,-1.58718,-1.59967
2,9.532934579,4.40082,4.95362,4.95362,2.92568,2.92027,2.93759,1.06402,1.06792,1.05543
2,9.645084112,3.41922,4.9105,4.9105,2.89725,2.89179,2.90924,0.376502,0.38044,0.36785
2,9.645084112,2.68303,4.9105,4.9105,2.89725,2.89179,2.90924,-0.154518,-0.15058,-0.16317
2,9.667514019,1.42331,4.90187,4.90187,2.89156,2.88609,2.90357,-1.05905,-1.05511,-1.06772
2,9.667514019,2.48671,4.90187,4.90187,2.89156,2.88609,2.90357,-0.292022,-0.288077,-0.300686
2,9.734803738,3.25562,4.876,4.876,2.8745,2.869,2.88657,0.274903,0.27887,0.266203
2,9.846953271,2.42127,4.83287,4.83287,2.84608,2.84053,2.85822,-0.306415,-0.302412,-0.315175
2,9.869383178,2.78119,4.82425,4.82425,2.84039,2.83483,2.85255,-0.0427046,-0.0386939,-0.0514767
2,9.959102804,1.79959,4.78975,4.78975,2.81765,2.81205,2.82988,-0.73433,-0.73029,-0.74315
2,9.959102804,3.1411,4.78975,4.78975,2.81765,2.81205,2.82988,0.233307,0.237347,0.224487
2,10.00396262,2.61759,4.7725,4.7725,2.80628,2.80066,2.81854,-0.136107,-0.132052,-0.14495
2,10.02639252,2.35583,4.76387,4.76387,2.8006,2.79497,2.81288,-0.320814,-0.316752,-0.32967
2,10.07125234,2.04499,4.74662,4.74662,2.78923,2.78358,2.80154,-0.536822,-0.532746,-0.545702
2,10.13854206,2.53579,4.72074,4.72074,2.77218,2.7665,2.78454,-0.170509,-0.166411,-0.179425
2,10.16097196,3.01022,4.71212,4.71212,2.76649,2.7608,2.77887,0.175804,0.179909,0.166876
2,10.18340187,5.33e-15,4.70349,4.70349,2.76081,2.75511,2.7732,-1.99138,-1.98727,-2.00032
2,10.20583178,3.40286,4.69487,4.69487,2.75513,2.74942,2.76754,0.467214,0.471333,0.458262
2,10.2731215,2.35583,4.66899,4.66899,2.73808,2.73234,2.75054,-0.275718,-0.271577,-0.284705
2,10.2731215,3.9591,4.66899,4.66899,2.73808,2.73234,2.75054,0.880727,0.884868,0.871739
2,10.31798131,2.74847,4.65174,4.65174,2.72671,2.72095,2.73921,0.0156912,0.0198468,0.00667989
2,10.40770093,5.87321,4.61723,4.61723,2.70398,2.69818,2.71654,2.28597,2.29016,2.27691
2,10.40770093,2.30675,4.61723,4.61723,2.70398,2.69818,2.71654,-0.286526,-0.282342,-0.295585
2,10.40770093,3.7955,4.61723,4.61723,2.70398,2.69818,2.71654,0.787315,0.791499,0.778256
2,10.40770093,3.35378,4.61723,4.61723,2.70398,2.69818,2.71654,0.468703,0.472887,0.459644
2,10.40770093,3.01022,4.61723,4.61723,2.70398,2.69818,2.71654,0.220893,0.225078,0.211834
2,10.47499065,2.53579,4.59136,4.59136,2.68694,2.68111,2.69955,-0.109025,-0.104819,-0.11812
2,10.49742056,3.19018,4.58273,4.58273,2.68126,2.67541,2.69388,0.367091,0.371305,0.357985
2,10.51985047,4.46626,4.5741,4.5741,2.67557,2.66972,2.68822,1.29162,1.29585,1.28251
2,10.54228037,3.51738,4.56548,4.56548,2.66989,2.66403,2.68255,0.611296,0.615524,0.602166
2,10.632,1.86503,4.53097,4.53097,2.64717,2.64127,2.65989,-0.564159,-0.559903,-0.573337
2,10.65442991,1.01431,4.52234,4.52234,2.64149,2.63558,2.65423,-1.17369,-1.16942,-1.18288
2,10.92358879,2.53579,4.41883,4.41883,2.57334,2.56731,2.58628,-0.0270856,-0.0227361,-0.0364175
2,10.94601869,4.15542,4.4102,4.4102,2.56766,2.56162,2.58061,1.14525,1.14961,1.13591
2,11.03573832,0.327198,4.37569,4.37569,2.54495,2.53887,2.55797,-1.59967,-1.59528,-1.60906
2,11.03573832,1.50511,4.37569,4.37569,2.54495,2.53887,2.55797,-0.750038,-0.745652,-0.759429
2,11.03573832,2.38855,4.37569,4.37569,2.54495,2.53887,2.55797,-0.112813,-0.108428,-0.122204
2,11.08059813,1.66871,4.35844,4.35844,2.5336,2.5275,2.54665,-0.623844,-0.619444,-0.633258
2,11.14788785,1.42331,4.33256,4.33256,2.51657,2.51044,2.52967,-0.788567,-0.784146,-0.798017
2,11.17031776,2.19223,4.32393,4.32393,2.51089,2.50475,2.52401,-0.229852,-0.225423,-0.239314
2,11.19274766,1.79959,4.3153,4.3153,2.50522,2.49907,2.51835,-0.508969,-0.504533,-0.518442
2,11.26003738,2.58487,4.28942,4.28942,2.48819,2.48201,2.50137,0.0697333,0.0741907,0.0602247
2,11.28246729,1.47239,4.2808,4.2808,2.48252,2.47633,2.49571,-0.728604,-0.72414,-0.738125
2,11.3048972,3.25562,4.27217,4.27217,2.47684,2.47064,2.49006,0.561738,0.56621,0.552206
2,11.39461682,2.91207,4.23766,4.23766,2.45415,2.44791,2.46743,0.330299,0.334799,0.32072
2,11.43947664,2.45399,4.22041,4.22041,2.4428,2.43654,2.45611,0.00807004,0.0125847,-0.00153222
2,11.46190654,2.06135,4.21178,4.21178,2.43713,2.43086,2.45046,-0.271049,-0.266527,-0.280663
2,11.48433645,1.93047,4.20315,4.20315,2.43145,2.42518,2.4448,-0.361361,-0.356832,-0.370987
2,11.52919626,2.71575,4.1859,4.1859,2.42011,2.41381,2.43349,0.213243,0.217786,0.203594
2,11.52919626,4.38446,4.1859,4.1859,2.42011,2.41381,2.43349,1.41689,1.42143,1.40724
2,11.64134579,0.359918,4.14276,4.14276,2.39176,2.38541,2.40521,-1.46557,-1.46099,-1.47528
2,11.91050467,0.834356,4.03924,4.03924,2.32374,2.31727,2.33739,-1.07429,-1.06963,-1.08414
2,11.93293458,2.15951,4.03061,4.03061,2.31807,2.31159,2.33174,-0.11437,-0.109699,-0.124227
2,11.93293458,0.687117,4.03061,4.03061,2.31807,2.31159,2.33174,-1.17641,-1.17174,-1.18627
2,11.97779439,1.11247,4.01336,4.01336,2.30674,2.30024,2.32044,-0.861426,-0.85674,-0.871306
2,12.02265421,1.73415,3.99611,3.99611,2.29541,2.28889,2.30914,-0.404837,-0.400137,-0.41474
2,12.04508411,3.69734,3.98748,3.98748,2.28974,2.28322,2.30349,1.0153,1.02001,1.00539
2,12.11237383,1.96319,3.9616,3.9616,2.27275,2.2662,2.28655,-0.223289,-0.218561,-0.233238
2,12.17966355,1.45603,3.93572,3.93572,2.25577,2.24918,2.26961,-0.57685,-0.572101,-0.586834
2,12.24695327,2.84663,3.90984,3.90984,2.23878,2.23217,2.25267,0.438438,0.443209,0.428421
2,12.26938318,2.61759,3.90121,3.90121,2.23312,2.2265,2.24703,0.277315,0.282092,0.267286
2,12.38153271,3.28834,3.85808,3.85808,2.20483,2.19816,2.21881,0.781542,0.786354,0.771457
2,12.42639252,1.89775,3.84082,3.84082,2.19351,2.18682,2.20753,-0.213335,-0.208509,-0.223443
2,12.42639252,1.60327,3.84082,3.84082,2.19351,2.18682,2.20753,-0.425743,-0.420917,-0.435851
2,12.47125234,2.09407,3.82357,3.82357,2.1822,2.17549,2.19625,-0.0635695,-0.0587303,-0.0736999
2,12.47125234,1.06339,3.82357,3.82357,2.1822,2.17549,2.19625,-0.806998,-0.802159,-0.817128
2,12.51611215,3.32106,3.80632,3.80632,2.17089,2.16416,2.18497,0.829623,0.834476,0.81947
2,12.53854206,2.20859,3.79769,3.79769,2.16524,2.1585,2.17933,0.031271,0.0361305,0.0211069
2,12.60583178,1.93047,3.77181,3.77181,2.14827,2.14151,2.16241,-0.157103,-0.152223,-0.1673
2,12.6955514,0.736196,3.7373,3.7373,2.12567,2.11886,2.13987,-1.00223,-0.997322,-1.01247
2,12.91985047,1.79959,3.65104,3.65104,2.06919,2.06229,2.08354,-0.194462,-0.189487,-0.204814
2,12.91985047,0.916155,3.65104,3.65104,2.06919,2.06229,2.08354,-0.831687,-0.826712,-0.842039
2,12.98714019,4.33538,3.62516,3.62516,2.05226,2.04533,2.06666,1.64682,1.65182,1.63644
2,13.05442991,1.66871,3.59928,3.59928,2.03533,2.02838,2.04977,-0.264444,-0.259429,-0.274862
2,13.05442991,4.5317,3.59928,3.59928,2.03533,2.02838,2.04977,1.80063,1.80565,1.79022
2,13.18900935,0.458078,3.54753,3.54753,2.0015,1.99449,2.01603,-1.11327,-1.10822,-1.12376
2,13.23386916,2.38855,3.53028,3.53028,1.99023,1.9832,2.00479,0.287309,0.292377,0.276806
2,13.25629907,0.539877,3.52165,3.52165,1.98459,1.97756,1.99917,-1.04208,-1.037,-1.05259
2,13.30115888,3.58282,3.5044,3.5044,1.97333,1.96627,1.98793,1.16093,1.16602,1.1504
2,13.3908785,2.02863,3.4699,3.4699,1.9508,1.94371,1.96547,0.0561379,0.0612515,0.0455603
2,13.41330841,3.76278,3.46127,3.46127,1.94517,1.93807,1.95985,1.31105,1.31617,1.30046
2,13.41330841,4.08998,3.46127,3.46127,1.94517,1.93807,1.95985,1.54706,1.55218,1.53647
2,13.45816822,2.65031,3.44402,3.44402,1.93392,1.9268,1.94862,0.516734,0.521867,0.506125
2,13.48059813,0.556237,3.4354,3.4354,1.92829,1.92116,1.94301,-0.989665,-0.984526,-1.00028
2,13.52545794,2.14315,3.41815,3.41815,1.91704,1.9099,1.93179,0.163094,0.168246,0.152454
2,13.74975701,1.40695,3.3319,3.3319,1.86084,1.85361,1.87574,-0.327391,-0.322175,-0.338134
2,13.81704673,0.997955,3.30603,3.30603,1.844,1.83674,1.85894,-0.610255,-0.605021,-0.621028
2,13.99648598,0.719836,3.23704,3.23704,1.79914,1.79182,1.81419,-0.778506,-0.773222,-0.789358
2,14.0637757,1.55419,3.21117,3.21117,1.78234,1.77499,1.79742,-0.164562,-0.159261,-0.175444
2,14.24321495,0.0981595,3.14219,3.14219,1.73758,1.73017,1.75277,-1.18252,-1.17717,-1.19348
2,14.24321495,2.43763,3.14219,3.14219,1.73758,1.73017,1.75277,0.504944,0.510293,0.493987
2,14.31050467,2.78119,3.11633,3.11633,1.72082,1.71338,1.73605,0.764843,0.77021,0.753858
2,14.4002243,2.87935,3.08184,3.08184,1.69849,1.69102,1.71377,0.851752,0.857142,0.84073
2,14.4002243,4.05726,3.08184,3.08184,1.69849,1.69102,1.71377,1.70138,1.70677,1.69036
2,14.44508411,0.196319,3.0646,3.0646,1.68734,1.67985,1.70264,-1.07548,-1.07007,-1.08652
2,14.44508411,1.01431,3.0646,3.0646,1.68734,1.67985,1.70264,-0.485453,-0.480052,-0.496493
2,14.44508411,1.37423,3.0646,3.0646,1.68734,1.67985,1.70264,-0.225843,-0.220442,-0.236883
2,14.53480374,2.73211,3.03012,3.03012,1.66504,1.65753,1.6804,0.769674,0.775098,0.758599
2,14.64695327,1.22699,2.98702,2.98702,1.63721,1.62966,1.65263,-0.295893,-0.290442,-0.307011
2,14.87125234,1.79959,2.90084,2.90084,1.58168,1.57405,1.59721,0.15718,0.162683,0.145977
2,14.98340187,0.179959,2.85775,2.85775,1.55398,1.54632,1.56957,-0.991087,-0.985558,-1.00233
2,15.02826168,1.79959,2.84052,2.84052,1.54292,1.53524,1.55853,0.185139,0.190678,0.173881
2,15.0955514,1.86503,2.81468,2.81468,1.52634,1.51864,1.54198,0.244301,0.249855,0.23302
2,15.25256075,3.68098,2.75438,2.75438,1.48772,1.47998,1.50343,1.582,1.58759,1.57067
2,15.27499065,0.572597,2.74576,2.74576,1.48222,1.47446,1.49794,-0.656111,-0.650519,-0.66745
2,15.29742056,1.68507,2.73715,2.73715,1.47671,1.46895,1.49244,0.15029,0.155887,0.138944
2,15.38714019,1.86503,2.7027,2.7027,1.45472,1.44693,1.47049,0.29596,0.301575,0.284586
2,15.47685981,0.883436,2.66826,2.66826,1.43276,1.42496,1.44857,-0.396232,-0.3906,-0.407632
2,15.52171963,2.81391,2.65104,2.65104,1.4218,1.41398,1.43762,1.00413,1.00977,0.992715
2,15.90302804,1.66871,2.50475,2.50475,1.3291,1.32119,1.34505,0.244964,0.250669,0.233455
2,16.08246729,1.81595,2.43596,2.43596,1.2858,1.27785,1.3018,0.382402,0.388132,0.370858
2,16.26190654,2.56851,2.36721,2.36721,1.24273,1.23475,1.25877,0.956287,0.96204,0.944715
2,16.30676636,1.97955,2.35003,2.35003,1.232,1.22402,1.24805,0.539208,0.544966,0.527631
3,0,0.620408,6.79445,6.79445,6.04548,6.11013,6.53695,-3.91312,-3.95975,-4.26762
3,2.018691589,4.5551,7.50092,7.50092,5.59424,5.66496,6.05598,-0.74953,-0.800543,-1.08259
3,2.041121495,2.61224,7.5013,7.5013,5.58922,5.66001,6.05064,-2.1473,-2.19836,-2.48012
3,3.005607477,5.24082,7.36191,7.36191,5.37363,5.44732,5.82084,-0.0957982,-0.148951,-0.418375
3,3.857943925,3.72245,7.09738,7.09738,5.18311,5.25936,5.61777,-1.05358,-1.10858,-1.3671
3,4.014953271,2.1551,7.04296,7.04296,5.14801,5.22473,5.58037,-2.15879,-2.21413,-2.47065
3,4.014953271,3.2,7.04296,7.04296,5.14801,5.22473,5.58037,-1.40511,-1.46044,-1.71696
3,4.037383178,5.01224,7.0351,7.0351,5.143,5.21979,5.57502,-0.094313,-0.1497,-0.405932
3,4.351401869,3.82041,6.92323,6.92323,5.07281,5.15054,5.50021,-0.903358,-0.959427,-1.21164
3,5.001869159,3.11837,6.68416,6.68416,4.92741,5.0071,5.34523,-1.30487,-1.36235,-1.60624
3,5.136448598,5.8449,6.63391,6.63391,4.89733,4.97742,5.31317,0.683487,0.625712,0.38354
3,5.226168224,1.94286,6.60029,6.60029,4.87727,4.95764,5.29179,-2.1166,-2.17457,-2.41559
3,5.45046729,4.81633,6.51595,6.51595,4.82713,4.90818,5.23835,-0.0077948,-0.0662517,-0.304407
3,5.876635514,3.59184,6.35471,6.35471,4.73187,4.8142,5.13681,-0.822311,-0.881694,-1.1144
3,5.943925234,4.70204,6.32916,6.32916,4.71683,4.79936,5.12078,-0.0106685,-0.0701976,-0.302039
3,6.011214953,4.3102,6.30359,6.30359,4.70179,4.78452,5.10475,-0.282452,-0.342127,-0.573108
3,6.03364486,6.33469,6.29506,6.29506,4.69678,4.77958,5.09941,1.18143,1.12171,0.891016
3,6.347663551,4.60408,6.17547,6.17547,4.62659,4.71033,5.02459,-0.0162326,-0.0766382,-0.303314
3,6.841121495,5.12653,5.98696,5.98696,4.51629,4.60152,4.90702,0.440171,0.378694,0.158331
3,6.908411215,6.12245,5.96121,5.96121,4.50125,4.58668,4.89099,1.16938,1.10776,0.888253
3,6.998130841,4.19592,5.92687,5.92687,4.48119,4.56689,4.86962,-0.205768,-0.267586,-0.48594
3,7.020560748,6.17143,5.91828,5.91828,4.47618,4.56195,4.86427,1.22279,1.16092,0.942855
3,7.042990654,5.40408,5.9097,5.9097,4.47116,4.557,4.85893,0.672916,0.611001,0.393221
3,7.155140187,7.77143,5.86674,5.86674,4.4461,4.53227,4.83221,2.39857,2.33641,2.12007
3,7.244859813,4.76735,5.83236,5.83236,4.42604,4.51249,4.81083,0.246185,0.183831,-0.0313666
3,7.289719626,6.85714,5.81517,5.81517,4.41601,4.5026,4.80015,1.76079,1.69834,1.48372
3,7.334579439,5.81224,5.79798,5.79798,4.40599,4.4927,4.78946,1.01434,0.951789,0.73774
3,7.334579439,4.44082,5.79798,5.79798,4.40599,4.4927,4.78946,0.0251229,-0.0374261,-0.251476
3,7.379439252,4.01633,5.78078,5.78078,4.39596,4.48281,4.77877,-0.27383,-0.336477,-0.549952
3,7.446728972,6.23673,5.75498,5.75498,4.38092,4.46797,4.76274,1.33861,1.27581,1.0632
3,7.648598131,4.81633,5.67755,5.67755,4.33579,4.42346,4.71464,0.346609,0.283377,0.073345
3,7.693457944,6.44898,5.66034,5.66034,4.32577,4.41357,4.70395,1.53148,1.46815,1.25869
3,7.85046729,4.76735,5.60008,5.60008,4.29067,4.37894,4.66655,0.343828,0.280156,0.0727071
3,7.962616822,6.80816,5.55703,5.55703,4.2656,4.35421,4.63983,1.83396,1.77004,1.56403
3,8.007476636,5.74694,5.53981,5.53981,4.25558,4.34432,4.62914,1.07572,1.01171,0.806271
3,8.007476636,3.6898,5.53981,5.53981,4.25558,4.34432,4.62914,-0.408099,-0.472112,-0.677551
3,8.007476636,5.3551,5.53981,5.53981,4.25558,4.34432,4.62914,0.793091,0.729078,0.523638
3,8.142056075,8.26122,5.48813,5.48813,4.2255,4.31465,4.59708,2.91098,2.84668,2.64296
3,8.231775701,4.5551,5.45368,5.45368,4.20544,4.29486,4.5757,0.252211,0.187711,-0.0148582
3,8.321495327,5.48571,5.41922,5.41922,4.18539,4.27508,4.55433,0.937929,0.873235,0.671813
3,8.343925234,4.32653,5.4106,5.4106,4.18037,4.27013,4.54898,0.105423,0.0406798,-0.160455
3,8.456074766,5.9102,5.36752,5.36752,4.15531,4.2454,4.52226,1.26581,1.20083,1.00113
3,8.747663551,4.75102,5.25548,5.25548,4.09013,4.18111,4.45279,0.4767,0.411081,0.215113
3,8.882242991,3.98367,5.20375,5.20375,4.06005,4.15143,4.42073,-0.0550921,-0.121004,-0.31525
3,8.94953271,6.66122,5.17789,5.17789,4.04501,4.13659,4.4047,1.88708,1.82102,1.62764
3,9.01682243,4.8,5.15203,5.15203,4.02997,4.12176,4.38867,0.555423,0.489219,0.296696
3,9.039252336,5.9102,5.14341,5.14341,4.02496,4.11681,4.38332,1.35983,1.29358,1.10134
3,9.039252336,4.60408,5.14341,5.14341,4.02496,4.11681,4.38332,0.417723,0.35147,0.159234
3,9.151401869,7.72245,5.1003,5.1003,3.99989,4.09208,4.3566,2.68509,2.61859,2.42779
3,9.218691589,3.80408,5.07443,5.07443,3.98485,4.07724,4.34057,-0.13039,-0.197032,-0.386973
3,9.285981308,5.06122,5.04856,5.04856,3.96981,4.06241,4.32454,0.787238,0.72045,0.531371
3,9.330841121,6.22041,5.03131,5.03131,3.95979,4.05251,4.31385,1.63059,1.56371,1.3752
3,9.353271028,5.32245,5.02269,5.02269,3.95477,4.04757,4.30851,0.986509,0.919575,0.731357
3,9.375700935,4.39184,5.01407,5.01407,3.94976,4.04262,4.30317,0.318871,0.251889,0.063958
3,9.487850467,6.26939,4.97095,4.97095,3.92469,4.01789,4.27645,1.69123,1.62401,1.43751
3,9.66728972,4.34286,4.90196,4.90196,3.88459,3.97833,4.2337,0.330551,0.262937,0.0787367
3,9.846728972,4.71837,4.83296,4.83296,3.84448,3.93876,4.19095,0.630335,0.562332,0.380429
3,9.958878505,5.02857,4.78983,4.78983,3.81942,3.91403,4.16423,0.872166,0.80392,0.623452
3,10.00373832,6.92245,4.77258,4.77258,3.80939,3.90414,4.15354,2.24546,2.17711,1.99722
3,10.02616822,4.35918,4.76396,4.76396,3.80438,3.89919,4.1482,0.400182,0.331791,0.152183
3,10.02616822,5.51837,4.76396,4.76396,3.80438,3.89919,4.1482,1.2363,1.16791,0.988306
3,10.11588785,7.24898,4.72946,4.72946,3.78433,3.87941,4.12682,2.49906,2.43048,2.25202
3,10.22803738,3.80408,4.68633,4.68633,3.75926,3.85468,4.10011,0.0323283,-0.0365,-0.213524
3,10.2953271,5.1102,4.66045,4.66045,3.74422,3.83985,4.08408,0.985285,0.916311,0.740149
3,10.34018692,5.20816,4.6432,4.6432,3.7342,3.82996,4.07339,1.06318,0.994104,0.818516
3,10.38504673,3.15102,4.62595,4.62595,3.72417,3.82007,4.0627,-0.413416,-0.482584,-0.657598
3,10.45233645,4.63673,4.60007,4.60007,3.70913,3.80523,4.04667,0.669081,0.599767,0.425614
3,10.65420561,4.70204,4.52243,4.52243,3.66402,3.76072,3.99858,0.748728,0.678977,0.507408
3,10.69906542,4.13061,4.50518,4.50518,3.65399,3.75083,3.98789,0.343786,0.273938,0.102944
3,10.74392523,3.4449,4.48792,4.48792,3.64397,3.74094,3.97721,-0.14359,-0.213536,-0.383955
3,10.85607477,6.07347,4.44479,4.44479,3.61891,3.71621,3.95049,1.77048,1.7003,1.53131
3,10.94579439,4.21224,4.41028,4.41028,3.59886,3.69643,3.92912,0.44244,0.372058,0.204222
3,10.99065421,5.42041,4.39303,4.39303,3.58883,3.68654,3.91843,1.32112,1.25064,1.08338
3,11.01308411,5.99184,4.3844,4.3844,3.58382,3.6816,3.91309,1.73691,1.66638,1.49941
3,11.03551402,4.81633,4.37578,4.37578,3.5788,3.67665,3.90774,0.892628,0.822052,0.655365
3,11.14766355,6.38367,4.33264,4.33264,3.55374,3.65192,3.88103,2.04124,1.97042,1.80517
3,11.23738318,2.48163,4.29814,4.29814,3.53369,3.63214,3.85965,-0.758854,-0.829866,-0.993969
3,11.28224299,4.65306,4.28088,4.28088,3.52367,3.62225,3.84897,0.814635,0.743525,0.579997
3,11.3271028,3.65714,4.26363,4.26363,3.51364,3.61236,3.83828,0.103507,0.0323007,-0.130654
3,11.37196262,2.13878,4.24637,4.24637,3.50362,3.60247,3.82759,-0.984465,-1.05577,-1.21815
3,11.41682243,4.16327,4.22912,4.22912,3.49359,3.59258,3.81691,0.483036,0.411636,0.24983
3,11.6635514,2.67755,4.13422,4.13422,3.43846,3.53819,3.75813,-0.548846,-0.620778,-0.779426
3,11.68598131,3.2,4.1256,4.1256,3.43345,3.53324,3.75279,-0.168387,-0.240368,-0.398728
3,11.73084112,2.38367,4.10834,4.10834,3.42342,3.52335,3.7421,-0.749975,-0.822053,-0.979838
3,11.86542056,3.36327,4.05658,4.05658,3.39335,3.49368,3.71004,-0.0217027,-0.0940697,-0.250133
3,11.93271028,4.94694,4.0307,4.0307,3.37832,3.47885,3.69402,1.13145,1.05894,0.903737
3,12,3.78776,4.00482,4.00482,3.36328,3.46401,3.67799,0.306173,0.233516,0.0791764
3,12.02242991,6.22041,3.99619,3.99619,3.35827,3.45907,3.67264,2.06447,1.99176,1.83771
3,12.04485981,3.08571,3.98756,3.98756,3.35326,3.45412,3.6673,-0.192981,-0.265735,-0.4195
3,12.11214953,5.64898,3.96168,3.96168,3.33822,3.43929,3.65127,1.66675,1.59386,1.44095
3,12.22429907,2.51429,3.91855,3.91855,3.31317,3.41457,3.62456,-0.576236,-0.649376,-0.800843
3,12.29158879,4.88163,3.89267,3.89267,3.29813,3.39973,3.60853,1.14218,1.0689,0.918292
3,12.31401869,5.19184,3.88404,3.88404,3.29312,3.39479,3.60319,1.36955,1.29621,1.1459
3,12.3364486,2.82449,3.87542,3.87542,3.28811,3.38985,3.59784,-0.334411,-0.407793,-0.557823
3,12.3588785,2.30204,3.86679,3.86679,3.2831,3.3849,3.5925,-0.70764,-0.781071,-0.930813
3,12.44859813,4.73469,3.83228,3.83228,3.26306,3.36512,3.57113,1.0615,0.987874,0.839281
3,12.65046729,2.36735,3.75464,3.75464,3.21796,3.32063,3.52305,-0.613547,-0.687604,-0.833611
3,12.6728972,3.46122,3.74602,3.74602,3.21295,3.31568,3.51771,0.179084,0.104979,-0.0407409
3,12.74018692,3.05306,3.72014,3.72014,3.19791,3.30085,3.50168,-0.104483,-0.178733,-0.32359
3,12.87476636,3.00408,3.66838,3.66838,3.16785,3.27119,3.46963,-0.118128,-0.192666,-0.335799
3,12.94205607,4.08163,3.6425,3.6425,3.15282,3.25636,3.4536,0.669955,0.595273,0.453002
3,12.98691589,4.44082,3.62525,3.62525,3.1428,3.24647,3.44292,0.936263,0.861484,0.719789
3,13.00934579,4.57143,3.61662,3.61662,3.13779,3.24153,3.43757,1.03409,0.959261,0.817853
3,13.0317757,2.62857,3.608,3.608,3.13278,3.23658,3.43223,-0.363687,-0.438561,-0.579682
3,13.16635514,4.60408,3.55624,3.55624,3.10272,3.20692,3.40018,1.08294,1.00777,0.868378
3,13.23364486,2.10612,3.53036,3.53036,3.08769,3.19209,3.38415,-0.708008,-0.783314,-0.921848
3,13.30093458,3.55918,3.50449,3.50449,3.07266,3.17726,3.36813,0.350929,0.27548,0.137808
3,13.30093458,2.35102,3.50449,3.50449,3.07266,3.17726,3.36813,-0.520522,-0.595972,-0.733643
3,13.32336449,3.13469,3.49586,3.49586,3.06765,3.17232,3.36279,0.048357,-0.0271404,-0.164524
3,13.3682243,2.93878,3.47861,3.47861,3.05763,3.16243,3.3521,-0.0857327,-0.161326,-0.298135
3,13.45794393,3.98367,3.44411,3.44411,3.0376,3.14266,3.33074,0.682408,0.606623,0.470965
3,13.65981308,5.33e-15,3.36649,3.36649,2.99252,3.09818,3.28266,-2.15851,-2.23473,-2.3678
3,13.68224299,2.17143,3.35786,3.35786,2.98751,3.09324,3.27732,-0.588639,-0.664904,-0.797685
3,13.74953271,1.69796,3.33199,3.33199,2.97248,3.07841,3.2613,-0.919316,-0.995724,-1.12764
3,13.86168224,0.897959,3.28887,3.28887,2.94744,3.0537,3.2346,-1.4783,-1.55494,-1.68542
3,13.92897196,3.57551,3.263,3.263,2.93241,3.03888,3.21857,0.463866,0.387076,0.25746
3,13.99626168,3.5102,3.23713,3.23713,2.91739,3.02405,3.20255,0.427598,0.350663,0.221911
3,14.01869159,1.50204,3.22851,3.22851,2.91238,3.01911,3.19721,-1.01728,-1.09427,-1.22273
3,14.0411215,2.69388,3.21988,3.21988,2.90738,3.01417,3.19187,-0.153997,-0.231027,-0.359203
3,14.13084112,5.30612,3.18539,3.18539,2.88735,2.9944,3.17051,1.74467,1.66745,1.54042
3,14.24299065,1.6,3.14228,3.14228,2.86231,2.9697,3.14381,-0.910508,-0.987967,-1.11355
3,14.28785047,3.88571,3.12504,3.12504,2.8523,2.95982,3.13313,0.745407,0.667853,0.542844
3,14.33271028,2.77551,3.10779,3.10779,2.84228,2.94993,3.12245,-0.0481635,-0.125813,-0.250246
3,14.44485981,4.27755,3.06469,3.06469,2.81725,2.92523,3.09575,1.05332,0.975431,0.852439
3,14.64672897,2.25306,2.98711,2.98711,2.7722,2.88077,3.04769,-0.374455,-0.452769,-0.573169
3,14.69158879,5.07755,2.96987,2.96987,2.76219,2.87089,3.03701,1.67008,1.59167,1.47185
3,14.93831776,2.93878,2.87507,2.87507,2.70714,2.81656,2.97829,0.16708,0.0881534,-0.0284993
3,14.98317757,3.10204,2.85784,2.85784,2.69713,2.80668,2.96761,0.292062,0.213042,0.0969655
3,15.00560748,1.19184,2.84922,2.84922,2.69213,2.80175,2.96227,-1.08216,-1.16123,-1.27702
3,15.05046729,1.51837,2.83199,2.83199,2.68212,2.79187,2.9516,-0.839419,-0.91858,-1.03379
3,15.11775701,5.38776,2.80615,2.80615,2.66711,2.77705,2.93558,1.96241,1.88311,1.76876
3,15.25233645,1.76327,2.75446,2.75446,2.6371,2.74743,2.90356,-0.630297,-0.70988,-0.822495
3,15.29719626,2.98776,2.73724,2.73724,2.62709,2.73755,2.89288,0.260147,0.180471,0.0684326
3,15.36448598,1.25714,2.7114,2.7114,2.61209,2.72274,2.87687,-0.977326,-1.05714,-1.16831
3,15.4317757,3.96735,2.68557,2.68557,2.59709,2.70793,2.86086,0.988374,0.908419,0.798112
3,15.67850467,0.0163265,2.59088,2.59088,2.54208,2.65364,2.80216,-1.82184,-1.9023,-2.00943
3,15.92523364,2.59592,2.49624,2.49624,2.4871,2.59936,2.74348,0.0784912,-0.00248114,-0.106435
3,16.1271028,0.881633,2.41886,2.41886,2.44213,2.55496,2.69547,-1.12559,-1.20698,-1.30833
3,16.21682243,1.24082,2.38448,2.38448,2.42215,2.53523,2.67414,-0.852098,-0.933665,-1.03386
3,16.30654206,2.85714,2.35011,2.35011,2.40217,2.51551,2.65281,0.328172,0.246424,0.147385
3,16.35140187,0.914286,2.33294,2.33294,2.39218,2.50564,2.64215,-1.06601,-1.14785,-1.24631
3,16.4635514,2.84082,2.29001,2.29001,2.36722,2.48099,2.61549,0.341607,0.259543,0.162528
3,16.66542056,2.74286,2.21279,2.21279,2.3223,2.43663,2.56752,0.30335,0.220882,0.126473
3,16.97943925,0.163265,2.09285,2.09285,2.25247,2.36766,2.49292,-1.50695,-1.59003,-1.68039
3,17.00186916,2.17143,2.08429,2.08429,2.24748,2.36273,2.4876,-0.0548558,-0.137988,-0.228052
3,17.11401869,2.23673,2.04152,2.04152,2.22256,2.33811,2.46097,0.0102271,-0.0731236,-0.161738
3,17.20373832,0.555102,2.00733,2.00733,2.20262,2.31842,2.43967,-1.18836,-1.27189,-1.35934
3,17.29345794,0.457143,1.97317,1.97317,2.1827,2.29873,2.41837,-1.24465,-1.32834,-1.41464
3,17.29345794,1.95918,1.97317,1.97317,2.1827,2.29873,2.41837,-0.161221,-0.244917,-0.331211
3,17.31588785,3.2,1.96464,1.96464,2.17772,2.29381,2.41305,0.737375,0.653637,0.567633
3,17.42803738,2.67755,1.92199,1.92199,2.15282,2.26921,2.38643,0.37849,0.294538,0.209985
3,18.03364486,1.81224,1.6927,1.6927,2.01856,2.1365,2.24285,-0.148818,-0.233886,-0.310593
3,18.12336449,4.5551,1.65891,1.65891,1.9987,2.11686,2.22159,1.84394,1.75871,1.68317
3,18.23551402,0.555102,1.61677,1.61677,1.97389,2.09233,2.19504,-1.02338,-1.1088,-1.18289
3,18.37009346,1.30612,1.56632,1.56632,1.94414,2.0629,2.16319,-0.460205,-0.545864,-0.618204
3,18.43738318,2.20408,1.54116,1.54116,1.92927,2.04819,2.14727,0.198219,0.112445,0.0409795
3,18.95327103,2.04082,1.34989,1.34989,1.81551,1.93559,2.02537,0.162515,0.0759005,0.0111435
3,19.13271028,2.57959,1.28419,1.28419,1.77604,1.8965,1.98304,0.579603,0.492717,0.430295
3,19.26728972,0.359184,1.23527,1.23527,1.74648,1.86721,1.95132,-1.00066,-1.08774,-1.14841
3,19.44672897,1.63265,1.17058,1.17058,1.70712,1.8282,1.90907,-0.0537149,-0.141049,-0.199381
3,20.43364486,1.66531,0.830075,0.830075,1.49212,1.61474,1.67776,0.124918,0.0364747,-0.00898585
4,0,1.95122,6.79445,6.79445,1.21788,1.22735,1.34828,0.528962,0.522127,0.434904
4,0.993314231,2.05765,7.27591,7.27591,2.86061,2.86841,2.97731,-0.57918,-0.584802,-0.663354
4,1.107927412,5.62306,7.31899,7.31899,3.04779,3.0557,3.16539,1.85755,1.85185,1.77272
4,1.184336199,0.922395,7.34563,7.34563,3.17262,3.1806,3.29081,-1.62309,-1.62885,-1.70835
4,1.222540592,4.25721,7.35829,7.35829,3.23504,3.24306,3.35353,0.73729,0.731506,0.651823
4,1.910219675,7.34368,7.49623,7.49623,4.35913,4.36781,4.48281,2.15276,2.14651,2.06355
4,1.986628462,4.00887,7.50003,7.50003,4.48405,4.4928,4.6083,-0.342752,-0.34906,-0.432371
4,2.101241643,5.81818,7.50135,7.50135,4.67144,4.68029,4.79654,0.82715,0.820764,0.736914
4,2.17765043,4.00887,7.4994,7.4994,4.79636,4.80529,4.92203,-0.568019,-0.574458,-0.658667
4,2.215854823,2.80266,7.49761,7.49761,4.85882,4.86778,4.98478,-1.48311,-1.48958,-1.57397
4,2.215854823,4.47007,7.49761,7.49761,4.85882,4.86778,4.98478,-0.28041,-0.286874,-0.371264
4,2.521489971,3.051,7.46515,7.46515,5.35852,5.36777,5.48676,-1.66442,-1.67109,-1.75692
4,2.903533906,8.26608,7.38777,7.38777,5.98314,5.99275,6.11423,1.64669,1.63975,1.55213
4,3.018147087,4.82483,7.35861,7.35861,6.17053,6.18025,6.30247,-0.970653,-0.977666,-1.06582
4,3.094555874,6.56319,7.33799,7.33799,6.29545,6.30525,6.42797,0.193121,0.186056,0.0975389
4,3.132760267,6.17295,7.32736,7.32736,6.35792,6.36775,6.49071,-0.133417,-0.140508,-0.229205
4,3.209169054,4.15078,7.30551,7.30551,6.48284,6.49274,6.61621,-1.68212,-1.68927,-1.77832
4,3.209169054,4.66519,7.30551,7.30551,6.48284,6.49274,6.61621,-1.31108,-1.31822,-1.40728
4,3.209169054,6.03104,7.30551,7.30551,6.48284,6.49274,6.61621,-0.325884,-0.333027,-0.422082
4,3.896848138,8.26608,7.084,7.084,7.60654,7.61653,7.71444,0.475727,0.468522,0.397899
4,3.915950334,7.18404,7.0774,7.0774,7.63535,7.64462,7.73056,-0.325538,-0.332218,-0.394208
4,4.011461318,6.29712,7.04418,7.04418,7.73667,7.74087,7.76527,-1.03835,-1.04138,-1.05898
4,4.087870105,8.2306,7.01733,7.01733,7.76175,7.76235,7.75167,0.338184,0.337751,0.345451
4,4.106972302,7.55654,7.01059,7.01059,7.76155,7.76147,7.74464,-0.14787,-0.147813,-0.135677
4,4.183381089,7.73392,6.98348,6.98348,7.74285,7.74089,7.70757,-0.00643435,-0.00502396,0.0190107
4,4.240687679,7.27273,6.96302,6.96302,7.71621,7.71351,7.67369,-0.319887,-0.317939,-0.289214
4,4.240687679,4.50554,6.96302,6.96302,7.71621,7.71351,7.67369,-2.31586,-2.31392,-2.28519
4,4.508118434,7.94678,6.86637,6.86637,7.54045,7.53711,7.49093,0.29309,0.295503,0.32881
4,4.508118434,6.38581,6.86637,6.86637,7.54045,7.53711,7.49093,-0.832846,-0.830433,-0.797126
4,4.699140401,7.50333,6.79635,6.79635,7.40101,7.39796,7.35365,0.073802,0.0760025,0.107965
4,4.890162369,8.54989,6.72571,6.72571,7.25988,7.25721,7.21554,0.930487,0.93241,0.96247
4,4.928366762,7.57428,6.71152,6.71152,7.2316,7.22901,7.18789,0.247177,0.249042,0.278703
4,5.023877746,6.40355,6.67596,6.67596,7.16086,7.15848,7.11876,-0.546253,-0.544534,-0.515881
4,5.062082139,7.25499,6.6617,6.6617,7.13256,7.13026,7.0911,0.0883085,0.0899693,0.118216
4,5.11938873,8.08869,6.64029,6.64029,7.0901,7.08792,7.04961,0.720285,0.721859,0.749495
4,5.17669532,7.5388,6.61884,6.61884,7.04764,7.04558,7.00812,0.354277,0.355762,0.382786
4,5.214899713,6.7051,6.60452,6.60452,7.01933,7.01735,6.98045,-0.226656,-0.225229,-0.198614
4,5.23400191,6.26164,6.59736,6.59736,7.00518,7.00324,6.96662,-0.536314,-0.534917,-0.508506
4,5.520534862,6.29712,6.48951,6.48951,6.79284,6.79152,6.75916,-0.357565,-0.356611,-0.33327
4,5.539637058,5.10865,6.4823,6.4823,6.77868,6.7774,6.74532,-1.2046,-1.20368,-1.18054
4,5.711556829,6.52772,6.41729,6.41729,6.65128,6.65036,6.62084,-0.0891245,-0.0884662,-0.0671704
4,5.902578797,7.60976,6.34486,6.34486,6.50971,6.50921,6.48252,0.793463,0.793827,0.813077
4,5.921680993,6.86475,6.33761,6.33761,6.49556,6.49509,6.46869,0.266296,0.26663,0.285675
4,6.036294174,7.41463,6.29405,6.29405,6.41062,6.4104,6.3857,0.724197,0.724356,0.742171
4,6.074498567,5.42794,6.27952,6.27952,6.38231,6.38217,6.35804,-0.688391,-0.688291,-0.670885
4,6.074498567,5.14412,6.27952,6.27952,6.38231,6.38217,6.35804,-0.893107,-0.893006,-0.8756
4,6.112702961,8.42572,6.26499,6.26499,6.354,6.35394,6.33038,1.49434,1.49438,1.51138
4,6.189111748,5.39246,6.2359,6.2359,6.29737,6.29748,6.27505,-0.652717,-0.652791,-0.636614
4,6.227316141,6.95344,6.22134,6.22134,6.26906,6.26925,6.24739,0.49364,0.493508,0.509276
4,6.227316141,5.78271,6.22134,6.22134,6.26906,6.26925,6.24739,-0.350812,-0.350944,-0.335176
4,6.227316141,5.85366,6.22134,6.22134,6.26906,6.26925,6.24739,-0.299633,-0.299765,-0.283998
4,6.532951289,4.64745,6.10476,6.10476,6.04257,6.0434,6.02608,-1.0063,-1.0069,-0.994411
4,6.532951289,5.60532,6.10476,6.10476,6.04257,6.0434,6.02608,-0.315385,-0.315989,-0.303496
4,6.723973257,5.21508,6.03177,6.03177,5.901,5.90225,5.88777,-0.494757,-0.49566,-0.485215
4,6.914995224,5.78271,5.95869,5.95869,5.75944,5.7611,5.74946,0.0167823,0.0155849,0.0239804
4,6.914995224,5.56984,5.95869,5.95869,5.75944,5.7611,5.74946,-0.136754,-0.137952,-0.129556
4,7.029608405,6.03104,5.91482,5.91482,5.6745,5.67641,5.66647,0.257174,0.255799,0.262967
4,7.067812798,6.13747,5.90019,5.90019,5.64619,5.64818,5.63881,0.354364,0.352931,0.359689
4,7.067812798,5.78271,5.90019,5.90019,5.64619,5.64818,5.63881,0.0984694,0.0970362,0.103795
4,7.106017192,7.84035,5.88556,5.88556,5.61788,5.61995,5.61114,1.60308,1.60159,1.60794
4,7.182425979,4.75388,5.85629,5.85629,5.56125,5.56349,5.55582,-0.58236,-0.583971,-0.578439
4,7.220630372,5.35698,5.84165,5.84165,5.53294,5.53526,5.52815,-0.126917,-0.128587,-0.123465
4,7.220630372,4.50554,5.84165,5.84165,5.53294,5.53526,5.52815,-0.741064,-0.742734,-0.737612
4,7.258834766,4.36364,5.82701,5.82701,5.50463,5.50703,5.50049,-0.823,-0.82473,-0.820015
4,7.526265521,6.102,5.72448,5.72448,5.30644,5.30941,5.30685,0.573834,0.571692,0.573542
4,7.526265521,4.32816,5.72448,5.72448,5.30644,5.30941,5.30685,-0.705639,-0.707781,-0.705931
4,7.698185291,7.04213,5.65852,5.65852,5.17904,5.18238,5.18236,1.34385,1.34144,1.34145
4,7.908309456,6.91796,5.57788,5.57788,5.02332,5.02711,5.03022,1.36661,1.36388,1.36163
4,7.908309456,4.39911,5.57788,5.57788,5.02332,5.02711,5.03022,-0.450242,-0.452974,-0.45522
4,8.022922636,4.61197,5.53388,5.53388,4.93838,4.94242,4.94723,-0.23544,-0.238348,-0.241824
4,8.022922636,4.15078,5.53388,5.53388,4.93838,4.94242,4.94723,-0.568103,-0.571011,-0.574487
4,8.06112703,4.39911,5.51921,5.51921,4.91007,4.91419,4.91957,-0.368555,-0.371523,-0.375408
4,8.099331423,4.89579,5.50454,5.50454,4.88176,4.88596,4.89191,0.0101191,0.00709098,0.002798
4,8.099331423,5.03769,5.50454,5.50454,4.88176,4.88596,4.89191,0.112477,0.109449,0.105156
4,8.213944604,4.18625,5.46052,5.46052,4.79682,4.80127,4.80892,-0.440405,-0.443612,-0.449131
4,8.213944604,3.08647,5.46052,5.46052,4.79682,4.80127,4.80892,-1.23368,-1.23689,-1.2424
4,8.213944604,3.33481,5.46052,5.46052,4.79682,4.80127,4.80892,-1.05455,-1.05776,-1.06328
4,8.2330468,4.5765,5.45319,5.45319,4.78267,4.78715,4.79509,-0.14871,-0.151948,-0.157671
4,8.519579752,4.77162,5.34312,5.34312,4.57032,4.57543,4.58762,0.145194,0.141512,0.132719
4,8.538681948,4.68293,5.33578,5.33578,4.55617,4.56131,4.57379,0.0914315,0.0877199,0.0787222
4,8.672397326,4.86031,5.2844,5.2844,4.45708,4.46251,4.47697,0.290854,0.286935,0.276504
4,8.901623687,6.03104,5.19631,5.19631,4.28721,4.29313,4.311,1.25783,1.25356,1.24067
4,9.016236867,2.55432,5.15225,5.15225,4.20228,4.20844,4.22801,-1.18867,-1.19312,-1.20724
4,9.054441261,4.70067,5.13757,5.13757,4.17397,4.18021,4.20035,0.379909,0.375403,0.360877
4,9.073543457,4.23947,5.13023,5.13023,4.15981,4.1661,4.18652,0.0574561,0.052921,0.0381905
4,9.092645654,5.42794,5.12288,5.12288,4.14566,4.15198,4.17269,0.924913,0.920349,0.905413
4,9.092645654,4.32816,5.12288,5.12288,4.14566,4.15198,4.17269,0.13164,0.127076,0.11214
4,9.207258835,1.59645,5.07882,5.07882,4.06073,4.0673,4.08971,-1.77749,-1.78223,-1.79839
4,9.207258835,1.09978,5.07882,5.07882,4.06073,4.0673,4.08971,-2.13574,-2.14048,-2.15664
4,9.245463228,3.1929,5.06414,5.06414,4.03242,4.03907,4.06205,-0.605543,-0.610343,-0.626914
4,9.512893983,1.77384,4.96132,4.96132,3.83425,3.84148,3.86842,-1.48618,-1.4914,-1.51083
4,9.53199618,4.20399,4.95398,4.95398,3.8201,3.82737,3.85459,0.276904,0.271659,0.252022
4,9.70391595,7.29047,4.88787,4.88787,3.69271,3.70035,3.73013,2.59507,2.58956,2.56808
4,9.894937918,1.77384,4.81442,4.81442,3.55118,3.55923,3.59185,-1.282,-1.28781,-1.31134
4,9.914040115,4.949,4.80708,4.80708,3.53703,3.54512,3.57802,1.01846,1.01262,0.988895
4,10.04775549,1.63193,4.75566,4.75566,3.43797,3.44635,3.48123,-1.3027,-1.30874,-1.3339
4,10.04775549,3.22838,4.75566,4.75566,3.43797,3.44635,3.48123,-0.151177,-0.157218,-0.182377
4,10.12416428,2.09313,4.72627,4.72627,3.38137,3.38991,3.42592,-0.929213,-0.935371,-0.961347
4,10.12416428,3.58315,4.72627,4.72627,3.38137,3.38991,3.42592,0.145545,0.139386,0.11341
4,10.20057307,0.922395,4.69689,4.69689,3.32477,3.33347,3.37062,-1.73284,-1.73911,-1.76591
4,10.20057307,1.20621,4.69689,4.69689,3.32477,3.33347,3.37062,-1.52812,-1.5344,-1.56119
4,10.20057307,1.59645,4.69689,4.69689,3.32477,3.33347,3.37062,-1.24664,-1.25292,-1.27971
4,10.27698185,1.41907,4.66751,4.66751,3.26817,3.27704,3.31531,-1.33376,-1.34016,-1.36777
4,10.50620821,2.62528,4.57935,4.57935,3.09841,3.10776,3.14943,-0.34127,-0.348018,-0.378076
4,10.67812798,4.23947,4.51323,4.51323,2.97112,2.98084,3.02505,0.914863,0.907852,0.875961
4,10.88825215,2.34146,4.43242,4.43242,2.8156,2.82577,2.87308,-0.341998,-0.349333,-0.383454
4,10.92645654,5.35698,4.41772,4.41772,2.78734,2.79759,2.84545,1.8535,1.8461,1.81158
4,11.04106972,0.851441,4.37364,4.37364,2.70255,2.71304,2.76259,-1.33521,-1.34278,-1.37852
4,11.06017192,3.40576,4.36629,4.36629,2.68842,2.69896,2.74879,0.517421,0.509824,0.473881
4,11.09837631,2.8204,4.3516,4.3516,2.66017,2.67078,2.72117,0.115574,0.107919,0.0715723
4,11.11747851,2.41242,4.34425,4.34425,2.64604,2.6567,2.70737,-0.168516,-0.176201,-0.212749
4,11.1938873,0.532151,4.31487,4.31487,2.58956,2.60037,2.65216,-1.48401,-1.49181,-1.52917
4,11.1938873,1.70288,4.31487,4.31487,2.58956,2.60037,2.65216,-0.639561,-0.64736,-0.684714
4,11.27029608,0.354767,4.28548,4.28548,2.53309,2.54406,2.59696,-1.57123,-1.57914,-1.6173
4,11.49952245,1.5255,4.19731,4.19731,2.36382,2.37527,2.43149,-0.604684,-0.61294,-0.653495
4,11.53772684,2.83814,4.18262,4.18262,2.33564,2.34716,2.40393,0.362456,0.354144,0.313192
4,11.72874881,4.96674,4.10915,4.10915,2.19484,2.20676,2.26626,1.99938,1.99078,1.94786
4,11.91977077,2.44789,4.03568,4.03568,2.05435,2.06664,2.12883,0.283864,0.275001,0.230143
4,12.03438395,0.141907,3.99159,3.99159,1.97024,1.98275,2.04652,-1.31878,-1.3278,-1.3738
4,12.03438395,2.02217,3.99159,3.99159,1.97024,1.98275,2.04652,0.0374575,0.0284378,-0.0175613
4,12.07258835,0.922395,3.9769,3.9769,1.94224,1.95482,2.01911,-0.73562,-0.744692,-0.791066
4,12.11079274,1.38359,3.96221,3.96221,1.91427,1.92691,1.99172,-0.382777,-0.391899,-0.438647
4,12.11079274,3.01552,3.96221,3.96221,1.91427,1.92691,1.99172,0.794338,0.785215,0.738468
4,12.22540592,0.496674,3.91812,3.91812,1.83047,1.84333,1.90967,-0.962073,-0.971344,-1.01919
4,12.22540592,2.76718,3.91812,3.91812,1.83047,1.84333,1.90967,0.675652,0.666381,0.618531
4,12.53104107,0.567627,3.80057,3.80057,1.60834,1.62171,1.6919,-0.750672,-0.760311,-0.810944
4,12.53104107,2.44789,3.80057,3.80057,1.60834,1.62171,1.6919,0.605569,0.59593,0.545298
4,12.70296084,3.40576,3.73445,3.73445,1.48457,1.49818,1.57034,1.38576,1.37594,1.3239
4,12.913085,2.55432,3.65364,3.65364,1.33495,1.3488,1.42307,0.87954,0.869547,0.815976
4,13.04680038,2.92683,3.60222,3.60222,1.24097,1.25494,1.33033,1.21601,1.20594,1.15156
4,13.06590258,0,3.59487,3.59487,1.22764,1.24162,1.31715,-0.8855,-0.895582,-0.950064
4,13.10410697,0.354767,3.58018,3.58018,1.20106,1.21506,1.29086,-0.610431,-0.620528,-0.675208
4,13.12320917,1.24169,3.57283,3.57283,1.1878,1.20181,1.27775,0.0388642,0.0287594,-0.0260133
4,13.21872015,1.0643,3.5361,3.5361,1.12198,1.13603,1.21253,-0.041606,-0.0517351,-0.106917
4,13.5243553,2.18182,3.41857,3.41857,0.917372,0.931316,1.00857,0.912049,0.90199,0.846267
4,13.5243553,1.77384,3.41857,3.41857,0.917372,0.931316,1.00857,0.61777,0.607712,0.551988
4,13.69627507,3.051,3.35247,3.35247,0.807517,0.821228,0.897997,1.61823,1.60834,1.55297
4,13.92550143,2.5898,3.26433,3.26433,0.668874,0.682037,0.756863,1.38557,1.37608,1.3221
4,14.05921681,2.25277,3.21293,3.21293,0.593008,0.605711,0.678625,1.19719,1.18803,1.13544
4,14.0974212,0,3.19824,3.19824,0.5721,0.584652,0.656908,-0.412658,-0.421711,-0.47383
4,14.0974212,0.283814,3.19824,3.19824,0.5721,0.584652,0.656908,-0.207942,-0.216995,-0.269114
4,14.51766953,1.31264,3.03671,3.03671,0.368161,0.378515,0.440279,0.681254,0.673786,0.629235
4,14.7086915,6.40355,2.9633,2.9633,0.292956,0.302064,0.357374,4.40759,4.40102,4.36112
4,14.89971347,0.532151,2.8899,2.8899,0.229233,0.237032,0.285275,0.218496,0.21287,0.178072
4,15.05253104,1.70288,2.8312,2.8312,0.186296,0.193056,0.235493,1.09392,1.08904,1.05843
4,15.70200573,3.76053,2.58186,2.58186,0.0707193,0.0738609,0.0947403,2.66147,2.65921,2.64415
4,15.8930277,0.0709534,2.50859,2.50859,0.0521748,0.0545925,0.070881,0.0135451,0.0118012,5.22748e-05
4,16.04584527,1.91574,2.45,2.45,0.0407399,0.0426848,0.0559169,1.35244,1.35104,1.3415
4,16.10315186,0.86918,2.42803,2.42803,0.0371018,0.0388915,0.0511095,0.60018,0.598889,0.590076
4,16.52340019,1.5255,2.26711,2.26711,0.0185075,0.0194708,0.0261153,1.087,1.0863,1.08151
4,16.71442216,4.45233,2.19406,2.19406,0.0134381,0.0141578,0.0191468,3.20178,3.20126,3.19767
4,16.88634193,0.354767,2.12838,2.12838,0.0100607,0.0106016,0.0144536,0.248638,0.248248,0.245469
4,17.0582617,2.1286,2.06278,2.06278,0.00752481,0.00793381,0.0108963,1.52994,1.52964,1.52751
4,17.68863419,2.69623,1.82309,1.82309,0.00258154,0.00273012,0.00384047,1.94294,1.94283,1.94203
