parameter,value,CV,se_sa,rse_sa,P2.5_sa,P97.5_sa
alpha_pop,4.93e-05,
D_pop,0.323347996649075,,0.0441253319036849,13.6463909969956,0.24836,0.420978
E_pop,5,
C_pop,10,
B_pop,7552.5452385737,,1032.18961442556,13.6667783087717,5798.79,9836.7
ECLIPSE0_pop,9.99999999999999e-08,
BUD0_pop,0.033,
ep_pop,0.001,
Time0_pop,13.6742051547651,,5.10277578441172,37.3167999650314,0.0177132,14
omega_alpha,3.14843618424902,14206.7234871854,2.20260107864235,69.9585746619707,1.06207,9.33336
omega_D,0.227496082422199,23.0471552044189,0.0965608043582736,42.4450405168169,0.107899,0.479659
omega_B,0.0269785477639292,2.69834575386908,0.0561797615167228,208.238642080787,0.00390921,0.186187
omega_Time0,5.4625167201259,49.5951740625971,5.15258383234345,94.3261887576372,1.46785,20.3284
a,0.000355174307928011,,0.106760815421628,30058.7100582925,3.28781e-06,0.0383686
b,0.269331466868439,,0.0185330161628209,6.88111804324512,0.235462,0.308073