parameter,value,CV,se_sa,rse_sa,P2.5_sa,P97.5_sa
alpha_pop,4.93e-05,
D_pop,0.323770025640329,,0.0445707289282168,13.766169008409,0.248124,0.422479
E_pop,5,
C_pop,10,
B_pop,6965.30613052871,,1443.62095344162,20.7258794716039,4696.73,10329.6
ECLIPSE0_pop,9.99999999999999e-08,
BUD0_pop,0.033,
ep_pop,0.001,
Time0_pop,13.1801042097615,,4.50557080883873,34.1846372163111,0.232062,13.9991
omega_alpha,3.3071903040673,23716.2358656801,2.39455187318641,72.4044174368043,1.08751,10.0574
omega_D,0.229221050797093,23.2265220590128,0.0981680830655299,42.8268183590296,0.108121,0.485957
omega_B,0.0542924850502244,5.43325187663846,0.301719676574908,555.730090998405,0.00390085,0.755649
omega_Time0,4.43830201009874,50.4645404105233,3.01543612547789,67.9412108192882,1.52982,12.8764
a,0.00138722674003993,,0.105731071857605,7621.75849166242,2.33796e-05,0.0823111
b,0.269249900339817,,0.0183937486269403,6.8314783417657,0.235618,0.307683