parameter,value,CV,se_sa,rse_sa,P2.5_sa,P97.5_sa
alpha_pop,4.93e-05,
D_pop,0.324252267527257,,0.0484573882120529,14.9443482944894,0.243066,0.432556
E_pop,5,
C_pop,10,
B_pop,7699.75907026251,,1383.46616903523,17.9676553046751,5458.01,10862.3
ECLIPSE0_pop,9.99999999999999e-08,
BUD0_pop,0.033,
ep_pop,0.001,
Time0_pop,13.5899890124714,,4.92212728574465,36.2187731073781,0.0422868,14
omega_alpha,3.64670393993898,77218.4857620552,2.58782705222101,70.9634534319865,1.21722,10.9253
omega_D,0.248923281750249,25.28295201809,0.105855343449361,42.5252883961126,0.117925,0.525444
omega_B,0.145777569671602,14.6555492928486,0.206765033281608,141.835972260613,0.028446,0.747068
omega_Time0,5.1373886605662,49.2886063707375,4.41298031132965,85.8992885861061,1.48407,17.7841
a,0.00246432276246373,,0.100272353019264,4068.96184812317,5.62786e-05,0.107908
b,0.269315114542989,,0.0173834837442627,6.4547003883393,0.237404,0.305515