parameter,value,CV,se_sa,rse_sa,P2.5_sa,P97.5_sa
alpha_pop,4.93e-05,
D_pop,0.935842339171489,,0.269384597153207,28.7852542973954,0.548856,1.59568
E_pop,5,
C_pop,10,
B_pop,8827.8134839039,,0.704774590663977,0.00798356911311075,8826.43,8829.19
ECLIPSE0_pop,9.99999999999999e-08,
BUD0_pop,0.033,
ep_pop,0.001,
Time0_pop,9.93230813554807,,5.27789269545286,53.1386322637646,0.0387173,13.9937
omega_alpha,12.134450506673,9.41502358011709e+33,6.55704898802708,54.0366371301381,4.92103,29.9216
omega_D,0.538866384641511,58.0457914149041,0.19928545525834,36.9823505303485,0.277195,1.04755
omega_C,31.2774861860621,84.0907856774063,38.5777037021139,123.340167021814,6.81176,143.616
omega_B,3.04851808501797e-05,0.00304851792775939,4.14552371098836e-05,135.984881682732,6.14872e-06,0.000151145
omega_Time0,5.46124258698417,75.0442860781643,3.85544088347371,70.5964040612738,1.82991,16.2987
a,1.37818090643133,,0.0755270723574805,5.48020016857225,1.23812,1.53408
b,2.22044604925031e-16,,0.0188354795219572,8.48274585564312e+15,3.35684e-21,1.46876e-11