id,time,y10,popPred_medianCOV,popPred,indivPred_SAEM,indivPred_mean,indivPred_mode,indWRes_SAEM,indWRes_mean,indWRes_mode
1,0,0.780488,7.49797,7.49797,3.25873,3.27134,3.25789,-1.7982,-1.80735,-1.79759
1,0,1.59645,7.49797,7.49797,3.25873,3.27134,3.25789,-1.20614,-1.21529,-1.20553
1,0.667302193,5.67627,7.56356,7.56356,4.31519,4.32841,4.31324,0.987593,0.977999,0.989009
1,0.762631077,5.25055,7.5567,7.5567,4.46614,4.47945,4.46403,0.569165,0.559509,0.570697
1,1.029551954,3.22838,7.51972,7.51972,4.88881,4.90235,4.88625,-1.20479,-1.21463,-1.20294
1,1.18207817,7.3082,7.48875,7.48875,5.13033,5.14402,5.12752,1.58025,1.57032,1.58229
1,1.220209724,3.051,7.48008,7.48008,5.19071,5.20443,5.18783,-1.55256,-1.56252,-1.55047
1,1.258341277,5.32151,7.47108,7.47108,5.25109,5.26485,5.24815,0.0510915,0.0411109,0.0532284
1,1.258341277,5.74723,7.47108,7.47108,5.25109,5.26485,5.24815,0.359992,0.350011,0.362129
1,1.315538608,5.88914,7.457,7.457,5.34167,5.35547,5.33862,0.39724,0.387222,0.399447
1,1.315538608,6.38581,7.457,7.457,5.34167,5.35547,5.33862,0.757624,0.747606,0.759831
1,1.410867493,4.15078,7.4321,7.4321,5.49262,5.50651,5.48941,-0.973635,-0.983715,-0.971309
1,1.448999047,3.37029,7.42168,7.42168,5.553,5.56693,5.54973,-1.58377,-1.59387,-1.58139
1,1.468064824,8.17738,7.41639,7.41639,5.58319,5.59714,5.57989,1.88233,1.87221,1.88473
1,1.601525262,5.32151,7.3778,7.3778,5.79453,5.80859,5.79099,-0.343222,-0.353427,-0.340651
1,1.67778837,6.45676,7.35469,7.35469,5.91529,5.92943,5.91161,0.392887,0.382632,0.39556
1,1.754051478,4.15078,7.33092,7.33092,6.03606,6.05026,6.03223,-1.36795,-1.37825,-1.36517
1,1.754051478,4.61197,7.33092,7.33092,6.03606,6.05026,6.03223,-1.03331,-1.04361,-1.03053
1,1.754051478,8.15965,7.33092,7.33092,6.03606,6.05026,6.03223,1.54086,1.53056,1.54364
1,1.811248808,6.79379,7.31271,7.31271,6.12663,6.14088,6.12269,0.484088,0.473746,0.486947
1,1.982840801,3.29933,7.25638,7.25638,6.39835,6.41276,6.39405,-2.24863,-2.25908,-2.24551
1,1.982840801,6.38581,7.25638,7.25638,6.39835,6.41276,6.39405,-0.00909871,-0.019553,-0.00598166
1,2.020972355,5.14412,7.24356,7.24356,6.45873,6.47317,6.45435,-0.953871,-0.96435,-0.950692
1,2.020972355,6.66962,7.24356,7.24356,6.45873,6.47317,6.45435,0.153022,0.142543,0.156201
1,2.097235462,7.20177,7.21765,7.21765,6.57949,6.59401,6.57493,0.451522,0.440993,0.454833
1,2.135367016,5.1796,7.20456,7.20456,6.63988,6.65442,6.63522,-1.05957,-1.07012,-1.05619
1,2.230695901,6.31486,7.17151,7.17151,6.79083,6.80546,6.7859,-0.345365,-0.355981,-0.341787
1,2.249761678,7.80488,7.16484,7.16484,6.82102,6.83567,6.81603,0.71388,0.703251,0.717502
1,2.249761678,7.48559,7.16484,7.16484,6.82102,6.83567,6.81603,0.482205,0.471576,0.485826
1,2.326024786,5.46341,7.13802,7.13802,6.94179,6.9565,6.93653,-1.0727,-1.08338,-1.06888
1,2.326024786,7.27273,7.13802,7.13802,6.94179,6.9565,6.93653,0.240129,0.22945,0.243945
1,2.364156339,6.13747,7.12452,7.12452,7.00217,7.01692,6.99675,-0.627418,-0.638122,-0.623488
1,2.402287893,5.74723,7.11097,7.11097,7.06255,7.07734,7.05696,-0.95439,-0.965118,-0.950332
1,2.440419447,6.03104,7.09736,7.09736,7.12293,7.13775,7.11713,-0.792269,-0.803022,-0.788063
1,2.459485224,8.15965,7.09054,7.09054,7.15312,7.16796,7.14721,0.730327,0.719561,0.734617
1,2.592945663,7.59202,7.04245,7.04245,7.36445,7.37941,7.35719,0.165119,0.154267,0.170392
1,2.66920877,8.12417,7.01474,7.01474,7.48172,7.49431,7.47315,0.466154,0.457018,0.472378
1,2.745471878,8.37251,6.98689,6.98689,7.55799,7.56405,7.55289,0.59101,0.58661,0.594708
1,2.745471878,7.41463,6.98689,6.98689,7.55799,7.56405,7.55289,-0.104015,-0.108416,-0.100318
1,2.764537655,5.67627,6.9799,6.9799,7.5685,7.57306,7.56446,-1.37299,-1.3763,-1.37006
1,2.802669209,5.8714,6.96591,6.96591,7.58042,7.58233,7.57842,-1.24006,-1.24144,-1.23861
1,2.974261201,5.92461,6.90259,6.90259,7.53528,7.53118,7.53901,-1.16869,-1.16572,-1.1714
1,2.974261201,7.62749,6.90259,6.90259,7.53528,7.53118,7.53901,0.0669119,0.0698852,0.0642007
1,2.974261201,6.68736,6.90259,6.90259,7.53528,7.53118,7.53901,-0.615243,-0.61227,-0.617954
1,3.012392755,6.102,6.88845,6.88845,7.51378,7.50924,7.5181,-1.02438,-1.02109,-1.02751
1,3.012392755,7.98226,6.88845,6.88845,7.51378,7.50924,7.5181,0.339931,0.343219,0.336796
1,3.088655863,6.77605,6.8601,6.8601,7.46629,7.46133,7.4714,-0.500833,-0.497231,-0.504538
1,3.16491897,6.31486,6.83167,6.83167,7.41587,7.41077,7.42148,-0.798887,-0.79519,-0.802961
1,3.203050524,7.48559,6.81742,6.81742,7.39016,7.38505,7.39598,0.0692417,0.0729482,0.0650187
1,3.241182078,8.37251,6.80316,6.80316,7.36428,7.35918,7.37029,0.731559,0.735261,0.727199
1,3.241182078,8.2306,6.80316,6.80316,7.36428,7.35918,7.37029,0.628592,0.632295,0.624233
1,3.241182078,6.95344,6.80316,6.80316,7.36428,7.35918,7.37029,-0.298109,-0.294407,-0.302469
1,3.317445186,4.82483,6.77458,6.77458,7.31227,7.3072,7.31862,-1.80487,-1.80119,-1.80948
1,3.317445186,8.08869,6.77458,6.77458,7.31227,7.3072,7.31862,0.563369,0.567043,0.558757
1,3.317445186,7.7694,6.77458,6.77458,7.31227,7.3072,7.31862,0.331694,0.335367,0.327082
1,3.35557674,5.96009,6.76026,6.76026,7.28619,7.28115,7.29271,-0.96221,-0.958557,-0.966944
1,3.35557674,5.39246,6.76026,6.76026,7.28619,7.28115,7.29271,-1.37408,-1.37042,-1.37881
1,3.393708294,8.2306,6.74594,6.74594,7.26009,7.25508,7.26678,0.704197,0.707828,0.699344
1,3.393708294,6.95344,6.74594,6.74594,7.26009,7.25508,7.26678,-0.222504,-0.218873,-0.227357
1,3.469971401,7.55654,6.71724,6.71724,7.20785,7.20291,7.21486,0.253009,0.256592,0.24792
1,3.469971401,7.27273,6.71724,6.71724,7.20785,7.20291,7.21486,0.0470754,0.0506589,0.041986
1,3.508102955,9.15299,6.70287,6.70287,7.18172,7.17682,7.1889,1.43034,1.4339,1.42514
1,3.546234509,6.95344,6.68848,6.68848,7.15559,7.15072,7.16293,-0.146681,-0.143146,-0.152005
1,3.584366063,7.59202,6.67409,6.67409,7.12946,7.12462,7.13696,0.335632,0.339142,0.33019
1,3.698760724,8.33703,6.63084,6.63084,7.05105,7.04632,7.05904,0.933097,0.936533,0.927305
1,3.736892278,8.01774,6.6164,6.6164,7.02492,7.02022,7.03306,0.720386,0.723796,0.714476
1,3.775023832,5.49889,6.60195,6.60195,6.99878,6.99411,7.00709,-1.08831,-1.08493,-1.09434
1,3.775023832,7.00665,6.60195,6.60195,6.99878,6.99411,7.00709,0.00571112,0.00909684,-0.000315644
1,3.813155386,4.75388,6.58749,6.58749,6.97265,6.96801,6.98111,-1.60992,-1.60656,-1.61607
1,3.889418494,8.58537,6.55855,6.55855,6.92037,6.91581,6.92916,1.20811,1.21142,1.20173
1,3.908484271,8.85144,6.55131,6.55131,6.90731,6.90276,6.91618,1.41065,1.41395,1.40422
1,3.965681602,7.37916,6.52957,6.52957,6.8681,6.86361,6.87721,0.370819,0.37408,0.364207
1,3.965681602,5.81818,6.52957,6.52957,6.8681,6.86361,6.87721,-0.761816,-0.758555,-0.768428
1,3.965681602,6.63415,6.52957,6.52957,6.8681,6.86361,6.87721,-0.169757,-0.166496,-0.176369
1,4.003813155,6.84701,6.51508,6.51508,6.84197,6.83751,6.85124,0.00365678,0.00689349,-0.00307204
1,4.003813155,6.98891,6.51508,6.51508,6.84197,6.83751,6.85124,0.106624,0.10986,0.0998948
1,4.061010486,8.03548,6.49331,6.49331,6.80276,6.79835,6.81228,0.894449,0.897649,0.887545
1,4.156339371,8.26608,6.45701,6.45701,6.73743,6.7331,6.74734,1.10918,1.11232,1.10198
1,4.194470925,7.96452,6.44248,6.44248,6.71129,6.707,6.72137,0.909339,0.912453,0.902026
1,4.232602479,7.1663,6.42794,6.42794,6.68515,6.6809,6.69539,0.349115,0.352203,0.341685
1,4.232602479,7.69845,6.42794,6.42794,6.68515,6.6809,6.69539,0.73524,0.738329,0.727811
1,4.289799809,8.07095,6.40612,6.40612,6.64595,6.64174,6.65643,1.03397,1.03703,1.02637
1,4.308865586,6.13747,6.39884,6.39884,6.63288,6.62869,6.64344,-0.359466,-0.356428,-0.36713
1,4.308865586,6.66962,6.39884,6.39884,6.63288,6.62869,6.64344,0.0266592,0.0296978,0.0189952
1,4.327931363,8.26608,6.39157,6.39157,6.61981,6.61564,6.63046,1.19452,1.19754,1.1868
1,4.327931363,5.78271,6.39157,6.39157,6.61981,6.61564,6.63046,-0.607401,-0.604375,-0.615124
1,4.327931363,6.26164,6.39157,6.39157,6.61981,6.61564,6.63046,-0.259888,-0.256862,-0.267611
1,4.34699714,7.62749,6.38429,6.38429,6.60675,6.60259,6.61747,0.740649,0.743663,0.732868
1,4.385128694,6.77605,6.36973,6.36973,6.58061,6.57649,6.5915,0.141812,0.144801,0.133914
1,4.423260248,6.91796,6.35516,6.35516,6.55447,6.55039,6.56552,0.263743,0.266706,0.255728
1,4.461391802,7.02439,6.34059,6.34059,6.52834,6.52429,6.53955,0.359932,0.36287,0.3518
1,4.499523356,7.52106,6.32602,6.32602,6.5022,6.49819,6.51357,0.73928,0.742193,0.731031
1,4.59485224,8.01774,6.28956,6.28956,6.43686,6.43293,6.44864,1.14707,1.14992,1.13853
1,4.652049571,7.66297,6.26768,6.26768,6.39766,6.39378,6.40968,0.918103,0.920915,0.909384
1,4.747378456,7.18404,6.23118,6.23118,6.33232,6.32853,6.34474,0.618,0.62075,0.608988
1,4.766444233,4.36364,6.22388,6.22388,6.31925,6.31548,6.33175,-1.41898,-1.41625,-1.42805
1,4.804575786,4.75388,6.20927,6.20927,6.29312,6.28938,6.30578,-1.11686,-1.11415,-1.12605
1,4.880838894,8.01774,6.18005,6.18005,6.24084,6.23718,6.25383,1.2893,1.29197,1.27988
1,4.957102002,5.07317,6.15082,6.15082,6.18857,6.18497,6.20188,-0.809328,-0.806716,-0.818984
1,4.995233556,3.5122,6.1362,6.1362,6.16244,6.15887,6.1759,-1.923,-1.92041,-1.93277
1,4.995233556,6.88248,6.1362,6.1362,6.16244,6.15887,6.1759,0.522462,0.525049,0.51269
1,4.995233556,7.02439,6.1362,6.1362,6.16244,6.15887,6.1759,0.625429,0.628016,0.615656
1,4.995233556,7.27273,6.1362,6.1362,6.16244,6.15887,6.1759,0.805621,0.808208,0.795848
1,4.995233556,6.17295,6.1362,6.1362,6.16244,6.15887,6.1759,0.00762824,0.0102149,-0.00214438
1,5.03336511,7.52106,6.12158,6.12158,6.1363,6.13277,6.14993,1.00478,1.00734,0.994887
1,5.03336511,5.46341,6.12158,6.12158,6.1363,6.13277,6.14993,-0.488242,-0.485681,-0.498131
1,5.071496663,5.96009,6.10695,6.10695,6.11017,6.10667,6.12396,-0.108895,-0.106359,-0.118901
1,5.147759771,7.41463,6.07769,6.07769,6.05789,6.05447,6.07201,0.984442,0.986927,0.974203
1,5.147759771,5.28603,6.07769,6.07769,6.05789,6.05447,6.07201,-0.56006,-0.557575,-0.570299
1,5.224022879,5.07317,6.04842,6.04842,6.00562,6.00227,6.02006,-0.676583,-0.674149,-0.687055
1,5.300285987,7.94678,6.01914,6.01914,5.95335,5.95007,5.96811,1.44642,1.44881,1.43572
1,5.300285987,7.20177,6.01914,6.01914,5.95335,5.95007,5.96811,0.905847,0.90823,0.895141
1,5.319351764,2.44789,6.01182,6.01182,5.94028,5.93702,5.95512,-2.53406,-2.53169,-2.54482
1,5.319351764,6.56319,6.01182,6.01182,5.94028,5.93702,5.95512,0.451979,0.454348,0.441214
1,5.338417541,3.68958,6.0045,6.0045,5.92722,5.92397,5.94213,-1.62362,-1.62126,-1.63444
1,5.338417541,6.11973,6.0045,6.0045,5.92722,5.92397,5.94213,0.13969,0.142046,0.128866
1,5.338417541,5.74723,6.0045,6.0045,5.92722,5.92397,5.94213,-0.130598,-0.128242,-0.141422
1,5.376549094,5.46341,5.98986,5.98986,5.90108,5.89787,5.91616,-0.317568,-0.315237,-0.328508
1,5.395614871,6.03104,5.98253,5.98253,5.88801,5.88482,5.90317,0.103781,0.106099,0.0927823
1,5.452812202,6.97118,5.96056,5.96056,5.84881,5.84567,5.86421,0.814382,0.816661,0.803208
1,5.452812202,4.47007,5.96056,5.96056,5.84881,5.84567,5.86421,-1.00041,-0.998128,-1.01158
1,5.510009533,7.23725,5.93859,5.93859,5.8096,5.80652,5.82525,1.03589,1.03813,1.02454
1,5.52907531,6.75831,5.93126,5.93126,5.79654,5.79347,5.81226,0.697861,0.700088,0.686451
1,5.605338418,7.62749,5.90196,5.90196,5.74426,5.74127,5.76031,1.36646,1.36864,1.35482
1,5.605338418,6.56319,5.90196,5.90196,5.74426,5.74127,5.76031,0.594211,0.596385,0.582565
1,5.643469971,5.32151,5.8873,5.8873,5.71813,5.71517,5.73434,-0.287785,-0.285637,-0.299547
1,5.681601525,7.73392,5.87264,5.87264,5.69199,5.68907,5.70836,1.48161,1.48374,1.46974
1,5.681601525,5.56984,5.87264,5.87264,5.69199,5.68907,5.70836,-0.0886289,-0.0865065,-0.100508
1,5.738798856,3.26386,5.85066,5.85066,5.65279,5.64992,5.6694,-1.73339,-1.73131,-1.74545
1,5.757864633,6.35033,5.84333,5.84333,5.63972,5.63687,5.65641,0.515616,0.517687,0.503503
1,5.834127741,5.10865,5.814,5.814,5.58745,5.58467,5.60447,-0.347416,-0.345396,-0.359762
1,5.872259295,6.45676,5.79934,5.79934,5.56131,5.55857,5.57849,0.649733,0.651727,0.637269
1,5.929456625,0.674058,5.77734,5.77734,5.52211,5.51941,5.53953,-3.51772,-3.51576,-3.53036
1,5.929456625,5.90687,5.77734,5.77734,5.52211,5.51941,5.53953,0.279183,0.281138,0.266543
1,5.948522402,5.46341,5.77001,5.77001,5.50904,5.50636,5.52654,-0.0331067,-0.0311642,-0.0458042
1,5.986653956,4.1153,5.75534,5.75534,5.48291,5.48026,5.50057,-0.992327,-0.990411,-1.00514
1,6.02478551,5.1796,5.74067,5.74067,5.45677,5.45416,5.47459,-0.201113,-0.199221,-0.214044
1,6.062917064,3.97339,5.726,5.726,5.43063,5.42806,5.44862,-1.05737,-1.0555,-1.07041
1,6.081982841,3.77827,5.71867,5.71867,5.41757,5.41501,5.43563,-1.18946,-1.18761,-1.20257
1,6.101048618,4.93126,5.71133,5.71133,5.4045,5.40196,5.42264,-0.343377,-0.341537,-0.356542
1,6.139180172,6.35033,5.69666,5.69666,5.37836,5.37586,5.39667,0.705255,0.707069,0.691974
1,6.139180172,6.102,5.69666,5.69666,5.37836,5.37586,5.39667,0.525063,0.526878,0.511782
1,6.234509056,5.97783,5.65998,5.65998,nan,5.31061,5.33173,nan,0.484131,0.468805
1,6.253574833,5.81818,5.65264,5.65264,nan,5.29756,5.31874,nan,0.377763,0.362391
1,6.253574833,5.00222,5.65264,5.65264,nan,5.29756,5.31874,nan,-0.214296,-0.229668
1,6.291706387,3.90244,5.63797,5.63797,nan,5.27145,5.29277,nan,-0.99335,-1.00881
1,6.291706387,3.6541,5.63797,5.63797,nan,5.27145,5.29277,nan,-1.17354,-1.18901
1,6.329837941,6.91796,5.62329,5.62329,nan,5.24535,5.26679,nan,1.21363,1.19808
1,6.329837941,4.15078,5.62329,5.62329,nan,5.24535,5.26679,nan,-0.794219,-0.809775
1,6.348903718,6.4745,5.61595,5.61595,nan,5.2323,5.25381,nan,0.901332,0.885729
1,6.367969495,6.03104,5.60862,5.60862,nan,5.21925,5.24082,nan,0.58903,0.573382
1,6.406101049,4.64745,5.59394,5.59394,nan,5.19315,5.21484,nan,-0.395958,-0.411698
1,6.406101049,4.43459,5.59394,5.59394,nan,5.19315,5.21484,nan,-0.550408,-0.566148
1,6.444232602,7.13082,5.57926,5.57926,nan,5.16705,5.18887,nan,1.4249,1.40907
1,6.444232602,2.98004,5.57926,5.57926,nan,5.16705,5.18887,nan,-1.58688,-1.60271
1,6.52049571,4.15078,5.5499,5.5499,nan,5.11485,5.13692,nan,-0.699524,-0.715541
1,6.52049571,4.96674,5.5499,5.5499,nan,5.11485,5.13692,nan,-0.107465,-0.123482
1,6.596758818,4.29268,5.52054,5.52054,nan,5.06264,5.08497,nan,-0.558679,-0.574881
1,6.615824595,5.25055,5.5132,5.5132,nan,5.04959,5.07199,nan,0.145817,0.129568
1,6.634890372,5.03769,5.50586,5.50586,nan,5.03654,5.059,nan,0.000835907,-0.0154584
1,6.673021926,5.60532,5.49118,5.49118,nan,5.01044,5.03302,nan,0.431642,0.415256
1,6.749285033,3.58315,5.46181,5.46181,nan,4.95824,4.98108,nan,-0.997757,-1.01433
1,6.787416587,4.5765,5.44713,5.44713,nan,4.93214,4.9551,nan,-0.25805,-0.274713
1,6.787416587,5.00222,5.44713,5.44713,nan,4.93214,4.9551,nan,0.0508509,0.034187
1,6.863679695,5.92461,5.41776,5.41776,nan,4.87993,4.90315,nan,0.758014,0.741165
1,6.882745472,4.77162,5.41042,5.41042,nan,4.86688,4.89017,nan,-0.0691212,-0.0860172
1,6.95900858,5.12639,5.38105,5.38105,nan,4.81468,4.83822,nan,0.226173,0.209092
1,6.978074357,2.60754,5.37371,5.37371,nan,4.80163,4.82523,nan,-1.59202,-1.60915
1,6.978074357,6.06652,5.37371,5.37371,nan,4.80163,4.82523,nan,0.917797,0.900671
1,6.978074357,4.00887,5.37371,5.37371,nan,4.80163,4.82523,nan,-0.575221,-0.592348
1,6.978074357,3.90244,5.37371,5.37371,nan,4.80163,4.82523,nan,-0.652446,-0.669573
1,6.978074357,3.68958,5.37371,5.37371,nan,4.80163,4.82523,nan,-0.806896,-0.824023
1,7.01620591,5.55211,5.35902,5.35902,nan,4.77553,4.79926,nan,0.563481,0.546262
1,7.01620591,3.49446,5.35902,5.35902,nan,4.77553,4.79926,nan,-0.929537,-0.946756
1,7.054337464,3.83149,5.34433,5.34433,nan,4.74943,4.77328,nan,-0.666052,-0.683364
1,7.092469018,5.33925,5.32965,5.32965,nan,4.72333,4.74731,nan,0.446909,0.429505
1,7.092469018,4.64745,5.32965,5.32965,nan,4.72333,4.74731,nan,-0.0550546,-0.0724582
1,7.20686368,3.40576,5.28558,5.28558,nan,4.64502,4.66939,nan,-0.899198,-0.916878
1,7.244995234,3.22838,5.2709,5.2709,nan,4.61892,4.64341,nan,-1.00897,-1.02674
1,7.244995234,5.97783,5.2709,5.2709,nan,4.61892,4.64341,nan,0.986014,0.968242
1,7.283126787,3.86696,5.25621,5.25621,nan,4.59282,4.61744,nan,-0.526679,-0.544543
1,7.321258341,2.87361,5.24152,5.24152,nan,4.56672,4.59147,nan,-1.22851,-1.24646
1,7.321258341,5.32151,5.24152,5.24152,nan,4.56672,4.59147,nan,0.54767,0.529713
1,7.321258341,4.25721,5.24152,5.24152,nan,4.56672,4.59147,nan,-0.224581,-0.242538
1,7.321258341,3.97339,5.24152,5.24152,nan,4.56672,4.59147,nan,-0.430515,-0.448471
1,7.359389895,3.72506,5.22683,5.22683,nan,4.54062,4.56549,nan,-0.591768,-0.609817
1,7.359389895,4.7184,5.22683,5.22683,nan,4.54062,4.56549,nan,0.128999,0.110951
1,7.397521449,4.07982,5.21214,5.21214,nan,4.51452,4.53952,nan,-0.315413,-0.333553
1,7.435653003,3.97339,5.19745,5.19745,nan,4.48842,4.51355,nan,-0.373699,-0.391932
1,7.473784557,3.29933,5.18276,5.18276,nan,4.46232,4.48757,nan,-0.843853,-0.862178
1,7.473784557,5.88914,5.18276,5.18276,nan,4.46232,4.48757,nan,1.03529,1.01697
1,7.511916111,3.86696,5.16807,5.16807,nan,4.43622,4.4616,nan,-0.413047,-0.431465
1,7.607244995,1.04656,5.13134,5.13134,nan,4.37097,4.39666,nan,-2.41217,-2.43081
1,7.607244995,2.55432,5.13134,5.13134,nan,4.37097,4.39666,nan,-1.31814,-1.33679
1,7.626310772,4.1153,5.12399,5.12399,nan,4.35792,4.38368,nan,-0.176041,-0.194734
1,7.626310772,3.97339,5.12399,5.12399,nan,4.35792,4.38368,nan,-0.279008,-0.297701
1,7.664442326,4.7184,5.1093,5.1093,nan,4.33182,4.3577,nan,0.280506,0.261721
1,7.740705434,3.58315,5.07992,5.07992,nan,4.27961,4.30576,nan,-0.505352,-0.524322
1,7.740705434,5.35698,5.07992,5.07992,nan,4.27961,4.30576,nan,0.781733,0.762763
1,7.778836988,3.22838,5.06523,5.06523,nan,4.25351,4.27979,nan,-0.743831,-0.762893
1,7.797902765,4.27494,5.05788,5.05788,nan,4.24046,4.2668,nan,0.0250186,0.00591049
1,7.912297426,5.42794,5.0138,5.0138,nan,4.16216,4.18888,nan,0.918438,0.899053
1,7.931363203,4.86031,5.00646,5.00646,nan,4.14911,4.17589,nan,0.51604,0.496609
1,7.969494757,0.461197,4.99176,4.99176,nan,4.12301,4.14992,nan,-2.65699,-2.67652
1,7.969494757,3.44124,4.99176,4.99176,nan,4.12301,4.14992,nan,-0.49469,-0.514213
1,7.969494757,2.83814,4.99176,4.99176,nan,4.12301,4.14992,nan,-0.932299,-0.951822
1,7.988560534,1.54324,4.98442,4.98442,nan,4.10996,4.13693,nan,-1.8624,-1.88197
1,8.007626311,3.33481,4.97707,4.97707,nan,4.09692,4.12395,nan,-0.552978,-0.572593
1,8.026692088,4.55876,4.96972,4.96972,nan,4.08387,4.11096,nan,0.34458,0.324919
1,8.083889418,3.86696,4.94768,4.94768,nan,4.04472,4.072,nan,-0.128977,-0.148776
1,8.083889418,2.55432,4.94768,4.94768,nan,4.04472,4.072,nan,-1.08142,-1.10122
1,8.141086749,1.38359,4.92564,4.92564,nan,4.00557,4.03304,nan,-1.90249,-1.92243
1,8.160152526,1.84479,4.91829,4.91829,nan,3.99252,4.02006,nan,-1.55838,-1.57836
1,8.236415634,4.00887,4.88891,4.88891,nan,3.94032,3.96812,nan,0.0497402,0.029571
1,8.236415634,2.16408,4.88891,4.88891,nan,3.94032,3.96812,nan,-1.28883,-1.309
1,8.236415634,4.7184,4.88891,4.88891,nan,3.94032,3.96812,nan,0.564574,0.544405
1,8.312678742,2.98004,4.85952,4.85952,nan,3.88812,3.91617,nan,-0.658895,-0.679249
1,8.312678742,5.25055,4.85952,4.85952,nan,3.88812,3.91617,nan,0.988574,0.96822
1,8.331744519,1.20621,4.85217,4.85217,nan,3.87507,3.90319,nan,-1.93651,-1.95691
1,8.350810296,4.00887,4.84482,4.84482,nan,3.86202,3.8902,nan,0.106551,0.0861052
1,8.350810296,3.47672,4.84482,4.84482,nan,3.86202,3.8902,nan,-0.279575,-0.30002
1,8.369876072,2.80266,4.83747,4.83747,nan,3.84897,3.87722,nan,-0.759199,-0.77969
1,8.408007626,2.19956,4.82278,4.82278,nan,3.82288,3.85124,nan,-1.17787,-1.19845
1,8.465204957,2.30599,4.80074,4.80074,nan,3.78373,3.81229,nan,-1.07224,-1.09296
1,8.465204957,5.32151,4.80074,4.80074,nan,3.78373,3.81229,nan,1.1158,1.09508
1,8.503336511,2.44789,4.78604,4.78604,nan,3.75763,3.78632,nan,-0.95034,-0.971153
1,8.579599619,2.94457,4.75665,4.75665,nan,3.70544,3.73438,nan,-0.552085,-0.573082
1,8.598665396,2.23503,4.7493,4.7493,nan,3.69239,3.72139,nan,-1.05745,-1.07849
1,8.617731173,3.5122,4.74196,4.74196,nan,3.67934,3.70841,nan,-0.121283,-0.142371
1,8.617731173,2.76718,4.74196,4.74196,nan,3.67934,3.70841,nan,-0.661858,-0.682947
1,8.732125834,5.62306,4.69787,4.69787,nan,3.60106,3.6305,nan,1.46715,1.44579
1,8.751191611,3.08647,4.69052,4.69052,nan,3.58801,3.61752,nan,-0.363912,-0.385321
1,8.808388942,3.90244,4.66848,4.66848,nan,3.54887,3.57857,nan,0.256549,0.235001
1,8.88465205,6.66962,4.63909,4.63909,nan,3.49668,3.52663,nan,2.30227,2.28054
1,8.903717827,7.02439,4.63174,4.63174,nan,3.48364,3.51365,nan,2.56915,2.54737
1,8.94184938,1.54324,4.61704,4.61704,nan,3.45754,3.48768,nan,-1.38901,-1.41088
1,8.979980934,2.55432,4.60235,4.60235,nan,3.43145,3.46172,nan,-0.636439,-0.658398
1,8.979980934,5.28603,4.60235,4.60235,nan,3.43145,3.46172,nan,1.34567,1.32371
1,9.037178265,1.17073,4.5803,4.5803,nan,3.39231,3.42277,nan,-1.61197,-1.63406
1,9.075309819,4.15078,4.5656,4.5656,nan,3.36622,3.3968,nan,0.569267,0.547078
1,9.151572927,3.68958,4.53621,4.53621,nan,3.31404,3.34488,nan,0.272486,0.250114
1,9.151572927,1.38359,4.53621,4.53621,nan,3.31404,3.34488,nan,-1.40072,-1.4231
1,9.208770257,1.11752,4.51417,4.51417,nan,3.27491,3.30593,nan,-1.56539,-1.5879
1,9.246901811,1.72062,4.49947,4.49947,nan,3.24882,3.27997,nan,-1.10886,-1.13146
1,9.304099142,4.15078,4.47743,4.47743,nan,3.20969,3.24103,nan,0.682843,0.660106
1,9.304099142,2.94457,4.47743,4.47743,nan,3.20969,3.24103,nan,-0.192375,-0.215112
1,9.304099142,2.73171,4.47743,4.47743,nan,3.20969,3.24103,nan,-0.346825,-0.369562
1,9.304099142,1.88027,4.47743,4.47743,nan,3.20969,3.24103,nan,-0.964626,-0.987363
1,9.342230696,3.40576,4.46273,4.46273,nan,3.18361,3.21507,nan,0.161195,0.138366
1,9.342230696,2.51885,4.46273,4.46273,nan,3.18361,3.21507,nan,-0.482348,-0.505177
1,9.456625357,4.39911,4.41864,4.41864,nan,3.10536,3.1372,nan,0.93874,0.915636
1,9.475691134,1.91574,4.41129,4.41129,nan,3.09232,3.12422,nan,-0.853717,-0.876866
1,9.532888465,2.76718,4.38925,4.38925,nan,3.0532,3.08529,nan,-0.207531,-0.230817
1,9.571020019,1.0643,4.37455,4.37455,nan,3.02712,3.05934,nan,-1.42421,-1.44759
1,9.571020019,1.73836,4.37455,4.37455,nan,3.02712,3.05934,nan,-0.935118,-0.958495
1,9.609151573,0.248337,4.35985,4.35985,nan,3.00104,3.03339,nan,-1.99735,-2.02082
1,9.666348904,2.02217,4.33781,4.33781,nan,2.96193,2.99446,nan,-0.681884,-0.705489
1,9.723546235,3.58315,4.31576,4.31576,nan,2.92283,2.95554,nan,0.479126,0.455387
1,9.742612011,4.54102,4.30841,4.30841,nan,2.90979,2.94257,nan,1.18361,1.15983
1,9.818875119,4.20399,4.27902,4.27902,nan,2.85766,2.89068,nan,0.976892,0.952927
1,9.87607245,4.96674,4.25697,4.25697,nan,2.81856,2.85178,nan,1.55871,1.53461
1,9.971401335,7.21951,4.22023,4.22023,nan,2.75341,2.78694,nan,3.24057,3.21625
1,9.990467112,3.1929,4.21288,4.21288,nan,2.74039,2.77397,nan,0.328344,0.303975
1,10.06673022,1.84479,4.18349,4.18349,nan,2.68829,2.72212,nan,-0.612036,-0.636583
1,10.06673022,2.94457,4.18349,4.18349,nan,2.68829,2.72212,nan,0.185957,0.16141
1,10.14299333,1.02882,4.1541,4.1541,nan,2.6362,2.67027,nan,-1.1663,-1.19102
1,10.21925643,1.41907,4.1247,4.1247,nan,2.58412,2.61844,nan,-0.845355,-0.870257
1,10.21925643,1.91574,4.1247,4.1247,nan,2.58412,2.61844,nan,-0.484972,-0.509873
1,10.29551954,2.62528,4.09531,4.09531,nan,2.53206,2.56662,nan,0.0676355,0.0425585
1,10.3336511,0.31929,4.08061,4.08061,nan,2.50604,2.54072,nan,-1.58669,-1.61186
1,10.3336511,0.709534,4.08061,4.08061,nan,2.50604,2.54072,nan,-1.30353,-1.3287
1,10.3336511,1.84479,4.08061,4.08061,nan,2.50604,2.54072,nan,-0.4798,-0.504965
1,10.3336511,2.80266,4.08061,4.08061,nan,2.50604,2.54072,nan,0.215226,0.190061
1,10.37178265,2.30599,4.06591,4.06591,nan,2.48002,2.51482,nan,-0.12628,-0.151531
1,10.4099142,2.73171,4.05122,4.05122,nan,2.45401,2.48893,nan,0.201495,0.176157
1,10.44804576,3.4235,4.03652,4.03652,nan,2.428,2.46304,nan,0.722329,0.696904
1,10.44804576,2.02217,4.03652,4.03652,nan,2.428,2.46304,nan,-0.294468,-0.319893
1,10.56244042,0,3.99243,3.99243,nan,2.35002,2.38541,nan,-1.70516,-1.73084
1,10.60057197,3.29933,3.97773,3.97773,nan,2.32404,2.35955,nan,0.70767,0.681902
1,10.60057197,1.73836,3.97773,3.97773,nan,2.32404,2.35955,nan,-0.424965,-0.450732
1,10.67683508,2.98004,3.94834,3.94834,nan,2.2721,2.30784,nan,0.513683,0.487746
1,10.71496663,1.73836,3.93364,3.93364,nan,2.24614,2.282,nan,-0.368441,-0.394462
1,10.73403241,3.37029,3.9263,3.9263,nan,2.23316,2.26908,nan,0.825092,0.79903
1,10.81029552,3.1929,3.8969,3.8969,nan,2.18128,2.21743,nan,0.734028,0.7078
1,10.88655863,6.42129,3.86751,3.86751,nan,2.12944,2.16581,nan,3.11414,3.08775
1,10.9056244,3.051,3.86016,3.86016,nan,2.11649,2.15292,nan,0.678073,0.651642
1,10.94375596,0.390244,3.84547,3.84547,nan,2.0906,2.12713,nan,-1.23377,-1.26027
1,10.94375596,1.02882,3.84547,3.84547,nan,2.0906,2.12713,nan,-0.770415,-0.796924
1,10.96282173,1.27716,3.83812,3.83812,nan,2.07765,2.11424,nan,-0.580831,-0.60738
1,11.05815062,2.23503,3.80138,3.80138,nan,2.01299,2.04984,nan,0.161115,0.134373
1,11.05815062,1.95122,3.80138,3.80138,nan,2.01299,2.04984,nan,-0.0448186,-0.0715608
1,11.09628217,0.177384,3.78668,3.78668,nan,1.98715,2.02411,nan,-1.31315,-1.33997
1,11.13441373,2.19956,3.77199,3.77199,nan,1.96132,1.99839,nan,0.172861,0.145968
1,11.22974261,2.53659,3.73525,3.73525,nan,1.89684,1.93415,nan,0.464197,0.437122
1,11.24880839,0.603104,3.7279,3.7279,nan,1.88396,1.92132,nan,-0.929378,-0.956488
1,11.30600572,4.38137,3.70585,3.70585,nan,1.84534,1.88284,nan,1.84013,1.81292
1,11.3250715,0,3.69851,3.69851,nan,1.83248,1.87003,nan,-1.32963,-1.35688
1,11.3250715,0.886918,3.69851,3.69851,nan,1.83248,1.87003,nan,-0.686092,-0.71334
1,11.3250715,2.80266,3.69851,3.69851,nan,1.83248,1.87003,nan,0.70396,0.676711
1,11.36320305,1.45455,3.68381,3.68381,nan,1.80677,1.84442,nan,-0.255573,-0.282888
1,11.4013346,1.0643,3.66912,3.66912,nan,1.78109,1.81882,nan,-0.520097,-0.547478
1,11.43946616,1.59645,3.65442,3.65442,nan,1.75543,1.79326,nan,-0.115355,-0.1428
1,11.55386082,0.957871,3.61034,3.61034,nan,1.67863,1.7167,nan,-0.522981,-0.550605
1,11.59199237,1.24169,3.59564,3.59564,nan,1.6531,1.69124,nan,-0.298517,-0.326197
1,11.59199237,4.39911,3.59564,3.59564,nan,1.6531,1.69124,nan,1.99249,1.96481
1,11.63012393,2.87361,3.58095,3.58095,nan,1.62759,1.66581,nan,0.904107,0.876373
1,11.74451859,2.55432,3.53686,3.53686,nan,1.5513,1.58973,nan,0.727787,0.699905
1,11.8207817,1.70288,3.50747,3.50747,nan,1.50066,1.5392,nan,0.146735,0.11877
1,11.87797903,6.31486,3.48543,3.48543,nan,1.46279,1.50141,nan,3.52063,3.49261
1,11.8970448,1.80931,3.47809,3.47809,nan,1.4502,1.48884,nan,0.26057,0.232534
1,11.93517636,0.425721,3.46339,3.46339,nan,1.42505,1.46373,nan,-0.725109,-0.753175
1,11.97330791,0.141907,3.4487,3.4487,nan,1.39996,1.43868,nan,-0.912836,-0.940929
1,11.97330791,0.993348,3.4487,3.4487,nan,1.39996,1.43868,nan,-0.295035,-0.323128
1,12.01143947,0.283814,3.43401,3.43401,nan,1.37493,1.41368,nan,-0.791706,-0.819822
1,12.04957102,0.815965,3.41931,3.41931,nan,1.34996,1.38873,nan,-0.387464,-0.415597
1,12.12583413,0.815965,3.38993,3.38993,nan,1.30023,1.33903,nan,-0.351378,-0.379535
1,12.16396568,1.09978,3.37524,3.37524,nan,1.27547,1.31428,nan,-0.127482,-0.155643
1,12.27836034,1.88027,3.33116,3.33116,nan,1.20169,1.24048,nan,0.492369,0.464226
1,12.3164919,0.10643,3.31647,3.31647,nan,1.17728,1.21604,nan,-0.777001,-0.805127
1,12.3164919,0.851441,3.31647,3.31647,nan,1.17728,1.21604,nan,-0.236425,-0.264551
1,12.3164919,1.41907,3.31647,3.31647,nan,1.17728,1.21604,nan,0.175442,0.147316
1,12.43088656,1.34812,3.27239,3.27239,nan,1.10464,1.14328,nan,0.176664,0.14863
1,12.46901811,0.780488,3.2577,3.2577,nan,1.08065,1.11922,nan,-0.217795,-0.245783
1,12.58341277,0.266075,3.21363,3.21363,nan,1.00941,1.04774,nan,-0.539362,-0.567169
1,12.58341277,2.87361,3.21363,3.21363,nan,1.00941,1.04774,nan,1.35265,1.32485
1,12.60247855,4.87805,3.20629,3.20629,nan,0.997657,1.03593,nan,2.81559,2.78782
1,12.73593899,2.23503,3.15488,3.15488,nan,0.916406,0.954229,nan,0.956788,0.929344
1,12.8122021,1.56098,3.1255,3.1255,nan,0.870876,0.908369,nan,0.500732,0.473528
1,12.92659676,1.63193,3.08144,3.08144,nan,0.803973,0.84086,nan,0.60076,0.573995
1,12.96472831,4.32816,3.06675,3.06675,nan,0.782075,0.818729,nan,2.57302,2.54642
1,12.96472831,1.27716,3.06675,3.06675,nan,0.782075,0.818729,nan,0.359232,0.332636
1,13.04099142,0.674058,3.03738,3.03738,nan,0.738939,0.775078,nan,-0.0470774,-0.0732996
1,13.15538608,1.73836,2.99333,2.99333,nan,0.676012,0.71125,nan,0.770833,0.745264
1,13.19351764,1.9867,2.97865,2.97865,nan,0.655547,0.690449,nan,0.965874,0.94055
1,13.26978074,0.745011,2.94928,2.94928,nan,0.615436,0.649612,nan,0.0940191,0.069221
1,13.3079123,0.0709534,2.9346,2.9346,nan,0.595807,0.629594,nan,-0.380831,-0.405347
1,13.34604385,0.567627,2.91992,2.91992,nan,0.576476,0.609856,nan,-0.00642014,-0.0306404
1,13.49857007,1.09978,2.8612,2.8612,nan,0.50229,0.533865,nan,0.433534,0.410624
1,13.53670162,0.709534,2.84652,2.84652,nan,0.484569,0.51565,nan,0.163233,0.140681
1,13.57483317,1.70288,2.83184,2.83184,nan,0.467194,0.497765,nan,0.896608,0.874426
1,13.61296473,4.1153,2.81717,2.81717,nan,0.450172,0.480216,nan,2.6594,2.6376
1,13.89895138,2.46563,2.70712,2.70712,nan,0.334308,0.359986,nan,1.54648,1.52784
1,13.99428027,4.89579,2.67045,2.67045,nan,0.300497,0.324597,nan,3.33432,3.31683
1,13.99428027,1.27716,2.67045,2.67045,nan,0.300497,0.324597,nan,0.708662,0.691176
1,14.0514776,1.91574,2.64845,2.64845,nan,0.281387,0.304523,nan,1.18588,1.16909
1,14.2993327,0.886918,2.55315,2.55315,nan,0.208649,0.227591,nan,0.492148,0.478404
1,14.2993327,0.638581,2.55315,2.55315,nan,0.208649,0.227591,nan,0.311956,0.298212
1,14.37559581,1.0643,2.52383,2.52383,nan,0.189467,0.207147,nan,0.634774,0.621946
1,14.45185891,1.27716,2.49453,2.49453,nan,0.171719,0.188165,nan,0.802103,0.79017
1,14.48999047,0.425721,2.47988,2.47988,nan,0.163366,0.179208,nan,0.190363,0.178868
1,14.56625357,0.709534,2.45058,2.45058,nan,0.147665,0.16233,nan,0.407689,0.397048
1,14.60438513,1.84479,2.43593,2.43593,nan,0.140301,0.154395,nan,1.23677,1.22654
1,14.60438513,1.9867,2.43593,2.43593,nan,0.140301,0.154395,nan,1.33973,1.32951
1,14.90943756,1.27716,2.31884,2.31884,nan,0.0919404,0.101942,nan,0.85999,0.852733
1,15.02383222,0.638581,2.27497,2.27497,nan,0.0780502,0.0867555,nan,0.406718,0.400401
1,15.36701621,0.10643,2.1435,2.1435,nan,0.0471293,0.0527229,nan,0.0430283,0.0389697
1,15.40514776,0.638581,2.12891,2.12891,nan,0.0445163,0.049831,nan,0.43105,0.427194
1,15.55767398,0.496674,2.07058,2.07058,nan,0.0353793,0.0396968,nan,0.334713,0.33158
1,15.90085796,1.13525,1.9396,1.9396,nan,0.0209477,0.0236117,nan,0.808535,0.806602
1,15.97712107,0.567627,1.91056,1.91056,nan,0.0186253,0.021013,nan,0.398353,0.39662
1,16.01525262,0.674058,1.89604,1.89604,nan,0.0175605,0.0198205,nan,0.47635,0.474711
1,16.2821735,1.09978,1.79462,1.79462,nan,0.0116095,0.0131418,nan,0.789569,0.788457
1,16.32030505,1.31264,1.78016,1.78016,nan,0.0109407,0.0123896,nan,0.944504,0.943453
1,16.47283127,0.922395,1.72241,1.72241,nan,0.008626,0.00978295,nan,0.663025,0.662186
1,16.54909438,0.141907,1.69359,1.69359,nan,0.00765763,0.00869099,nan,0.0974105,0.0966607
1,16.62535748,0,1.66481,1.66481,nan,0.00679724,0.00771983,nan,-0.00493204,-0.00560146
1,16.89227836,0.851441,1.56442,1.56442,nan,0.00447764,0.00509452,nan,0.614552,0.614104
1,17.04480458,1.0643,1.50734,1.50734,nan,0.00352312,0.00401556,nan,0.769695,0.769337
1,17.57864633,0.425721,1.30967,1.30967,nan,0.00152167,0.00174278,nan,0.307796,0.307636
1,18.03622498,2.37694,1.14382,1.14382,nan,0.000740387,0.00085113,nan,1.72416,1.72408
1,19.04671115,1.56098,0.797378,0.797378,nan,0.000150675,0.000174588,nan,1.13253,1.13251
2,0.000224299,0.556237,7.49803,7.49803,5.2627,5.26399,5.27075,-3.41498,-3.41592,-3.42082
2,0.045084112,2.87935,7.50886,7.50886,5.25175,5.25302,5.25983,-1.7214,-1.72232,-1.72727
2,0.067514019,2.97751,7.51394,7.51394,5.24627,5.24753,5.25437,-1.64621,-1.64712,-1.65208
2,0.134803738,4.05726,7.52781,7.52781,5.22985,5.23107,5.238,-0.850823,-0.851709,-0.856735
2,0.157233645,3.27198,7.53198,7.53198,5.22437,5.22558,5.23254,-1.41664,-1.41752,-1.42257
2,0.269383178,3.40286,7.54928,7.54928,5.19699,5.19815,5.20524,-1.30181,-1.30265,-1.3078
2,0.426392523,2.01227,7.56358,7.56358,5.15867,5.15974,5.16703,-2.28301,-2.28378,-2.28908
2,0.426392523,4.13906,7.56358,7.56358,5.15867,5.15974,5.16703,-0.739822,-0.740597,-0.74589
2,0.51611215,4.90798,7.5666,7.5666,5.13677,5.13779,5.1452,-0.166009,-0.16675,-0.172126
2,0.650691589,3.81186,7.56437,7.56437,5.10391,5.10486,5.11244,-0.937507,-0.938196,-0.943696
2,0.650691589,3.5501,7.56437,7.56437,5.10391,5.10486,5.11244,-1.12744,-1.12813,-1.13363
2,0.673121495,2.86299,7.56324,7.56324,5.09844,5.09938,5.10699,-1.62203,-1.62271,-1.62823
2,0.762841121,3.09202,7.55668,7.55668,5.07654,5.07743,5.08515,-1.43995,-1.4406,-1.4462
2,0.807700935,5.51329,7.55221,7.55221,5.06559,5.06645,5.07423,0.324852,0.324223,0.318579
2,0.897420561,4.25358,7.54107,7.54107,5.04369,5.04451,5.0524,-0.573298,-0.573892,-0.579618
2,0.9198504669999999,3.01022,7.53784,7.53784,5.03821,5.03902,5.04694,-1.47149,-1.47208,-1.47783
2,0.9198504669999999,4.79346,7.53784,7.53784,5.03821,5.03902,5.04694,-0.177593,-0.178178,-0.183926
2,0.96471028,5.97137,7.53089,7.53089,5.02726,5.02804,5.03602,0.68504,0.684472,0.678684
2,0.96471028,4.98978,7.53089,7.53089,5.02726,5.02804,5.03602,-0.0271992,-0.0277676,-0.033556
2,0.9871401869999999,3.51738,7.52717,7.52717,5.02179,5.02256,5.03056,-1.09159,-1.09215,-1.09795
2,0.9871401869999999,4.07362,7.52717,7.52717,5.02179,5.02256,5.03056,-0.687983,-0.688543,-0.694352
2,1.054429907,3.3865,7.5151,7.5151,5.00536,5.0061,5.01419,-1.17463,-1.17517,-1.18104
2,1.121719626,3.1411,7.50174,7.50174,4.98893,4.98963,4.99781,-1.34077,-1.34128,-1.34721
2,1.211439252,4.30266,7.48211,7.48211,4.96703,4.96769,4.97597,-0.482065,-0.482539,-0.488554
2,1.278728972,5.20245,7.46614,7.46614,4.9506,4.95122,4.9596,0.18274,0.182291,0.176215
2,1.323588785,5.48057,7.45496,7.45496,4.93965,4.94025,4.94868,0.392487,0.392055,0.385938
2,1.346018692,4.10634,7.44922,7.44922,4.93418,4.93476,4.94322,-0.600675,-0.601099,-0.607237
2,1.390878505,7.00204,7.43745,7.43745,4.92323,4.92379,4.9323,1.50838,1.50797,1.50179
2,1.413308411,5.10429,7.43144,7.43144,4.91775,4.9183,4.92685,0.135354,0.134956,0.128756
2,1.435738318,7.62372,7.42533,7.42533,4.91228,4.91281,4.92139,1.96741,1.96702,1.9608
2,1.480598131,5.79141,7.41287,7.41287,4.90133,4.90184,4.91047,0.645841,0.645468,0.639206
2,1.480598131,5.62781,7.41287,7.41287,4.90133,4.90184,4.91047,0.527134,0.526761,0.520499
2,1.503028037,4.76074,7.40653,7.40653,4.89585,4.89635,4.90501,-0.0980378,-0.0984022,-0.104685
2,1.660037383,6.11861,7.36013,7.36013,4.85752,4.85794,4.8668,0.915037,0.914733,0.908306
2,1.660037383,4.92434,7.36013,7.36013,4.85752,4.85794,4.8668,0.0484792,0.0481749,0.0417476
2,1.727327103,4.05726,7.33932,7.33932,4.8411,4.84148,4.85042,-0.568747,-0.569026,-0.575515
2,1.817046729,6.51125,7.31084,7.31084,4.8192,4.81953,4.82859,1.22774,1.2275,1.22093
2,1.884336449,5.07157,7.289,7.289,4.80277,4.80307,4.81221,0.195043,0.194826,0.188193
2,1.929196262,3.58282,7.27423,7.27423,4.79182,4.7921,4.80129,-0.877241,-0.877441,-0.884115
2,1.951626168,6.31493,7.26679,7.26679,4.78634,4.78661,4.79583,1.10913,1.10894,1.10225
2,1.974056075,5.62781,7.25931,7.25931,4.78087,4.78112,4.79038,0.614537,0.614354,0.607639
2,1.996485981,1.68507,7.2518,7.2518,4.77539,4.77563,4.78492,-2.24232,-2.24249,-2.24923
2,2.041345794,6.72393,7.23667,7.23667,4.76444,4.76466,4.774,1.42179,1.42163,1.41486
2,2.131065421,4.97342,7.20604,7.20604,4.74254,4.74271,4.75216,0.16752,0.167397,0.160538
2,2.153495327,6.21677,7.19831,7.19831,4.73707,4.73722,4.74671,1.07366,1.07355,1.06667
2,2.175925234,6.49489,7.19055,7.19055,4.73159,4.73174,4.74125,1.27944,1.27933,1.27243
2,2.243214953,2.94479,7.16713,7.16713,4.71517,4.71528,4.72487,-1.28458,-1.28466,-1.29162
2,2.310504673,4.23722,7.1435,7.1435,4.69874,4.69882,4.7085,-0.334878,-0.334932,-0.341956
2,2.377794393,5.12065,7.11968,7.11968,4.68232,4.68235,4.69212,0.318056,0.318028,0.310942
2,2.422654206,3.58282,7.10371,7.10371,4.67136,4.67138,4.6812,-0.78984,-0.789851,-0.796978
2,2.422654206,7.80368,7.10371,7.10371,4.67136,4.67138,4.6812,2.27279,2.27278,2.26565
2,2.422654206,5.21881,7.10371,7.10371,4.67136,4.67138,4.6812,0.397226,0.397215,0.390088
2,2.512373832,4.95706,7.07154,7.07154,4.64946,4.64943,4.65937,0.223187,0.22321,0.216
2,2.534803738,7.0184,7.06346,7.06346,4.64399,4.64394,4.65391,1.72286,1.72289,1.71566
2,2.534803738,5.62781,7.06346,7.06346,4.64399,4.64394,4.65391,0.713856,0.713888,0.706658
2,2.534803738,4.51534,7.06346,7.06346,4.64399,4.64394,4.65391,-0.0933485,-0.0933166,-0.100547
2,2.669383178,5.54601,7.01468,7.01468,4.61114,4.61102,4.62116,0.67834,0.678424,0.67107
2,2.669383178,5.05521,7.01468,7.01468,4.61114,4.61102,4.62116,0.32222,0.322304,0.31495
2,2.669383178,4.35174,7.01468,7.01468,4.61114,4.61102,4.62116,-0.188218,-0.188135,-0.195489
2,2.736672897,3.48466,6.99011,6.99011,4.59471,4.59456,4.60478,-0.805445,-0.805335,-0.812751
2,2.826392523,5.95501,6.95719,6.95719,4.57281,4.57261,4.58295,1.00292,1.00306,0.995561
2,2.91611215,3.10838,6.92411,6.92411,4.55091,4.55066,4.56111,-1.04669,-1.04651,-1.05409
2,2.91611215,5.75869,6.92411,6.92411,4.55091,4.55066,4.56111,0.876358,0.876538,0.868957
2,2.960971963,5.05521,6.90751,6.90751,4.53996,4.53969,4.55019,0.373865,0.374062,0.36644
2,2.960971963,3.69734,6.90751,6.90751,4.53996,4.53969,4.55019,-0.6114,-0.611203,-0.618825
2,2.983401869,5.66053,6.8992,6.8992,4.53449,4.5342,4.54474,0.817052,0.817258,0.809615
2,3.005831776,2.68303,6.89089,6.89089,4.52901,4.52872,4.53928,-1.33944,-1.33922,-1.34688
2,3.005831776,4.7771,6.89089,6.89089,4.52901,4.52872,4.53928,0.180009,0.180224,0.17256
2,3.050691589,3.41922,6.87422,6.87422,4.51806,4.51774,4.52836,-0.797311,-0.797078,-0.804784
2,3.050691589,6.26585,6.87422,6.87422,4.51806,4.51774,4.52836,1.26818,1.26842,1.26071
2,3.050691589,5.31697,6.87422,6.87422,4.51806,4.51774,4.52836,0.579686,0.579918,0.572213
2,3.095551402,4.07362,6.85753,6.85753,4.50711,4.50677,4.51744,-0.314539,-0.314289,-0.322036
2,3.140411215,5.90593,6.84081,6.84081,4.49616,4.49579,4.50653,1.02292,1.02319,1.0154
2,3.162841121,3.25562,6.83244,6.83244,4.49069,4.49031,4.50107,-0.896154,-0.895878,-0.903686
2,3.162841121,5.49693,6.83244,6.83244,4.49069,4.49031,4.50107,0.730127,0.730402,0.722594
2,3.252560748,5.39877,6.7989,6.7989,4.46879,4.46836,4.47923,0.674793,0.675104,0.667213
2,3.297420561,4.76074,6.78209,6.78209,4.45784,4.45738,4.46832,0.219783,0.22011,0.212179
2,3.319850467,5.67689,6.77368,6.77368,4.45236,4.4519,4.46286,0.888513,0.888849,0.880896
2,3.319850467,4.1227,6.77368,6.77368,4.45236,4.4519,4.46286,-0.2392,-0.238864,-0.246816
2,3.387140187,6.05317,6.7484,6.7484,4.43593,4.43544,4.44648,1.17346,1.17382,1.1658
2,3.409570093,6.51125,6.73997,6.73997,4.43046,4.42995,4.44102,1.50981,1.51018,1.50214
2,3.409570093,5.00613,6.73997,6.73997,4.43046,4.42995,4.44102,0.417707,0.418077,0.410042
2,3.432,6.87117,6.73153,6.73153,4.42498,4.42446,4.43556,1.77493,1.77531,1.76726
2,3.432,3.3047,6.73153,6.73153,4.42498,4.42446,4.43556,-0.812869,-0.812491,-0.820546
2,3.454429907,3.97546,6.72309,6.72309,4.41951,4.41898,4.43011,-0.322199,-0.321812,-0.329888
2,3.454429907,4.4499,6.72309,6.72309,4.41951,4.41898,4.43011,0.0220499,0.0224367,0.0143612
2,3.476859813,4.5317,6.71464,6.71464,4.41403,4.41349,4.42465,0.085376,0.0857713,0.0776752
2,3.521719626,5.56237,6.69773,6.69773,4.40308,4.40252,4.41373,0.841173,0.841585,0.833448
2,3.521719626,3.45194,6.69773,6.69773,4.40308,4.40252,4.41373,-0.690142,-0.68973,-0.697867
2,3.544149533,7.31288,6.68927,6.68927,4.39761,4.39703,4.40827,2.11531,2.11573,2.10757
2,3.633869159,4.90798,6.65538,6.65538,4.37571,4.37508,4.38644,0.38621,0.386665,0.378425
2,3.656299065,4.02454,6.6469,6.6469,4.37023,4.36959,4.38098,-0.250833,-0.250369,-0.25863
2,3.678728972,4.56442,6.63842,6.63842,4.36476,4.36411,4.37552,0.144872,0.145344,0.137063
2,3.723588785,3.5501,6.62144,6.62144,4.35381,4.35313,4.3646,-0.583164,-0.582675,-0.590997
2,3.723588785,3.23926,6.62144,6.62144,4.35381,4.35313,4.3646,-0.808706,-0.808217,-0.816539
2,3.813308411,6.05317,6.58743,6.58743,4.33191,4.33119,4.34277,1.24894,1.24946,1.24106
2,3.903028037,4.22086,6.55338,6.55338,4.31001,4.30924,4.32093,-0.0646854,-0.0641279,-0.0726142
2,3.925457944,3.53374,6.54486,6.54486,4.30453,4.30375,4.31548,-0.559281,-0.558714,-0.567221
2,3.925457944,3.41922,6.54486,6.54486,4.30453,4.30375,4.31548,-0.642375,-0.641809,-0.650316
2,3.94788785,3.9591,6.53634,6.53634,4.29906,4.29827,4.31002,-0.246671,-0.246096,-0.254623
2,3.970317757,3.20654,6.52781,6.52781,4.29358,4.29278,4.30456,-0.788748,-0.788165,-0.796713
2,3.992747664,5.12065,6.51928,6.51928,4.28811,4.28729,4.2991,0.604091,0.604683,0.596115
2,3.992747664,3.01022,6.51928,6.51928,4.28811,4.28729,4.2991,-0.927224,-0.926632,-0.9352
2,4.037607477,2.61759,6.50222,6.50222,4.27716,4.27632,4.28818,-1.20417,-1.20357,-1.21217
2,4.060037383,4.59714,6.49368,6.49368,4.27168,4.27083,4.28272,0.236148,0.236766,0.228136
2,4.08246729,5.51329,6.48515,6.48515,4.26621,4.26534,4.27727,0.904878,0.905504,0.896853
2,4.104897196,1.71779,6.47661,6.47661,4.26073,4.25986,4.27181,-1.84514,-1.84451,-1.85318
2,4.104897196,3.3047,6.47661,6.47661,4.26073,4.25986,4.27181,-0.693689,-0.693054,-0.701725
2,4.127327103,6.10225,6.46806,6.46806,4.25526,4.25437,4.26635,1.34017,1.34081,1.33212
2,4.172186916,4.10634,6.45097,6.45097,4.24431,4.2434,4.25543,-0.100108,-0.099448,-0.108181
2,4.239476636,2.71575,6.42532,6.42532,4.22788,4.22694,4.23906,-1.0972,-1.09651,-1.10531
2,4.261906542,4.40082,6.41676,6.41676,4.22241,4.22145,4.2336,0.129454,0.130149,0.121333
2,4.261906542,4.97342,6.41676,6.41676,4.22241,4.22145,4.2336,0.544927,0.545622,0.536806
2,4.351626168,3.69734,6.38252,6.38252,4.20051,4.1995,4.21177,-0.365094,-0.364365,-0.373263
2,4.351626168,4.87526,6.38252,6.38252,4.20051,4.1995,4.21177,0.489594,0.490323,0.481425
2,4.418915888,5.88957,6.35682,6.35682,4.18408,4.18304,4.19539,1.23749,1.23825,1.22929
2,4.418915888,6.59305,6.35682,6.35682,4.18408,4.18304,4.19539,1.74793,1.74869,1.73973
2,4.418915888,2.97751,6.35682,6.35682,4.18408,4.18304,4.19539,-0.875485,-0.874731,-0.88369
2,4.486205607,4.30266,6.33111,6.33111,4.16766,4.16658,4.17901,0.0979562,0.0987363,0.0897152
2,4.486205607,4.1227,6.33111,6.33111,4.16766,4.16658,4.17901,-0.032621,-0.0318409,-0.0408621
2,4.508635514,4.84254,6.32253,6.32253,4.16218,4.1611,4.17356,0.493661,0.494449,0.485408
2,4.531065421,5.52965,6.31396,6.31396,4.15671,4.15561,4.1681,0.996201,0.996998,0.987936
2,4.531065421,2.81391,6.31396,6.31396,4.15671,4.15561,4.1681,-0.974329,-0.973532,-0.982594
2,4.575925234,6.56033,6.2968,6.2968,4.14576,4.14464,4.15718,1.752,1.75281,1.74371
2,4.66564486,1.43967,6.26247,6.26247,4.12386,4.12269,4.13535,-1.94763,-1.94678,-1.95597
2,4.66564486,3.07566,6.26247,6.26247,4.12386,4.12269,4.13535,-0.760563,-0.759714,-0.7689
2,4.66564486,4.0409,6.26247,6.26247,4.12386,4.12269,4.13535,-0.0601937,-0.0593452,-0.0685307
2,4.66564486,3.8773,6.26247,6.26247,4.12386,4.12269,4.13535,-0.1789,-0.178052,-0.187237
2,4.732934579,3.45194,6.23671,6.23671,4.10743,4.10623,4.11897,-0.47562,-0.474746,-0.483993
2,4.755364486,3.94274,6.22812,6.22812,4.10196,4.10074,4.11351,-0.115527,-0.114645,-0.123912
2,4.800224299,4.80982,6.21094,6.21094,4.09101,4.08977,4.1026,0.521563,0.522462,0.513154
2,4.889943925,3.27198,6.17656,6.17656,4.06911,4.06782,4.08076,-0.578389,-0.577455,-0.586846
2,4.912373832,3.56646,6.16797,6.16797,4.06363,4.06234,4.07531,-0.360745,-0.359802,-0.369214
2,4.912373832,2.37219,6.16797,6.16797,4.06363,4.06234,4.07531,-1.2273,-1.22636,-1.23577
2,4.934803738,3.41922,6.15937,6.15937,4.05816,4.05685,4.06985,-0.463608,-0.462657,-0.472089
2,4.934803738,4.41718,6.15937,6.15937,4.05816,4.05685,4.06985,0.260502,0.261453,0.252021
2,4.957233645,4.64622,6.15077,6.15077,4.05268,4.05136,4.06439,0.430664,0.431623,0.422171
2,5.002093458,3.9591,6.13357,6.13357,4.04173,4.04039,4.05347,-0.0599591,-0.0589825,-0.0684755
2,5.002093458,4.49898,6.13357,6.13357,4.04173,4.04039,4.05347,0.331773,0.332749,0.323256
2,5.024523364,3.59918,6.12497,6.12497,4.03626,4.0349,4.04801,-0.317141,-0.316156,-0.32567
2,5.024523364,4.13906,6.12497,6.12497,4.03626,4.0349,4.04801,0.0745906,0.0755758,0.0660623
2,5.069383178,5.38241,6.10776,6.10776,4.02531,4.02393,4.0371,0.984706,0.985708,0.976154
2,5.114242991,1.91411,6.09055,6.09055,4.01436,4.01296,4.02618,-1.52393,-1.52291,-1.53251
2,5.114242991,6.11861,6.09055,6.09055,4.01436,4.01296,4.02618,1.52683,1.52785,1.51825
2,5.114242991,2.83027,6.09055,6.09055,4.01436,4.01296,4.02618,-0.859172,-0.858153,-0.867749
2,5.18153271,1.97955,6.06473,6.06473,3.99794,3.9965,4.00981,-1.46453,-1.46348,-1.47314
2,5.226392523,5.02249,6.04751,6.04751,3.98699,3.98552,3.99889,0.751359,0.752421,0.742722
2,5.271252336,3.82822,6.03029,6.03029,3.97604,3.97455,3.98797,-0.107255,-0.106176,-0.115915
2,5.293682243,4.90798,6.02168,6.02168,3.97056,3.96906,3.98251,0.680181,0.681269,0.671509
2,5.360971963,4.10634,5.99584,5.99584,3.95414,3.9526,3.96614,0.110436,0.11155,0.101728
2,5.360971963,2.73211,5.99584,5.99584,3.95414,3.9526,3.96614,-0.886699,-0.885586,-0.895407
2,5.405831776,5.18609,5.97861,5.97861,3.94319,3.94163,3.95522,0.901845,0.902975,0.893113
2,5.405831776,3.10838,5.97861,5.97861,3.94319,3.94163,3.95522,-0.605729,-0.604599,-0.614461
2,5.428261682,7.47648,5.97,5.97,3.93771,3.93614,3.94976,2.56771,2.56885,2.55897
2,5.428261682,4.51534,5.97,5.97,3.93771,3.93614,3.94976,0.41912,0.420259,0.410376
2,5.450691589,3.6319,5.96138,5.96138,3.93224,3.93066,3.94431,-0.217923,-0.216776,-0.226679
2,5.517981308,4.8589,5.93553,5.93553,3.91582,3.9142,3.92793,0.684293,0.685467,0.675502
2,5.517981308,6.08589,5.93553,5.93553,3.91582,3.9142,3.92793,1.57459,1.57577,1.5658
2,5.540411215,2.96115,5.92691,5.92691,3.91034,3.90871,3.92247,-0.688731,-0.687549,-0.697535
2,5.652560748,4.6953,5.88381,5.88381,3.88297,3.88128,3.89518,0.589421,0.590646,0.580557
2,5.652560748,4.51534,5.88381,5.88381,3.88297,3.88128,3.89518,0.458844,0.460068,0.44998
2,5.652560748,3.66462,5.88381,5.88381,3.88297,3.88128,3.89518,-0.158431,-0.157206,-0.167294
2,5.652560748,2.56851,5.88381,5.88381,3.88297,3.88128,3.89518,-0.953765,-0.95254,-0.962629
2,5.719850467,3.89366,5.85794,5.85794,3.86654,3.86482,3.87881,0.0196756,0.0209259,0.010776
2,5.719850467,3.2229,5.85794,5.85794,3.86654,3.86482,3.87881,-0.467022,-0.465771,-0.475921
2,5.876859813,3.59918,5.79757,5.79757,3.82822,3.82642,3.8406,-0.16619,-0.16488,-0.175174
2,5.921719626,1.86503,5.78032,5.78032,3.81727,3.81544,3.82969,-1.41654,-1.41521,-1.42554
2,5.966579439,2.66667,5.76306,5.76306,3.80632,3.80447,3.81877,-0.826929,-0.825585,-0.83596
2,5.989009346,4.80982,5.75443,5.75443,3.80085,3.79899,3.81331,0.7321,0.733453,0.723057
2,5.989009346,4.6135,5.75443,5.75443,3.80085,3.79899,3.81331,0.589652,0.591005,0.580609
2,5.989009346,4.0409,5.75443,5.75443,3.80085,3.79899,3.81331,0.174179,0.175532,0.165136
2,5.989009346,3.3047,5.75443,5.75443,3.80085,3.79899,3.81331,-0.360001,-0.358648,-0.369044
2,6.011439252,2.84663,5.74581,5.74581,3.79538,3.7935,3.80786,-0.688407,-0.687046,-0.697462
2,6.101158879,1.76687,5.71129,5.71129,3.77348,3.77155,3.78602,-1.45598,-1.45459,-1.46509
2,6.101158879,3.0593,5.71129,5.71129,3.77348,3.77155,3.78602,-0.5182,-0.516804,-0.527303
2,6.123588785,3.97546,5.70266,5.70266,3.768,3.76607,3.78057,0.150529,0.151934,0.141414
2,6.146018692,3.59918,5.69403,5.69403,3.76253,3.76058,3.77511,-0.118524,-0.117111,-0.127651
2,6.235738318,1.91411,5.65951,5.65951,3.74063,3.73864,3.75328,-1.32531,-1.32387,-1.33449
2,6.235738318,5.56237,5.65951,5.65951,3.74063,3.73864,3.75328,1.32184,1.32329,1.31267
2,6.280598131,5.26789,5.64224,5.64224,3.72968,3.72767,3.74236,1.11612,1.11758,1.10692
2,6.280598131,4.22086,5.64224,5.64224,3.72968,3.72767,3.74236,0.356394,0.357858,0.347195
2,6.280598131,3.86094,5.64224,5.64224,3.72968,3.72767,3.74236,0.0952398,0.0967038,0.0860408
2,6.370317757,2.96115,5.60771,5.60771,3.70779,3.70572,3.72053,-0.541758,-0.54026,-0.551005
2,6.392747664,4.58078,5.59908,5.59908,3.70231,3.70024,3.71507,0.637409,0.638916,0.62815
2,6.41517757,6.75665,5.59044,5.59044,3.69684,3.69475,3.70961,2.22018,2.22169,2.21091
2,6.437607477,4.76074,5.58181,5.58181,3.69136,3.68926,3.70416,0.775931,0.777455,0.766648
2,6.460037383,5.88957,5.57318,5.57318,3.68589,3.68378,3.6987,1.59898,1.60051,1.58968
2,6.48246729,4.98978,5.56454,5.56454,3.68041,3.67829,3.69324,0.950064,0.951605,0.940757
2,6.504897196,4.25358,5.55591,5.55591,3.67494,3.67281,3.68778,0.419856,0.421406,0.410538
2,6.527327103,1.93047,5.54727,5.54727,3.66947,3.66732,3.68233,-1.26181,-1.26025,-1.27114
2,6.527327103,5.61145,5.54727,5.54727,3.66947,3.66732,3.68233,1.40909,1.41065,1.39976
2,6.527327103,0.670757,5.54727,5.54727,3.66947,3.66732,3.68233,-2.17585,-2.17429,-2.18518
2,6.639476636,3.56646,5.5041,5.5041,3.6421,3.63989,3.65504,-0.0548794,-0.0532786,-0.06427
2,6.639476636,3.3865,5.5041,5.5041,3.6421,3.63989,3.65504,-0.185457,-0.183856,-0.194847
2,6.639476636,3.25562,5.5041,5.5041,3.6421,3.63989,3.65504,-0.280422,-0.278821,-0.289813
2,6.661906542,2.71575,5.49546,5.49546,3.63662,3.6344,3.64958,-0.668182,-0.666572,-0.677584
2,6.818915888,3.99182,5.435,5.435,3.5983,3.596,3.61138,0.285533,0.287203,0.276047
2,6.886205607,3.77914,5.40909,5.40909,3.58188,3.57955,3.59501,0.14313,0.144825,0.133608
2,6.886205607,3.20654,5.40909,5.40909,3.58188,3.57955,3.59501,-0.272343,-0.270648,-0.281865
2,6.931065421,2.01227,5.39181,5.39181,3.57093,3.56857,3.58409,-1.13096,-1.12925,-1.1405
2,6.953495327,4.25358,5.38317,5.38317,3.56546,3.56309,3.57863,0.499294,0.501016,0.489736
2,6.953495327,3.61554,5.38317,5.38317,3.56546,3.56309,3.57863,0.0363386,0.03806,0.0267806
2,6.99835514,1.76687,5.3659,5.3659,3.55451,3.55212,3.56772,-1.2971,-1.29536,-1.30668
2,6.99835514,2.19223,5.3659,5.3659,3.55451,3.55212,3.56772,-0.988465,-0.986727,-0.998047
2,7.06564486,3.01022,5.33998,5.33998,3.53809,3.53566,3.55135,-0.383017,-0.381253,-0.392635
2,7.088074766,4.54806,5.33134,5.33134,3.53262,3.53017,3.54589,0.736797,0.73857,0.727167
2,7.110504673,1.96319,5.3227,5.3227,3.52714,3.52469,3.54043,-1.1348,-1.13301,-1.14444
2,7.132934579,3.7955,5.31406,5.31406,3.52167,3.5192,3.53498,0.19869,0.20048,0.189036
2,7.177794393,2.42127,5.29678,5.29678,3.51072,3.50823,3.52406,-0.790502,-0.788695,-0.80018
2,7.200224299,3.17382,5.28814,5.28814,3.50525,3.50275,3.5186,-0.24048,-0.238665,-0.25017
2,7.222654206,4.1227,5.2795,5.2795,3.49978,3.49726,3.51315,0.45199,0.453814,0.442288
2,7.267514019,4.71166,5.26222,5.26222,3.48883,3.48629,3.50223,0.887276,0.889118,0.877551
2,7.334803738,3.3865,5.2363,5.2363,3.47241,3.46983,3.48586,-0.0623325,-0.060465,-0.0720938
2,7.379663551,3.92638,5.21902,5.21902,3.46146,3.45886,3.47495,0.337342,0.339227,0.327557
2,7.402093458,1.32515,5.21038,5.21038,3.45599,3.45338,3.46949,-1.54612,-1.54423,-1.55592
2,7.402093458,5.54601,5.21038,5.21038,3.45599,3.45338,3.46949,1.51651,1.5184,1.50671
2,7.424523364,5.85685,5.20174,5.20174,3.45051,3.44789,3.46403,1.74602,1.74793,1.73621
2,7.424523364,6.72393,5.20174,5.20174,3.45051,3.44789,3.46403,2.37517,2.37707,2.36536
2,7.446953271,4.7771,5.1931,5.1931,3.44504,3.44241,3.45858,0.966531,0.968442,0.95671
2,7.446953271,4.64622,5.1931,5.1931,3.44504,3.44241,3.45858,0.871566,0.873476,0.861745
2,7.469383178,3.68098,5.18445,5.18445,3.43957,3.43692,3.45312,0.175168,0.177087,0.165335
2,7.536672897,1.83231,5.15853,5.15853,3.42315,3.42047,3.43675,-1.1543,-1.15236,-1.16417
2,7.536672897,4.22086,5.15853,5.15853,3.42315,3.42047,3.43675,0.578814,0.580759,0.568945
2,7.536672897,5.00613,5.15853,5.15853,3.42315,3.42047,3.43675,1.14861,1.15055,1.13874
2,7.64882243,2.38855,5.11532,5.11532,3.39578,3.39304,3.40947,-0.730844,-0.728855,-0.740772
2,7.64882243,2.56851,5.11532,5.11532,3.39578,3.39304,3.40947,-0.600266,-0.598278,-0.610195
2,7.671252336,3.56646,5.10668,5.10668,3.39031,3.38756,3.40401,0.127815,0.129812,0.117875
2,7.671252336,3.32106,5.10668,5.10668,3.39031,3.38756,3.40401,-0.0502446,-0.0482478,-0.0601849
2,7.805831776,3.82822,5.05483,5.05483,3.35747,3.35465,3.37127,0.341573,0.343621,0.331561
2,7.895551402,3.3047,5.02025,5.02025,3.33558,3.33271,3.34944,-0.0224036,-0.0203211,-0.0324636
2,7.917981308,2.14315,5.01161,5.01161,3.33011,3.32722,3.34399,-0.86125,-0.859158,-0.871321
2,7.940411215,2.97751,5.00297,5.00297,3.32463,3.32174,3.33853,-0.251875,-0.249775,-0.261959
2,7.962841121,2.86299,4.99433,4.99433,3.31916,3.31626,3.33308,-0.330998,-0.32889,-0.341094
2,8.030130841,4.25358,4.9684,4.9684,3.30274,3.2998,3.31671,0.689921,0.692055,0.679789
2,8.030130841,3.7955,4.9684,4.9684,3.30274,3.2998,3.31671,0.357542,0.359676,0.34741
2,8.052560748,3.68098,4.95975,4.95975,3.29727,3.29432,3.31125,0.278419,0.280561,0.268275
2,8.052560748,2.07771,4.95975,4.95975,3.29727,3.29432,3.31125,-0.884906,-0.882764,-0.89505
2,8.097420561,1.94683,4.94247,4.94247,3.28633,3.28335,3.30034,-0.97193,-0.96977,-0.982098
2,8.142280374,3.40286,4.92518,4.92518,3.27538,3.27238,3.28943,0.0925008,0.0946774,0.082309
2,8.16471028,4.1227,4.91654,4.91654,3.26991,3.2669,3.28397,0.618781,0.620966,0.608577
2,8.232,4.35174,4.89061,4.89061,3.25349,3.25044,3.2676,0.796882,0.799093,0.786642
2,8.232,1.25971,4.89061,4.89061,3.25349,3.25044,3.2676,-1.44667,-1.44446,-1.45691
2,8.254429907,3.3047,4.88196,4.88196,3.24802,3.24496,3.26215,0.0411304,0.0433499,0.0308788
2,8.344149533,0.916155,4.84739,4.84739,3.22613,3.22302,3.24032,-1.6761,-1.67385,-1.6864
2,8.366579439,3.94274,4.83875,4.83875,3.22066,3.21754,3.23487,0.523939,0.526201,0.513628
2,8.389009346,3.58282,4.8301,4.8301,3.21519,3.21206,3.22941,0.266755,0.269026,0.256432
2,8.411439252,6.08589,4.82146,4.82146,3.20971,3.20657,3.22396,2.08694,2.08922,2.0766
2,8.411439252,2.47035,4.82146,4.82146,3.20971,3.20657,3.22396,-0.536479,-0.5342,-0.546815
2,8.456299065,3.69734,4.80417,4.80417,3.19877,3.1956,3.21305,0.361761,0.364058,0.351402
2,8.478728972,3.33742,4.79553,4.79553,3.1933,3.19012,3.20759,0.104577,0.106882,0.0942056
2,8.501158879,4.33538,4.78688,4.78688,3.18783,3.18464,3.20214,0.832657,0.834971,0.822274
2,8.501158879,0.834356,4.78688,4.78688,3.18783,3.18464,3.20214,-1.70766,-1.70535,-1.71805
2,8.501158879,3.48466,4.78688,4.78688,3.18783,3.18464,3.20214,0.215383,0.217697,0.205
2,8.523588785,4.02454,4.77824,4.77824,3.18235,3.17915,3.19668,0.611085,0.613407,0.60069
2,8.635738318,2.17587,4.73502,4.73502,3.155,3.15174,3.1694,-0.710448,-0.708083,-0.720903
2,8.658168224,1.94683,4.72637,4.72637,3.14952,3.14625,3.16395,-0.872668,-0.870294,-0.883134
2,8.658168224,3.10838,4.72637,4.72637,3.14952,3.14625,3.16395,-0.0298507,-0.0274769,-0.0403174
2,8.703028037,1.75051,4.70908,4.70908,3.13858,3.13529,3.15304,-1.00718,-1.00478,-1.01767
2,8.725457944,1.14519,4.70044,4.70044,3.13311,3.1298,3.14758,-1.44242,-1.44002,-1.45292
2,8.792747664,2.56851,4.67451,4.67451,3.1167,3.11335,3.13122,-0.397762,-0.395337,-0.408301
2,8.904897196,6.90389,4.63128,4.63128,3.08934,3.08594,3.10395,2.76781,2.77028,2.75721
2,8.904897196,1.06339,4.63128,4.63128,3.08934,3.08594,3.10395,-1.47001,-1.46755,-1.48061
2,8.904897196,2.83027,4.63128,4.63128,3.08934,3.08594,3.10395,-0.187982,-0.185515,-0.198581
2,8.927327103,3.53374,4.62264,4.62264,3.08387,3.08046,3.09849,0.326426,0.328902,0.315815
2,8.972186916,2.30675,4.60535,4.60535,3.07293,3.06949,3.08758,-0.555934,-0.553441,-0.566569
2,8.972186916,3.27198,4.60535,4.60535,3.07293,3.06949,3.08758,0.144435,0.146928,0.1338
2,8.972186916,3.89366,4.60535,4.60535,3.07293,3.06949,3.08758,0.59552,0.598013,0.584885
2,9.017046729,3.04294,4.58806,4.58806,3.06198,3.05853,3.07667,-0.0138152,-0.0113056,-0.0244744
2,9.039476636,2.48671,4.57942,4.57942,3.05651,3.05304,3.07122,-0.413448,-0.41093,-0.424119
2,9.061906542,4.84254,4.57077,4.57077,3.05104,3.04756,3.06577,1.2999,1.30242,1.28921
2,9.106766355,1.57055,4.55348,4.55348,3.0401,3.0366,3.05486,-1.0663,-1.06375,-1.077
2,9.106766355,3.61554,4.55348,4.55348,3.0401,3.0366,3.05486,0.417536,0.420079,0.406829
2,9.129196262,1.29243,4.54484,4.54484,3.03463,3.03111,3.0494,-1.26413,-1.26158,-1.27485
2,9.174056075,4.41718,4.52755,4.52755,3.02369,3.02015,3.0385,1.01111,1.01367,1.00036
2,9.196485981,3.43558,4.5189,4.5189,3.01822,3.01467,3.03304,0.302835,0.305413,0.29208
2,9.241345794,3.73006,4.50161,4.50161,3.00728,3.00371,3.02214,0.524445,0.52704,0.513667
2,9.286205607,2.55215,4.48432,4.48432,2.99634,2.99274,3.01123,-0.322305,-0.319693,-0.333107
2,9.286205607,3.27198,4.48432,4.48432,2.99634,2.99274,3.01123,0.200004,0.202616,0.189202
2,9.308635514,1.35787,4.47568,4.47568,2.99087,2.98726,3.00578,-1.18489,-1.18227,-1.19571
2,9.331065421,3.10838,4.46703,4.46703,2.9854,2.98178,3.00032,0.0892352,0.0918643,0.0784093
2,9.375925234,5.54601,4.44974,4.44974,2.97446,2.97082,2.98942,1.8659,1.86855,1.85505
2,9.39835514,4.26994,4.4411,4.4411,2.96899,2.96533,2.98396,0.943958,0.946613,0.933097
2,9.420785047,7.39468,4.43245,4.43245,2.96352,2.95985,2.97851,3.21522,3.21789,3.20435
2,9.443214953,2.38855,4.42381,4.42381,2.95806,2.95437,2.97306,-0.413231,-0.410559,-0.424116
2,9.443214953,2.84663,4.42381,4.42381,2.95806,2.95437,2.97306,-0.0808526,-0.0781805,-0.0917375
2,9.443214953,4.15542,4.42381,4.42381,2.95806,2.95437,2.97306,0.8688,0.871472,0.857915
2,9.510504673,4.89162,4.39787,4.39787,2.94165,2.93793,2.9567,1.41489,1.41758,1.40396
2,9.532934579,0.719836,4.38923,4.38923,2.93618,2.93245,2.95125,-1.60817,-1.60546,-1.6191
2,9.532934579,4.40082,4.38923,4.38923,2.93618,2.93245,2.95125,1.06273,1.06544,1.0518
2,9.645084112,3.41922,4.346,4.346,2.90883,2.90505,2.92398,0.370335,0.373084,0.359343
2,9.645084112,2.68303,4.346,4.346,2.90883,2.90505,2.92398,-0.163845,-0.161096,-0.174837
2,9.667514019,1.42331,4.33736,4.33736,2.90337,2.89957,2.91853,-1.07392,-1.07116,-1.08492
2,9.667514019,2.48671,4.33736,4.33736,2.90337,2.89957,2.91853,-0.302325,-0.299568,-0.313329
2,9.734803738,3.25562,4.31142,4.31142,2.88696,2.88313,2.90218,0.267499,0.270283,0.25646
2,9.846953271,2.42127,4.2682,4.2682,2.85962,2.85573,2.87492,-0.318066,-0.315241,-0.329165
2,9.869383178,2.78119,4.25955,4.25955,2.85415,2.85025,2.86947,-0.0529445,-0.0501103,-0.0640551
2,9.959102804,1.79959,4.22497,4.22497,2.83228,2.82833,2.84766,-0.749315,-0.746447,-0.760473
2,9.959102804,3.1411,4.22497,4.22497,2.83228,2.82833,2.84766,0.224079,0.226947,0.212921
2,10.00396262,2.61759,4.20768,4.20768,2.82135,2.81737,2.83676,-0.147848,-0.144963,-0.15903
2,10.02639252,2.35583,4.19904,4.19904,2.81588,2.81189,2.83131,-0.333812,-0.330918,-0.345005
2,10.07125234,2.04499,4.18175,4.18175,2.80495,2.80094,2.82041,-0.551421,-0.548511,-0.562638
2,10.13854206,2.53579,4.15581,4.15581,2.78855,2.7845,2.80406,-0.183402,-0.180466,-0.194654
2,10.16097196,3.01022,4.14717,4.14717,2.78308,2.77902,2.79861,0.164814,0.167758,0.15355
2,10.18340187,5.33e-15,4.13852,4.13852,2.77762,2.77355,2.79316,-2.01542,-2.01247,-2.0267
2,10.20583178,3.40286,4.12988,4.12988,2.77215,2.76807,2.78771,0.457642,0.460604,0.446355
2,10.2731215,2.35583,4.10394,4.10394,2.75575,2.75164,2.77136,-0.290182,-0.287195,-0.301505
2,10.2731215,3.9591,4.10394,4.10394,2.75575,2.75164,2.77136,0.873142,0.876129,0.86182
2,10.31798131,2.74847,4.08665,4.08665,2.74482,2.74068,2.76046,0.00264498,0.0056488,-0.00870062
2,10.40770093,5.87321,4.05207,4.05207,2.72296,2.71877,2.73866,2.2858,2.28884,2.27441
2,10.40770093,2.30675,4.05207,4.05207,2.72296,2.71877,2.73866,-0.302001,-0.298963,-0.313393
2,10.40770093,3.7955,4.05207,4.05207,2.72296,2.71877,2.73866,0.778229,0.781267,0.766837
2,10.40770093,3.35378,4.05207,4.05207,2.72296,2.71877,2.73866,0.457722,0.460759,0.446329
2,10.40770093,3.01022,4.05207,4.05207,2.72296,2.71877,2.73866,0.208438,0.211475,0.197045
2,10.47499065,2.53579,4.02614,4.02614,2.70657,2.70234,2.72231,-0.123916,-0.120853,-0.135343
2,10.49742056,3.19018,4.01749,4.01749,2.7011,2.69687,2.71687,0.354876,0.357947,0.343436
2,10.51985047,4.46626,4.00885,4.00885,2.69564,2.69139,2.71142,1.28475,1.28783,1.2733
2,10.54228037,3.51738,4.0002,4.0002,2.69017,2.68592,2.70597,0.600219,0.603306,0.588756
2,10.632,1.86503,3.96562,3.96562,2.66832,2.66401,2.68418,-0.58286,-0.579738,-0.594369
2,10.65442991,1.01431,3.95698,3.95698,2.66285,2.65854,2.67873,-1.19617,-1.19304,-1.20769
2,10.92358879,2.53579,3.85324,3.85324,2.5973,2.59285,2.61337,-0.044636,-0.0414036,-0.0562957
2,10.94601869,4.15542,3.84459,3.84459,2.59184,2.58738,2.60793,1.13452,1.13776,1.12285
2,11.03573832,0.327198,3.81002,3.81002,2.57,2.56548,2.58615,-1.62736,-1.62409,-1.63908
2,11.03573832,1.50511,3.81002,3.81002,2.57,2.56548,2.58615,-0.772675,-0.7694,-0.784393
2,11.03573832,2.38855,3.81002,3.81002,2.57,2.56548,2.58615,-0.131659,-0.128384,-0.143377
2,11.08059813,1.66871,3.79273,3.79273,2.55908,2.55454,2.57526,-0.646044,-0.642752,-0.657785
2,11.14788785,1.42331,3.76679,3.76679,2.5427,2.53813,2.55893,-0.812219,-0.808901,-0.823994
2,11.17031776,2.19223,3.75815,3.75815,2.53724,2.53265,2.55348,-0.250337,-0.24701,-0.262123
2,11.19274766,1.79959,3.7495,3.7495,2.53178,2.52718,2.54804,-0.531271,-0.527936,-0.54307
2,11.26003738,2.58487,3.72357,3.72357,2.5154,2.51077,2.53171,0.0504032,0.0537638,0.0385706
2,11.28246729,1.47239,3.71493,3.71493,2.50994,2.5053,2.52627,-0.752841,-0.749472,-0.764685
2,11.3048972,3.25562,3.70628,3.70628,2.50449,2.49983,2.52082,0.545021,0.548399,0.533166
2,11.39461682,2.91207,3.67171,3.67171,2.48265,2.47795,2.49906,0.311578,0.314989,0.299677
2,11.43947664,2.45399,3.65442,3.65442,2.47174,2.46702,2.48817,-0.0128812,-0.00945298,-0.0248054
2,11.46190654,2.06135,3.64577,3.64577,2.46628,2.46155,2.48273,-0.293818,-0.290381,-0.305753
2,11.48433645,1.93047,3.63713,3.63713,2.46083,2.45608,2.47729,-0.384824,-0.381379,-0.396771
2,11.52919626,2.71575,3.61984,3.61984,2.44991,2.44514,2.46641,0.192886,0.196348,0.180916
2,11.52919626,4.38446,3.61984,3.61984,2.44991,2.44514,2.46641,1.40369,1.40715,1.39172
2,11.64134579,0.359918,3.57662,3.57662,2.42264,2.41781,2.43921,-1.4967,-1.49319,-1.50872
2,11.91050467,0.834356,3.4729,3.4729,2.3572,2.35224,2.37396,-1.10497,-1.10137,-1.11713
2,11.93293458,2.15951,3.46426,3.46426,2.35175,2.34677,2.36853,-0.13949,-0.135879,-0.151663
2,11.93293458,0.687117,3.46426,3.46426,2.35175,2.34677,2.36853,-1.20785,-1.20424,-1.22002
2,11.97779439,1.11247,3.44697,3.44697,2.34085,2.33585,2.35766,-0.891302,-0.887675,-0.903498
2,12.02265421,1.73415,3.42969,3.42969,2.32995,2.32493,2.34679,-0.432308,-0.428664,-0.444527
2,12.04508411,3.69734,3.42104,3.42104,2.3245,2.31947,2.34136,0.996126,0.999778,0.983896
2,12.11237383,1.96319,3.39512,3.39512,2.30815,2.30309,2.32505,-0.250303,-0.246626,-0.262567
2,12.17966355,1.45603,3.36919,3.36919,2.29181,2.28671,2.30876,-0.606435,-0.602733,-0.618732
2,12.24695327,2.84663,3.34326,3.34326,2.27547,2.27033,2.29246,0.414428,0.418154,0.402098
2,12.26938318,2.61759,3.33462,3.33462,2.27002,2.26488,2.28703,0.25219,0.255925,0.239849
2,12.38153271,3.28834,3.29141,3.29141,2.2428,2.23759,2.25988,0.758641,0.762418,0.746245
2,12.42639252,1.89775,3.27413,3.27413,2.23191,2.22668,2.24903,-0.242465,-0.238672,-0.254883
2,12.42639252,1.60327,3.27413,3.27413,2.23191,2.22668,2.24903,-0.456137,-0.452344,-0.468555
2,12.47125234,2.09407,3.25684,3.25684,2.22103,2.21578,2.23817,-0.0921189,-0.0883093,-0.104559
2,12.47125234,1.06339,3.25684,3.25684,2.22103,2.21578,2.23817,-0.839971,-0.836161,-0.852411
2,12.51611215,3.32106,3.23956,3.23956,2.21014,2.20487,2.22732,0.806078,0.809904,0.793616
2,12.53854206,2.20859,3.23092,3.23092,2.2047,2.19942,2.22189,0.00282114,0.00665558,-0.00965158
2,12.60583178,1.93047,3.205,3.205,2.18838,2.18306,2.20561,-0.187137,-0.183278,-0.199643
2,12.6955514,0.736196,3.17044,3.17044,2.16662,2.16126,2.18392,-1.03791,-1.03402,-1.05046
2,12.91985047,1.79959,3.08404,3.08404,2.11227,2.10679,2.12971,-0.226877,-0.222903,-0.239533
2,12.91985047,0.916155,3.08404,3.08404,2.11227,2.10679,2.12971,-0.867893,-0.863919,-0.880548
2,12.98714019,4.33538,3.05812,3.05812,2.09597,2.09046,2.11346,1.6249,1.6289,1.61221
2,13.05442991,1.66871,3.03221,3.03221,2.07968,2.07414,2.09721,-0.298196,-0.294173,-0.310916
2,13.05442991,4.5317,3.03221,3.03221,2.07968,2.07414,2.09721,1.77917,1.78319,1.76645
2,13.18900935,0.458078,2.98038,2.98038,2.04711,2.0415,2.06473,-1.15299,-1.14892,-1.16578
2,13.23386916,2.38855,2.96311,2.96311,2.03626,2.03063,2.05391,0.255618,0.259705,0.242814
2,13.25629907,0.539877,2.95447,2.95447,2.03084,2.02519,2.0485,-1.08183,-1.07774,-1.09464
2,13.30115888,3.58282,2.9372,2.9372,2.01999,2.01432,2.03768,1.13398,1.13809,1.12115
2,13.3908785,2.02863,2.90266,2.90266,1.9983,1.99259,2.01605,0.0220068,0.0261492,0.00913019
2,13.41330841,3.76278,2.89402,2.89402,1.99288,1.98716,2.01064,1.28423,1.28838,1.27134
2,13.41330841,4.08998,2.89402,2.89402,1.99288,1.98716,2.01064,1.52164,1.52579,1.50876
2,13.45816822,2.65031,2.87675,2.87675,1.98204,1.9763,1.99983,0.484889,0.489055,0.471981
2,13.48059813,0.556237,2.86812,2.86812,1.97662,1.97087,1.99443,-1.03062,-1.02645,-1.04354
2,13.52545794,2.14315,2.85085,2.85085,1.96579,1.96002,1.98362,0.128691,0.13288,0.115752
2,13.74975701,1.40695,2.76452,2.76452,1.91167,1.90579,1.92964,-0.366218,-0.36195,-0.379256
2,13.81704673,0.997955,2.73863,2.73863,1.89545,1.88953,1.91346,-0.651214,-0.646923,-0.664282
2,13.99648598,0.719836,2.6696,2.6696,1.85223,1.84623,1.87035,-0.821657,-0.817304,-0.834803
2,14.0637757,1.55419,2.64372,2.64372,1.83604,1.83001,1.85419,-0.204506,-0.200129,-0.21768
2,14.24321495,0.0981595,2.57472,2.57472,1.79291,1.78679,1.81117,-1.2297,-1.22526,-1.24295
2,14.24321495,2.43763,2.57472,2.57472,1.79291,1.78679,1.81117,0.467806,0.472243,0.454557
2,14.31050467,2.78119,2.54885,2.54885,1.77675,1.7706,1.79505,0.728813,0.733272,0.715537
2,14.4002243,2.87935,2.51437,2.51437,1.75522,1.74904,1.77357,0.815656,0.820146,0.802344
2,14.4002243,4.05726,2.51437,2.51437,1.75522,1.74904,1.77357,1.67034,1.67483,1.65703
2,14.44508411,0.196319,2.49713,2.49713,1.74447,1.73826,1.76284,-1.12333,-1.11882,-1.13666
2,14.44508411,1.01431,2.49713,2.49713,1.74447,1.73826,1.76284,-0.529794,-0.525291,-0.543125
2,14.44508411,1.37423,2.49713,2.49713,1.74447,1.73826,1.76284,-0.26864,-0.264136,-0.28197
2,14.53480374,2.73211,2.46266,2.46266,1.72297,1.71672,1.74139,0.732223,0.736757,0.718858
2,14.64695327,1.22699,2.41959,2.41959,1.69613,1.68983,1.71461,-0.340401,-0.335831,-0.353809
2,14.87125234,1.79959,2.33349,2.33349,1.64255,1.63615,1.66114,0.11395,0.118591,0.10046
2,14.98340187,0.179959,2.29047,2.29047,1.61581,1.60937,1.63446,-1.04185,-1.03717,-1.05538
2,15.02826168,1.79959,2.27327,2.27327,1.60513,1.59867,1.6238,0.141098,0.145789,0.127555
2,15.0955514,1.86503,2.24747,2.24747,1.58912,1.58263,1.60782,0.200198,0.204909,0.186632
2,15.25256075,3.68098,2.18732,2.18732,1.55183,1.54527,1.57059,1.5449,1.54966,1.53129
2,15.27499065,0.572597,2.17873,2.17873,1.5465,1.53994,1.56528,-0.706661,-0.701896,-0.720284
2,15.29742056,1.68507,2.17014,2.17014,1.54119,1.53461,1.55997,0.104403,0.109174,0.0907733
2,15.38714019,1.86503,2.1358,2.1358,1.51993,1.51332,1.53875,0.250403,0.255201,0.236747
2,15.47685981,0.883436,2.10148,2.10148,1.49871,1.49206,1.51756,-0.446437,-0.441613,-0.460119
2,15.52171963,2.81391,2.08432,2.08432,1.48811,1.48144,1.50698,0.961991,0.966828,0.948298
2,15.90302804,1.66871,1.93878,1.93878,1.39839,1.39158,1.41739,0.196145,0.201084,0.182359
2,16.08246729,1.81595,1.87047,1.87047,1.35642,1.34955,1.37547,0.333431,0.338414,0.31961
2,16.26190654,2.56851,1.80231,1.80231,1.31464,1.30772,1.33373,0.909797,0.914821,0.895947
2,16.30676636,1.97955,1.7853,1.7853,1.30423,1.29729,1.32333,0.490009,0.495044,0.476153
3,0,0.620408,7.49797,7.49797,5.96232,5.95201,6.52109,-3.87606,-3.86858,-4.2815
3,2.018691589,4.5551,7.24433,7.24433,5.48042,5.46199,6.04319,-0.671405,-0.658032,-1.07975
3,2.041121495,2.61224,7.23675,7.23675,5.47507,5.45654,6.03788,-2.07725,-2.06381,-2.48562
3,3.005607477,5.24082,6.89097,6.89097,5.24483,5.22242,5.80954,-0.00291075,0.0133487,-0.412665
3,3.857943925,3.72245,6.5705,6.5705,5.04136,5.01552,5.60776,-0.956996,-0.938244,-1.36797
3,4.014953271,2.1551,6.51084,6.51084,5.00388,4.97741,5.57059,-2.06706,-2.04785,-2.47826
3,4.014953271,3.2,6.51084,6.51084,5.00388,4.97741,5.57059,-1.30889,-1.28968,-1.72009
3,4.037383178,5.01224,6.5023,6.5023,4.99853,4.97196,5.56528,0.00995314,0.0292294,-0.40128
3,4.351401869,3.82041,6.38261,6.38261,4.92357,4.89574,5.49094,-0.800446,-0.780252,-1.21213
3,5.001869159,3.11837,6.13365,6.13365,4.76829,4.73784,5.33695,-1.19718,-1.17508,-1.60979
3,5.136448598,5.8449,6.08203,6.08203,4.73617,4.70517,5.30509,0.80449,0.826976,0.391683
3,5.226168224,1.94286,6.0476,6.0476,4.71475,4.6834,5.28385,-2.01127,-1.98852,-2.4242
3,5.45046729,4.81633,5.96146,5.96146,4.66121,4.62895,5.23075,0.112555,0.13596,-0.300701
3,5.876635514,3.59184,5.79766,5.79766,4.55947,4.5255,5.12986,-0.702112,-0.677461,-1.11598
3,5.943925234,4.70204,5.77178,5.77178,4.54341,4.50917,5.11393,0.1151,0.139948,-0.298862
3,6.011214953,4.3102,5.74589,5.74589,4.52735,4.49283,5.098,-0.157559,-0.132515,-0.571617
3,6.03364486,6.33469,5.73726,5.73726,4.52199,4.48739,5.09269,1.31528,1.34039,0.901193
3,6.347663551,4.60408,5.61643,5.61643,4.44704,4.41116,5.01835,0.113951,0.13998,-0.300588
3,6.841121495,5.12653,5.42645,5.42645,4.32924,4.29138,4.90153,0.578506,0.605977,0.163262
3,6.908411215,6.12245,5.40054,5.40054,4.31318,4.27505,4.8856,1.31279,1.34046,0.897453
3,6.998130841,4.19592,5.36598,5.36598,4.29177,4.25327,4.86436,-0.069546,-0.0416161,-0.485015
3,7.020560748,6.17143,5.35734,5.35734,4.28641,4.24783,4.85905,1.36776,1.39575,0.952257
3,7.042990654,5.40408,5.3487,5.3487,4.28106,4.24238,4.85374,0.81486,0.842921,0.399327
3,7.155140187,7.77143,5.30551,5.30551,4.25429,4.21516,4.82719,2.55202,2.58041,2.13632
3,7.244859813,4.76735,5.27095,5.27095,4.23287,4.19338,4.80595,0.387813,0.416464,-0.028008
3,7.289719626,6.85714,5.25367,5.25367,4.22216,4.18249,4.79533,1.91193,1.94071,1.49604
3,7.334579439,5.81224,5.23639,5.23639,4.21145,4.17161,4.78471,1.16153,1.19044,0.745575
3,7.334579439,4.44082,5.23639,5.23639,4.21145,4.17161,4.78471,0.166424,0.195337,-0.249525
3,7.379439252,4.01633,5.2191,5.2191,4.20074,4.16072,4.77409,-0.133813,-0.104769,-0.549827
3,7.446728972,6.23673,5.19318,5.19318,4.18468,4.14438,4.75816,1.48896,1.5182,1.07285
3,7.648598131,4.81633,5.11541,5.11541,4.1365,4.09539,4.71037,0.493281,0.523111,0.076883
3,7.693457944,6.44898,5.09812,5.09812,4.12579,4.0845,4.69975,1.68569,1.71565,1.26923
3,7.85046729,4.76735,5.03763,5.03763,4.08831,4.04639,4.66258,0.492706,0.523124,0.0760195
3,7.962616822,6.80816,4.99441,4.99441,4.06154,4.01917,4.63603,1.99293,2.02368,1.57609
3,8.007476636,5.74694,4.97713,4.97713,4.05083,4.00828,4.62541,1.23069,1.26156,0.813776
3,8.007476636,3.6898,4.97713,4.97713,4.05083,4.00828,4.62541,-0.261965,-0.231089,-0.678875
3,8.007476636,5.3551,4.97713,4.97713,4.05083,4.00828,4.62541,0.946372,0.977248,0.529461
3,8.142056075,8.26122,4.92527,4.92527,4.01871,3.97561,4.59355,3.07835,3.10961,2.66124
3,8.231775701,4.5551,4.89069,4.89069,3.99729,3.95384,4.57231,0.404744,0.436275,-0.0124855
3,8.321495327,5.48571,4.85612,4.85612,3.97588,3.93206,4.55107,1.09553,1.12732,0.678173
3,8.343925234,4.32653,4.84748,4.84748,3.97052,3.92662,4.54576,0.258318,0.290176,-0.159071
3,8.456074766,5.9102,4.80426,4.80426,3.94375,3.89939,4.51921,1.42685,1.45903,1.0093
3,8.747663551,4.75102,4.69188,4.69188,3.87415,3.82862,4.45018,0.63625,0.669287,0.218287
3,8.882242991,3.98367,4.64001,4.64001,3.84203,3.79596,4.41832,0.102776,0.136205,-0.315379
3,8.94953271,6.66122,4.61408,4.61408,3.82597,3.77963,4.40239,2.05725,2.09087,1.639
3,9.01682243,4.8,4.58815,4.58815,3.80991,3.7633,4.38646,0.718405,0.752226,0.30006
3,9.039252336,5.9102,4.5795,4.5795,3.80455,3.75785,4.38115,1.52785,1.56173,1.10947
3,9.039252336,4.60408,4.5795,4.5795,3.80455,3.75785,4.38115,0.580133,0.614019,0.161756
3,9.151401869,7.72245,4.53628,4.53628,3.77779,3.73063,4.3546,2.86222,2.89644,2.44369
3,9.218691589,3.80408,4.51034,4.51034,3.76173,3.7143,4.33867,0.0307335,0.0651441,-0.387897
3,9.285981308,5.06122,4.48441,4.48441,3.74566,3.69797,4.32275,0.954562,0.98917,0.535836
3,9.330841121,6.22041,4.46712,4.46712,3.73496,3.68708,4.31213,1.80343,1.83817,1.38464
3,9.353271028,5.32245,4.45847,4.45847,3.7296,3.68164,4.30682,1.15576,1.19056,0.736938
3,9.375700935,4.39184,4.44983,4.44983,3.72425,3.6762,4.30151,0.484397,0.519265,0.0655436
3,9.487850467,6.26939,4.4066,4.4066,3.69748,3.64898,4.27496,1.86616,1.90135,1.44715
3,9.66728972,4.34286,4.33744,4.33744,3.65466,3.60543,4.23248,0.499354,0.535073,0.0800901
3,9.846728972,4.71837,4.26828,4.26828,3.61183,3.56188,4.19,0.802896,0.839137,0.38338
3,9.958878505,5.02857,4.22506,4.22506,3.58507,3.53467,4.16345,1.0474,1.08397,0.627726
3,10.00373832,6.92245,4.20777,4.20777,3.57436,3.52378,4.15283,2.42935,2.46605,2.00962
3,10.02616822,4.35918,4.19912,4.19912,3.56901,3.51834,4.14752,0.573348,0.610112,0.15358
3,10.02616822,5.51837,4.19912,4.19912,3.56901,3.51834,4.14752,1.41445,1.45121,0.994677
3,10.11588785,7.24898,4.16454,4.16454,3.54759,3.49657,4.12628,2.6857,2.72273,2.26581
3,10.22803738,3.80408,4.12132,4.12132,3.52083,3.46935,4.09974,0.205526,0.242878,-0.214525
3,10.2953271,5.1102,4.09538,4.09538,3.50477,3.45302,4.08381,1.16489,1.20244,0.744748
3,10.34018692,5.20816,4.07809,4.07809,3.49407,3.44214,4.07319,1.24374,1.28142,0.823532
3,10.38504673,3.15102,4.0608,4.0608,3.48336,3.43125,4.06257,-0.241144,-0.203335,-0.661414
3,10.45233645,4.63673,4.03487,4.03487,3.4673,3.41492,4.04664,0.848534,0.886538,0.42817
3,10.65420561,4.70204,3.95706,3.95706,3.41913,3.36594,3.99885,0.930873,0.969465,0.510229
3,10.69906542,4.13061,3.93977,3.93977,3.40842,3.35506,3.98823,0.524016,0.562738,0.103309
3,10.74392523,3.4449,3.92248,3.92248,3.39772,3.34417,3.97762,0.0342326,0.0730855,-0.386537
3,10.85607477,6.07347,3.87926,3.87926,3.37096,3.31696,3.95107,1.96093,2.00011,1.54
3,10.94579439,4.21224,3.84468,3.84468,3.34955,3.29519,3.92983,0.625967,0.665407,0.204919
3,10.99065421,5.42041,3.82739,3.82739,3.33885,3.28431,3.91921,1.51037,1.54994,1.08926
3,11.01308411,5.99184,3.81875,3.81875,3.33349,3.27887,3.9139,1.92888,1.96851,1.50774
3,11.03551402,4.81633,3.8101,3.8101,3.32814,3.27343,3.90859,1.07982,1.11952,0.658647
3,11.14766355,6.38367,3.76688,3.76688,3.30138,3.24622,3.88205,2.23649,2.27652,1.81517
3,11.23738318,2.48163,3.7323,3.7323,3.27997,3.22445,3.86081,-0.579272,-0.538985,-1.00072
3,11.28224299,4.65306,3.71501,3.71501,3.26927,3.21357,3.85019,1.00407,1.04449,0.582559
3,11.3271028,3.65714,3.69772,3.69772,3.25857,3.20269,3.83957,0.289202,0.329751,-0.132368
3,11.37196262,2.13878,3.68044,3.68044,3.24787,3.1918,3.82895,-0.80475,-0.764071,-1.22638
3,11.41682243,4.16327,3.66315,3.66315,3.23716,3.18092,3.81833,0.671973,0.712783,0.250281
3,11.6635514,2.67755,3.56806,3.56806,3.1783,3.12107,3.75993,-0.363342,-0.321816,-0.785369
3,11.68598131,3.2,3.55942,3.55942,3.17295,3.11563,3.75462,0.0196261,0.0612179,-0.402431
3,11.73084112,2.38367,3.54213,3.54213,3.16225,3.10475,3.744,-0.564931,-0.523209,-0.987048
3,11.86542056,3.36327,3.49027,3.49027,3.13015,3.07211,3.71215,0.169149,0.211262,-0.253149
3,11.93271028,4.94694,3.46434,3.46434,3.1141,3.05579,3.69622,1.3299,1.37221,0.907512
3,12,3.78776,3.43842,3.43842,3.09805,3.03947,3.6803,0.500449,0.542952,0.0779717
3,12.02242991,6.22041,3.42977,3.42977,3.0927,3.03403,3.67499,2.26945,2.31202,1.84694
3,12.04485981,3.08571,3.42113,3.42113,3.08735,3.02859,3.66968,-0.00118366,0.0414496,-0.423721
3,12.11214953,5.64898,3.3952,3.3952,3.0713,3.01227,3.65375,1.87035,1.91318,1.44773
3,12.22429907,2.51429,3.35199,3.35199,3.04455,2.98507,3.62721,-0.384755,-0.341602,-0.807529
3,12.29158879,4.88163,3.32606,3.32606,3.0285,2.96876,3.61128,1.34462,1.38797,0.92176
3,12.31401869,5.19184,3.31742,3.31742,3.02315,2.96332,3.60597,1.57359,1.617,1.15069
3,12.3364486,2.82449,3.30878,3.30878,3.0178,2.95788,3.60066,-0.140265,-0.0967872,-0.563187
3,12.3588785,2.30204,3.30014,3.30014,3.01245,2.95244,3.59535,-0.515469,-0.471927,-0.938421
3,12.44859813,4.73469,3.26557,3.26557,2.99105,2.93069,3.57412,1.26517,1.30898,0.842106
3,12.65046729,2.36735,3.1878,3.1878,2.94292,2.88175,3.52634,-0.41763,-0.373245,-0.84096
3,12.6728972,3.46122,3.17916,3.17916,2.93757,2.87631,3.52103,0.379962,0.424412,-0.0433974
3,12.74018692,3.05306,3.15324,3.15324,2.92152,2.86,3.50511,0.0954428,0.140087,-0.328003
3,12.87476636,3.00408,3.1014,3.1014,2.88944,2.82737,3.47326,0.0831856,0.128218,-0.340432
3,12.94205607,4.08163,3.07549,3.07549,2.87339,2.81107,3.45733,0.87669,0.921916,0.452988
3,12.98691589,4.44082,3.05821,3.05821,2.8627,2.80019,3.44672,1.14507,1.19043,0.721312
3,13.00934579,4.57143,3.04957,3.04957,2.85735,2.79476,3.44141,1.24372,1.28914,0.819935
3,13.0317757,2.62857,3.04093,3.04093,2.85201,2.78932,3.4361,-0.162123,-0.116639,-0.585939
3,13.16635514,4.60408,2.98911,2.98911,2.81993,2.75671,3.40425,1.29457,1.34044,0.870589
3,13.23364486,2.10612,2.9632,2.9632,2.80389,2.7404,3.38833,-0.506294,-0.46023,-0.930362
3,13.30093458,3.55918,2.93729,2.93729,2.78785,2.7241,3.37241,0.559676,0.605933,0.135525
3,13.30093458,2.35102,2.93729,2.93729,2.78785,2.7241,3.37241,-0.316961,-0.270703,-0.741111
3,13.32336449,3.13469,2.92865,2.92865,2.7825,2.71866,3.3671,0.255547,0.301869,-0.168631
3,13.3682243,2.93878,2.91138,2.91138,2.77181,2.7078,3.35648,0.121147,0.167598,-0.303086
3,13.45794393,3.98367,2.87684,2.87684,2.75043,2.68606,3.33525,0.894833,0.94154,0.470491
3,13.65981308,5.33e-15,2.79914,2.79914,2.70233,2.63716,3.28748,-1.9608,-1.91351,-2.38538
3,13.68224299,2.17143,2.7905,2.7905,2.69699,2.63173,3.28218,-0.381343,-0.333993,-0.805953
3,13.74953271,1.69796,2.76461,2.76461,2.68096,2.61544,3.26626,-0.713258,-0.665716,-1.13795
3,13.86168224,0.897959,2.72146,2.72146,2.65424,2.58828,3.23972,-1.27435,-1.22649,-1.69917
3,13.92897196,3.57551,2.69557,2.69557,2.63822,2.57199,3.2238,0.680095,0.728149,0.255199
3,13.99626168,3.5102,2.66969,2.66969,2.62219,2.5557,3.20788,0.644338,0.692582,0.219365
3,14.01869159,1.50204,2.66106,2.66106,2.61685,2.55027,3.20257,-0.808898,-0.76059,-1.2339
3,14.0411215,2.69388,2.65243,2.65243,2.61151,2.54484,3.19727,0.0597677,0.108139,-0.365255
3,14.13084112,5.30612,2.61793,2.61793,2.59014,2.52313,3.17604,1.9707,2.01932,1.54558
3,14.24299065,1.6,2.57481,2.57481,2.56344,2.49599,3.14951,-0.699067,-0.650124,-1.12431
3,14.28785047,3.88571,2.55756,2.55756,2.55276,2.48514,3.13889,0.967182,1.01625,0.541888
3,14.33271028,2.77551,2.54032,2.54032,2.54208,2.47428,3.12828,0.169373,0.218569,-0.255969
3,14.44485981,4.27755,2.49722,2.49722,2.51539,2.44715,3.10175,1.27861,1.32813,0.853153
3,14.64672897,2.25306,2.41967,2.41967,2.46736,2.39834,3.054,-0.155491,-0.105412,-0.581158
3,14.69158879,5.07755,2.40245,2.40245,2.45668,2.38749,3.04339,1.90169,1.95189,1.47597
3,14.93831776,2.93878,2.30776,2.30776,2.398,2.32786,2.98504,0.39238,0.443273,-0.0335673
3,14.98317757,3.10204,2.29056,2.29056,2.38734,2.31703,2.97443,0.518584,0.569601,0.0925948
3,15.00560748,1.19184,2.28195,2.28195,2.38201,2.31161,2.96912,-0.86358,-0.8125,-1.28959
3,15.05046729,1.51837,2.26475,2.26475,2.37134,2.30077,2.95852,-0.618914,-0.567709,-1.04496
3,15.11775701,5.38776,2.23896,2.23896,2.35535,2.28452,2.9426,2.2003,2.25169,1.77419
3,15.25233645,1.76327,2.1874,2.1874,2.32337,2.25203,2.91078,-0.406408,-0.354644,-0.83263
3,15.29719626,2.98776,2.17022,2.17022,2.31271,2.2412,2.90017,0.489808,0.541695,0.0635486
3,15.36448598,1.25714,2.14447,2.14447,2.29673,2.22496,2.88426,-0.754317,-0.702245,-1.18063
3,15.4317757,3.96735,2.11872,2.11872,2.28075,2.20873,2.86835,1.22379,1.27604,0.797422
3,15.67850467,0.0163265,2.02442,2.02442,2.22218,2.14923,2.81003,-1.60055,-1.54762,-2.02709
3,15.92523364,2.59592,1.93032,1.93032,2.16366,2.08979,2.75172,0.313646,0.367241,-0.113045
3,16.1271028,0.881633,1.8535,1.8535,2.11582,2.04121,2.70401,-0.895518,-0.841385,-1.32231
3,16.21682243,1.24082,1.81942,1.81942,2.09457,2.01964,2.68282,-0.619477,-0.565108,-1.04631
3,16.30654206,2.85714,1.78538,1.78538,2.07333,1.99807,2.66162,0.568732,0.623337,0.141869
3,16.35140187,0.914286,1.76838,1.76838,2.06271,1.98729,2.65103,-0.83329,-0.778568,-1.26017
3,16.4635514,2.84082,1.72592,1.72592,2.03618,1.96036,2.62454,0.583841,0.638855,0.156932
3,16.66542056,2.74286,1.64971,1.64971,1.98846,1.91192,2.57687,0.547389,0.60292,0.120442
3,16.97943925,0.163265,1.53178,1.53178,1.91433,1.83672,2.50274,-1.27057,-1.21425,-1.69751
3,17.00186916,2.17143,1.52339,1.52339,1.90905,1.83135,2.49745,0.190383,0.246757,-0.236557
3,17.11401869,2.23673,1.48152,1.48152,1.88261,1.80454,2.47098,0.256948,0.313596,-0.169969
3,17.20373832,0.555102,1.44812,1.44812,1.86148,1.78311,2.44982,-0.947903,-0.891038,-1.37479
3,17.29345794,0.457143,1.41481,1.41481,1.84037,1.7617,2.42865,-1.00366,-0.946581,-1.43052
3,17.29345794,1.95918,1.41481,1.41481,1.84037,1.7617,2.42865,0.0862117,0.143291,-0.340645
3,17.31588785,3.2,1.4065,1.4065,1.83509,1.75635,2.42336,0.990369,1.0475,0.563523
3,17.42803738,2.67755,1.36505,1.36505,1.80872,1.72962,2.39692,0.630416,0.687812,0.203627
3,18.03364486,1.81224,1.14474,1.14474,1.66681,1.58586,2.25423,0.105526,0.164262,-0.320699
3,18.12336449,4.5551,1.11273,1.11273,1.64587,1.56466,2.23311,2.11092,2.16985,1.68483
3,18.23551402,0.555102,1.07299,1.07299,1.61972,1.5382,2.20672,-0.772479,-0.713333,-1.1984
3,18.37009346,1.30612,1.02575,1.02575,1.58839,1.50652,2.17506,-0.204812,-0.145405,-0.630497
3,18.43738318,2.20408,1.00232,1.00232,1.57275,1.4907,2.15924,0.458091,0.517625,0.0325372
3,18.95327103,2.04082,0.82785,0.82785,1.45339,1.37013,2.03808,0.426233,0.486643,0.00198209
3,19.13271028,2.57959,0.769686,0.769686,1.41214,1.32853,1.99601,0.847099,0.907766,0.423442
3,19.26728972,0.359184,0.727074,0.727074,1.3813,1.29745,1.96449,-0.741641,-0.680799,-1.1648
3,19.44672897,1.63265,0.671739,0.671739,1.34033,1.25619,1.92249,0.212107,0.273157,-0.210304
3,20.43364486,1.66531,0.40471,0.40471,1.11879,1.03399,1.69253,0.396546,0.458076,-0.0197541
4,0,1.95122,7.49797,7.49797,1.32141,1.31639,1.57047,0.456984,0.460629,0.27627
4,0.993314231,2.05765,7.52612,7.52612,2.85749,2.84999,3.05308,-0.580357,-0.574921,-0.722282
4,1.107927412,5.62306,7.50458,7.50458,3.03713,3.02938,3.22532,1.87633,1.88196,1.73978
4,1.184336199,0.922395,7.48825,7.48825,3.15694,3.14902,3.34017,-1.62137,-1.61563,-1.75432
4,1.222540592,4.25721,7.47954,7.47954,3.21685,3.20884,3.3976,0.754875,0.760685,0.623724
4,1.910219675,7.34368,7.2805,7.2805,4.29573,4.28618,4.43161,2.21158,2.2185,2.11298
4,1.986628462,4.00887,7.25511,7.25511,4.41562,4.40591,4.54651,-0.29514,-0.288091,-0.390112
4,2.101241643,5.81818,7.21627,7.21627,4.59547,4.5855,4.71886,0.887191,0.894425,0.797659
4,2.17765043,4.00887,7.18996,7.18996,4.71537,4.70523,4.83376,-0.512634,-0.505277,-0.598537
4,2.215854823,2.80266,7.17668,7.17668,4.77532,4.7651,4.89121,-1.43135,-1.42393,-1.51544
4,2.215854823,4.47007,7.17668,7.17668,4.77532,4.7651,4.89121,-0.221491,-0.214072,-0.305579
4,2.521489971,3.051,7.06826,7.06826,5.25492,5.24402,5.35076,-1.59916,-1.59124,-1.66869
4,2.903533906,8.26608,6.92876,6.92876,5.85443,5.84268,5.92495,1.74987,1.7584,1.69871
4,3.018147087,4.82483,6.88631,6.88631,6.03429,6.02227,6.09707,-0.877571,-0.868855,-0.923127
4,3.094555874,6.56319,6.8579,6.8579,6.15419,6.142,6.21175,0.296772,0.305612,0.255003
4,3.132760267,6.17295,6.84367,6.84367,6.21414,6.20187,6.26907,-0.0298867,-0.0209851,-0.0697438
4,3.209169054,4.15078,6.81513,6.81513,6.33404,6.3216,6.38363,-1.58416,-1.57514,-1.62015
4,3.209169054,4.66519,6.81513,6.81513,6.33404,6.3216,6.38363,-1.21091,-1.20188,-1.24689
4,3.209169054,6.03104,6.81513,6.81513,6.33404,6.3216,6.38363,-0.219854,-0.210828,-0.255839
4,3.896848138,8.26608,6.55573,6.55573,7.41316,7.39919,7.39233,0.618872,0.629009,0.633982
4,3.915950334,7.18404,6.54847,6.54847,7.44293,7.42914,7.41715,-0.18785,-0.177844,-0.169149
4,4.011461318,6.29712,6.51217,6.51217,7.55083,7.54373,7.51913,-0.909689,-0.904535,-0.886688
4,4.087870105,8.2306,6.48309,6.48309,7.57808,7.57608,7.55692,0.473465,0.474917,0.488818
4,4.106972302,7.55654,6.47581,6.47581,7.57816,7.57715,7.55994,-0.0156879,-0.0149517,-0.00246814
4,4.183381089,7.73392,6.4467,6.4467,7.55968,7.56145,7.55161,0.126428,0.125145,0.132288
4,4.240687679,7.27273,6.42485,6.42485,7.53259,7.53546,7.52965,-0.188551,-0.190639,-0.186418
4,4.240687679,4.50554,6.42485,6.42485,7.53259,7.53546,7.52965,-2.1964,-2.19849,-2.19427
4,4.508118434,7.94678,6.32273,6.32273,7.35849,7.36214,7.3624,0.426861,0.424215,0.424028
4,4.508118434,6.38581,6.32273,6.32273,7.35849,7.36214,7.3624,-0.705773,-0.70842,-0.708606
4,4.699140401,7.50333,6.24965,6.24965,7.22525,7.22852,7.22967,0.20177,0.199398,0.198565
4,4.890162369,8.54989,6.17648,6.17648,7.09163,7.09448,7.09634,1.0581,1.05604,1.05469
4,4.928366762,7.57428,6.16184,6.16184,7.06491,7.06767,7.06966,0.369599,0.367595,0.366148
4,5.023877746,6.40355,6.12521,6.12521,6.99808,7.00063,7.00297,-0.431391,-0.43324,-0.434938
4,5.062082139,7.25499,6.11056,6.11056,6.97135,6.97382,6.9763,0.205805,0.204018,0.202219
4,5.11938873,8.08869,6.08858,6.08858,6.93126,6.93359,6.93628,0.839827,0.838133,0.836183
4,5.17669532,7.5388,6.06659,6.06659,6.89116,6.89337,6.89627,0.469924,0.468322,0.466221
4,5.214899713,6.7051,6.05192,6.05192,6.86443,6.86656,6.86959,-0.115612,-0.117151,-0.119353
4,5.23400191,6.26164,6.04459,6.04459,6.85107,6.85315,6.85625,-0.427685,-0.429194,-0.431446
4,5.520534862,6.29712,5.93455,5.93455,6.6506,6.65204,6.65618,-0.256483,-0.257527,-0.260531
4,5.539637058,5.10865,5.92721,5.92721,6.63723,6.63863,6.64284,-1.10913,-1.11015,-1.1132
4,5.711556829,6.52772,5.86113,5.86113,6.51695,6.51796,6.52279,0.00781107,0.00707846,0.00357302
4,5.902578797,7.60976,5.78768,5.78768,6.3833,6.38389,6.38941,0.889907,0.889484,0.885478
4,5.921680993,6.86475,5.78033,5.78033,6.36994,6.37048,6.37607,0.359029,0.358637,0.35458
4,6.036294174,7.41463,5.73624,5.73624,6.28975,6.29003,6.29604,0.81621,0.816004,0.811647
4,6.074498567,5.42794,5.72155,5.72155,6.26302,6.26322,6.26936,-0.60593,-0.606075,-0.610531
4,6.074498567,5.14412,5.72155,5.72155,6.26302,6.26322,6.26936,-0.811864,-0.812008,-0.816465
4,6.112702961,8.42572,5.70685,5.70685,6.23629,6.2364,6.24268,1.58864,1.58856,1.584
4,6.189111748,5.39246,5.67745,5.67745,6.18283,6.18277,6.18933,-0.573487,-0.573446,-0.578204
4,6.227316141,6.95344,5.66275,5.66275,6.1561,6.15596,6.16265,0.578543,0.578645,0.573787
4,6.227316141,5.78271,5.66275,5.66275,6.1561,6.15596,6.16265,-0.270933,-0.270831,-0.275689
4,6.227316141,5.85366,5.66275,5.66275,6.1561,6.15596,6.16265,-0.21945,-0.219347,-0.224206
4,6.532951289,4.64745,5.54511,5.54511,5.94226,5.94144,5.94924,-0.939507,-0.938911,-0.944574
4,6.532951289,5.60532,5.54511,5.54511,5.94226,5.94144,5.94924,-0.244481,-0.243885,-0.249548
4,6.723973257,5.21508,5.47156,5.47156,5.80861,5.80737,5.81586,-0.430665,-0.429761,-0.435926
4,6.914995224,5.78271,5.398,5.398,5.67496,5.67329,5.68248,0.0781779,0.0793897,0.0727225
4,6.914995224,5.56984,5.398,5.398,5.67496,5.67329,5.68248,-0.0762723,-0.0750605,-0.0817277
4,7.029608405,6.03104,5.35386,5.35386,5.59477,5.59285,5.60245,0.316554,0.317952,0.310983
4,7.067812798,6.13747,5.33914,5.33914,5.56804,5.56603,5.57577,0.413174,0.414633,0.407564
4,7.067812798,5.78271,5.33914,5.33914,5.56804,5.56603,5.57577,0.155757,0.157216,0.150148
4,7.106017192,7.84035,5.32443,5.32443,5.54131,5.53922,5.5491,1.66817,1.66969,1.66252
4,7.182425979,4.75388,5.295,5.295,5.48786,5.48559,5.49574,-0.532569,-0.530923,-0.538293
4,7.220630372,5.35698,5.28028,5.28028,5.46113,5.45877,5.46907,-0.0755651,-0.0738576,-0.0813276
4,7.220630372,4.50554,5.28028,5.28028,5.46113,5.45877,5.46907,-0.693366,-0.691658,-0.699128
4,7.258834766,4.36364,5.26556,5.26556,5.4344,5.43196,5.44239,-0.776938,-0.775169,-0.782739
4,7.526265521,6.102,5.16254,5.16254,5.24729,5.24426,5.25566,0.620171,0.622371,0.614097
4,7.526265521,4.32816,5.16254,5.16254,5.24729,5.24426,5.25566,-0.666914,-0.664714,-0.672987
4,7.698185291,7.04213,5.0963,5.0963,5.127,5.12359,5.13562,1.3896,1.39208,1.38335
4,7.908309456,6.91796,5.01534,5.01534,4.97999,4.97611,4.9889,1.40618,1.409,1.39972
4,7.908309456,4.39911,5.01534,5.01534,4.97999,4.97611,4.9889,-0.421481,-0.418665,-0.427946
4,8.022922636,4.61197,4.97117,4.97117,4.8998,4.89567,4.90887,-0.208847,-0.205846,-0.215427
4,8.022922636,4.15078,4.97117,4.97117,4.8998,4.89567,4.90887,-0.543489,-0.540488,-0.550069
4,8.06112703,4.39911,4.95645,4.95645,4.87307,4.86885,4.88219,-0.343902,-0.34084,-0.350521
4,8.099331423,4.89579,4.94173,4.94173,4.84634,4.84204,4.85552,0.0358763,0.0390006,0.0292191
4,8.099331423,5.03769,4.94173,4.94173,4.84634,4.84204,4.85552,0.138843,0.141967,0.132186
4,8.213944604,4.18625,4.89756,4.89756,4.76615,4.76159,4.77549,-0.420774,-0.417464,-0.427546
4,8.213944604,3.08647,4.89756,4.89756,4.76615,4.76159,4.77549,-1.21877,-1.21546,-1.22554
4,8.213944604,3.33481,4.89756,4.89756,4.76615,4.76159,4.77549,-1.03857,-1.03527,-1.04535
4,8.2330468,4.5765,4.8902,4.8902,4.75279,4.74819,4.76215,-0.127917,-0.124577,-0.134709
4,8.519579752,4.77162,4.77978,4.77978,4.55232,4.54708,4.56208,0.159121,0.162924,0.152041
4,8.538681948,4.68293,4.77242,4.77242,4.53896,4.53367,4.54874,0.104464,0.108298,0.0973641
4,8.672397326,4.86031,4.72089,4.72089,4.44541,4.43982,4.45538,0.301052,0.305102,0.293817
4,8.901623687,6.03104,4.63254,4.63254,4.28504,4.27894,4.29533,1.26689,1.27131,1.25942
4,9.016236867,2.55432,4.58837,4.58837,4.20486,4.1985,4.2153,-1.19762,-1.19301,-1.2052
4,9.054441261,4.70067,4.57365,4.57365,4.17813,4.17169,4.18863,0.379148,0.383822,0.371531
4,9.073543457,4.23947,4.56629,4.56629,4.16477,4.15828,4.17529,0.0542029,0.0589073,0.0465663
4,9.092645654,5.42794,4.55892,4.55892,4.1514,4.14488,4.16195,0.926246,0.930982,0.918591
4,9.092645654,4.32816,4.55892,4.55892,4.1514,4.14488,4.16195,0.128254,0.132989,0.120598
4,9.207258835,1.59645,4.51475,4.51475,4.07122,4.06444,4.08193,-1.79568,-1.79076,-1.80345
4,9.207258835,1.09978,4.51475,4.51475,4.07122,4.06444,4.08193,-2.15606,-2.15114,-2.16383
4,9.245463228,3.1929,4.50003,4.50003,4.0445,4.03763,4.05526,-0.61791,-0.612925,-0.625718
4,9.512893983,1.77384,4.39695,4.39695,3.85741,3.84994,3.86854,-1.51183,-1.50641,-1.51991
4,9.53199618,4.20399,4.38959,4.38959,3.84405,3.83654,3.85521,0.26117,0.266622,0.253075
4,9.70391595,7.29047,4.32333,4.32333,3.72379,3.71589,3.73518,2.58796,2.59369,2.57969
4,9.894937918,1.77384,4.2497,4.2497,3.59018,3.58185,3.60183,-1.31793,-1.31188,-1.32638
4,9.914040115,4.949,4.24234,4.24234,3.57681,3.56844,3.5885,0.995652,1.00173,0.987175
4,10.04775549,1.63193,4.1908,4.1908,3.48329,3.47462,3.49516,-1.34334,-1.33705,-1.35195
4,10.04775549,3.22838,4.1908,4.1908,3.48329,3.47462,3.49516,-0.184959,-0.178669,-0.193571
4,10.12416428,2.09313,4.16135,4.16135,3.42985,3.42101,3.44182,-0.969917,-0.963504,-0.978606
4,10.12416428,3.58315,4.16135,4.16135,3.42985,3.42101,3.44182,0.111235,0.117647,0.102545
4,10.20057307,0.922395,4.1319,4.1319,3.37641,3.3674,3.38849,-1.78062,-1.77408,-1.78938
4,10.20057307,1.20621,4.1319,4.1319,3.37641,3.3674,3.38849,-1.57468,-1.56815,-1.58345
4,10.20057307,1.59645,4.1319,4.1319,3.37641,3.3674,3.38849,-1.29153,-1.28499,-1.30029
4,10.27698185,1.41907,4.10245,4.10245,3.32297,3.3138,3.33516,-1.38146,-1.3748,-1.39031
4,10.50620821,2.62528,4.0141,4.0141,3.16268,3.153,3.17519,-0.389939,-0.382914,-0.399016
4,10.67812798,4.23947,3.94784,3.94784,3.0425,3.03243,3.05524,0.868516,0.875818,0.859267
4,10.88825215,2.34146,3.86686,3.86686,2.89564,2.88511,2.90868,-0.402106,-0.394468,-0.411567
4,10.92645654,5.35698,3.85213,3.85213,2.86894,2.85833,2.88203,1.80531,1.81301,1.79581
4,11.04106972,0.851441,3.80796,3.80796,2.78888,2.77801,2.80212,-1.40579,-1.39791,-1.4154
4,11.06017192,3.40576,3.8006,3.8006,2.77553,2.76462,2.7888,0.457293,0.465209,0.447663
4,11.09837631,2.8204,3.78587,3.78587,2.74885,2.73785,2.76217,0.0519158,0.0598938,0.0422484
4,11.11747851,2.41242,3.77851,3.77851,2.73551,2.72447,2.74886,-0.234434,-0.226425,-0.24412
4,11.1938873,0.532151,3.74906,3.74906,2.68215,2.67095,2.69561,-1.56003,-1.5519,-1.56979
4,11.1938873,1.70288,3.74906,3.74906,2.68215,2.67095,2.69561,-0.710554,-0.702423,-0.720315
4,11.27029608,0.354767,3.71962,3.71962,2.62881,2.61744,2.64237,-1.65003,-1.64178,-1.65987
4,11.49952245,1.5255,3.63128,3.63128,2.46889,2.45702,2.48275,-0.684517,-0.675907,-0.694578
4,11.53772684,2.83814,3.61655,3.61655,2.44225,2.4303,2.45617,0.287254,0.295923,0.277156
4,11.72874881,4.96674,3.54294,3.54294,2.30916,2.29681,2.32333,1.92832,1.93729,1.91804
4,11.91977077,2.44789,3.46933,3.46933,2.17628,2.16353,2.19069,0.197079,0.206334,0.186625
4,12.03438395,0.141907,3.42517,3.42517,2.09668,2.08369,2.11123,-1.41837,-1.40895,-1.42893
4,12.03438395,2.02217,3.42517,3.42517,2.09668,2.08369,2.11123,-0.0540624,-0.0446356,-0.0646182
4,12.07258835,0.922395,3.41045,3.41045,2.07017,2.0571,2.08477,-0.83282,-0.823337,-0.843409
4,12.11079274,1.38359,3.39572,3.39572,2.04368,2.03053,2.05832,-0.478954,-0.469414,-0.489575
4,12.11079274,3.01552,3.39572,3.39572,2.04368,2.03053,2.05832,0.705165,0.714705,0.694543
4,12.22540592,0.496674,3.35156,3.35156,1.96428,1.95091,1.97905,-1.06489,-1.05518,-1.07561
4,12.22540592,2.76718,3.35156,3.35156,1.96428,1.95091,1.97905,0.582581,0.592287,0.571862
4,12.53104107,0.567627,3.23381,3.23381,1.75343,1.73948,1.76853,-0.860413,-0.850288,-0.871366
4,12.53104107,2.44789,3.23381,3.23381,1.75343,1.73948,1.76853,0.503897,0.514022,0.492944
4,12.70296084,3.40576,3.16758,3.16758,1.63559,1.62134,1.65083,1.28443,1.29477,1.27337
4,12.913085,2.55432,3.08665,3.08665,1.4926,1.47803,1.508,0.77038,0.780951,0.759208
4,13.04680038,2.92683,3.03515,3.03515,1.40239,1.38765,1.41785,1.10612,1.11682,1.0949
4,13.06590258,0,3.02779,3.02779,1.38956,1.3748,1.40503,-1.00826,-0.997549,-1.01948
4,13.10410697,0.354767,3.01308,3.01308,1.36396,1.34915,1.37944,-0.732261,-0.721521,-0.743494
4,13.12320917,1.24169,3.00572,3.00572,1.35118,1.33635,1.36666,-0.0794469,-0.0686916,-0.0906834
4,13.21872015,1.0643,2.96894,2.96894,1.28756,1.27265,1.30306,-0.161994,-0.151173,-0.173242
4,13.5243553,2.18182,2.85127,2.85127,1.08774,1.07268,1.10315,0.793855,0.804782,0.782672
4,13.5243553,1.77384,2.85127,2.85127,1.08774,1.07268,1.10315,0.497825,0.508752,0.486643
4,13.69627507,3.051,2.7851,2.7851,0.978636,0.963625,0.99388,1.50369,1.51459,1.49263
4,13.92550143,2.5898,2.6969,2.6969,0.838171,0.823411,0.85302,1.27097,1.28168,1.2602
4,14.05921681,2.25277,2.64547,2.64547,0.759512,0.745013,0.774025,1.0835,1.09402,1.07297
4,14.0974212,0,2.63078,2.63078,0.737552,0.723146,0.751953,-0.535163,-0.52471,-0.545613
4,14.0974212,0.283814,2.63078,2.63078,0.737552,0.723146,0.751953,-0.32923,-0.318777,-0.339679
4,14.51766953,1.31264,2.46924,2.46924,0.514359,0.501503,0.527032,0.579227,0.588555,0.570031
4,14.7086915,6.40355,2.39588,2.39588,0.426128,0.414304,0.43773,4.33718,4.34576,4.32876
4,14.89971347,0.532151,2.32257,2.32257,0.347505,0.336875,0.357893,0.133978,0.141691,0.12644
4,15.05253104,1.70288,2.26396,2.26396,0.291896,0.2823,0.301246,1.0238,1.03077,1.01702
4,15.70200573,3.76053,2.01545,2.01545,0.126005,0.120742,0.131079,2.63719,2.64101,2.63351
4,15.8930277,0.0709534,1.94259,1.94259,0.096021,0.0918006,0.100078,-0.0181889,-0.0151266,-0.0211327
4,16.04584527,1.91574,1.8844,1.8844,0.0768022,0.0733038,0.0801565,1.33432,1.33686,1.33189
4,16.10315186,0.86918,1.86261,1.86261,0.0705495,0.0672961,0.0736658,0.579481,0.581842,0.57722
4,16.52340019,1.5255,1.7033,1.7033,0.0372775,0.035422,0.0390404,1.07984,1.08119,1.07857
4,16.71442216,4.45233,1.63125,1.63125,0.0277104,0.0262916,0.0290531,3.21048,3.21151,3.2095
4,16.88634193,0.354767,1.56665,1.56665,0.021167,0.0200583,0.0222128,0.242058,0.242863,0.2413
4,17.0582617,2.1286,1.50232,1.50232,0.0161401,0.015277,0.0169516,1.53279,1.53342,1.5322
4,17.68863419,2.69623,1.26945,1.26945,0.00591686,0.00557779,0.00622927,1.95208,1.95232,1.95185
