parameter,value,CV,se_sa,rse_sa,P2.5_sa,P97.5_sa
alpha_pop,4.93e-05,
D_pop,1.04193115672797,,0.378453307949766,36.3222949525995,0.54144,2.00506
E_pop,5,
C_pop,10,
B_pop,12770.396796052,,4625.67318838507,36.2218438648288,6646.43,24536.9
ECLIPSE0_pop,9.99999999999999e-08,
BUD0_pop,0.033,
ep_pop,0.001,
Time0_pop,13.999975081374,,4.84279761553801,34.5914731089845,0.00102858,14
omega_D,0.560082865313611,60.7016721455041,0.251846743414399,44.9659789669482,0.25629,1.22398
omega_B,0.531307329114835,57.1104112182881,0.287565909954686,54.1242128983567,0.215229,1.31157
omega_Time0,2.84531917845778,0.183166456917409,6.78869296953887,238.59161463982,0.371965,21.765
a,1.04304768165433,,0.082409138039122,7.90080257006245,0.894054,1.21687
b,0.107684418920639,,0.0215615138254538,20.0228724281311,0.0735353,0.157692