id,time,y10,popPred_medianCOV,popPred,indivPred_SAEM,indivPred_mean,indivPred_mode,indWRes_SAEM,indWRes_mean,indWRes_mode
1,0,0.780488,5.37799,5.37799,7.18209,7.15871,7.06046,-3.52425,-3.51625,-3.48239
1,0,1.59645,5.37799,5.37799,7.18209,7.15871,7.06046,-3.07504,-3.06641,-3.02992
1,0.667302193,5.67627,5.07816,5.07816,7.2143,7.19342,7.13684,-0.845108,-0.834665,-0.806243
1,0.762631077,5.25055,5.03532,5.03532,7.20884,7.1884,7.13894,-1.07638,-1.06644,-1.04227
1,1.029551954,3.22838,4.91539,4.91539,7.17997,7.16077,7.13202,-2.17573,-2.16762,-2.15545
1,1.18207817,7.3082,4.84685,4.84685,7.15475,7.1362,7.11948,0.084618,0.0949516,0.104284
1,1.220209724,3.051,4.82972,4.82972,7.14749,7.12909,7.11537,-2.25986,-2.25217,-2.24643
1,1.258341277,5.32151,4.81258,4.81258,7.13986,7.12161,7.11088,-1.00356,-0.994568,-0.989269
1,1.258341277,5.74723,4.81258,4.81258,7.13986,7.12161,7.11088,-0.768604,-0.759354,-0.753905
1,1.315538608,5.88914,4.78688,4.78688,7.12773,7.10969,7.10341,-0.684085,-0.674844,-0.671622
1,1.315538608,6.38581,4.78688,4.78688,7.12773,7.10969,7.10341,-0.409769,-0.400234,-0.396909
1,1.410867493,4.15078,4.74405,4.74405,7.10576,7.08803,7.08907,-1.63419,-1.6261,-1.62657
1,1.448999047,3.37029,4.72691,4.72691,7.09636,7.07875,7.08267,-2.06178,-2.05419,-2.05588
1,1.468064824,8.17738,4.71834,4.71834,7.09154,7.07398,7.07934,0.60101,0.611367,0.608207
1,1.601525262,5.32151,4.65838,4.65838,7.05553,7.0383,7.05344,-0.96184,-0.953263,-0.960801
1,1.67778837,6.45676,4.62411,4.62411,7.03326,7.01616,7.03669,-0.3202,-0.311024,-0.322043
1,1.754051478,4.15078,4.58984,4.58984,7.00982,6.99283,7.01858,-1.59022,-1.58238,-1.59425
1,1.754051478,4.61197,4.58984,4.58984,7.00982,6.99283,7.01858,-1.3337,-1.3256,-1.33787
1,1.754051478,8.15965,4.58984,4.58984,7.00982,6.99283,7.01858,0.639538,0.649648,0.634334
1,1.811248808,6.79379,4.56414,4.56414,6.99152,6.97459,7.00412,-0.110098,-0.100771,-0.117028
1,1.982840801,3.29933,4.48704,4.48704,6.93315,6.91625,6.9565,-2.03047,-2.02309,-2.04065
1,1.982840801,6.38581,4.48704,4.48704,6.93315,6.91625,6.9565,-0.305836,-0.296696,-0.318439
1,2.020972355,5.14412,4.4699,4.4699,6.91951,6.9026,6.94509,-0.992852,-0.984396,-1.00561
1,2.020972355,6.66962,4.4699,4.4699,6.91951,6.9026,6.94509,-0.139746,-0.13042,-0.153814
1,2.097235462,7.20177,4.43564,4.43564,6.89158,6.87461,6.92142,0.17376,0.183457,0.156764
1,2.135367016,5.1796,4.4185,4.4185,6.8773,6.86028,6.90917,-0.951825,-0.943251,-0.967832
1,2.230695901,6.31486,4.37567,4.37567,6.84071,6.82354,6.8774,-0.295478,-0.286127,-0.315394
1,2.249761678,7.80488,4.3671,4.3671,6.83325,6.81605,6.87086,0.546199,0.556453,0.523867
1,2.249761678,7.48559,4.3671,4.3671,6.83325,6.81605,6.87086,0.36671,0.376776,0.344785
1,2.326024786,5.46341,4.33283,4.33283,6.80296,6.78558,6.84408,-0.754409,-0.745409,-0.775632
1,2.326024786,7.27273,4.33283,4.33283,6.80296,6.78558,6.84408,0.264566,0.274641,0.240809
1,2.364156339,6.13747,4.3157,4.3157,6.78755,6.77008,6.83033,-0.366456,-0.356985,-0.389561
1,2.402287893,5.74723,4.29857,4.29857,6.77198,6.7544,6.81636,-0.578208,-0.568898,-0.60163
1,2.440419447,6.03104,4.28143,4.28143,6.75625,6.73856,6.80218,-0.409583,-0.400022,-0.43431
1,2.459485224,8.15965,4.27287,4.27287,6.74832,6.73057,6.795,0.797477,0.808379,0.768916
1,2.592945663,7.59202,4.2129,4.2129,6.69183,6.67362,6.74336,0.51041,0.521318,0.479683
1,2.66920877,8.12417,4.17863,4.17863,6.65881,6.64029,6.71281,0.832546,0.844024,0.799226
1,2.745471878,8.37251,4.14436,4.14436,6.62529,6.60644,6.68155,0.994719,1.00662,0.959383
1,2.745471878,7.41463,4.14436,4.14436,6.62529,6.60644,6.68155,0.449386,0.460651,0.415924
1,2.764537655,5.67627,4.1358,4.1358,6.61684,6.5979,6.67363,-0.535759,-0.525582,-0.566135
1,2.802669209,5.8714,4.11866,4.11866,6.59986,6.58074,6.65767,-0.415373,-0.404948,-0.446754
1,2.974261201,5.92461,4.04157,4.04157,6.52216,6.50217,6.58402,-0.342359,-0.331317,-0.376366
1,2.974261201,7.62749,4.04157,4.04157,6.52216,6.50217,6.58402,0.63329,0.645538,0.595574
1,2.974261201,6.68736,4.04157,4.04157,6.52216,6.50217,6.58402,0.0946504,0.106233,0.0589818
1,3.012392755,6.102,4.02443,4.02443,6.50464,6.48444,6.56728,-0.230939,-0.21963,-0.265838
1,3.012392755,7.98226,4.02443,4.02443,6.50464,6.48444,6.56728,0.847507,0.860163,0.808452
1,3.088655863,6.77605,3.99017,3.99017,6.46934,6.44871,6.53341,0.176306,0.188401,0.138925
1,3.16491897,6.31486,3.9559,3.9559,6.43372,6.41265,6.49907,-0.0684747,-0.0564097,-0.105692
1,3.203050524,7.48559,3.93877,3.93877,6.4158,6.3945,6.48173,0.616974,0.630092,0.57659
1,3.241182078,8.37251,3.92164,3.92164,6.39781,6.37628,6.46429,1.14013,1.15411,1.09721
1,3.241182078,8.2306,3.92164,3.92164,6.39781,6.37628,6.46429,1.0582,1.07207,1.01562
1,3.241182078,6.95344,3.92164,3.92164,6.39781,6.37628,6.46429,0.320802,0.333682,0.281258
1,3.317445186,4.82483,3.88737,3.88737,6.36163,6.33962,6.4291,-0.889302,-0.877769,-0.924458
1,3.317445186,8.08869,3.88737,3.88737,6.36163,6.33962,6.4291,0.999399,1.01353,0.956336
1,3.317445186,7.7694,3.88737,3.88737,6.36163,6.33962,6.4291,0.814634,0.828509,0.772345
1,3.35557674,5.96009,3.87024,3.87024,6.34345,6.3212,6.41137,-0.222093,-0.20949,-0.260336
1,3.35557674,5.39246,3.87024,3.87024,6.34345,6.3212,6.41137,-0.550936,-0.53879,-0.587791
1,3.393708294,8.2306,3.85311,3.85311,6.32521,6.30271,6.39355,1.1051,1.11973,1.06094
1,3.393708294,6.95344,3.85311,3.85311,6.32521,6.30271,6.39355,0.364362,0.377946,0.32335
1,3.469971401,7.55654,3.81884,3.81884,6.28856,6.26556,6.35764,0.737098,0.751556,0.693941
1,3.469971401,7.27273,3.81884,3.81884,6.28856,6.26556,6.35764,0.572112,0.586332,0.529665
1,3.508102955,9.15299,3.80171,3.80171,6.27016,6.2469,6.33957,1.67778,1.69379,1.63029
1,3.546234509,6.95344,3.78458,3.78458,6.25171,6.22818,6.32142,0.408871,0.423202,0.366648
1,3.584366063,7.59202,3.76745,3.76745,6.23321,6.20942,6.3032,0.792648,0.80773,0.748528
1,3.698760724,8.33703,3.71605,3.71605,6.17744,6.15285,6.24812,1.2642,1.28058,1.2174
1,3.736892278,8.01774,3.69892,3.69892,6.15877,6.13391,6.22964,1.08951,1.10581,1.0433
1,3.775023832,5.49889,3.68179,3.68179,6.14006,6.11493,6.21109,-0.37622,-0.362049,-0.416032
1,3.775023832,7.00665,3.68179,3.68179,6.14006,6.11493,6.21109,0.508494,0.524071,0.464728
1,3.813155386,4.75388,3.66466,3.66466,6.12131,6.09591,6.19249,-0.803323,-0.789668,-0.841348
1,3.889418494,8.58537,3.6304,3.6304,6.08371,6.05775,6.15512,1.47315,1.49089,1.42465
1,3.908484271,8.85144,3.62183,3.62183,6.07429,6.04819,6.14574,1.63636,1.65447,1.58706
1,3.965681602,7.37916,3.59614,3.59614,6.04599,6.01946,6.11755,0.786947,0.803958,0.741333
1,3.965681602,5.81818,3.59614,3.59614,6.04599,6.01946,6.11755,-0.134469,-0.119014,-0.175911
1,3.965681602,6.63415,3.59614,3.59614,6.04599,6.01946,6.11755,0.34718,0.363449,0.303557
1,4.003813155,6.84701,3.57901,3.57901,6.02708,6.00027,6.09869,0.484572,0.501269,0.440241
1,4.003813155,6.98891,3.57901,3.57901,6.02708,6.00027,6.09869,0.568438,0.585278,0.523726
1,4.061010486,8.03548,3.55331,3.55331,5.99866,5.97143,6.07033,1.20592,1.22417,1.1582
1,4.156339371,8.26608,3.51049,3.51049,5.95117,5.92322,6.02285,1.37473,1.39382,1.32609
1,4.194470925,7.96452,3.49336,3.49336,5.93213,5.90389,6.00379,1.20843,1.22744,1.1605
1,4.232602479,7.1663,3.47623,3.47623,5.91307,5.88454,5.9847,0.74606,0.764444,0.700205
1,4.232602479,7.69845,3.47623,3.47623,5.91307,5.88454,5.9847,1.06286,1.08182,1.01555
1,4.289799809,8.07095,3.45054,3.45054,5.88444,5.85547,5.95599,1.30405,1.32379,1.25561
1,4.308865586,6.13747,3.44197,3.44197,5.87488,5.84577,5.94641,0.156706,0.174408,0.1135
1,4.308865586,6.66962,3.44197,3.44197,5.87488,5.84577,5.94641,0.474279,0.492576,0.42962
1,4.327931363,8.26608,3.43341,3.43341,5.86532,5.83606,5.93682,1.43358,1.45379,1.38453
1,4.327931363,5.78271,3.43341,3.43341,5.86532,5.83606,5.93682,-0.0493348,-0.0319207,-0.0916044
1,4.327931363,6.26164,3.43341,3.43341,5.86532,5.83606,5.93682,0.236656,0.25461,0.193078
1,4.34699714,7.62749,3.42484,3.42484,5.85576,5.82635,5.92722,1.05862,1.07824,1.01128
1,4.385128694,6.77605,3.40771,3.40771,5.83662,5.80691,5.90799,0.562012,0.580894,0.516934
1,4.423260248,6.91796,3.39059,3.39059,5.81745,5.78746,5.88874,0.659184,0.678466,0.613661
1,4.461391802,7.02439,3.37346,3.37346,5.79828,5.76798,5.86947,0.735331,0.754977,0.689467
1,4.499523356,7.52106,3.35633,3.35633,5.77908,5.74849,5.85016,1.04601,1.06649,0.998735
1,4.59485224,8.01774,3.31352,3.31352,5.73102,5.69969,5.80179,1.37738,1.3991,1.32865
1,4.652049571,7.66297,3.28783,3.28783,5.70215,5.67036,5.77271,1.1833,1.20497,1.13551
1,4.747378456,7.18404,3.24501,3.24501,5.65395,5.62141,5.72412,0.926263,0.94797,0.87976
1,4.766444233,4.36364,3.23645,3.23645,5.6443,5.61162,5.71439,-0.775761,-0.757576,-0.814493
1,4.804575786,4.75388,3.21933,3.21933,5.625,5.59201,5.69491,-0.528343,-0.509432,-0.568153
1,4.880838894,8.01774,3.18508,3.18508,5.58635,5.55276,5.65591,1.47839,1.50213,1.42959
1,4.957102002,5.07317,3.15083,3.15083,5.54767,5.51347,5.61684,-0.28925,-0.269007,-0.329917
1,4.995233556,3.5122,3.13371,3.13371,5.52831,5.49381,5.59728,-1.23057,-1.21226,-1.26692
1,4.995233556,6.88248,3.13371,3.13371,5.52831,5.49381,5.59728,0.82654,0.849525,0.780904
1,4.995233556,7.02439,3.13371,3.13371,5.52831,5.49381,5.59728,0.913155,0.936337,0.867128
1,4.995233556,7.27273,3.13371,3.13371,5.52831,5.49381,5.59728,1.06473,1.08826,1.01802
1,4.995233556,6.17295,3.13371,3.13371,5.52831,5.49381,5.59728,0.393464,0.415465,0.349782
1,5.03336511,7.52106,3.11659,3.11659,5.50895,5.47414,5.57771,1.22969,1.25384,1.18232
1,5.03336511,5.46341,3.11659,3.11659,5.50895,5.47414,5.57771,-0.027827,-0.00657096,-0.0695367
1,5.071496663,5.96009,3.09947,3.09947,5.48957,5.45446,5.55813,0.28792,0.310121,0.244864
1,5.147759771,7.41463,3.06523,3.06523,5.4508,5.41508,5.51892,1.2048,1.22961,1.1578
1,5.147759771,5.28603,3.06523,3.06523,5.4508,5.41508,5.51892,-0.101085,-0.0793597,-0.142235
1,5.224022879,5.07317,3.03099,3.03099,5.412,5.37567,5.47967,-0.208402,-0.186507,-0.248907
1,5.300285987,7.94678,2.99675,2.99675,5.37317,5.33623,5.44037,1.58703,1.61377,1.53873
1,5.300285987,7.20177,2.99675,2.99675,5.37317,5.33623,5.44037,1.12762,1.15322,1.08135
1,5.319351764,2.44789,2.98819,2.98819,5.36346,5.32637,5.43054,-1.79906,-1.78056,-1.83228
1,5.319351764,6.56319,2.98819,2.98819,5.36346,5.32637,5.43054,0.740299,0.765071,0.695805
1,5.338417541,3.68958,2.97963,2.97963,5.35375,5.3165,5.42071,-1.02754,-1.00704,-1.06415
1,5.338417541,6.11973,2.97963,2.97963,5.35375,5.3165,5.42071,0.47296,0.497187,0.429702
1,5.338417541,5.74723,2.97963,2.97963,5.35375,5.3165,5.42071,0.242957,0.266613,0.200718
1,5.376549094,5.46341,2.96252,2.96252,5.33431,5.29677,5.40103,0.0798159,0.103289,0.0383968
1,5.395614871,6.03104,2.95396,2.95396,5.3246,5.2869,5.39119,0.437042,0.461525,0.394094
1,5.452812202,6.97118,2.92829,2.92829,5.29544,5.25728,5.36166,1.03871,1.06508,0.993272
1,5.452812202,4.47007,2.92829,2.92829,5.29544,5.25728,5.36166,-0.511609,-0.489201,-0.550226
1,5.510009533,7.23725,2.90262,2.90262,5.26627,5.22765,5.33211,1.22411,1.25132,1.17802
1,5.52907531,6.75831,2.89406,2.89406,5.25654,5.21777,5.32226,0.933305,0.959891,0.888555
1,5.605338418,7.62749,2.85984,2.85984,5.21762,5.17824,5.28282,1.50157,1.53015,1.45458
1,5.605338418,6.56319,2.85984,2.85984,5.21762,5.17824,5.28282,0.838412,0.86524,0.794311
1,5.643469971,5.32151,2.84273,2.84273,5.19816,5.15846,5.2631,0.0769596,0.101996,0.0362851
1,5.681601525,7.73392,2.82562,2.82562,5.17869,5.13869,5.24336,1.59631,1.62568,1.54917
1,5.681601525,5.56984,2.82562,2.82562,5.17869,5.13869,5.24336,0.244365,0.27008,0.203077
1,5.738798856,3.26386,2.79995,2.79995,5.14947,5.10902,5.21375,-1.18031,-1.15814,-1.21527
1,5.757864633,6.35033,2.7914,2.7914,5.13974,5.09912,5.20388,0.758274,0.785865,0.715005
1,5.834127741,5.10865,2.75719,2.75719,5.10077,5.05954,5.16437,0.00494696,0.0309241,-0.0348428
1,5.872259295,6.45676,2.74008,2.74008,5.08128,5.03975,5.1446,0.864961,0.893592,0.821618
1,5.929456625,0.674058,2.71443,2.71443,5.05204,5.01005,5.11495,-2.75853,-2.73987,-2.78627
1,5.929456625,5.90687,2.71443,2.71443,5.05204,5.01005,5.11495,0.538619,0.566694,0.496861
1,5.948522402,5.46341,2.70588,2.70588,5.0423,5.00015,5.10507,0.265517,0.29293,0.224983
1,5.986653956,4.1153,2.68878,2.68878,5.0228,4.98035,5.08529,-0.572944,-0.547721,-0.609805
1,6.02478551,5.1796,2.67168,2.67168,5.0033,4.96054,5.06551,0.111454,0.138892,0.0718233
1,6.062917064,3.97339,2.65458,2.65458,4.9838,4.94073,5.04572,-0.639609,-0.614147,-0.675955
1,6.081982841,3.77827,2.64603,2.64603,4.97405,4.93082,5.03583,-0.757455,-0.732234,-0.793248
1,6.101048618,4.93126,2.63749,2.63749,4.96429,4.92092,5.02593,-0.0209362,0.00657867,-0.0597565
1,6.139180172,6.35033,2.62039,2.62039,4.94479,4.9011,5.00614,0.892114,0.922596,0.849608
1,6.139180172,6.102,2.62039,2.62039,4.94479,4.9011,5.00614,0.734492,0.764502,0.692644
1,6.234509056,5.97783,2.57766,2.57766,4.89601,4.85155,4.95664,0.688938,0.719441,0.64763
1,6.253574833,5.81818,2.56912,2.56912,4.88625,4.84164,4.94674,0.593882,0.624219,0.553037
1,6.253574833,5.00222,2.56912,2.56912,4.88625,4.84164,4.94674,0.073901,0.102642,0.0352059
1,6.291706387,3.90244,2.55203,2.55203,4.86673,4.82182,4.92694,-0.61533,-0.588485,-0.651052
1,6.291706387,3.6541,2.55203,2.55203,4.86673,4.82182,4.92694,-0.773797,-0.747443,-0.808867
1,6.329837941,6.91796,2.53495,2.53495,4.84722,4.80199,4.90713,1.32314,1.35626,1.27959
1,6.329837941,4.15078,2.53495,2.53495,4.84722,4.80199,4.90713,-0.445005,-0.417408,-0.481302
1,6.348903718,6.4745,2.5264,2.5264,4.83746,4.79208,4.89722,1.04673,1.07911,1.00438
1,6.367969495,6.03104,2.51786,2.51786,4.8277,4.78217,4.88731,0.769937,0.801583,0.728797
1,6.406101049,4.64745,2.50078,2.50078,4.80817,4.76234,4.8675,-0.102975,-0.0738407,-0.140409
1,6.406101049,4.43459,2.50078,2.50078,4.80817,4.76234,4.8675,-0.239353,-0.210651,-0.276231
1,6.444232602,7.13082,2.4837,2.4837,4.78865,4.74251,4.84768,1.50263,1.53714,1.45881
1,6.444232602,2.98004,2.4837,2.4837,4.78865,4.74251,4.84768,-1.16032,-1.13433,-1.19333
1,6.52049571,4.15078,2.44955,2.44955,4.7496,4.70284,4.80804,-0.385218,-0.356292,-0.421108
1,6.52049571,4.96674,2.44955,2.44955,4.7496,4.70284,4.80804,0.139685,0.170317,0.101679
1,6.596758818,4.29268,2.41541,2.41541,4.71054,4.66317,4.76839,-0.269535,-0.239765,-0.30562
1,6.615824595,5.25055,2.40687,2.40687,4.70078,4.65325,4.75848,0.354867,0.386824,0.316356
1,6.634890372,5.03769,2.39834,2.39834,4.69101,4.64333,4.74856,0.223926,0.255573,0.18601
1,6.673021926,5.60532,2.38127,2.38127,4.67148,4.62349,4.72873,0.604001,0.637171,0.56472
1,6.749285033,3.58315,2.34715,2.34715,4.63241,4.58381,4.68906,-0.680507,-0.651193,-0.714421
1,6.787416587,4.5765,2.3301,2.3301,4.61288,4.56396,4.66923,-0.023627,0.00816782,-0.0599865
1,6.787416587,5.00222,2.3301,2.3301,4.61288,4.56396,4.66923,0.252854,0.285598,0.215409
1,6.863679695,5.92461,2.29599,2.29599,4.5738,4.52427,4.62955,0.879676,0.915109,0.840089
1,6.882745472,4.77162,2.28747,2.28747,4.56403,4.51435,4.61963,0.135276,0.16824,0.0986616
1,6.95900858,5.12639,2.25339,2.25339,4.52495,4.47466,4.57994,0.393011,0.427392,0.355701
1,6.978074357,2.60754,2.24487,2.24487,4.51518,4.46473,4.57002,-1.24743,-1.21877,-1.27835
1,6.978074357,6.06652,2.24487,2.24487,4.51518,4.46473,4.57002,1.01443,1.05116,0.974809
1,6.978074357,4.00887,2.24487,2.24487,4.51518,4.46473,4.57002,-0.331085,-0.299156,-0.365532
1,6.978074357,3.90244,2.24487,2.24487,4.51518,4.46473,4.57002,-0.40068,-0.369,-0.43486
1,6.978074357,3.68958,2.24487,2.24487,4.51518,4.46473,4.57002,-0.539872,-0.508688,-0.573517
1,7.01620591,5.55211,2.22783,2.22783,4.49564,4.44488,4.55018,0.691783,0.727626,0.65356
1,7.01620591,3.49446,2.22783,2.22783,4.49564,4.44488,4.55018,-0.655588,-0.624585,-0.68865
1,7.054337464,3.83149,2.2108,2.2108,4.4761,4.42503,4.53033,-0.422684,-0.390607,-0.456496
1,7.092469018,5.33925,2.19377,2.19377,4.45656,4.40518,4.51048,0.579591,0.615561,0.542115
1,7.092469018,4.64745,2.19377,2.19377,4.45656,4.40518,4.51048,0.125343,0.159657,0.0895928
1,7.20686368,3.40576,2.14272,2.14272,4.39793,4.34563,4.45094,-0.654186,-0.622012,-0.686554
1,7.244995234,3.22838,2.12571,2.12571,4.37838,4.32578,4.43108,-0.759311,-0.727297,-0.791145
1,7.244995234,5.97783,2.12571,2.12571,4.37838,4.32578,4.43108,1.05607,1.0949,1.01746
1,7.283126787,3.86696,2.10871,2.10871,4.35883,4.30592,4.41123,-0.325221,-0.291333,-0.358528
1,7.321258341,2.87361,2.09171,2.09171,4.33929,4.28607,4.39138,-0.970439,-0.938763,-1.00121
1,7.321258341,5.32151,2.09171,2.09171,4.33929,4.28607,4.39138,0.650338,0.688188,0.61357
1,7.321258341,4.25721,2.09171,2.09171,4.33929,4.28607,4.39138,-0.0543475,-0.0191821,-0.0885083
1,7.321258341,3.97339,2.09171,2.09171,4.33929,4.28607,4.39138,-0.242264,-0.207814,-0.275729
1,7.359389895,3.72506,2.07471,2.07471,4.31974,4.26621,4.37152,-0.394297,-0.360183,-0.427053
1,7.359389895,4.7184,2.07471,2.07471,4.31974,4.26621,4.37152,0.264327,0.300969,0.229146
1,7.397521449,4.07982,2.05773,2.05773,4.30019,4.24636,4.35167,-0.146318,-0.111,-0.179834
1,7.435653003,3.97339,2.04074,2.04074,4.28065,4.2265,4.33181,-0.20429,-0.168945,-0.237441
1,7.473784557,3.29933,2.02377,2.02377,4.2611,4.20665,4.31196,-0.640363,-0.606476,-0.671777
1,7.473784557,5.88914,2.02377,2.02377,4.2611,4.20665,4.31196,1.08398,1.12463,1.04631
1,7.511916111,3.86696,2.0068,2.0068,4.24155,4.18679,4.2921,-0.249758,-0.214089,-0.282439
1,7.607244995,1.04656,1.96441,1.96441,4.19267,4.13715,4.24245,-2.10508,-2.07623,-2.13074
1,7.607244995,2.55432,1.96441,1.96441,4.19267,4.13715,4.24245,-1.09623,-1.06333,-1.1255
1,7.626310772,4.1153,1.95593,1.95593,4.1829,4.12722,4.23253,-0.0452628,-0.00801205,-0.0782117
1,7.626310772,3.97339,1.95593,1.95593,4.1829,4.12722,4.23253,-0.14028,-0.103413,-0.17289
1,7.664442326,4.7184,1.93899,1.93899,4.16335,4.10736,4.21267,0.372177,0.411382,0.337905
1,7.740705434,3.58315,1.90513,1.90513,4.12425,4.06764,4.17294,-0.363845,-0.327124,-0.395198
1,7.740705434,5.35698,1.90513,1.90513,4.12425,4.06764,4.17294,0.828919,0.870548,0.793375
1,7.778836988,3.22838,1.88821,1.88821,4.10469,4.04778,4.15308,-0.590086,-0.55405,-0.620493
1,7.797902765,4.27494,1.87976,1.87976,4.09492,4.03785,4.14315,0.121311,0.160428,0.0884981
1,7.912297426,5.42794,1.82907,1.82907,4.03626,3.97828,4.08357,0.941791,0.985196,0.906653
1,7.931363203,4.86031,1.82064,1.82064,4.02649,3.96835,4.07364,0.564678,0.606623,0.530922
1,7.969494757,0.461197,1.80376,1.80376,4.00693,3.94849,4.05377,-2.40465,-2.37515,-2.42811
1,7.969494757,3.44124,1.80376,1.80376,4.00693,3.94849,4.05377,-0.383642,-0.345478,-0.413991
1,7.969494757,2.83814,1.80376,1.80376,4.00693,3.94849,4.05377,-0.792656,-0.756245,-0.82161
1,7.988560534,1.54324,1.79533,1.79533,3.99716,3.93856,4.04384,-1.66539,-1.63261,-1.6913
1,8.007626311,3.33481,1.7869,1.7869,3.98738,3.92863,4.03391,-0.443193,-0.40503,-0.473183
1,8.026692088,4.55876,1.77848,1.77848,3.9776,3.9187,4.02398,0.394974,0.436894,0.362228
1,8.083889418,3.86696,1.75322,1.75322,3.94827,3.8889,3.99418,-0.0553817,-0.0150104,-0.0863582
1,8.083889418,2.55432,1.75322,1.75322,3.94827,3.8889,3.99418,-0.949419,-0.912957,-0.977395
1,8.141086749,1.38359,1.72798,1.72798,3.91894,3.85911,3.96439,-1.73055,-1.69717,-1.7557
1,8.160152526,1.84479,1.71958,1.71958,3.90917,3.84918,3.95445,-1.41009,-1.37519,-1.43624
1,8.236415634,4.00887,1.68599,1.68599,3.87006,3.80946,3.91472,0.0950876,0.137213,0.0642806
1,8.236415634,2.16408,1.68599,1.68599,3.87006,3.80946,3.91472,-1.16865,-1.1322,-1.1953
1,8.236415634,4.7184,1.68599,1.68599,3.87006,3.80946,3.91472,0.581139,0.625447,0.548736
1,8.312678742,2.98004,1.65245,1.65245,3.83095,3.76974,3.87499,-0.584584,-0.544998,-0.612843
1,8.312678742,5.25055,1.65245,1.65245,3.83095,3.76974,3.87499,0.975281,1.02196,0.941956
1,8.331744519,1.20621,1.64408,1.64408,3.82118,3.75981,3.86506,-1.79781,-1.76363,-1.82206
1,8.350810296,4.00887,1.63571,1.63571,3.8114,3.74988,3.85513,0.13586,0.179002,0.105433
1,8.350810296,3.47672,1.63571,1.63571,3.8114,3.74988,3.85513,-0.230263,-0.188797,-0.259507
1,8.369876072,2.80266,1.62734,1.62734,3.80162,3.73995,3.8452,-0.68779,-0.648292,-0.715478
1,8.408007626,2.19956,1.61062,1.61062,3.78207,3.72009,3.82533,-1.09115,-1.05326,-1.11739
1,8.465204957,2.30599,1.58556,1.58556,3.75274,3.6903,3.79553,-0.999718,-0.961036,-1.02602
1,8.465204957,5.32151,1.58556,1.58556,3.75274,3.6903,3.79553,1.08403,1.13244,1.05112
1,8.503336511,2.44789,1.56888,1.56888,3.73318,3.67044,3.77567,-0.889442,-0.849994,-0.91594
1,8.579599619,2.94457,1.53557,1.53557,3.69408,3.63072,3.73593,-0.520188,-0.478479,-0.547526
1,8.598665396,2.23503,1.52726,1.52726,3.6843,3.62078,3.726,-1.00658,-0.967062,-1.03233
1,8.617731173,3.5122,1.51895,1.51895,3.67452,3.61085,3.71607,-0.112827,-0.0689021,-0.141264
1,8.617731173,2.76718,1.51895,1.51895,3.67452,3.61085,3.71607,-0.63065,-0.589205,-0.657482
1,8.732125834,5.62306,1.46919,1.46919,3.61586,3.55127,3.65647,1.40126,1.45341,1.36874
1,8.751191611,3.08647,1.46092,1.46092,3.60609,3.54134,3.64654,-0.363018,-0.319342,-0.390092
1,8.808388942,3.90244,1.43613,1.43613,3.57676,3.51155,3.61674,0.228036,0.275041,0.199439
1,8.88465205,6.66962,1.40317,1.40317,3.53765,3.47183,3.57701,2.19942,2.25687,2.16534
1,8.903717827,7.02439,1.39494,1.39494,3.52787,3.4619,3.56708,2.45724,2.51616,2.4225
1,8.94184938,1.54324,1.37851,1.37851,3.50832,3.44205,3.54721,-1.38304,-1.34315,-1.40627
1,8.979980934,2.55432,1.36211,1.36211,3.48877,3.42219,3.52734,-0.658647,-0.614824,-0.683835
1,8.979980934,5.28603,1.36211,1.36211,3.48877,3.42219,3.52734,1.26681,1.32041,1.236
1,9.037178265,1.17073,1.33755,1.33755,3.45944,3.3924,3.49755,-1.6168,-1.57749,-1.63897
1,9.075309819,4.15078,1.32122,1.32122,3.43989,3.37254,3.47768,0.502938,0.553425,0.474832
1,9.151572927,3.68958,1.28865,1.28865,3.40078,3.33283,3.43795,0.204926,0.254471,0.178046
1,9.151572927,1.38359,1.28865,1.28865,3.40078,3.33283,3.43795,-1.43138,-1.39038,-1.45363
1,9.208770257,1.11752,1.26431,1.26431,3.37146,3.30304,3.40816,-1.60297,-1.5625,-1.62451
1,9.246901811,1.72062,1.24812,1.24812,3.35191,3.28318,3.38829,-1.16189,-1.11884,-1.1845
1,9.304099142,4.15078,1.22391,1.22391,3.32258,3.2534,3.3585,0.591214,0.644026,0.564017
1,9.304099142,2.94457,1.22391,1.22391,3.32258,3.2534,3.3585,-0.269848,-0.22164,-0.294674
1,9.304099142,2.73171,1.22391,1.22391,3.32258,3.2534,3.3585,-0.421801,-0.374405,-0.446208
1,9.304099142,1.88027,1.22391,1.22391,3.32258,3.2534,3.3585,-1.02961,-0.985463,-1.05234
1,9.342230696,3.40576,1.20782,1.20782,3.30303,3.23354,3.33863,0.0734474,0.123789,0.0478625
1,9.342230696,2.51885,1.20782,1.20782,3.30303,3.23354,3.33863,-0.560639,-0.513708,-0.584491
1,9.456625357,4.39911,1.15979,1.15979,3.24438,3.17398,3.27905,0.829298,0.884678,0.802253
1,9.475691134,1.91574,1.15182,1.15182,3.23461,3.16405,3.26912,-0.947895,-0.90211,-0.970104
1,9.532888465,2.76718,1.12798,1.12798,3.20529,3.13427,3.23932,-0.31559,-0.265899,-0.339213
1,9.571020019,1.0643,1.11214,1.11214,3.18574,3.11442,3.21946,-1.53051,-1.48729,-1.55077
1,9.571020019,1.73836,1.11214,1.11214,3.18574,3.11442,3.21946,-1.04421,-0.998287,-1.06575
1,9.609151573,0.248337,1.09636,1.09636,3.16619,3.09457,3.1996,-2.10828,-2.06805,-2.12689
1,9.666348904,2.02217,1.07277,1.07277,3.13688,3.06479,3.16981,-0.807264,-0.75933,-0.828989
1,9.723546235,3.58315,1.0493,1.0493,3.10756,3.03502,3.14003,0.34521,0.400132,0.320829
1,9.742612011,4.54102,1.04151,1.04151,3.09779,3.02509,3.1301,1.04838,1.10748,1.02233
1,9.818875119,4.20399,1.01047,1.01047,3.0587,2.9854,3.09038,0.834505,0.89305,0.809406
1,9.87607245,4.96674,0.98734,0.98734,3.02939,2.95563,3.0606,1.41489,1.47732,1.38868
1,9.971401335,7.21951,0.949114,0.949114,2.98053,2.90602,3.01096,3.10774,3.18109,3.07804
1,9.990467112,3.1929,0.941519,0.941519,2.97076,2.8961,3.00104,0.162985,0.21906,0.140439
1,10.06673022,1.84479,0.91131,0.91131,2.93169,2.85642,2.96133,-0.799928,-0.748998,-0.819819
1,10.06673022,2.94457,0.91131,0.91131,2.93169,2.85642,2.96133,0.00947938,0.065267,-0.0123087
1,10.14299333,1.02882,0.881393,0.881393,2.89262,2.81674,2.92163,-1.37596,-1.32795,-1.39417
1,10.21925643,1.41907,0.851784,0.851784,2.85355,2.77707,2.88193,-1.06232,-1.01185,-1.08089
1,10.21925643,1.91574,0.851784,0.851784,2.85355,2.77707,2.88193,-0.6945,-0.641776,-0.713906
1,10.29551954,2.62528,0.822502,0.822502,2.81448,2.7374,2.84224,-0.140557,-0.0838104,-0.160821
1,10.3336511,0.31929,0.807989,0.807989,2.79495,2.71757,2.8224,-1.84198,-1.79554,-1.85832
1,10.3336511,0.709534,0.807989,0.807989,2.79495,2.71757,2.8224,-1.55163,-1.50337,-1.5686
1,10.3336511,1.84479,0.807989,0.807989,2.79495,2.71757,2.8224,-0.706957,-0.653432,-0.725781
1,10.3336511,2.80266,0.807989,0.807989,2.79495,2.71757,2.8224,0.00573359,0.0637055,-0.0146533
1,10.37178265,2.30599,0.793566,0.793566,2.77543,2.69774,2.80256,-0.349828,-0.293768,-0.369241
1,10.4099142,2.73171,0.779233,0.779233,2.7559,2.67791,2.78271,-0.0180566,0.0404027,-0.0379885
1,10.44804576,3.4235,0.764994,0.764994,2.73637,2.65809,2.76287,0.513659,0.57581,0.492798
1,10.44804576,2.02217,0.764994,0.764994,2.73637,2.65809,2.76287,-0.533898,-0.478391,-0.552529
1,10.56244042,0,0.722865,0.722865,2.67781,2.59863,2.70337,-2.01126,-1.96437,-2.02627
1,10.60057197,3.29933,0.709026,0.709026,2.65829,2.57881,2.68353,0.48224,0.545544,0.462306
1,10.60057197,1.73836,0.709026,0.709026,2.65829,2.57881,2.68353,-0.69204,-0.636346,-0.709578
1,10.67683508,2.98004,0.68167,0.68167,2.61926,2.53918,2.64387,0.272269,0.334879,0.253189
1,10.71496663,1.73836,0.668158,0.668158,2.59975,2.51937,2.62404,-0.651087,-0.594224,-0.668131
1,10.73403241,3.37029,0.661444,0.661444,2.58999,2.50947,2.61413,0.590262,0.655472,0.570879
1,10.81029552,3.1929,0.634881,0.634881,2.55098,2.46986,2.57449,0.48714,0.552355,0.4684
1,10.88655863,6.42129,0.6088,0.6088,2.51197,2.43027,2.53485,2.97615,3.05884,2.95319
1,10.9056244,3.051,0.602357,0.602357,2.50222,2.42037,2.52494,0.418116,0.483725,0.400059
1,10.94375596,0.390244,0.589567,0.589567,2.48272,2.40058,2.50513,-1.59683,-1.54457,-1.61096
1,10.94375596,1.02882,0.589567,0.589567,2.48272,2.40058,2.50513,-1.10951,-1.05394,-1.12454
1,10.96282173,1.27716,0.58322,0.58322,2.47298,2.39069,2.49522,-0.913289,-0.856238,-0.928582
1,11.05815062,2.23503,0.551981,0.551981,2.42425,2.34123,2.44571,-0.145093,-0.081997,-0.161263
1,11.05815062,1.95122,0.551981,0.551981,2.42425,2.34123,2.44571,-0.362724,-0.301131,-0.378509
1,11.09628217,0.177384,0.539722,0.539722,2.40476,2.32146,2.42591,-1.71073,-1.65817,-1.72396
1,11.13441373,2.19956,0.527602,0.527602,2.38528,2.30169,2.40611,-0.142876,-0.0791151,-0.158626
1,11.22974261,2.53659,0.497924,0.497924,2.33659,2.25228,2.35663,0.154474,0.22115,0.138764
1,11.24880839,0.603104,0.492098,0.492098,2.32686,2.2424,2.34674,-1.33251,-1.2762,-1.34565
1,11.30600572,4.38137,0.47484,0.47484,2.29766,2.21278,2.31707,1.61469,1.69246,1.59707
1,11.3250715,0,0.469162,0.469162,2.28793,2.2029,2.30718,-1.77438,-1.72066,-1.78644
1,11.3250715,0.886918,0.469162,0.469162,2.28793,2.2029,2.30718,-1.08654,-1.0279,-1.0997
1,11.3250715,2.80266,0.469162,0.469162,2.28793,2.2029,2.30718,0.399194,0.468463,0.383648
1,11.36320305,1.45455,0.457921,0.457921,2.26847,2.18316,2.28741,-0.632262,-0.570061,-0.645947
1,11.4013346,1.0643,0.446833,0.446833,2.24902,2.16343,2.26764,-0.921794,-0.861375,-0.934822
1,11.43946616,1.59645,0.4359,0.4359,2.22957,2.1437,2.24788,-0.493416,-0.429588,-0.506901
1,11.55386082,0.957871,0.40405,0.40405,2.17126,2.08455,2.18862,-0.950294,-0.888887,-0.962476
1,11.59199237,1.24169,0.393755,0.393755,2.15184,2.06485,2.16887,-0.713975,-0.650521,-0.726294
1,11.59199237,4.39911,0.393755,0.393755,2.15184,2.06485,2.16887,1.76289,1.84468,1.74701
1,11.63012393,2.87361,0.383622,0.383622,2.13242,2.04516,2.14914,0.582393,0.655795,0.56845
1,11.74451859,2.55432,0.354211,0.354211,2.0742,1.98613,2.08997,0.379124,0.452049,0.366179
1,11.8207817,1.70288,0.335436,0.335436,2.03542,1.94683,2.05056,-0.263454,-0.194736,-0.275092
1,11.87797903,6.31486,0.321795,0.321795,2.00636,1.91737,2.02103,3.42188,3.51934,3.40596
1,11.8970448,1.80931,0.317333,0.317333,1.99668,1.90756,2.01118,-0.148932,-0.078695,-0.160264
1,11.93517636,0.425721,0.308534,0.308534,1.97732,1.88794,1.99151,-1.23537,-1.1732,-1.24516
1,11.97330791,0.141907,0.299905,0.299905,1.95797,1.86834,1.97184,-1.44834,-1.38754,-1.45767
1,11.97330791,0.993348,0.299905,0.299905,1.95797,1.86834,1.97184,-0.769303,-0.703234,-0.779438
1,12.01143947,0.283814,0.291444,0.291444,1.93863,1.84875,1.95219,-1.32194,-1.25988,-1.33122
1,12.04957102,0.815965,0.283152,0.283152,1.9193,1.82917,1.93254,-0.882861,-0.817084,-0.892437
1,12.12583413,0.815965,0.267075,0.267075,1.88067,1.79005,1.89328,-0.854797,-0.788215,-0.863976
1,12.16396568,1.09978,0.259288,0.259288,1.86137,1.77051,1.87366,-0.612466,-0.543671,-0.621688
1,12.27836034,1.88027,0.236928,0.236928,1.80356,1.71199,1.8149,0.0620005,0.137103,0.0527819
1,12.3164919,0.10643,0.229806,0.229806,1.78431,1.69251,1.79533,-1.3584,-1.29444,-1.36601
1,12.3164919,0.851441,0.229806,0.229806,1.78431,1.69251,1.79533,-0.755242,-0.686418,-0.763434
1,12.3164919,1.41907,0.229806,0.229806,1.78431,1.69251,1.79533,-0.295696,-0.223164,-0.304329
1,12.43088656,1.34812,0.209415,0.209415,1.72666,1.6342,1.73674,-0.308014,-0.234686,-0.315934
1,12.46901811,0.780488,0.202939,0.202939,1.70747,1.61481,1.71723,-0.755541,-0.685589,-0.762844
1,12.58341277,0.266075,0.184455,0.184455,1.65002,1.55675,1.65884,-1.1337,-1.06607,-1.14004
1,12.58341277,2.87361,0.184455,0.184455,1.65002,1.55675,1.65884,1.00235,1.0877,0.994351
1,12.60247855,4.87805,0.181509,0.181509,1.64046,1.5471,1.64912,2.65441,2.75366,2.64529
1,12.73593899,2.23503,0.16194,0.16194,1.57369,1.47969,1.58125,0.545429,0.628201,0.538835
1,12.8122021,1.56098,0.151561,0.151561,1.53566,1.44133,1.54259,0.0209456,0.0998473,0.0152013
1,12.92659676,1.63193,0.137039,0.137039,1.47881,1.38404,1.4848,0.127357,0.207949,0.122306
1,12.96472831,4.32816,0.132469,0.132469,1.45991,1.36501,1.46559,2.38969,2.48997,2.38374
1,12.96472831,1.27716,0.132469,0.132469,1.45991,1.36501,1.46559,-0.15226,-0.0738163,-0.156913
1,13.04099142,0.674058,0.123718,0.123718,1.42221,1.32706,1.42727,-0.625441,-0.550616,-0.629385
1,13.15538608,1.73836,0.111532,0.111532,1.3659,1.27046,1.37003,0.312958,0.396577,0.30937
1,13.19351764,1.9867,0.10771,0.10771,1.3472,1.25168,1.35102,0.538244,0.624043,0.534839
1,13.26978074,0.745011,0.100411,0.100411,1.30991,1.21427,1.31313,-0.477071,-0.399772,-0.479645
1,13.3079123,0.0709534,0.0969287,0.0969287,1.29133,1.19564,1.29424,-1.03238,-0.959792,-1.03456
1,13.34604385,0.567627,0.0935548,0.0935548,1.27279,1.17706,1.2754,-0.597543,-0.520974,-0.599609
1,13.49857007,1.09978,0.0810902,0.0810902,1.1991,1.10335,1.20051,-0.0847335,-0.00307696,-0.0859216
1,13.53670162,0.709534,0.0782192,0.0782192,1.1808,1.08508,1.18191,-0.402724,-0.32378,-0.403631
1,13.57483317,1.70288,0.0754412,0.0754412,1.16256,1.06688,1.16337,0.462511,0.549252,0.461779
1,13.61296473,4.1153,0.0727538,0.0727538,1.14437,1.04876,1.14489,2.54735,2.65276,2.54679
1,13.89895138,2.46563,0.0552476,0.0552476,1.01001,0.915351,1.0084,1.26377,1.35797,1.26536
1,13.99428027,4.89579,0.0503474,0.0503474,0.966136,0.872029,0.963844,3.42577,3.53908,3.42851
1,13.99428027,1.27716,0.0503474,0.0503474,0.966136,0.872029,0.963844,0.271145,0.356333,0.273201
1,14.0514776,1.91574,0.047607,0.047607,0.940064,0.846349,0.937374,0.852659,0.942873,0.855226
1,14.2993327,0.886918,0.0372855,0.0372855,0.829555,0.738119,0.825235,0.0506573,0.132557,0.0544947
1,14.2993327,0.638581,0.0372855,0.0372855,0.829555,0.738119,0.825235,-0.168649,-0.0886725,-0.164901
1,14.37559581,1.0643,0.034566,0.034566,0.796453,0.705921,0.791668,0.237283,0.32025,0.241633
1,14.45185891,1.27716,0.0320376,0.0320376,0.763824,0.674299,0.758593,0.456179,0.540365,0.461058
1,14.48999047,0.425721,0.0308412,0.0308412,0.747697,0.658713,0.74225,-0.286567,-0.209153,-0.281867
1,14.56625357,0.709534,0.0285764,0.0285764,0.715833,0.628013,0.709973,-0.00562303,0.073398,-0.000392058
1,14.60438513,1.84479,0.0275051,0.0275051,0.700104,0.612906,0.694047,1.02347,1.11076,1.02948
1,14.60438513,1.9867,0.0275051,0.0275051,0.700104,0.612906,0.694047,1.15035,1.23871,1.15644
1,14.90943756,1.27716,0.0202305,0.0202305,0.579662,0.498407,0.572254,0.630954,0.710078,0.638116
1,15.02383222,0.638581,0.0180184,0.0180184,0.537212,0.458621,0.529416,0.0920785,0.164733,0.0992354
1,15.36701621,0.10643,0.0127108,0.0127108,0.420004,0.350659,0.411476,-0.288138,-0.225968,-0.280539
1,15.40514776,0.638581,0.012226,0.012226,0.407984,0.339764,0.399416,0.212144,0.276776,0.220213
1,15.55767398,0.496674,0.0104624,0.0104624,0.362021,0.298449,0.353375,0.124444,0.184363,0.132549
1,15.90085796,1.13525,0.00736163,0.00736163,0.271329,0.218707,0.262956,0.805701,0.859319,0.814195
1,15.97712107,0.567627,0.00680742,0.00680742,0.25359,0.203417,0.245353,0.293395,0.341997,0.301341
1,16.01525262,0.674058,0.00654605,0.00654605,0.245047,0.196093,0.236886,0.401156,0.449146,0.409123
1,16.2821735,1.09978,0.00497535,0.00497535,0.191202,0.150546,0.183716,0.854216,0.896129,0.861908
1,16.32030505,1.31264,0.00478393,0.00478393,0.184336,0.144819,0.176963,1.06153,1.10313,1.06927
1,16.47283127,0.922395,0.00408878,0.00408878,0.158838,0.123722,0.151944,0.720233,0.756054,0.727245
1,16.54909438,0.141907,0.00377989,0.00377989,0.147225,0.114205,0.140584,-0.00502212,0.0262492,0.00125044
1,16.62535748,0,0.00349424,0.00349424,0.136333,0.105335,0.129951,-0.128892,-0.0999008,-0.122938
1,16.89227836,0.851441,0.00265358,0.00265358,0.10348,0.0789169,0.0980223,0.709512,0.734656,0.715088
1,17.04480458,1.0643,0.00226718,0.00226718,0.0880289,0.0666788,0.0830912,0.927551,0.949911,0.932714
1,17.57864633,0.425721,0.00130642,0.00130642,0.0490649,0.0364139,0.0457564,0.359291,0.371842,0.36257
1,18.03622498,2.37694,0.000814164,0.000814164,0.0292483,0.0214013,0.0270067,2.24402,2.25334,2.24668
1,19.04671115,1.56098,0.000286356,0.000286356,0.00907622,0.00647796,0.00820882,1.48646,1.48935,1.48742
2,0.000224299,0.556237,5.37789,5.37789,5.66055,5.65356,5.67902,-3.08865,-3.08583,-3.0961
2,0.045084112,2.87935,5.35773,5.35773,5.64743,5.64045,5.66593,-1.67642,-1.67295,-1.68559
2,0.067514019,2.97751,5.34765,5.34765,5.64087,5.63389,5.65939,-1.61369,-1.61019,-1.62295
2,0.134803738,4.05726,5.31742,5.31742,5.62119,5.61422,5.63975,-0.94878,-0.944978,-0.958877
2,0.157233645,3.27198,5.30734,5.30734,5.61463,5.60766,5.63321,-1.42181,-1.41822,-1.43134
2,0.269383178,3.40286,5.25695,5.25695,5.58184,5.57487,5.60049,-1.32531,-1.32167,-1.33502
2,0.426392523,2.01227,5.1864,5.1864,5.53592,5.52896,5.55468,-2.14964,-2.14638,-2.15843
2,0.426392523,4.13906,5.1864,5.1864,5.53592,5.52896,5.55468,-0.852172,-0.848314,-0.862552
2,0.51611215,4.90798,5.14609,5.14609,5.50969,5.50273,5.5285,-0.367714,-0.36363,-0.378745
2,0.650691589,3.81186,5.08562,5.08562,5.47033,5.46338,5.48924,-1.01615,-1.01235,-1.02645
2,0.650691589,3.5501,5.08562,5.08562,5.47033,5.46338,5.48924,-1.17653,-1.17281,-1.18663
2,0.673121495,2.86299,5.07554,5.07554,5.46377,5.45683,5.4827,-1.59419,-1.59067,-1.60379
2,0.762841121,3.09202,5.03523,5.03523,5.43753,5.43059,5.45652,-1.44021,-1.43661,-1.45005
2,0.807700935,5.51329,5.01507,5.01507,5.42442,5.41748,5.44343,0.0546205,0.0589115,0.0428803
2,0.897420561,4.25358,4.97476,4.97476,5.39818,5.39125,5.41725,-0.704652,-0.700706,-0.715491
2,0.9198504669999999,3.01022,4.96468,4.96468,5.39162,5.38469,5.41071,-1.4667,-1.4631,-1.47659
2,0.9198504669999999,4.79346,4.96468,4.96468,5.39162,5.38469,5.41071,-0.368408,-0.364307,-0.379686
2,0.96471028,5.97137,4.94452,4.94452,5.3785,5.37157,5.39762,0.365466,0.369908,0.353231
2,0.96471028,4.98978,4.94452,4.94452,5.3785,5.37157,5.39762,-0.239624,-0.235461,-0.251093
2,0.9871401869999999,3.51738,4.93444,4.93444,5.37194,5.36501,5.39108,-1.14371,-1.13997,-1.15405
2,0.9871401869999999,4.07362,4.93444,4.93444,5.37194,5.36501,5.39108,-0.800681,-0.796775,-0.811451
2,1.054429907,3.3865,4.90421,4.90421,5.35226,5.34534,5.37145,-1.21388,-1.21016,-1.22416
2,1.121719626,3.1411,4.87397,4.87397,5.33258,5.32567,5.35181,-1.35504,-1.35138,-1.36518
2,1.211439252,4.30266,4.83366,4.83366,5.30635,5.29943,5.32564,-0.621687,-0.61769,-0.632821
2,1.278728972,5.20245,4.80342,4.80342,5.28667,5.27976,5.306,-0.0522313,-0.0479675,-0.0641399
2,1.323588785,5.48057,4.78326,4.78326,5.27355,5.26664,5.29291,0.128512,0.132861,0.11634
2,1.346018692,4.10634,4.77318,4.77318,5.26699,5.26008,5.28637,-0.720802,-0.716844,-0.731889
2,1.390878505,7.00204,4.75303,4.75303,5.25387,5.24697,5.27328,1.08663,1.09142,1.07317
2,1.413308411,5.10429,4.74295,4.74295,5.24731,5.24041,5.26674,-0.0889355,-0.0846824,-0.100884
2,1.435738318,7.62372,4.73287,4.73287,5.24075,5.23385,5.26019,1.4825,1.48748,1.4685
2,1.480598131,5.79141,4.71271,4.71271,5.22763,5.22074,5.2471,0.351048,0.355508,0.338482
2,1.480598131,5.62781,4.71271,4.71271,5.22763,5.22074,5.2471,0.24918,0.253592,0.236747
2,1.503028037,4.76074,4.70263,4.70263,5.22107,5.21418,5.24056,-0.286766,-0.2826,-0.298514
2,1.660037383,6.11861,4.63208,4.63208,5.17516,5.16827,5.19475,0.589535,0.594114,0.576532
2,1.660037383,4.92434,4.63208,4.63208,5.17516,5.16827,5.19475,-0.156732,-0.152499,-0.168752
2,1.727327103,4.05726,4.60185,4.60185,5.15548,5.1486,5.17512,-0.687155,-0.683165,-0.698519
2,1.817046729,6.51125,4.56153,4.56153,5.12924,5.12236,5.14894,0.866251,0.870966,0.852769
2,1.884336449,5.07157,4.5313,4.5313,5.10956,5.10269,5.12931,-0.0238438,-0.0195381,-0.0361878
2,1.929196262,3.58282,4.51114,4.51114,5.09645,5.08957,5.11622,-0.950855,-0.946978,-0.96199
2,1.951626168,6.31493,4.50106,4.50106,5.08989,5.08302,5.10968,0.76991,0.774589,0.75646
2,1.974056075,5.62781,4.49098,4.49098,5.08333,5.07646,5.10313,0.342348,0.346829,0.329454
2,1.996485981,1.68507,4.48091,4.48091,5.07677,5.0699,5.09659,-2.1335,-2.13017,-2.14309
2,2.041345794,6.72393,4.46075,4.46075,5.06365,5.05678,5.0835,1.0453,1.05011,1.03142
2,2.131065421,4.97342,4.42043,4.42043,5.03741,5.03055,5.05732,-0.0403632,-0.0360532,-0.05285
2,2.153495327,6.21677,4.41036,4.41036,5.03085,5.02399,5.05078,0.748311,0.75299,0.734743
2,2.175925234,6.49489,4.40028,4.40028,5.02429,5.01743,5.04423,0.928356,0.93312,0.914528
2,2.243214953,2.94479,4.37004,4.37004,5.00461,4.99776,5.0246,-1.30207,-1.29834,-1.31292
2,2.310504673,4.23722,4.33981,4.33981,4.98494,4.97809,5.00497,-0.473284,-0.469168,-0.485302
2,2.377794393,5.12065,4.30957,4.30957,4.96526,4.95841,4.98534,0.098494,0.102881,0.0856507
2,2.422654206,3.58282,4.28941,4.28941,4.95214,4.9453,4.97225,-0.868682,-0.864745,-0.880229
2,2.422654206,7.80368,4.28941,4.28941,4.95214,4.9453,4.97225,1.80899,1.81418,1.79377
2,2.422654206,5.21881,4.28941,4.28941,4.95214,4.9453,4.97225,0.169176,0.173598,0.156205
2,2.512373832,4.95706,4.2491,4.2491,4.9259,4.91906,4.94607,0.0197992,0.024156,0.00697148
2,2.534803738,7.0184,4.23902,4.23902,4.91934,4.91251,4.93953,1.33462,1.33959,1.31996
2,2.534803738,5.62781,4.23902,4.23902,4.91934,4.91251,4.93953,0.450456,0.455015,0.437018
2,2.534803738,4.51534,4.23902,4.23902,4.91934,4.91251,4.93953,-0.256872,-0.252644,-0.269333
2,2.669383178,5.54601,4.17855,4.17855,4.87999,4.87316,4.90026,0.424614,0.429168,0.411115
2,2.669383178,5.05521,4.17855,4.17855,4.87999,4.87316,4.90026,0.111714,0.116122,0.0986507
2,2.669383178,4.35174,4.17855,4.17855,4.87999,4.87316,4.90026,-0.336775,-0.332578,-0.349215
2,2.736672897,3.48466,4.14832,4.14832,4.86031,4.85348,4.88063,-0.878206,-0.874259,-0.889935
2,2.826392523,5.95501,4.108,4.108,4.83407,4.82725,4.85445,0.716896,0.721596,0.702874
2,2.91611215,3.10838,4.06769,4.06769,4.80783,4.80102,4.82828,-1.08885,-1.08499,-1.10039
2,2.91611215,5.75869,4.06769,4.06769,4.80783,4.80102,4.82828,0.609221,0.613876,0.595284
2,2.960971963,5.05521,4.04754,4.04754,4.79471,4.7879,4.81519,0.167056,0.171504,0.15371
2,2.960971963,3.69734,4.04754,4.04754,4.79471,4.7879,4.81519,-0.703731,-0.699692,-0.715848
2,2.983401869,5.66053,4.03746,4.03746,4.78815,4.78134,4.80864,0.559698,0.564332,0.545781
2,3.005831776,2.68303,4.02738,4.02738,4.7816,4.77479,4.8021,-1.34701,-1.34327,-1.35824
2,3.005831776,4.7771,4.02738,4.02738,4.7816,4.77479,4.8021,-0.00288792,0.00148295,-0.0160254
2,3.050691589,3.41922,4.00722,4.00722,4.76848,4.76167,4.78901,-0.86683,-0.862864,-0.878773
2,3.050691589,6.26585,4.00722,4.00722,4.76848,4.76167,4.78901,0.961989,0.966816,0.947451
2,3.050691589,5.31697,4.00722,4.00722,4.76848,4.76167,4.78901,0.352382,0.356923,0.33871
2,3.095551402,4.07362,3.98707,3.98707,4.75536,4.74855,4.77592,-0.438382,-0.434211,-0.450963
2,3.140411215,5.90593,3.96691,3.96691,4.74224,4.73544,4.76283,0.748974,0.753707,0.734671
2,3.162841121,3.25562,3.95683,3.95683,4.73568,4.72888,4.75629,-0.953026,-0.949096,-0.964918
2,3.162841121,5.49693,3.95683,3.95683,4.73568,4.72888,4.75629,0.49018,0.494791,0.476229
2,3.252560748,5.39877,3.91652,3.91652,4.70944,4.70265,4.73011,0.444677,0.449272,0.430725
2,3.297420561,4.76074,3.89637,3.89637,4.69632,4.68953,4.71702,0.0415893,0.045996,0.0281831
2,3.319850467,5.67689,3.88629,3.88629,4.68976,4.68297,4.71048,0.637653,0.642343,0.623373
2,3.319850467,4.1227,3.88629,3.88629,4.68976,4.68297,4.71048,-0.366307,-0.362091,-0.379142
2,3.387140187,6.05317,3.85606,3.85606,4.67009,4.6633,4.69085,0.894653,0.899468,0.879951
2,3.409570093,6.51125,3.84598,3.84598,4.66353,4.65674,4.6843,1.19575,1.20071,1.1806
2,3.409570093,5.00613,3.84598,3.84598,4.66353,4.65674,4.6843,0.221718,0.226216,0.207972
2,3.432,6.87117,3.8359,3.8359,4.65697,4.65018,4.67776,1.43357,1.43865,1.41806
2,3.432,3.3047,3.8359,3.8359,4.65697,4.65018,4.67776,-0.875518,-0.871539,-0.887693
2,3.454429907,3.97546,3.82582,3.82582,4.65041,4.64363,4.67122,-0.437193,-0.433005,-0.450017
2,3.454429907,4.4499,3.82582,3.82582,4.65041,4.64363,4.67122,-0.129879,-0.125546,-0.143149
2,3.476859813,4.5317,3.81575,3.81575,4.64385,4.63707,4.66467,-0.0726789,-0.0683171,-0.0860471
2,3.521719626,5.56237,3.79559,3.79559,4.63073,4.62395,4.65158,0.604293,0.608977,0.589908
2,3.521719626,3.45194,3.79559,3.79559,4.63073,4.62395,4.65158,-0.7646,-0.760564,-0.776994
2,3.544149533,7.31288,3.78551,3.78551,4.62417,4.61739,4.64504,1.74478,1.75001,1.72872
2,3.633869159,4.90798,3.74521,3.74521,4.59793,4.59116,4.61886,0.201564,0.206064,0.187684
2,3.656299065,4.02454,3.73513,3.73513,4.59138,4.58461,4.61232,-0.368681,-0.364451,-0.381743
2,3.678728972,4.56442,3.72505,3.72505,4.58482,4.57805,4.60577,-0.0132739,-0.00887348,-0.0268723
2,3.723588785,3.5501,3.7049,3.7049,4.5717,4.56493,4.59269,-0.665383,-0.66129,-0.678055
2,3.723588785,3.23926,3.7049,3.7049,4.5717,4.56493,4.59269,-0.867838,-0.863841,-0.880212
2,3.813308411,6.05317,3.66459,3.66459,4.54546,4.5387,4.56651,0.983809,0.98869,0.968641
2,3.903028037,4.22086,3.62428,3.62428,4.51922,4.51247,4.54033,-0.195048,-0.190722,-0.208538
2,3.925457944,3.53374,3.61421,3.61421,4.51266,4.50591,4.53379,-0.64024,-0.636125,-0.653085
2,3.925457944,3.41922,3.61421,3.61421,4.51266,4.50591,4.53379,-0.715139,-0.71106,-0.727872
2,3.94788785,3.9591,3.60413,3.60413,4.5061,4.49935,4.52724,-0.35792,-0.35367,-0.3712
2,3.970317757,3.20654,3.59405,3.59405,4.49955,4.49279,4.5207,-0.846439,-0.84242,-0.859007
2,3.992747664,5.12065,3.58398,3.58398,4.49299,4.48624,4.51416,0.411081,0.4157,0.396623
2,3.992747664,3.01022,3.58398,3.58398,4.49299,4.48624,4.51416,-0.97111,-0.96715,-0.983507
2,4.037607477,2.61759,3.56382,3.56382,4.47987,4.47312,4.50107,-1.2208,-1.21696,-1.23285
2,4.060037383,4.59714,3.55375,3.55375,4.47331,4.46656,4.49452,0.0812122,0.0856776,0.0671971
2,4.08246729,5.51329,3.54367,3.54367,4.46675,4.46,4.48798,0.686687,0.691442,0.671748
2,4.104897196,1.71779,3.5336,3.5336,4.46019,4.45345,4.48144,-1.80025,-1.79668,-1.81148
2,4.104897196,3.3047,3.5336,3.5336,4.46019,4.45345,4.48144,-0.758521,-0.754454,-0.77131
2,4.127327103,6.10225,3.52352,3.52352,4.45363,4.44689,4.47489,1.08274,1.08769,1.06717
2,4.172186916,4.10634,3.50337,3.50337,4.44051,4.43377,4.4618,-0.219674,-0.215346,-0.233319
2,4.239476636,2.71575,3.47314,3.47314,4.42083,4.4141,4.44217,-1.12243,-1.11853,-1.13476
2,4.261906542,4.40082,3.46306,3.46306,4.41428,4.40754,4.43563,-0.00886302,-0.00442995,-0.022891
2,4.261906542,4.97342,3.46306,3.46306,4.41428,4.40754,4.43563,0.368243,0.372857,0.353645
2,4.351626168,3.69734,3.42276,3.42276,4.38804,4.38131,4.40945,-0.455734,-0.45151,-0.469149
2,4.351626168,4.87526,3.42276,3.42276,4.38804,4.38131,4.40945,0.321474,0.32607,0.306878
2,4.418915888,5.88957,3.39254,3.39254,4.36836,4.36164,4.38982,1.00513,1.01005,0.989436
2,4.418915888,6.59305,3.39254,3.39254,4.36836,4.36164,4.38982,1.46994,1.47509,1.45354
2,4.418915888,2.97751,3.39254,3.39254,4.36836,4.36164,4.38982,-0.918996,-0.91499,-0.931752
2,4.486205607,4.30266,3.36231,3.36231,4.34868,4.34196,4.37019,-0.0304533,-0.0260187,-0.0446137
2,4.486205607,4.1227,3.36231,3.36231,4.34868,4.34196,4.37019,-0.149526,-0.145149,-0.163505
2,4.508635514,4.84254,3.35224,3.35224,4.34212,4.3354,4.36364,0.331261,0.33587,0.31653
2,4.531065421,5.52965,3.34216,3.34216,4.33557,4.32885,4.3571,0.790828,0.795658,0.775375
2,4.531065421,2.81391,3.34216,3.34216,4.33557,4.32885,4.3571,-1.00777,-1.00381,-1.02047
2,4.575925234,6.56033,3.32202,3.32202,4.32245,4.31573,4.34401,1.48351,1.48867,1.46695
2,4.66564486,1.43967,3.28172,3.28172,4.29621,4.2895,4.31784,-1.89717,-1.89362,-1.90858
2,4.66564486,3.07566,3.28172,3.28172,4.29621,4.2895,4.31784,-0.810626,-0.806557,-0.823715
2,4.66564486,4.0409,3.28172,3.28172,4.29621,4.2895,4.31784,-0.169565,-0.165187,-0.183643
2,4.66564486,3.8773,3.28172,3.28172,4.29621,4.2895,4.31784,-0.278219,-0.273894,-0.29213
2,4.732934579,3.45194,3.2515,3.2515,4.27653,4.26983,4.2982,-0.548424,-0.544225,-0.561965
2,4.755364486,3.94274,3.24143,3.24143,4.26997,4.26327,4.29166,-0.217741,-0.213382,-0.231811
2,4.800224299,4.80982,3.22128,3.22128,4.25686,4.25015,4.27857,0.368285,0.372929,0.353271
2,4.889943925,3.27198,3.18099,3.18099,4.23062,4.22392,4.2524,-0.639679,-0.635516,-0.653189
2,4.912373832,3.56646,3.17092,3.17092,4.22406,4.21736,4.24585,-0.43901,-0.434749,-0.452849
2,4.912373832,2.37219,3.17092,3.17092,4.22406,4.21736,4.24585,-1.2363,-1.23242,-1.24889
2,4.934803738,3.41922,3.16084,3.16084,4.2175,4.21081,4.23931,-0.533179,-0.528962,-0.546886
2,4.934803738,4.41718,3.16084,3.16084,4.2175,4.21081,4.23931,0.133366,0.137904,0.118615
2,4.957233645,4.64622,3.15077,3.15077,4.21094,4.20425,4.23277,0.290861,0.295476,0.275846
2,5.002093458,3.9591,3.13063,3.13063,4.19782,4.19113,4.21968,-0.159672,-0.155272,-0.174015
2,5.002093458,4.49898,3.13063,3.13063,4.19782,4.19113,4.21968,0.201428,0.206003,0.186518
2,5.024523364,3.59918,3.12056,3.12056,4.19127,4.18458,4.21313,-0.396206,-0.391919,-0.410193
2,5.024523364,4.13906,3.12056,3.12056,4.19127,4.18458,4.21313,-0.0349349,-0.0304733,-0.0494904
2,5.069383178,5.38241,3.10042,3.10042,4.17815,4.17146,4.20005,0.806625,0.811495,0.790708
2,5.114242991,1.91411,3.08027,3.08027,4.16503,4.15835,4.18696,-1.50911,-1.50535,-1.5214
2,5.114242991,6.11861,3.08027,3.08027,4.16503,4.15835,4.18696,1.30976,1.31488,1.29301
2,5.114242991,2.83027,3.08027,3.08027,4.16503,4.15835,4.18696,-0.89488,-0.890828,-0.908144
2,5.18153271,1.97955,3.05006,3.05006,4.14535,4.13867,4.16733,-1.45411,-1.45032,-1.46653
2,5.226392523,5.02249,3.02992,3.02992,4.13223,4.12556,4.15424,0.598283,0.603062,0.582568
2,5.271252336,3.82822,3.00978,3.00978,4.11912,4.11244,4.14115,-0.195677,-0.191279,-0.210164
2,5.293682243,4.90798,2.99972,2.99972,4.11256,4.10588,4.13461,0.535308,0.540061,0.519639
2,5.360971963,4.10634,2.96951,2.96951,4.09288,4.08621,4.11498,0.00907066,0.013572,-0.00581129
2,5.360971963,2.73211,2.96951,2.96951,4.09288,4.08621,4.11498,-0.917095,-0.913042,-0.930494
2,5.405831776,5.18609,2.94937,2.94937,4.07976,4.0731,4.10189,0.746324,0.751185,0.730224
2,5.405831776,3.10838,2.94937,2.94937,4.07976,4.0731,4.10189,-0.655285,-0.651103,-0.669136
2,5.428261682,7.47648,2.93931,2.93931,4.0732,4.06654,4.09534,2.29692,2.30254,2.27831
2,5.428261682,4.51534,2.93931,2.93931,4.0732,4.06654,4.09534,0.298402,0.303048,0.283004
2,5.450691589,3.6319,2.92924,2.92924,4.06664,4.05998,4.0888,-0.293555,-0.289195,-0.308019
2,5.517981308,4.8589,2.89904,2.89904,4.04697,4.04031,4.06917,0.549029,0.553801,0.533154
2,5.517981308,6.08589,2.89904,2.89904,4.04697,4.04031,4.06917,1.37873,1.3839,1.36151
2,5.540411215,2.96115,2.88897,2.88897,4.04041,4.03375,4.06263,-0.730152,-0.725999,-0.743978
2,5.652560748,4.6953,2.83865,2.83865,4.00762,4.00096,4.02991,0.466349,0.471089,0.450498
2,5.652560748,4.51534,2.83865,2.83865,4.00762,4.00096,4.02991,0.344311,0.348991,0.328658
2,5.652560748,3.66462,2.83865,2.83865,4.00762,4.00096,4.02991,-0.2326,-0.2282,-0.247315
2,5.652560748,2.56851,2.83865,2.83865,4.00762,4.00096,4.02991,-0.975928,-0.971889,-0.989434
2,5.719850467,3.89366,2.80845,2.80845,3.98794,3.98129,4.01028,-0.0640267,-0.0595408,-0.0790677
2,5.719850467,3.2229,2.80845,2.80845,3.98794,3.98129,4.01028,-0.519553,-0.515289,-0.533851
2,5.876859813,3.59918,2.73802,2.73802,3.94203,3.93539,3.96447,-0.233619,-0.229207,-0.248503
2,5.921719626,1.86503,2.7179,2.7179,3.92891,3.92227,3.95138,-1.40771,-1.40386,-1.42069
2,5.966579439,2.66667,2.69778,2.69778,3.91579,3.90916,3.9383,-0.85281,-0.848695,-0.866741
2,5.989009346,4.80982,2.68772,2.68772,3.90923,3.9026,3.93175,0.615147,0.619979,0.598773
2,5.989009346,4.6135,2.68772,2.68772,3.90923,3.9026,3.93175,0.48105,0.485817,0.464898
2,5.989009346,4.0409,2.68772,2.68772,3.90923,3.9026,3.93175,0.0899347,0.0945109,0.0744294
2,5.989009346,3.3047,2.68772,2.68772,3.90923,3.9026,3.93175,-0.412928,-0.408597,-0.427602
2,6.011439252,2.84663,2.67766,2.67766,3.90268,3.89605,3.92521,-0.721688,-0.717507,-0.735868
2,6.101158879,1.76687,2.63744,2.63744,3.87644,3.86982,3.89904,-1.44444,-1.4406,-1.45748
2,6.101158879,3.0593,2.63744,2.63744,3.87644,3.86982,3.89904,-0.559499,-0.555233,-0.574013
2,6.123588785,3.97546,2.62738,2.62738,3.86988,3.86326,3.89249,0.0723245,0.0768999,0.056741
2,6.146018692,3.59918,2.61733,2.61733,3.86332,3.8567,3.88595,-0.181035,-0.176582,-0.196214
2,6.235738318,1.91411,2.57711,2.57711,3.83709,3.83047,3.85978,-1.32051,-1.31661,-1.33385
2,6.235738318,5.56237,2.57711,2.57711,3.83709,3.83047,3.85978,1.18475,1.18988,1.16721
2,6.280598131,5.26789,2.55701,2.55701,3.82397,3.81736,3.84669,0.992501,0.997536,0.975247
2,6.280598131,4.22086,2.55701,2.55701,3.82397,3.81736,3.84669,0.272806,0.277488,0.25676
2,6.280598131,3.86094,2.55701,2.55701,3.82397,3.81736,3.84669,0.0254103,0.0299717,0.00977949
2,6.370317757,2.96115,2.51681,2.51681,3.79774,3.79113,3.82052,-0.576165,-0.571893,-0.590853
2,6.392747664,4.58078,2.50676,2.50676,3.79118,3.78457,3.81397,0.544062,0.548884,0.527465
2,6.41517757,6.75665,2.49672,2.49672,3.78462,3.77802,3.80743,2.04883,2.0544,2.02968
2,6.437607477,4.76074,2.48667,2.48667,3.77806,3.77146,3.80089,0.677758,0.682649,0.660897
2,6.460037383,5.88957,2.47662,2.47662,3.77151,3.7649,3.79434,1.46156,1.46684,1.44335
2,6.48246729,4.98978,2.46658,2.46658,3.76495,3.75834,3.7878,0.845599,0.850575,0.828414
2,6.504897196,4.25358,2.45653,2.45653,3.75839,3.75179,3.78126,0.342037,0.346767,0.325688
2,6.527327103,1.93047,2.44649,2.44649,3.75183,3.74523,3.77471,-1.25866,-1.25472,-1.27231
2,6.527327103,5.61145,2.44649,2.44649,3.75183,3.74523,3.77471,1.2851,1.2903,1.26713
2,6.527327103,0.670757,2.44649,2.44649,3.75183,3.74523,3.77471,-2.12919,-2.12568,-2.14136
2,6.639476636,3.56646,2.39629,2.39629,3.71904,3.71245,3.742,-0.105697,-0.10118,-0.121394
2,6.639476636,3.3865,2.39629,2.39629,3.71904,3.71245,3.742,-0.230363,-0.225907,-0.245847
2,6.639476636,3.25562,2.39629,2.39629,3.71904,3.71245,3.742,-0.32103,-0.316618,-0.336358
2,6.661906542,2.71575,2.38625,2.38625,3.71248,3.70589,3.73545,-0.690822,-0.686591,-0.705535
2,6.818915888,3.99182,2.31601,2.31601,3.66657,3.65999,3.68965,0.226198,0.23089,0.209784
2,6.886205607,3.77914,2.28592,2.28592,3.6469,3.64032,3.67002,0.0921047,0.0967344,0.0758672
2,6.886205607,3.20654,2.28592,2.28592,3.6469,3.64032,3.67002,-0.306706,-0.302273,-0.322253
2,6.931065421,2.01227,2.26587,2.26587,3.63378,3.62721,3.65694,-1.13049,-1.12646,-1.14464
2,6.953495327,4.25358,2.25585,2.25585,3.62723,3.62065,3.6504,0.436895,0.441699,0.420003
2,6.953495327,3.61554,2.25585,2.25585,3.62723,3.62065,3.6504,-0.00815043,-0.00356629,-0.0242696
2,6.99835514,1.76687,2.23581,2.23581,3.61411,3.60754,3.63731,-1.28976,-1.28581,-1.30369
2,6.99835514,2.19223,2.23581,2.23581,3.61411,3.60754,3.63731,-0.992774,-0.988674,-1.00722
2,7.06564486,3.01022,2.20575,2.20575,3.59444,3.58787,3.61768,-0.408508,-0.404115,-0.42402
2,7.088074766,4.54806,2.19573,2.19573,3.58788,3.58131,3.61114,0.671732,0.67666,0.654312
2,7.110504673,1.96319,2.18572,2.18572,3.58132,3.57476,3.6046,-1.13259,-1.12855,-1.14687
2,7.132934579,3.7955,2.17571,2.17571,3.57476,3.5682,3.59805,0.154578,0.159254,0.138026
2,7.177794393,2.42127,2.15569,2.15569,3.56165,3.55509,3.58497,-0.79938,-0.795175,-0.814294
2,7.200224299,3.17382,2.14568,2.14568,3.55509,3.54853,3.57843,-0.267392,-0.262921,-0.283258
2,7.222654206,4.1227,2.13567,2.13567,3.54853,3.54198,3.57188,0.402875,0.407679,0.38581
2,7.267514019,4.71166,2.11567,2.11567,3.53542,3.52886,3.5588,0.826151,0.831167,0.808299
2,7.334803738,3.3865,2.08567,2.08567,3.51575,3.50919,3.53917,-0.0909113,-0.0863457,-0.107199
2,7.379663551,3.92638,2.06568,2.06568,3.50263,3.49608,3.52609,0.298367,0.303129,0.281351
2,7.402093458,1.32515,2.05569,2.05569,3.49607,3.48953,3.51955,-1.52933,-1.52548,-1.54312
2,7.402093458,5.54601,2.05569,2.05569,3.49607,3.48953,3.51955,1.44411,1.44944,1.42503
2,7.424523364,5.85685,2.0457,2.0457,3.48952,3.48297,3.513,1.66853,1.67398,1.64904
2,7.424523364,6.72393,2.0457,2.0457,3.48952,3.48297,3.513,2.27966,2.28541,2.25908
2,7.446953271,4.7771,2.03571,2.03571,3.48296,3.47641,3.50646,0.91258,0.917651,0.894411
2,7.446953271,4.64622,2.03571,2.03571,3.48296,3.47641,3.50646,0.820288,0.825314,0.802284
2,7.469383178,3.68098,2.02573,2.02573,3.4764,3.46986,3.49992,0.144334,0.149025,0.127515
2,7.536672897,1.83231,1.99579,1.99579,3.45673,3.45019,3.48029,-1.14777,-1.14372,-1.16233
2,7.536672897,4.22086,1.99579,1.99579,3.45673,3.45019,3.48029,0.539912,0.544804,0.522328
2,7.536672897,5.00613,1.99579,1.99579,3.45673,3.45019,3.48029,1.09477,1.09993,1.07619
2,7.64882243,2.38855,1.94593,1.94593,3.42394,3.41741,3.44758,-0.733412,-0.729148,-0.748805
2,7.64882243,2.56851,1.94593,1.94593,3.42394,3.41741,3.44758,-0.60594,-0.601612,-0.621562
2,7.671252336,3.56646,1.93597,1.93597,3.41739,3.41086,3.44104,0.105648,0.110332,0.0887258
2,7.671252336,3.32106,1.93597,1.93597,3.41739,3.41086,3.44104,-0.0682645,-0.0636676,-0.0848733
2,7.805831776,3.82822,1.87624,1.87624,3.37805,3.37152,3.40179,0.319996,0.324795,0.30257
2,7.895551402,3.3047,1.83649,1.83649,3.35182,3.3453,3.37562,-0.0335594,-0.0289316,-0.0504207
2,7.917981308,2.14315,1.82656,1.82656,3.34526,3.33875,3.36908,-0.856646,-0.852429,-0.872025
2,7.940411215,2.97751,1.81663,1.81663,3.33871,3.33219,3.36254,-0.257528,-0.25301,-0.274019
2,7.962841121,2.86299,1.80671,1.80671,3.33215,3.32564,3.356,-0.334671,-0.33019,-0.351039
2,8.030130841,4.25358,1.77696,1.77696,3.31248,3.30597,3.33637,0.672332,0.677321,0.654061
2,8.030130841,3.7955,1.77696,1.77696,3.31248,3.30597,3.33637,0.345075,0.349901,0.327404
2,8.052560748,3.68098,1.76705,1.76705,3.30593,3.29942,3.32983,0.26808,0.272868,0.250531
2,8.052560748,2.07771,1.76705,1.76705,3.30593,3.29942,3.32983,-0.877897,-0.873682,-0.893341
2,8.097420561,1.94683,1.74724,1.74724,3.29281,3.28631,3.31675,-0.963045,-0.958871,-0.978368
2,8.142280374,3.40286,1.72746,1.72746,3.2797,3.2732,3.30367,0.0882108,0.0929147,0.0709139
2,8.16471028,4.1227,1.71757,1.71757,3.27315,3.26664,3.29713,0.608775,0.613741,0.590497
2,8.232,4.35174,1.68793,1.68793,3.25348,3.24698,3.27751,0.788189,0.793251,0.769517
2,8.232,1.25971,1.68793,1.68793,3.25348,3.24698,3.27751,-1.43087,-1.42692,-1.44543
2,8.254429907,3.3047,1.67806,1.67806,3.24692,3.24043,3.27096,0.0414891,0.0461765,0.024181
2,8.344149533,0.916155,1.63863,1.63863,3.2207,3.21421,3.2448,-1.6581,-1.65427,-1.67232
2,8.366579439,3.94274,1.62879,1.62879,3.21414,3.20766,3.23826,0.524487,0.529424,0.506179
2,8.389009346,3.58282,1.61895,1.61895,3.20759,3.2011,3.23172,0.270253,0.275063,0.2524
2,8.411439252,6.08589,1.60911,1.60911,3.20103,3.19455,3.22518,2.0788,2.08453,2.05755
2,8.411439252,2.47035,1.60911,1.60911,3.20103,3.19455,3.22518,-0.526526,-0.522115,-0.542909
2,8.456299065,3.69734,1.58946,1.58946,3.18792,3.18144,3.2121,0.367457,0.372321,0.349361
2,8.478728972,3.33742,1.57964,1.57964,3.18137,3.17489,3.20556,0.112624,0.117361,0.0949868
2,8.501158879,4.33538,1.56983,1.56983,3.17481,3.16833,3.19902,0.837999,0.843103,0.818979
2,8.501158879,0.834356,1.56983,1.56983,3.17481,3.16833,3.19902,-1.68995,-1.68612,-1.70422
2,8.501158879,3.48466,1.56983,1.56983,3.17481,3.16833,3.19902,0.22373,0.228525,0.205864
2,8.523588785,4.02454,1.56003,1.56003,3.16826,3.16178,3.19248,0.618603,0.623598,0.599974
2,8.635738318,2.17587,1.5111,1.5111,3.13548,3.12901,3.15978,-0.695025,-0.690686,-0.711274
2,8.658168224,1.94683,1.50134,1.50134,3.12893,3.12246,3.15324,-0.856603,-0.852344,-0.872564
2,8.658168224,3.10838,1.50134,1.50134,3.12893,3.12246,3.15324,-0.0148873,-0.0102034,-0.0324427
2,8.703028037,1.75051,1.48183,1.48183,3.11582,3.10935,3.14016,-0.990378,-0.986184,-1.00612
2,8.725457944,1.14519,1.47209,1.47209,3.10927,3.1028,3.13362,-1.42544,-1.42147,-1.44038
2,8.792747664,2.56851,1.4429,1.4429,3.0896,3.08314,3.114,-0.378772,-0.374264,-0.395752
2,8.904897196,6.90389,1.39443,1.39443,3.05683,3.05038,3.08131,2.80352,2.80965,2.78035
2,8.904897196,1.06339,1.39443,1.39443,3.05683,3.05038,3.08131,-1.45271,-1.44874,-1.46773
2,8.904897196,2.83027,1.39443,1.39443,3.05683,3.05038,3.08131,-0.16511,-0.160487,-0.182595
2,8.927327103,3.53374,1.38476,1.38476,3.05028,3.04383,3.07477,0.352503,0.35739,0.334005
2,8.972186916,2.30675,1.36546,1.36546,3.03717,3.03072,3.06169,-0.533116,-0.528675,-0.549952
2,8.972186916,3.27198,1.36546,1.36546,3.03717,3.03072,3.06169,0.171382,0.17618,0.153191
2,8.972186916,3.89366,1.36546,1.36546,3.03717,3.03072,3.06169,0.625127,0.630155,0.606063
2,9.017046729,3.04294,1.34619,1.34619,3.02407,3.01762,3.04861,0.0137936,0.0185144,-0.00413445
2,9.039476636,2.48671,1.33657,1.33657,3.01751,3.01107,3.04208,-0.388019,-0.383501,-0.405192
2,9.061906542,4.84254,1.32696,1.32696,3.01096,3.00451,3.03554,1.33958,1.34497,1.31905
2,9.106766355,1.57055,1.30777,1.30777,2.99785,2.99141,3.02246,-1.04498,-1.04079,-1.06093
2,9.106766355,3.61554,1.30777,1.30777,2.99785,2.99141,3.02246,0.452231,0.45718,0.433374
2,9.129196262,1.29243,1.29819,1.29819,2.9913,2.98486,3.01592,-1.24444,-1.24035,-1.26003
2,9.174056075,4.41718,1.27907,1.27907,2.9782,2.97176,3.00285,1.05516,1.06042,1.03507
2,9.196485981,3.43558,1.26953,1.26953,2.97164,2.96521,2.99631,0.34037,0.345268,0.321646
2,9.241345794,3.73006,1.25048,1.25048,2.95854,2.9521,2.98324,0.566615,0.571631,0.547408
2,9.286205607,2.55215,1.23148,1.23148,2.94543,2.939,2.97016,-0.289133,-0.28455,-0.306711
2,9.286205607,3.27198,1.23148,1.23148,2.94543,2.939,2.97016,0.24007,0.244923,0.221459
2,9.308635514,1.35787,1.222,1.222,2.93888,2.93245,2.96362,-1.16292,-1.15878,-1.17881
2,9.331065421,3.10838,1.21253,1.21253,2.93233,2.9259,2.95709,0.129565,0.134364,0.111128
2,9.375925234,5.54601,1.19363,1.19363,2.91923,2.9128,2.94401,1.93516,1.94088,1.91313
2,9.39835514,4.26994,1.18421,1.18421,2.91268,2.90625,2.93748,1.00042,1.00567,0.980208
2,9.420785047,7.39468,1.1748,1.1748,2.90612,2.8997,2.93094,3.31017,3.31659,3.28539
2,9.443214953,2.38855,1.1654,1.1654,2.89957,2.89315,2.9244,-0.37706,-0.372512,-0.394602
2,9.443214953,2.84663,1.1654,1.1654,2.89957,2.89315,2.9244,-0.0390668,-0.0343464,-0.0572743
2,9.443214953,4.15542,1.1654,1.1654,2.89957,2.89315,2.9244,0.926628,0.931842,0.906519
2,9.510504673,4.89162,1.1373,1.1373,2.87992,2.8735,2.90479,1.48665,1.49216,1.46537
2,9.532934579,0.719836,1.12796,1.12796,2.87337,2.86695,2.89826,-1.5923,-1.58837,-1.60752
2,9.532934579,4.40082,1.12796,1.12796,2.87337,2.86695,2.89826,1.12938,1.13471,1.10878
2,9.645084112,3.41922,1.08153,1.08153,2.84062,2.83421,2.86558,0.428934,0.433907,0.409614
2,9.645084112,2.68303,1.08153,1.08153,2.84062,2.83421,2.86558,-0.116826,-0.112132,-0.135061
2,9.667514019,1.42331,1.07229,1.07229,2.83407,2.82766,2.85904,-1.04637,-1.04215,-1.06278
2,9.667514019,2.48671,1.07229,1.07229,2.83407,2.82766,2.85904,-0.257641,-0.253018,-0.275616
2,9.734803738,3.25562,1.0447,1.0447,2.81442,2.80802,2.83944,0.327762,0.332688,0.308557
2,9.846953271,2.42127,0.999096,0.999096,2.78167,2.77528,2.80677,-0.26844,-0.263812,-0.286553
2,9.869383178,2.78119,0.990038,0.990038,2.77512,2.76873,2.80023,0.00451705,0.00928639,-0.014165
2,9.959102804,1.79959,0.954023,0.954023,2.74893,2.74254,2.7741,-0.708958,-0.70455,-0.726282
2,9.959102804,3.1411,0.954023,0.954023,2.74893,2.74254,2.7741,0.29287,0.297793,0.273523
2,10.00396262,2.61759,0.936153,0.936153,2.73584,2.72945,2.76103,-0.0884012,-0.0836712,-0.107019
2,10.02639252,2.35583,0.927253,0.927253,2.72929,2.72291,2.7545,-0.279339,-0.274705,-0.29759
2,10.07125234,2.04499,0.909528,0.909528,2.7162,2.70982,2.74143,-0.502573,-0.498052,-0.520411
2,10.13854206,2.53579,0.88313,0.88313,2.69656,2.69018,2.72184,-0.120568,-0.115847,-0.139244
2,10.16097196,3.01022,0.874384,0.874384,2.69001,2.68364,2.71531,0.240272,0.245181,0.22084
2,10.18340187,5.33e-15,0.865665,0.865665,2.68346,2.67709,2.70877,-2.01459,-2.01084,-2.02944
2,10.20583178,3.40286,0.856973,0.856973,2.67692,2.67055,2.70224,0.545286,0.550355,0.525188
2,10.2731215,2.35583,0.831067,0.831067,2.65728,2.65092,2.68265,-0.226794,-0.222119,-0.245375
2,10.2731215,3.9591,0.831067,0.831067,2.65728,2.65092,2.68265,0.979403,0.9847,0.958349
2,10.31798131,2.74847,0.813942,0.813942,2.64419,2.63783,2.66959,0.078532,0.0833674,0.0592833
2,10.40770093,5.87321,0.780062,0.780062,2.61802,2.61166,2.64347,2.45681,2.46288,2.43257
2,10.40770093,2.30675,0.780062,0.780062,2.61802,2.61166,2.64347,-0.234925,-0.230246,-0.253611
2,10.40770093,3.7955,0.780062,0.780062,2.61802,2.61166,2.64347,0.88869,0.89395,0.867685
2,10.40770093,3.35378,0.780062,0.780062,2.61802,2.61166,2.64347,0.55531,0.560397,0.534993
2,10.40770093,3.01022,0.780062,0.780062,2.61802,2.61166,2.64347,0.296014,0.300967,0.276232
2,10.47499065,2.53579,0.754991,0.754991,2.59839,2.59203,2.62388,-0.0473212,-0.0425411,-0.0664565
2,10.49742056,3.19018,0.746701,0.746701,2.59184,2.58549,2.61735,0.452552,0.457592,0.432359
2,10.51985047,4.46626,0.738445,0.738445,2.5853,2.57895,2.61083,1.42341,1.42895,1.40118
2,10.54228037,3.51738,0.730224,0.730224,2.57876,2.57241,2.6043,0.71068,0.715857,0.689907
2,10.632,1.86503,0.6977,0.6977,2.55259,2.54625,2.57819,-0.521701,-0.517157,-0.539992
2,10.65442991,1.01431,0.689662,0.689662,2.54605,2.53971,2.57166,-1.16286,-1.15864,-1.17983
2,10.92358879,2.53579,0.596315,0.596315,2.46758,2.46126,2.49336,0.0521132,0.0569722,0.0323495
2,10.94601869,4.15542,0.588812,0.588812,2.46105,2.45473,2.48684,1.29533,1.30084,1.27291
2,11.03573832,0.327198,0.55925,0.55925,2.4349,2.42859,2.46075,-1.61479,-1.61079,-1.63111
2,11.03573832,1.50511,0.55925,0.55925,2.4349,2.42859,2.46075,-0.712347,-0.707879,-0.73059
2,11.03573832,2.38855,0.55925,0.55925,2.4349,2.42859,2.46075,-0.0355135,-0.0306935,-0.0551969
2,11.08059813,1.66871,0.544748,0.544748,2.42183,2.41552,2.4477,-0.577617,-0.573077,-0.596186
2,11.14788785,1.42331,0.523353,0.523353,2.40223,2.39593,2.42814,-0.752012,-0.747559,-0.770268
2,11.17031776,2.19223,0.516319,0.516319,2.3957,2.38939,2.42162,-0.15639,-0.151625,-0.175941
2,11.19274766,1.79959,0.509335,0.509335,2.38916,2.38286,2.4151,-0.453405,-0.448794,-0.47234
2,11.26003738,2.58487,0.488683,0.488683,2.36957,2.36327,2.39555,0.165843,0.170781,0.145516
2,11.28246729,1.47239,0.481901,0.481901,2.36304,2.35674,2.38903,-0.686425,-0.681931,-0.704939
2,11.3048972,3.25562,0.475171,0.475171,2.35651,2.35021,2.38251,0.693333,0.698549,0.671826
2,11.39461682,2.91207,0.448775,0.448775,2.33039,2.3241,2.35645,0.449522,0.454617,0.428452
2,11.43947664,2.45399,0.435897,0.435897,2.31733,2.31105,2.34342,0.105724,0.110641,0.0853554
2,11.46190654,2.06135,0.42954,0.42954,2.3108,2.30452,2.3369,-0.193092,-0.18833,-0.212833
2,11.48433645,1.93047,0.423237,0.423237,2.30428,2.298,2.33039,-0.289506,-0.284793,-0.309058
2,11.52919626,2.71575,0.410796,0.410796,2.29122,2.28495,2.31736,0.329145,0.334185,0.308205
2,11.52919626,4.38446,0.410796,0.410796,2.29122,2.28495,2.31736,1.62294,1.62866,1.59919
2,11.64134579,0.359918,0.380671,0.380671,2.2586,2.25233,2.28481,-1.47612,-1.47202,-1.49322
2,11.91050467,0.834356,0.314208,0.314208,2.18036,2.17412,2.20672,-1.05335,-1.04901,-1.07159
2,11.93293458,2.15951,0.309047,0.309047,2.17385,2.16761,2.20022,-0.0112254,-0.00634248,-0.0318043
2,11.93293458,0.687117,0.309047,0.309047,2.17385,2.16761,2.20022,-1.16411,-1.15983,-1.18213
2,11.97779439,1.11247,0.2989,0.2989,2.16082,2.15458,2.18721,-0.821756,-0.817297,-0.840574
2,12.02265421,1.73415,0.288988,0.288988,2.14779,2.14156,2.17421,-0.324592,-0.31987,-0.344557
2,12.04508411,3.69734,0.284119,0.284119,2.14128,2.13505,2.16771,1.22176,1.22729,1.19832
2,12.11237383,1.96319,0.269864,0.269864,2.12174,2.11552,2.14821,-0.124695,-0.119863,-0.145188
2,12.17966355,1.45603,0.256131,0.256131,2.10222,2.096,2.12872,-0.509038,-0.504405,-0.52873
2,12.24695327,2.84663,0.242918,0.242918,2.0827,2.07649,2.10924,0.602789,0.608012,0.580536
2,12.26938318,2.61759,0.238629,0.238629,2.07619,2.06998,2.10275,0.427431,0.432563,0.405551
2,12.38153271,3.28834,0.218034,0.218034,2.04368,2.03748,2.07029,0.985387,0.990818,0.962134
2,12.42639252,1.89775,0.210189,0.210189,2.03068,2.02449,2.05732,-0.105358,-0.100501,-0.126182
2,12.42639252,1.60327,0.210189,0.210189,2.03068,2.02449,2.05732,-0.338753,-0.334019,-0.359047
2,12.47125234,2.09407,0.202565,0.202565,2.01769,2.0115,2.04435,0.0606045,0.0655511,0.0393625
2,12.47125234,1.06339,0.202565,0.202565,2.01769,2.0115,2.04435,-0.757183,-0.752669,-0.776566
2,12.51611215,3.32106,0.19516,0.19516,2.0047,1.99851,2.03138,1.04563,1.0511,1.0221
2,12.53854206,2.20859,0.191538,0.191538,1.9982,1.99202,2.0249,0.167209,0.172215,0.145662
2,12.60583178,1.93047,0.180995,0.180995,1.97873,1.97255,2.00545,-0.0384171,-0.0335172,-0.0595566
2,12.6955514,0.736196,0.167671,0.167671,1.95277,1.94661,1.97954,-0.970675,-0.966266,-0.989756
2,12.91985047,1.79959,0.137862,0.137862,1.88797,1.88182,1.91484,-0.0709079,-0.0660138,-0.0922538
2,12.91985047,0.916155,0.137862,0.137862,1.88797,1.88182,1.91484,-0.779725,-0.775207,-0.799429
2,12.98714019,4.33538,0.129844,0.129844,1.86855,1.86241,1.89545,1.98257,1.98855,1.95639
2,13.05442991,1.66871,0.122229,0.122229,1.84914,1.84302,1.87607,-0.145255,-0.140396,-0.166546
2,13.05442991,4.5317,0.122229,0.122229,1.84914,1.84302,1.87607,2.15957,2.16565,2.13291
2,13.18900935,0.458078,0.108155,0.108155,1.81037,1.80426,1.83735,-1.09232,-1.08796,-1.11151
2,13.23386916,2.38855,0.103791,0.103791,1.79746,1.79135,1.82446,0.477995,0.48319,0.45509
2,13.25629907,0.539877,0.101668,0.101668,1.791,1.7849,1.81801,-1.01231,-1.00791,-1.03174
2,13.30115888,3.58282,0.0975374,0.0975374,1.7781,1.772,1.80513,1.46188,1.4676,1.4366
2,13.3908785,2.02863,0.0897228,0.0897228,1.75231,1.74623,1.77937,0.224331,0.229394,0.201885
2,13.41330841,3.76278,0.0878592,0.0878592,1.74587,1.73979,1.77294,1.63837,1.64418,1.61256
2,13.41330841,4.08998,0.0878592,0.0878592,1.74587,1.73979,1.77294,1.90415,1.91011,1.87772
2,13.45816822,2.65031,0.0842365,0.0842365,1.73299,1.72691,1.76007,0.745991,0.751333,0.722253
2,13.48059813,0.556237,0.0824763,0.0824763,1.72655,1.72048,1.75364,-0.952273,-0.947834,-0.972008
2,13.52545794,2.14315,0.0790559,0.0790559,1.71368,1.70761,1.74079,0.349847,0.354979,0.326989
2,13.74975701,1.40695,0.0638219,0.0638219,1.64946,1.64342,1.67663,-0.198664,-0.193822,-0.220394
2,13.81704673,0.997955,0.0598116,0.0598116,1.63023,1.6242,1.65742,-0.518853,-0.514181,-0.539867
2,13.99648598,0.719836,0.050239,0.050239,1.57906,1.57306,1.60628,-0.708292,-0.703723,-0.728975
2,14.0637757,1.55419,0.0470365,0.0470365,1.55991,1.55392,1.58715,-0.00472082,0.00022263,-0.0271481
2,14.24321495,0.0981595,0.0394163,0.0394163,1.50897,1.50301,1.53623,-1.17027,-1.16595,-1.18999
2,14.24321495,2.43763,0.0394163,0.0394163,1.50897,1.50301,1.53623,0.770327,0.77568,0.745895
2,14.31050467,2.78119,0.0368747,0.0368747,1.48991,1.48397,1.51718,1.07294,1.07845,1.04773
2,14.4002243,2.87935,0.0337292,0.0337292,1.46455,1.45862,1.49183,1.17825,1.18382,1.15272
2,14.4002243,4.05726,0.0337292,0.0337292,1.46455,1.45862,1.49183,2.15923,2.16532,2.1313
2,14.44508411,0.196319,0.0322548,0.0322548,1.45189,1.44597,1.47916,-1.04684,-1.04246,-1.06697
2,14.44508411,1.01431,0.0322548,0.0322548,1.45189,1.44597,1.47916,-0.364828,-0.360086,-0.386624
2,14.44508411,1.37423,0.0322548,0.0322548,1.45189,1.44597,1.47916,-0.0647441,-0.0598428,-0.0872735
2,14.53480374,2.73211,0.0294902,0.0294902,1.4266,1.4207,1.45388,1.09095,1.09646,1.06553
2,14.64695327,1.22699,0.0263552,0.0263552,1.39508,1.38921,1.42235,-0.140861,-0.13601,-0.163315
2,14.87125234,1.79959,0.0210264,0.0210264,1.33233,1.3265,1.35957,0.393811,0.39893,0.369932
2,14.98340187,0.179959,0.0187718,0.0187718,1.30111,1.29532,1.32833,-0.947594,-0.943193,-0.968204
2,15.02826168,1.79959,0.0179377,0.0179377,1.28866,1.28287,1.31587,0.432329,0.437454,0.408291
2,15.0955514,1.86503,0.0167543,0.0167543,1.27001,1.26425,1.29721,0.504333,0.509489,0.480094
2,15.25256075,3.68098,0.0142829,0.0142829,1.22669,1.22097,1.25383,2.0885,2.09447,2.06029
2,15.27499065,0.572597,0.0139604,0.0139604,1.22052,1.21481,1.24765,-0.551671,-0.54709,-0.573342
2,15.29742056,1.68507,0.0136452,0.0136452,1.21436,1.20865,1.24148,0.401008,0.406086,0.37697
2,15.38714019,1.86503,0.0124526,0.0124526,1.18977,1.18409,1.21685,0.576569,0.581726,0.552078
2,15.47685981,0.883436,0.011363,0.011363,1.16528,1.15962,1.1923,-0.241194,-0.236477,-0.263665
2,15.52171963,2.81391,0.010854,0.010854,1.15307,1.14743,1.18007,1.42291,1.42848,1.3963
2,15.90302804,1.66871,0.00734526,0.00734526,1.0504,1.0449,1.07711,0.534794,0.539834,0.510425
2,16.08246729,1.81595,0.00610934,0.00610934,1.00287,0.997432,1.02939,0.70639,0.711474,0.681655
2,16.26190654,2.56851,0.00508017,0.00508017,0.955897,0.950541,0.982206,1.40719,1.41257,1.38081
2,16.30676636,1.97955,0.00485104,0.00485104,0.94425,0.938914,0.9705,0.904407,0.909524,0.879304
3,0,0.620408,5.37799,5.37799,6.45899,6.426,6.85618,-3.35825,-3.34611,-3.50058
3,2.018691589,4.5551,4.47093,4.47093,5.94125,5.90268,6.31782,-0.823702,-0.802763,-1.02283
3,2.041121495,2.61224,4.46085,4.46085,5.9355,5.89687,6.31184,-1.97553,-1.95741,-2.14751
3,3.005607477,5.24082,4.02748,4.02748,5.68813,5.64683,6.05437,-0.270188,-0.245904,-0.479972
3,3.857943925,3.72245,3.64454,3.64454,5.46953,5.42588,5.8268,-1.07049,-1.04676,-1.25971
3,4.014953271,2.1551,3.574,3.574,5.42926,5.38517,5.78488,-2.01153,-1.99025,-2.17875
3,4.014953271,3.2,3.574,3.574,5.42926,5.38517,5.78488,-1.36958,-1.34642,-1.55156
3,4.037383178,5.01224,3.56392,3.56392,5.42351,5.37936,5.77889,-0.252761,-0.226289,-0.460352
3,4.351401869,3.82041,3.42286,3.42286,5.34297,5.29795,5.69504,-0.94078,-0.915708,-1.13181
3,5.001869159,3.11837,3.13073,3.13073,5.17614,5.12933,5.52135,-1.28576,-1.26048,-1.46737
3,5.136448598,5.8449,3.0703,3.0703,5.14162,5.09444,5.48541,0.44045,0.471499,0.220041
3,5.226168224,1.94286,3.03002,3.03002,5.11861,5.07118,5.46145,-1.99202,-1.96857,-2.15711
3,5.45046729,4.81633,2.92934,2.92934,5.06109,5.01304,5.40155,-0.154125,-0.124274,-0.360203
3,5.876635514,3.59184,2.73812,2.73812,4.95178,4.90256,5.28775,-0.862759,-0.834336,-1.05176
3,5.943925234,4.70204,2.70794,2.70794,4.93453,4.88512,5.26978,-0.147664,-0.116675,-0.352517
3,6.011214953,4.3102,2.67777,2.67777,4.91727,4.86767,5.25181,-0.386035,-0.355705,-0.585361
3,6.03364486,6.33469,2.66771,2.66771,4.91151,4.86186,5.24582,0.905364,0.940152,0.677188
3,6.347663551,4.60408,2.52696,2.52696,4.83098,4.78045,5.16196,-0.145142,-0.113216,-0.348911
3,6.841121495,5.12653,2.30608,2.30608,4.70442,4.65253,5.03018,0.272393,0.306983,0.0607998
3,6.908411215,6.12245,2.276,2.276,4.68716,4.63509,5.01221,0.927319,0.964456,0.701447
3,6.998130841,4.19592,2.23591,2.23591,4.66415,4.61183,4.98825,-0.303003,-0.270131,-0.501411
3,7.020560748,6.17143,2.22589,2.22589,4.6584,4.60602,4.98226,0.979508,1.01713,0.752848
3,7.042990654,5.40408,2.21587,2.21587,4.65265,4.6002,4.97627,0.486661,0.522537,0.270953
3,7.155140187,7.77143,2.1658,2.1658,4.62388,4.57113,4.94632,2.04258,2.0845,1.79293
3,7.244859813,4.76735,2.12577,2.12577,4.60087,4.54787,4.92236,0.108207,0.143188,-0.0985398
3,7.289719626,6.85714,2.10577,2.10577,4.58937,4.53624,4.91038,1.47522,1.51541,1.23854
3,7.334579439,5.81224,2.08577,2.08577,4.57786,4.52461,4.8984,0.803629,0.841436,0.58187
3,7.334579439,4.44082,2.08577,2.08577,4.57786,4.52461,4.8984,-0.0892213,-0.0547594,-0.291357
3,7.379439252,4.01633,2.06578,2.06578,4.56636,4.51298,4.88642,-0.358378,-0.32482,-0.554469
3,7.446728972,6.23673,2.03581,2.03581,4.5491,4.49554,4.86845,1.10093,1.14016,0.873017
3,7.648598131,4.81633,1.94603,1.94603,4.49732,4.44321,4.81454,0.208861,0.245227,0.0011433
3,7.693457944,6.44898,1.9261,1.9261,4.48582,4.43158,4.80256,1.28639,1.32701,1.05526
3,7.85046729,4.76735,1.85646,1.85646,4.44555,4.39088,4.76063,0.211462,0.248349,0.0043166
3,7.962616822,6.80816,1.80681,1.80681,4.41679,4.36181,4.73068,1.57465,1.61716,1.33818
3,8.007476636,5.74694,1.78697,1.78697,4.40528,4.35018,4.7187,0.884164,0.924092,0.662875
3,8.007476636,3.6898,1.78697,1.78697,4.40528,4.35018,4.7187,-0.471514,-0.436908,-0.663306
3,8.007476636,5.3551,1.78697,1.78697,4.40528,4.35018,4.7187,0.625939,0.664854,0.410269
3,8.142056075,8.26122,1.72755,1.72755,4.37077,4.31529,4.68276,2.57014,2.61712,2.3127
3,8.231775701,4.5551,1.68803,1.68803,4.34776,4.29204,4.6588,0.137201,0.174768,-0.0671319
3,8.321495327,5.48571,1.64858,1.64858,4.32475,4.26878,4.63484,0.769485,0.809818,0.551744
3,8.343925234,4.32653,1.63873,1.63873,4.319,4.26296,4.62885,0.00499565,0.0423185,-0.196122
3,8.456074766,5.9102,1.58956,1.58956,4.29023,4.23389,4.5989,1.07636,1.11831,0.852447
3,8.747663551,4.75102,1.46245,1.46245,4.21545,4.15831,4.52103,0.357764,0.397573,0.150329
3,8.882242991,3.98367,1.40421,1.40421,4.18094,4.12342,4.48509,-0.132102,-0.0939746,-0.32858
3,8.94953271,6.66122,1.3752,1.3752,4.16368,4.10598,4.46712,1.67462,1.72048,1.43962
3,9.01682243,4.8,1.34628,1.34628,4.14642,4.08854,4.44916,0.438773,0.479644,0.230493
3,9.039252336,5.9102,1.33666,1.33666,4.14067,4.08272,4.44317,1.18846,1.23254,0.964201
3,9.039252336,4.60408,1.33666,1.33666,4.14067,4.08272,4.44317,0.311236,0.351631,0.105761
3,9.151401869,7.72245,1.28872,1.28872,4.11191,4.05365,4.41322,2.42997,2.47965,2.17959
3,9.218691589,3.80408,1.26009,1.26009,4.09465,4.03621,4.39525,-0.195806,-0.157088,-0.389861
3,9.285981308,5.06122,1.23157,1.23157,4.0774,4.01877,4.37728,0.663798,0.706366,0.451626
3,9.330841121,6.22041,1.21262,1.21262,4.06589,4.00714,4.3653,1.45489,1.50098,1.22602
3,9.353271028,5.32245,1.20317,1.20317,4.06014,4.00132,4.35931,0.852761,0.89633,0.636798
3,9.375700935,4.39184,1.19373,1.19373,4.05439,3.99551,4.35332,0.228062,0.269006,0.0254789
3,9.487850467,6.26939,1.14674,1.14674,4.02563,3.96644,4.32337,1.5196,1.56645,1.28994
3,9.66728972,4.34286,1.07238,1.07238,3.97961,3.91993,4.27545,0.246841,0.288658,0.0448356
3,9.846728972,4.71837,0.999187,0.999187,3.93359,3.87342,4.22753,0.535086,0.578673,0.327598
3,9.958878505,5.02857,0.954113,0.954113,3.90483,3.84435,4.19758,0.767825,0.81277,0.555823
3,10.00373832,6.92245,0.936242,0.936242,3.89333,3.83272,4.1856,2.07148,2.1224,1.83217
3,10.02616822,4.35918,0.927342,0.927342,3.88758,3.8269,4.17961,0.322649,0.365791,0.120265
3,10.02616822,5.51837,0.927342,0.927342,3.88758,3.8269,4.17961,1.1157,1.1624,0.896611
3,10.11588785,7.24898,0.891991,0.891991,3.86457,3.80365,4.15565,2.31936,2.37177,2.0753
3,10.22803738,3.80408,0.848395,0.848395,3.83581,3.77458,4.12571,-0.021788,0.0203523,-0.216244
3,10.2953271,5.1102,0.822575,0.822575,3.81855,3.75714,4.10774,0.888194,0.934674,0.674887
3,10.34018692,5.20816,0.805511,0.805511,3.80705,3.74551,4.09576,0.964286,1.01125,0.749551
3,10.38504673,3.15102,0.78857,0.78857,3.79554,3.73389,4.08378,-0.443958,-0.403331,-0.629048
3,10.45233645,4.63673,0.763398,0.763398,3.77829,3.71644,4.06581,0.592068,0.637651,0.385534
3,10.65420561,4.70204,0.689742,0.689742,3.72652,3.66412,4.0119,0.675409,0.721971,0.467869
3,10.69906542,4.13061,0.673779,0.673779,3.71502,3.6525,3.99992,0.287986,0.332865,0.0886761
3,10.74392523,3.4449,0.657972,0.657972,3.70352,3.64087,3.98794,-0.179365,-0.136555,-0.368795
3,10.85607477,6.07347,0.619166,0.619166,3.67476,3.6118,3.958,1.6672,1.71906,1.43982
3,10.94579439,4.21224,0.588887,0.588887,3.65175,3.58855,3.93404,0.390238,0.436309,0.189684
3,10.99065421,5.42041,0.574014,0.574014,3.64025,3.57692,3.92206,1.24049,1.29075,1.02249
3,11.01308411,5.99184,0.566645,0.566645,3.6345,3.57111,3.91607,1.6434,1.69566,1.41715
3,11.03551402,4.81633,0.559323,0.559323,3.62875,3.5653,3.91008,0.82827,0.8767,0.618977
3,11.14766355,6.38367,0.523424,0.523424,3.59999,3.53623,3.88013,1.94567,1.99983,1.71372
3,11.23738318,2.48163,0.495585,0.495585,3.57698,3.51298,3.85618,-0.766928,-0.725616,-0.942568
3,11.28224299,4.65306,0.481969,0.481969,3.56548,3.50135,3.8442,0.762146,0.81101,0.555153
3,11.3271028,3.65714,0.468559,0.468559,3.55398,3.48973,3.83222,0.0723566,0.117993,-0.120269
3,11.37196262,2.13878,0.45536,0.45536,3.54248,3.4781,3.82024,-0.985388,-0.944796,-1.1561
3,11.41682243,4.16327,0.442374,0.442374,3.53098,3.46648,3.80826,0.444249,0.491965,0.2443
3,11.6635514,2.67755,0.374874,0.374874,3.46772,3.40254,3.74238,-0.557842,-0.514378,-0.736376
3,11.68598131,3.2,0.369075,0.369075,3.46196,3.39673,3.73639,-0.185023,-0.13964,-0.371104
3,11.73084112,2.38367,0.357649,0.357649,3.45046,3.3851,3.72442,-0.754123,-0.71146,-0.928421
3,11.86542056,3.36327,0.324758,0.324758,3.41596,3.35023,3.68848,-0.0373479,0.0092853,-0.225807
3,11.93271028,4.94694,0.309098,0.309098,3.39871,3.33279,3.67051,1.09879,1.15137,0.88745
3,12,3.78776,0.293965,0.293965,3.38146,3.31536,3.65255,0.288733,0.337412,0.0941309
3,12.02242991,6.22041,0.289037,0.289037,3.37571,3.30955,3.64656,2.02246,2.08003,1.79272
3,12.04485981,3.08571,0.284168,0.284168,3.36996,3.30373,3.64057,-0.202172,-0.155862,-0.386638
3,12.11214953,5.64898,0.26991,0.26991,3.3527,3.2863,3.6226,1.63543,1.69134,1.41394
3,12.22429907,2.51429,0.247309,0.247309,3.32395,3.25724,3.59266,-0.577928,-0.533043,-0.75415
3,12.29158879,4.88163,0.234439,0.234439,3.3067,3.23981,3.5747,1.12565,1.17954,0.915231
3,12.31401869,5.19184,0.230263,0.230263,3.30095,3.234,3.56871,1.35207,1.4072,1.13717
3,12.3364486,2.82449,0.226143,0.226143,3.2952,3.22819,3.56272,-0.336732,-0.290288,-0.517439
3,12.3588785,2.30204,0.22208,0.22208,3.28945,3.22237,3.55673,-0.706673,-0.662088,-0.879834
3,12.44859813,4.73469,0.206387,0.206387,3.26646,3.19913,3.53278,1.05266,1.10668,0.844356
3,12.65046729,2.36735,0.174263,0.174263,3.21471,3.14683,3.47888,-0.609956,-0.564063,-0.784058
3,12.6728972,3.46122,0.170957,0.170957,3.20896,3.14102,3.47289,0.181667,0.231814,-0.00823472
3,12.74018692,3.05306,0.161347,0.161347,3.19171,3.12359,3.45493,-0.0999845,-0.0511305,-0.283988
3,12.87476636,3.00408,0.143466,0.143466,3.15722,3.08873,3.419,-0.110727,-0.0615334,-0.294015
3,12.94205607,4.08163,0.13517,0.13517,3.13997,3.0713,3.40104,0.681781,0.73544,0.482936
3,12.98691589,4.44082,0.12987,0.12987,3.12848,3.05968,3.38906,0.951014,1.00627,0.746986
3,13.00934579,4.57143,0.127287,0.127287,3.12273,3.05387,3.38307,1.0503,1.10617,0.84439
3,13.0317757,2.62857,0.124748,0.124748,3.11698,3.04806,3.37709,-0.354254,-0.305913,-0.532105
3,13.16635514,4.60408,0.11042,0.11042,3.08249,3.01321,3.34116,1.10662,1.16333,0.90026
3,13.23364486,2.10612,0.103813,0.103813,3.06525,2.99578,3.3232,-0.698497,-0.651455,-0.86878
3,13.30093458,3.55918,0.0975577,0.0975577,3.048,2.97835,3.30524,0.372778,0.4259,0.181523
3,13.30093458,2.35102,0.0975577,0.0975577,3.048,2.97835,3.30524,-0.508277,-0.46,-0.682086
3,13.32336449,3.13469,0.0955486,0.0955486,3.04226,2.97255,3.29925,0.0674399,0.118952,-0.117681
3,13.3682243,2.93878,0.091641,0.091641,3.03076,2.96093,3.28728,-0.0671725,-0.0162666,-0.249457
3,13.45794393,3.98367,0.0842543,0.0842543,3.00777,2.9377,3.26333,0.713931,0.769445,0.516577
3,13.65981308,5.33e-15,0.0695726,0.0695726,2.95605,2.88543,3.20945,-2.17138,-2.13141,-2.31119
3,13.68224299,2.17143,0.0680953,0.0680953,2.95031,2.87962,3.20346,-0.572389,-0.523371,-0.743534
3,13.74953271,1.69796,0.0638357,0.0638357,2.93307,2.8622,3.1855,-0.908908,-0.861596,-1.0732
3,13.86168224,0.897959,0.0572824,0.0572824,2.90434,2.83317,3.15557,-1.47985,-1.43547,-1.63258
3,13.92897196,3.57551,0.0536581,0.0536581,2.8871,2.81575,3.13761,0.508447,0.564348,0.317104
3,13.99626168,3.5102,0.05025,0.05025,2.86987,2.79833,3.11966,0.473592,0.529514,0.283213
3,14.01869159,1.50204,0.04916,0.04916,2.86412,2.79253,3.11367,-1.00785,-0.960356,-1.16925
3,14.0411215,2.69388,0.0480925,0.0480925,2.85838,2.78672,3.10769,-0.121775,-0.0691263,-0.300363
3,14.13084112,5.30612,0.0440377,0.0440377,2.8354,2.7635,3.08375,1.83237,1.89658,1.61613
3,14.24299065,1.6,0.039425,0.039425,2.80668,2.73448,3.05382,-0.89697,-0.848205,-1.05972
3,14.28785047,3.88571,0.0377123,0.0377123,2.79519,2.72287,3.04185,0.811373,0.87022,0.615686
3,14.33271028,2.77551,0.0360709,0.0360709,2.7837,2.71127,3.02988,-0.00610211,0.0481215,-0.185765
3,14.44485981,4.27755,0.032262,0.032262,2.75499,2.68225,2.99996,1.13648,1.19778,0.935213
3,14.64672897,2.25306,0.0263611,0.0263611,2.70331,2.63004,2.94611,-0.33748,-0.284239,-0.50948
3,14.69158879,5.07755,0.0251995,0.0251995,2.69183,2.61843,2.93414,1.78985,1.85592,1.57719
3,14.93831776,2.93878,0.0196482,0.0196482,2.62869,2.55464,2.86833,0.233832,0.291423,0.0521076
3,14.98317757,3.10204,0.018776,0.018776,2.61721,2.54304,2.85637,0.365944,0.424483,0.181896
3,15.00560748,1.19184,0.0183543,0.0183543,2.61147,2.53724,2.85038,-1.07202,-1.02214,-1.22856
3,15.05046729,1.51837,0.0175384,0.0175384,2.59999,2.52565,2.83842,-0.817539,-0.765982,-0.978759
3,15.11775701,5.38776,0.0163808,0.0163808,2.58278,2.50826,2.82048,2.1231,2.19282,1.90625
3,15.25233645,1.76327,0.0142861,0.0142861,2.54836,2.47348,2.78459,-0.59591,-0.542398,-0.760536
3,15.29719626,2.98776,0.0136483,0.0136483,2.53688,2.46189,2.77263,0.342547,0.401987,0.160346
3,15.36448598,1.25714,0.0127437,0.0127437,2.51968,2.44451,2.75469,-0.960556,-0.908967,-1.11784
3,15.4317757,3.96735,0.0118982,0.0118982,2.50247,2.42713,2.73676,1.11607,1.18077,0.919894
3,15.67850467,0.0163265,0.00924581,0.00924581,2.43941,2.36343,2.67099,-1.85572,-1.80887,-1.99498
3,15.92523364,2.59592,0.00717979,0.00717979,2.37637,2.29976,2.60525,0.169018,0.229453,-0.00705316
3,16.1271028,0.881633,0.00583545,0.00583545,2.32483,2.24771,2.55148,-1.11582,-1.06302,-1.26715
3,16.21682243,1.24082,0.00532128,0.00532128,2.30193,2.22459,2.52759,-0.821976,-0.767012,-0.978367
3,16.30654206,2.85714,0.00485216,0.00485216,2.27904,2.20147,2.50371,0.448679,0.512199,0.269253
3,16.35140187,0.914286,0.00463326,0.00463326,2.26759,2.18992,2.49176,-1.05133,-0.997468,-1.20292
3,16.4635514,2.84082,0.00412805,0.00412805,2.23899,2.16104,2.46191,0.468657,0.532844,0.289647
3,16.66542056,2.74286,0.00335291,0.00335291,2.18753,2.10909,2.4082,0.43432,0.498967,0.25696
3,16.97943925,0.163265,0.00242538,0.00242538,2.10757,2.02838,2.3247,-1.53095,-1.47852,-1.67115
3,17.00186916,2.17143,0.00236989,0.00236989,2.10186,2.02262,2.31874,0.0548055,0.118023,-0.113951
3,17.11401869,2.23673,0.00211087,0.00211087,2.07333,1.99383,2.28894,0.129039,0.193126,-0.0404802
3,17.20373832,0.555102,0.00192415,0.00192415,2.05052,1.97081,2.2651,-1.18322,-1.12781,-1.32871
3,17.29345794,0.457143,0.00175392,0.00175392,2.02772,1.94781,2.24127,-1.2451,-1.18987,-1.38908
3,17.29345794,1.95918,0.00175392,0.00175392,2.02772,1.94781,2.24127,-0.0543322,0.00907799,-0.219629
3,17.31588785,3.2,0.00171376,0.00171376,2.02202,1.94206,2.23532,0.934321,1.0046,0.751452
3,17.42803738,2.67755,0.00152633,0.00152633,1.99354,1.91333,2.20555,0.543851,0.611824,0.368594
3,18.03364486,1.81224,0.000816338,0.000816338,1.84011,1.75864,2.04503,-0.0224464,0.0434963,-0.184275
3,18.12336449,4.5551,0.000744029,0.000744029,1.81744,1.7358,2.02129,2.21001,2.29218,2.00983
3,18.23551402,0.555102,0.000662576,0.000662576,1.78912,1.70728,1.99164,-0.998636,-0.939097,-1.14236
3,18.37009346,1.30612,0.000576507,0.000576507,1.75519,1.6731,1.95608,-0.364488,-0.30001,-0.518437
3,18.43738318,2.20408,0.000537758,0.000537758,1.73824,1.65603,1.93831,0.378661,0.448714,0.212314
3,18.95327103,2.04082,0.000315414,0.000315414,1.60875,1.52574,1.8024,0.355238,0.426619,0.192713
3,19.13271028,2.57959,0.000261984,0.000261984,1.56392,1.48068,1.75528,0.838391,0.913858,0.66905
3,19.26728972,0.359184,0.000227939,0.000227939,1.53038,1.44699,1.72,-0.969657,-0.907366,-1.10792
3,19.44672897,1.63265,0.000189324,0.000189324,1.48579,1.40223,1.67304,0.122078,0.192979,-0.0330171
3,20.43364486,1.66531,6.82006e-05,6.82006e-05,1.24375,1.15997,1.4171,0.358168,0.432667,0.20759
4,0,1.95122,5.37799,5.37799,7.30017,7.27727,6.82006,-2.92426,-2.91568,-2.73921
4,0.993314231,2.05765,4.93167,4.93167,7.21699,7.22526,7.04764,-2.83448,-2.83764,-2.76919
4,1.107927412,5.62306,4.88017,4.88017,7.19058,7.202,7.06387,-0.862526,-0.868223,-0.7988
4,1.184336199,0.922395,4.84583,4.84583,7.17137,7.18477,7.07328,-3.44241,-3.44705,-3.4082
4,1.222540592,4.25721,4.82867,4.82867,7.1613,7.17566,7.07754,-1.60075,-1.60729,-1.56235
4,1.910219675,7.34368,4.51967,4.51967,6.93751,6.96459,7.09996,0.226897,0.211423,0.134828
4,1.986628462,4.00887,4.48534,4.48534,6.9087,6.93671,7.09574,-1.62273,-1.63564,-1.70814
4,2.101241643,5.81818,4.43384,4.43384,6.86439,6.89361,7.08682,-0.587023,-0.602353,-0.702385
4,2.17765043,4.00887,4.3995,4.3995,6.83418,6.86411,7.07917,-1.58816,-1.60208,-1.70065
4,2.215854823,2.80266,4.38234,4.38234,6.81889,6.84915,7.07483,-2.25969,-2.27255,-2.36699
4,2.215854823,4.47007,4.38234,4.38234,6.81889,6.84915,7.07483,-1.32154,-1.33612,-1.44316
4,2.521489971,3.051,4.245,4.245,6.69272,6.72496,7.02821,-2.06476,-2.07895,-2.20972
4,2.903533906,8.26608,4.07334,4.07334,6.52751,6.56099,6.94214,0.995766,0.974576,0.739378
4,3.018147087,4.82483,4.02185,4.02185,6.47674,6.51038,6.91091,-0.949103,-0.966422,-1.1672
4,3.094555874,6.56319,3.98752,3.98752,6.44264,6.47635,6.88884,0.0694086,0.0498953,-0.18245
4,3.132760267,6.17295,3.97035,3.97035,6.42553,6.45926,6.87745,-0.145579,-0.164676,-0.394977
4,3.209169054,4.15078,3.93602,3.93602,6.39116,6.42491,6.85396,-1.29407,-1.31081,-1.5177
4,3.209169054,4.66519,3.93602,3.93602,6.39116,6.42491,6.85396,-0.996938,-1.0143,-1.22888
4,3.209169054,6.03104,3.93602,3.93602,6.39116,6.42491,6.85396,-0.208009,-0.227026,-0.462027
4,3.896848138,8.26608,3.62706,3.62706,6.07607,6.10895,6.60801,1.29025,1.26824,0.944966
4,3.915950334,7.18404,3.61848,3.61848,6.06721,6.10004,6.60045,0.658355,0.637673,0.33275
4,4.011461318,6.29712,3.57557,3.57557,6.02282,6.05541,6.56219,0.162154,0.142587,-0.151498
4,4.087870105,8.2306,3.54124,3.54124,5.98723,6.01963,6.53106,1.32918,1.30729,0.973203
4,4.106972302,7.55654,3.53266,3.53266,5.97832,6.01067,6.5232,0.935618,0.914553,0.592004
4,4.183381089,7.73392,3.49834,3.49834,5.94266,5.9748,6.49152,1.06434,1.0431,0.71317
4,4.240687679,7.27273,3.4726,3.4726,5.91588,5.94785,6.4675,0.807603,0.786962,0.462907
4,4.240687679,4.50554,3.4726,3.4726,5.91588,5.94785,6.4675,-0.839437,-0.85671,-1.12789
4,4.508118434,7.94678,3.35247,3.35247,5.79054,5.82167,6.35277,1.2938,1.27256,0.922923
4,4.508118434,6.38581,3.35247,3.35247,5.79054,5.82167,6.35277,0.357177,0.337816,0.0191317
4,4.699140401,7.50333,3.26668,3.26668,5.70072,5.7312,6.26856,1.08792,1.06741,0.718691
4,4.890162369,8.54989,3.18089,3.18089,5.6107,5.6405,6.18285,1.78432,1.76279,1.38517
4,4.928366762,7.57428,3.16374,3.16374,5.59268,5.62234,6.16555,1.20441,1.18408,0.825278
4,5.023877746,6.40355,3.12085,3.12085,5.54759,5.5769,6.12209,0.521786,0.502949,0.165338
4,5.062082139,7.25499,3.10369,3.10369,5.52955,5.55872,6.10463,1.05307,1.03328,0.676512
4,5.11938873,8.08869,3.07796,3.07796,5.50247,5.53143,6.07837,1.58123,1.56055,1.18422
4,5.17669532,7.5388,3.05223,3.05223,5.47539,5.50412,6.05201,1.26383,1.24388,0.877288
4,5.214899713,6.7051,3.03508,3.03508,5.45733,5.48592,6.0344,0.765169,0.746228,0.396194
4,5.23400191,6.26164,3.02651,3.02651,5.44829,5.47681,6.02558,0.499065,0.480662,0.139524
4,5.520534862,6.29712,2.89789,2.89789,5.31268,5.34008,5.89232,0.609505,0.591462,0.241302
4,5.539637058,5.10865,2.88932,2.88932,5.30363,5.33095,5.88338,-0.120796,-0.137472,-0.462086
4,5.711556829,6.52772,2.81218,2.81218,5.22217,5.2488,5.80265,0.813224,0.795214,0.434718
4,5.902578797,7.60976,2.72648,2.72648,5.1316,5.15746,5.71246,1.55308,1.5342,1.1442
4,5.921680993,6.86475,2.71792,2.71792,5.12254,5.14832,5.70342,1.09252,1.07448,0.700771
4,6.036294174,7.41463,2.66652,2.66652,5.06816,5.09348,5.64907,1.47687,1.45844,1.06916
4,6.074498567,5.42794,2.64939,2.64939,5.05004,5.07519,5.63092,0.238144,0.221913,-0.123065
4,6.074498567,5.14412,2.64939,2.64939,5.05004,5.07519,5.63092,0.0592917,0.0433649,-0.295135
4,6.112702961,8.42572,2.63226,2.63226,5.03191,5.05691,5.61276,2.14133,2.12196,1.70746
4,6.189111748,5.39246,2.59801,2.59801,4.99564,5.02033,5.5764,0.250992,0.234984,-0.111919
4,6.227316141,6.95344,2.58089,2.58089,4.97751,5.00204,5.55821,1.25134,1.23375,0.849931
4,6.227316141,5.78271,2.58089,2.58089,4.97751,5.00204,5.55821,0.509925,0.493567,0.136758
4,6.227316141,5.85366,2.58089,2.58089,4.97751,5.00204,5.55821,0.554859,0.538426,0.17998
4,6.532951289,4.64745,2.44397,2.44397,4.83239,4.85564,5.41223,-0.118291,-0.132953,-0.470386
4,6.532951289,5.60532,2.44397,2.44397,4.83239,4.85564,5.41223,0.494386,0.478744,0.118761
4,6.723973257,5.21508,2.35848,2.35848,4.74165,4.76411,5.32071,0.304717,0.289812,-0.0653663
4,6.914995224,5.78271,2.27306,2.27306,4.6509,4.67255,5.22902,0.733094,0.717984,0.344735
4,6.914995224,5.56984,2.27306,2.27306,4.6509,4.67255,5.22902,0.59522,0.580318,0.212205
4,7.029608405,6.03104,2.22184,2.22184,4.59644,4.61761,5.17393,0.932766,0.917641,0.535628
4,7.067812798,6.13747,2.20478,2.20478,4.57828,4.59929,5.15556,1.01506,0.99991,0.61438
4,7.067812798,5.78271,2.20478,2.20478,4.57828,4.59929,5.15556,0.784101,0.76929,0.392403
4,7.106017192,7.84035,2.18772,2.18772,4.56013,4.58097,5.13718,2.13821,2.12151,1.69346
4,7.182425979,4.75388,2.15362,2.15362,4.52381,4.54434,5.10042,0.150352,0.136741,-0.217634
4,7.220630372,5.35698,2.13658,2.13658,4.50566,4.52602,5.08203,0.557066,0.542962,0.172897
4,7.220630372,4.50554,2.13658,2.13658,4.50566,4.52602,5.08203,-7.32163e-05,-0.0133798,-0.362499
4,7.258834766,4.36364,2.11954,2.11954,4.4875,4.5077,5.06363,-0.0811522,-0.094255,-0.440714
4,7.526265521,6.102,2.00042,2.00042,4.36038,4.37945,4.93478,1.15141,1.13726,0.74135
4,7.526265521,4.32816,2.00042,2.00042,4.36038,4.37945,4.93478,-0.0213031,-0.0338656,-0.385291
4,7.698185291,7.04213,1.92401,1.92401,4.27866,4.297,4.85187,1.83767,1.82308,1.39906
4,7.908309456,6.91796,1.83084,1.83084,4.17876,4.19621,4.75047,1.83465,1.82067,1.39424
4,7.908309456,4.39911,1.83084,1.83084,4.17876,4.19621,4.75047,0.147584,0.135726,-0.226014
4,8.022922636,4.61197,1.78014,1.78014,4.12427,4.14124,4.69514,0.327938,0.316144,-0.0537046
4,8.022922636,4.15078,1.78014,1.78014,4.12427,4.14124,4.69514,0.01782,0.00640608,-0.351512
4,8.06112703,4.39911,1.76327,1.76327,4.10611,4.12291,4.6767,0.197279,0.185742,-0.179473
4,8.099331423,4.89579,1.7464,1.7464,4.08795,4.10459,4.65825,0.544639,0.532779,0.153781
4,8.099331423,5.03769,1.7464,1.7464,4.08795,4.10459,4.65825,0.640312,0.628336,0.24565
4,8.213944604,4.18625,1.69588,1.69588,4.03346,4.04961,4.60289,0.103424,0.0923832,-0.270772
4,8.213944604,3.08647,1.69588,1.69588,4.03346,4.04961,4.60289,-0.640984,-0.651149,-0.985514
4,8.213944604,3.33481,1.69588,1.69588,4.03346,4.04961,4.60289,-0.472892,-0.483254,-0.824121
4,8.2330468,4.5765,1.68747,1.68747,4.02437,4.04044,4.59366,0.373963,0.362654,-0.0111648
4,8.519579752,4.77162,1.56178,1.56178,3.88814,3.90299,4.45523,0.604401,0.593593,0.20777
4,8.538681948,4.68293,1.55344,1.55344,3.87906,3.89383,4.44599,0.550307,0.53961,0.155691
4,8.672397326,4.86031,1.49515,1.49515,3.81548,3.82968,4.38137,0.718629,0.708119,0.316163
4,8.901623687,6.03104,1.39584,1.39584,3.7065,3.71972,4.27056,1.61183,1.60108,1.17137
4,9.016236867,2.55432,1.34653,1.34653,3.65201,3.66474,4.21515,-0.764236,-0.772364,-1.10947
4,9.054441261,4.70067,1.33015,1.33015,3.63384,3.64641,4.19668,0.743765,0.734309,0.337122
4,9.073543457,4.23947,1.32198,1.32198,3.62476,3.63725,4.18744,0.428853,0.419747,0.0348228
4,9.092645654,5.42794,1.31381,1.31381,3.61568,3.62808,4.17821,1.26519,1.25536,0.837074
4,9.092645654,4.32816,1.31381,1.31381,3.61568,3.62808,4.17821,0.497404,0.488287,0.100438
4,9.207258835,1.59645,1.26495,1.26495,3.56119,3.57311,4.12279,-1.37728,-1.38439,-1.69894
4,9.207258835,1.09978,1.26495,1.26495,3.56119,3.57311,4.12279,-1.72545,-1.73225,-2.03295
4,9.245463228,3.1929,1.24873,1.24873,3.54302,3.55478,4.10432,-0.245771,-0.253797,-0.613737
4,9.512893983,1.77384,1.1363,1.1363,3.41589,3.4265,3.97499,-1.16384,-1.17042,-1.49627
4,9.53199618,4.20399,1.12835,1.12835,3.40681,3.41734,3.96575,0.565417,0.557498,0.162056
4,9.70391595,7.29047,1.05734,1.05734,3.32508,3.33488,3.88261,2.83018,2.82106,2.33232
4,9.894937918,1.77384,0.979744,0.979744,3.23429,3.24327,3.79022,-1.04968,-1.0554,-1.38947
4,9.914040115,4.949,0.972067,0.972067,3.22521,3.23411,3.78099,1.23983,1.23257,0.805417
4,10.04775549,1.63193,0.9188,0.9188,3.16166,3.16999,3.71631,-1.10569,-1.11099,-1.44424
4,10.04775549,3.22838,0.9188,0.9188,3.16166,3.16999,3.71631,0.0482298,0.0421807,-0.338082
4,10.12416428,2.09313,0.888751,0.888751,3.12534,3.13335,3.67936,-0.748201,-0.753532,-1.10212
4,10.12416428,3.58315,0.888751,0.888751,3.12534,3.13335,3.67936,0.33184,0.325834,-0.0668476
4,10.20057307,0.922395,0.859008,0.859008,3.08903,3.09671,3.6424,-1.57495,-1.57958,-1.89511
4,10.20057307,1.20621,0.859008,0.859008,3.08903,3.09671,3.6424,-1.36864,-1.3734,-1.69737
4,10.20057307,1.59645,0.859008,0.859008,3.08903,3.09671,3.6424,-1.08497,-1.0899,-1.42547
4,10.27698185,1.41907,0.829588,0.829588,3.05273,3.06008,3.60545,-1.1909,-1.19557,-1.52755
4,10.50620821,2.62528,0.743462,0.743462,2.94382,2.95019,3.49459,-0.234214,-0.23878,-0.612466
4,10.67812798,4.23947,0.68121,0.68121,2.86216,2.8678,3.41144,1.01928,1.01465,0.587082
4,10.88825215,2.34146,0.608226,0.608226,2.76238,2.76713,3.30983,-0.313999,-0.317416,-0.691955
4,10.92645654,5.35698,0.595354,0.595354,2.74425,2.74883,3.29136,1.9519,1.94776,1.47811
4,11.04106972,0.851441,0.557517,0.557517,2.68984,2.69393,3.23593,-1.37945,-1.38207,-1.7136
4,11.06017192,3.40576,0.551328,0.551328,2.68078,2.68479,3.2267,0.544398,0.541212,0.128777
4,11.09837631,2.8204,0.539053,0.539053,2.66265,2.66649,3.20823,0.118632,0.115703,-0.279309
4,11.11747851,2.41242,0.532968,0.532968,2.65358,2.65735,3.19899,-0.18149,-0.184267,-0.566887
4,11.1938873,0.532151,0.508981,0.508981,2.61733,2.62076,3.16205,-1.57384,-1.576,-1.90083
4,11.1938873,1.70288,0.508981,0.508981,2.61733,2.62076,3.16205,-0.690202,-0.692604,-1.05465
4,11.27029608,0.354767,0.485575,0.485575,2.58108,2.58419,3.1251,-1.68534,-1.68726,-2.00811
4,11.49952245,1.5255,0.419,0.419,2.47239,2.47452,3.01429,-0.72321,-0.724714,-1.08859
4,11.53772684,2.83814,0.408455,0.408455,2.45428,2.45625,2.99583,0.293619,0.292062,-0.115469
4,11.72874881,4.96674,0.358177,0.358177,2.36379,2.36495,2.90351,2.00599,2.0049,1.52188
4,11.91977077,2.44789,0.312069,0.312069,2.27338,2.27372,2.81122,0.13551,0.135236,-0.269974
4,12.03438395,0.141907,0.286435,0.286435,2.21918,2.21904,2.75585,-1.62031,-1.62022,-1.95098
4,12.03438395,2.02217,0.286435,0.286435,2.21918,2.21904,2.75585,-0.153667,-0.153561,-0.547601
4,12.07258835,0.922395,0.278229,0.278229,2.20112,2.20082,2.7374,-0.998946,-0.998737,-1.35669
4,12.11079274,1.38359,0.270192,0.270192,2.18307,2.1826,2.71895,-0.625503,-0.625166,-0.999644
4,12.11079274,3.01552,0.270192,0.270192,2.18307,2.1826,2.71895,0.651307,0.651693,0.22201
4,12.22540592,0.496674,0.247093,0.247093,2.12894,2.12799,2.66361,-1.28292,-1.28228,-1.62943
4,12.22540592,2.76718,0.247093,0.247093,2.12894,2.12799,2.66361,0.501646,0.502431,0.0778814
4,12.53104107,0.567627,0.192743,0.192743,1.98486,1.98263,2.51612,-1.12767,-1.1261,-1.48287
4,12.53104107,2.44789,0.192743,0.192743,1.98486,1.98263,2.51612,0.368424,0.370273,-0.0519195
4,12.70296084,3.40576,0.166607,0.166607,1.90403,1.90108,2.43321,1.20323,1.20591,0.745213
4,12.913085,2.55432,0.13869,0.13869,1.8055,1.80167,2.33197,0.605126,0.608421,0.171814
4,13.04680038,2.92683,0.123073,0.123073,1.74297,1.7386,2.2676,0.961906,0.965833,0.512132
4,13.06590258,0,0.12097,0.12097,1.73406,1.7296,2.2584,-1.41005,-1.40698,-1.75581
4,13.10410697,0.354767,0.116858,0.116858,1.71623,1.71162,2.24002,-1.10881,-1.1055,-1.46797
4,13.12320917,1.24169,0.114849,0.114849,1.70732,1.70263,2.23083,-0.379521,-0.375853,-0.770801
4,13.21872015,1.0643,0.105247,0.105247,1.66283,1.65776,2.18491,-0.489754,-0.485816,-0.876619
4,13.5243553,2.18182,0.0791384,0.0791384,1.52121,1.51491,2.03818,0.547376,0.552906,0.113772
4,13.5243553,1.77384,0.0791384,0.0791384,1.52121,1.51491,2.03818,0.209323,0.214662,-0.209375
4,13.69627507,3.051,0.0671859,0.0671859,1.44215,1.43518,1.95583,1.34256,1.34922,0.873573
4,13.92550143,2.5898,0.0538396,0.0538396,1.33759,1.32976,1.84632,1.05486,1.06221,0.598679
4,14.05921681,2.25277,0.0472472,0.0472472,1.27713,1.26882,1.78262,0.826412,0.834083,0.38069
4,14.0974212,0,0.0455086,0.0455086,1.25994,1.2515,1.76444,-1.0689,-1.06256,-1.43096
4,14.0974212,0.283814,0.0455086,0.0455086,1.25994,1.2515,1.76444,-0.828121,-0.821591,-1.20079
4,14.51766953,1.31264,0.0299998,0.0299998,1.0738,1.06399,1.56555,0.206126,0.214796,-0.208732
4,14.7086915,6.40355,0.0247699,0.0247699,0.991399,0.981042,1.47591,4.70701,4.7206,4.0996
4,14.89971347,0.532151,0.0204304,0.0204304,0.910738,0.899911,1.38692,-0.331768,-0.32261,-0.716846
4,15.05253104,1.70288,0.0175017,0.0175017,0.847669,0.836525,1.31627,0.753938,0.764571,0.326313
4,15.70200573,3.76053,0.00902599,0.00902599,0.598423,0.586671,1.02373,2.85521,2.8691,2.37304
4,15.8930277,0.0709534,0.00742101,0.00742101,0.532331,0.520668,0.940952,-0.419292,-0.409161,-0.76024
4,16.04584527,1.91574,0.00634357,0.00634357,0.482276,0.470781,0.87615,1.30912,1.32112,0.914012
4,16.10315186,0.86918,0.00598087,0.00598087,0.464189,0.45278,0.852214,0.370519,0.381387,0.01495
4,16.52340019,1.5255,0.00388128,0.00388128,0.343754,0.333311,0.683874,1.09414,1.10496,0.753678
4,16.71442216,4.45233,0.00318775,0.00318775,0.29644,0.28661,0.612269,3.86605,3.87902,3.4627
4,16.88634193,0.354767,0.00266987,0.00266987,0.257913,0.248703,0.550916,0.0904489,0.0991409,-0.177934
4,17.0582617,2.1286,0.00223591,0.00223591,0.223186,0.214645,0.492783,1.78563,1.79519,1.49238
4,17.68863419,2.69623,0.00116608,0.00116608,0.126085,0.120098,0.310793,2.43241,2.43957,2.21589
