parameter,value,CV,se_sa,rse_sa,P2.5_sa,P97.5_sa
alpha_pop,4.93e-05,
D_pop,0.978238058280113,,0.285298947533354,29.1645724799291,0.570109,1.67854
E_pop,5,
C_pop,10,
B_pop,6937.18739679302,,1.37629199462264,0.0198393371247097,6934.49,6939.89
ECLIPSE0_pop,9.99999999999999e-08,
BUD0_pop,0.033,
ep_pop,0.001,
Time0_pop,11.4188910677789,,3.59815791145446,31.5105721746266,1.61623,13.9073
omega_alpha,12.1076484964645,6.80350672529689e+33,5.98785503508795,49.4551442985518,5.21082,28.1328
omega_D,0.547246461136155,59.0893641044278,0.200755147230365,36.6845948740484,0.282795,1.059
omega_B,1.37968734917033e-05,0.0013796874021905,1.63345764197191e-05,118.393318816338,3.10308e-06,6.13436e-05
omega_Time0,2.93549122178327,50.9478037430039,1.74458376608078,59.4307267258994,1.11431,7.73315
a,1.4000879292184,,0.078366523214146,5.59725725639921,1.25494,1.56202
b,2.22044604925031e-16,,0.0195867679760485,8.82109609583242e+15,3.3342e-21,1.47873e-11