parameter,value,CV,se_sa,rse_sa,P2.5_sa,P97.5_sa
alpha_pop,4.93e-05,
D_pop,0.325601630474549,,0.0491628606899575,15.099083078394,0.243373,0.435613
E_pop,5,
C_pop,10,
B_pop,7103.56045615571,,1307.68561990914,18.4088757740626,4994.95,10102.3
ECLIPSE0_pop,9.99999999999999e-08,
BUD0_pop,0.033,
ep_pop,0.001,
Time0_pop,13.6902421916356,,4.65449989618907,33.9986673065058,0.0867943,14
omega_alpha,3.4995819268713,45647.5227253018,2.24267378342033,64.0840486173537,1.25875,9.72957
omega_D,0.251699225996567,25.5738788140012,0.107423898255573,42.6794710354168,0.118975,0.532484
omega_B,0.135090054368822,13.5708729531968,0.173377801392566,128.342387752107,0.0285147,0.639997
omega_Time0,5.15587105523796,47.1621058823753,3.80710547556401,73.8401995468116,1.67071,15.9112
a,0.00198894722350757,,0.0986528686145783,4960.05461827193,4.11721e-05,0.0960824
b,0.269365526556811,,0.0171986544063328,6.38487583254478,0.237771,0.305158