parameter,value,CV,se_sa,rse_sa,P2.5_sa,P97.5_sa
alpha_pop,4.93e-05,
D_pop,0.326634808232244,,0.0783634693734709,23.9911569123867,0.207893,0.513198
E_pop,5,
C_pop,10,
B_pop,7280.7444850105,,1000.6127394633,13.7432750390204,5582.06,9496.35
ECLIPSE0_pop,9.99999999999999e-08,
BUD0_pop,0.033,
ep_pop,0.001,
Time0_pop,13.7000424752406,,6.65773917710641,48.5964856615489,0.001,14
omega_alpha,3.84698054367991,163537.835242639,2.59699572084545,67.5073786144299,1.33225,11.1085
omega_D,0.250179710225122,25.4145918453357,0.131317235856178,52.4891629852849,0.10348,0.604852
omega_B,0.0891290333609924,8.9306336578058,1.35389747730587,1519.03080988468,0.00344783,2.30405
omega_Time0,5.24362316660485,47.5111215184338,21.1016624220798,402.42522682542,0.469341,58.5834
a,0.00512796084761583,,0.446392174679633,8705.06206940283,8.12555e-05,0.323621
b,0.268942246591863,,0.0837839489309385,31.1531378921237,0.151693,0.476818