parameter,value,CV,se_sa,rse_sa,P2.5_sa,P97.5_sa
alpha_pop,4.93e-05,
D_pop,0.953242497386234,,0.294878788677912,30.9342889649236,0.539585,1.68402
E_pop,5,
C_pop,10,
B_pop,9176.54723954308,,1.54064291396891,0.0167889171575345,9173.53,9179.57
ECLIPSE0_pop,9.99999999999999e-08,
BUD0_pop,0.033,
ep_pop,0.001,
Time0_pop,10.4958768992873,,5.77435728921558,55.0154822186194,0.00316178,13.9998
omega_alpha,11.5596082067057,1.03800774838515e+31,5.99188746472962,51.8346933354864,4.82187,27.7122
omega_D,0.576639213175267,62.8066655217774,0.206278135647169,35.772477995608,0.30221,1.10027
omega_B,2.81408007517167e-05,0.00281408024758702,3.2842098272109e-05,116.706338820531,6.40103e-06,0.000123715
omega_Time0,7.33592091700571,79.1246824140025,9.57035941087601,130.458868343176,1.52867,35.2043
a,1.38635006857095,,0.073213829955115,5.2810492540736,1.2503,1.5372
b,2.22044604925031e-16,,0.0182397420133684,8.21444953347398e+15,3.37556e-21,1.46061e-11