id,time,y10,popPred_medianCOV,popPred,indivPred_SAEM,indivPred_mean,indivPred_mode,indWRes_SAEM,indWRes_mean,indWRes_mode
1,0,0.780488,7.56601,7.56601,3.36057,3.37982,3.37985,-1.86106,-1.87495,-1.87497
1,0,1.59645,7.56601,7.56601,3.36057,3.37982,3.37985,-1.27249,-1.28638,-1.2864
1,0.667302193,5.67627,7.41631,7.41631,4.42526,4.44448,4.44384,0.902379,0.888517,0.888981
1,0.762631077,5.25055,7.38738,7.38738,4.57738,4.59659,4.59585,0.485573,0.471714,0.472249
1,1.029551954,3.22838,7.30073,7.30073,5.00332,5.02252,5.0215,-1.28029,-1.29414,-1.29341
1,1.18207817,7.3082,7.24839,7.24839,5.24671,5.2659,5.26473,1.48699,1.47315,1.47399
1,1.220209724,3.051,7.23506,7.23506,5.30756,5.32675,5.32554,-1.6277,-1.64154,-1.64067
1,1.258341277,5.32151,7.22164,7.22164,5.36841,5.3876,5.38635,-0.033832,-0.047671,-0.046772
1,1.258341277,5.74723,7.22164,7.22164,5.36841,5.3876,5.38635,0.273248,0.259409,0.260308
1,1.315538608,5.88914,7.20136,7.20136,5.45968,5.47887,5.47756,0.309771,0.295934,0.296876
1,1.315538608,6.38581,7.20136,7.20136,5.45968,5.47887,5.47756,0.668031,0.654194,0.655136
1,1.410867493,4.15078,7.1672,7.1672,5.61181,5.63098,5.62958,-1.05387,-1.0677,-1.06669
1,1.448999047,3.37029,7.15341,7.15341,5.67266,5.69183,5.69039,-1.66074,-1.67457,-1.67353
1,1.468064824,8.17738,7.1465,7.1465,5.70308,5.72225,5.72079,1.78476,1.77093,1.77199
1,1.601525262,5.32151,7.09771,7.09771,5.91605,5.93522,5.93361,-0.428857,-0.442682,-0.44152
1,1.67778837,6.45676,7.06956,7.06956,6.03775,6.05691,6.05522,0.30224,0.288419,0.289643
1,1.754051478,4.15078,7.04124,7.04124,6.15945,6.17861,6.17682,-1.44889,-1.46271,-1.46142
1,1.754051478,4.61197,7.04124,7.04124,6.15945,6.17861,6.17682,-1.11622,-1.13004,-1.12875
1,1.754051478,8.15965,7.04124,7.04124,6.15945,6.17861,6.17682,1.44278,1.42896,1.43025
1,1.811248808,6.79379,7.01989,7.01989,6.25072,6.26988,6.26802,0.391725,0.377908,0.379249
1,1.982840801,3.29933,6.95541,6.95541,6.52455,6.54369,6.5416,-2.3264,-2.34021,-2.33871
1,1.982840801,6.38581,6.95541,6.95541,6.52455,6.54369,6.5416,-0.100073,-0.113882,-0.112378
1,2.020972355,5.14412,6.941,6.941,6.5854,6.60454,6.6024,-1.03962,-1.05342,-1.05188
1,2.020972355,6.66962,6.941,6.941,6.5854,6.60454,6.6024,0.0607551,0.0469475,0.0484918
1,2.097235462,7.20177,6.91209,6.91209,6.70709,6.72623,6.72397,0.356822,0.343017,0.344648
1,2.135367016,5.1796,6.89761,6.89761,6.76794,6.78708,6.78475,-1.1457,-1.1595,-1.15783
1,2.230695901,6.31486,6.86129,6.86129,6.92007,6.9392,6.93669,-0.436549,-0.450348,-0.448538
1,2.249761678,7.80488,6.85401,6.85401,6.95049,6.96962,6.96707,0.616285,0.602487,0.604327
1,2.249761678,7.48559,6.85401,6.85401,6.95049,6.96962,6.96707,0.385975,0.372177,0.374017
1,2.326024786,5.46341,6.82485,6.82485,7.07219,7.09131,7.08857,-1.16044,-1.17423,-1.17226
1,2.326024786,7.27273,6.82485,6.82485,7.07219,7.09131,7.08857,0.144652,0.130857,0.132833
1,2.364156339,6.13747,6.81024,6.81024,7.13304,7.15216,7.14931,-0.718121,-0.731914,-0.729857
1,2.402287893,5.74723,6.79562,6.79562,7.19389,7.21301,7.21003,-1.0435,-1.05729,-1.05514
1,2.440419447,6.03104,6.78098,6.78098,7.25474,7.27386,7.27072,-0.882674,-0.896464,-0.894205
1,2.459485224,8.15965,6.77365,6.77365,7.28516,7.30428,7.30106,0.630781,0.616992,0.619313
1,2.592945663,7.59202,6.72226,6.72226,7.49813,7.51724,7.51292,0.0677242,0.0539406,0.0570553
1,2.66920877,8.12417,6.69282,6.69282,7.61737,7.63392,7.62858,0.36556,0.353623,0.357477
1,2.745471878,8.37251,6.66334,6.66334,7.70257,7.71144,7.70817,0.483235,0.476842,0.479195
1,2.745471878,7.41463,6.66334,6.66334,7.70257,7.71144,7.70817,-0.207695,-0.214088,-0.211735
1,2.764537655,5.67627,6.65596,6.65596,7.71615,7.72315,7.72054,-1.4714,-1.47645,-1.47457
1,2.802669209,5.8714,6.6412,6.6412,7.73468,7.73831,7.73701,-1.34402,-1.34664,-1.3457
1,2.974261201,5.92461,6.57464,6.57464,7.71685,7.71163,7.71441,-1.29278,-1.28901,-1.29102
1,2.974261201,7.62749,6.57464,6.57464,7.71685,7.71163,7.71441,-0.0644567,-0.0606876,-0.0626958
1,2.974261201,6.68736,6.57464,6.57464,7.71685,7.71163,7.71441,-0.742592,-0.738823,-0.740831
1,3.012392755,6.102,6.55983,6.55983,7.69928,7.69314,7.69644,-1.15215,-1.14772,-1.1501
1,3.012392755,7.98226,6.55983,6.55983,7.69928,7.69314,7.69644,0.204123,0.208547,0.206166
1,3.088655863,6.77605,6.53018,6.53018,7.65695,7.64964,7.65371,-0.635406,-0.630133,-0.633067
1,3.16491897,6.31486,6.5005,6.5005,7.60876,7.60081,7.60541,-0.933318,-0.927585,-0.930904
1,3.203050524,7.48559,6.48565,6.48565,7.58337,7.57523,7.58004,-0.070534,-0.0646574,-0.0681315
1,3.241182078,8.37251,6.47079,6.47079,7.55742,7.54913,7.55414,0.587935,0.593916,0.590304
1,3.241182078,8.2306,6.47079,6.47079,7.55742,7.54913,7.55414,0.485575,0.491556,0.487944
1,3.241182078,6.95344,6.47079,6.47079,7.55742,7.54913,7.55414,-0.435665,-0.429684,-0.433296
1,3.317445186,4.82483,6.44106,6.44106,7.5044,7.49593,7.50127,-1.93282,-1.92671,-1.93056
1,3.317445186,8.08869,6.44106,6.44106,7.5044,7.49593,7.50127,0.421458,0.427573,0.423717
1,3.317445186,7.7694,6.44106,6.44106,7.5044,7.49593,7.50127,0.191148,0.197262,0.193407
1,3.35557674,5.96009,6.42618,6.42618,7.47753,7.46899,7.47449,-1.09456,-1.0884,-1.09237
1,3.35557674,5.39246,6.42618,6.42618,7.47753,7.46899,7.47449,-1.504,-1.49784,-1.50181
1,3.393708294,8.2306,6.4113,6.4113,7.4505,7.44192,7.44756,0.562703,0.568889,0.564818
1,3.393708294,6.95344,6.4113,6.4113,7.4505,7.44192,7.44756,-0.358538,-0.352351,-0.356423
1,3.469971401,7.55654,6.38153,6.38153,7.39612,7.38749,7.39341,0.115717,0.121943,0.117669
1,3.469971401,7.27273,6.38153,6.38153,7.39612,7.38749,7.39341,-0.0890032,-0.0827771,-0.0870515
1,3.508102955,9.15299,6.36663,6.36663,7.36883,7.36018,7.36624,1.28695,1.29319,1.28882
1,3.546234509,6.95344,6.35173,6.35173,7.34149,7.33283,7.33902,-0.27991,-0.273661,-0.278131
1,3.584366063,7.59202,6.33682,6.33682,7.31412,7.30545,7.31178,0.200452,0.206708,0.202142
1,3.698760724,8.33703,6.29208,6.29208,7.2319,7.22321,7.22993,0.797149,0.80342,0.798568
1,3.736892278,8.01774,6.27716,6.27716,7.20447,7.19577,7.20263,0.586624,0.592898,0.587953
1,3.775023832,5.49889,6.26224,6.26224,7.17704,7.16833,7.17532,-1.21048,-1.2042,-1.20924
1,3.775023832,7.00665,6.26224,6.26224,7.17704,7.16833,7.17532,-0.122901,-0.116624,-0.121664
1,3.813155386,4.75388,6.24731,6.24731,7.1496,7.14089,7.14801,-1.72807,-1.72179,-1.72693
1,3.889418494,8.58537,6.21744,6.21744,7.0947,7.08599,7.09337,1.07524,1.08153,1.0762
1,3.908484271,8.85144,6.20997,6.20997,7.08098,7.07227,7.07971,1.27707,1.28335,1.27798
1,3.965681602,7.37916,6.18756,6.18756,7.03981,7.03109,7.03873,0.244781,0.251069,0.245559
1,3.965681602,5.81818,6.18756,6.18756,7.03981,7.03109,7.03873,-0.88118,-0.874892,-0.880402
1,3.965681602,6.63415,6.18756,6.18756,7.03981,7.03109,7.03873,-0.29261,-0.286321,-0.291831
1,4.003813155,6.84701,6.17262,6.17262,7.01235,7.00363,7.0114,-0.119269,-0.112978,-0.118582
1,4.003813155,6.98891,6.17262,6.17262,7.01235,7.00363,7.0114,-0.0169087,-0.0106184,-0.0162224
1,4.061010486,8.03548,6.15019,6.15019,6.97118,6.96245,6.97042,0.767699,0.773992,0.768247
1,4.156339371,8.26608,6.11281,6.11281,6.90255,6.89382,6.90211,0.983539,0.989837,0.983857
1,4.194470925,7.96452,6.09785,6.09785,6.87509,6.86636,6.87478,0.785826,0.792126,0.786052
1,4.232602479,7.1663,6.08289,6.08289,6.84764,6.8389,6.84746,0.229853,0.236155,0.229987
1,4.232602479,7.69845,6.08289,6.08289,6.84764,6.8389,6.84746,0.613704,0.620005,0.613837
1,4.289799809,8.07095,6.06045,6.06045,6.80646,6.79772,6.80647,0.912102,0.918406,0.912097
1,4.308865586,6.13747,6.05297,6.05297,6.79273,6.78399,6.7928,-0.472652,-0.466347,-0.472703
1,4.308865586,6.66962,6.05297,6.05297,6.79273,6.78399,6.7928,-0.0888018,-0.0824971,-0.0888532
1,4.327931363,8.26608,6.04548,6.04548,6.77901,6.77027,6.77914,1.07265,1.07896,1.07255
1,4.327931363,5.78271,6.04548,6.04548,6.77901,6.77027,6.77914,-0.718651,-0.712345,-0.718748
1,4.327931363,6.26164,6.04548,6.04548,6.77901,6.77027,6.77914,-0.373186,-0.36688,-0.373283
1,4.34699714,7.62749,6.038,6.038,6.76528,6.75654,6.76548,0.621931,0.628238,0.621788
1,4.385128694,6.77605,6.02303,6.02303,6.73783,6.72908,6.73815,0.0275735,0.0338816,0.0273379
1,4.423260248,6.91796,6.00806,6.00806,6.71037,6.70163,6.71083,0.149736,0.156046,0.149409
1,4.461391802,7.02439,5.99309,5.99309,6.68292,6.67417,6.6835,0.246309,0.25262,0.245889
1,4.499523356,7.52106,5.97811,5.97811,6.65547,6.64671,6.65618,0.624372,0.630684,0.62386
1,4.59485224,8.01774,5.94067,5.94067,6.58683,6.57808,6.58786,1.03214,1.03846,1.0314
1,4.652049571,7.66297,5.9182,5.9182,6.54565,6.53689,6.54687,0.805942,0.812262,0.805063
1,4.747378456,7.18404,5.88074,5.88074,6.47702,6.46825,6.47856,0.509984,0.516308,0.508874
1,4.766444233,4.36364,5.87324,5.87324,6.46329,6.45452,6.4649,-1.51452,-1.5082,-1.51568
1,4.804575786,4.75388,5.85826,5.85826,6.43584,6.42707,6.43757,-1.21323,-1.2069,-1.21448
1,4.880838894,8.01774,5.82828,5.82828,6.38093,6.37216,6.38292,1.18066,1.18699,1.17923
1,4.957102002,5.07317,5.7983,5.7983,6.32603,6.31724,6.32827,-0.903708,-0.897374,-0.905324
1,4.995233556,3.5122,5.7833,5.7833,6.29857,6.28979,6.30094,-2.00987,-2.00353,-2.01157
1,4.995233556,6.88248,5.7833,5.7833,6.29857,6.28979,6.30094,0.421185,0.427521,0.419477
1,4.995233556,7.02439,5.7833,5.7833,6.29857,6.28979,6.30094,0.523545,0.529881,0.521837
1,4.995233556,7.27273,5.7833,5.7833,6.29857,6.28979,6.30094,0.702676,0.709011,0.700968
1,4.995233556,6.17295,5.7833,5.7833,6.29857,6.28979,6.30094,-0.0906149,-0.0842791,-0.0923229
1,5.03336511,7.52106,5.76831,5.76831,6.27112,6.26233,6.27361,0.901608,0.907946,0.899808
1,5.03336511,5.46341,5.76831,5.76831,6.27112,6.26233,6.27361,-0.582613,-0.576275,-0.584412
1,5.071496663,5.96009,5.75331,5.75331,6.24367,6.23488,6.24629,-0.20455,-0.198211,-0.206441
1,5.147759771,7.41463,5.72332,5.72332,6.18876,6.17997,6.19164,0.884246,0.890588,0.882171
1,5.147759771,5.28603,5.72332,5.72332,6.18876,6.17997,6.19164,-0.651155,-0.644813,-0.65323
1,5.224022879,5.07317,5.69332,5.69332,6.13385,6.12506,6.13698,-0.76509,-0.758745,-0.767349
1,5.300285987,7.94678,5.66332,5.66332,6.07895,6.07015,6.08233,1.34731,1.35365,1.34486
1,5.300285987,7.20177,5.66332,5.66332,6.07895,6.07015,6.08233,0.809916,0.816265,0.807474
1,5.319351764,2.44789,5.65582,5.65582,6.06522,6.05642,6.06867,-2.60924,-2.6029,-2.61173
1,5.319351764,6.56319,5.65582,5.65582,6.06522,6.05642,6.06867,0.359197,0.365546,0.356709
1,5.338417541,3.68958,5.64832,5.64832,6.05149,6.04269,6.05501,-1.70369,-1.69734,-1.70623
1,5.338417541,6.11973,5.64832,5.64832,6.05149,6.04269,6.05501,0.0492233,0.0555734,0.0466888
1,5.338417541,5.74723,5.64832,5.64832,6.05149,6.04269,6.05501,-0.219472,-0.213122,-0.222006
1,5.376549094,5.46341,5.63332,5.63332,6.02404,6.01523,6.02768,-0.404389,-0.398037,-0.407016
1,5.395614871,6.03104,5.62582,5.62582,6.01031,6.00151,6.01402,0.0149522,0.021305,0.0122798
1,5.452812202,6.97118,5.60331,5.60331,5.96913,5.96032,5.97303,0.722791,0.729147,0.719981
1,5.452812202,4.47007,5.60331,5.60331,5.96913,5.96032,5.97303,-1.0813,-1.07495,-1.08411
1,5.510009533,7.23725,5.5808,5.5808,5.92795,5.91914,5.93204,0.94442,0.950778,0.941472
1,5.52907531,6.75831,5.5733,5.5733,5.91423,5.90541,5.91838,0.608857,0.615214,0.605863
1,5.605338418,7.62749,5.54329,5.54329,5.85932,5.8505,5.86373,1.27542,1.28178,1.27224
1,5.605338418,6.56319,5.54329,5.54329,5.85932,5.8505,5.86373,0.507717,0.514077,0.504539
1,5.643469971,5.32151,5.52828,5.52828,5.83187,5.82305,5.8364,-0.368131,-0.361769,-0.371401
1,5.681601525,7.73392,5.51327,5.51327,5.80441,5.79559,5.80907,1.39179,1.39816,1.38843
1,5.681601525,5.56984,5.51327,5.51327,5.80441,5.79559,5.80907,-0.169199,-0.162835,-0.17256
1,5.738798856,3.26386,5.49076,5.49076,5.76323,5.75441,5.76808,-1.80285,-1.79648,-1.80635
1,5.757864633,6.35033,5.48326,5.48326,5.74951,5.74068,5.75442,0.433387,0.439753,0.429841
1,5.834127741,5.10865,5.45324,5.45324,5.6946,5.68577,5.69977,-0.422659,-0.41629,-0.426388
1,5.872259295,6.45676,5.43823,5.43823,5.66715,5.65832,5.67244,0.569564,0.575935,0.565743
1,5.929456625,0.674058,5.41571,5.41571,5.62597,5.61713,5.63146,-3.5719,-3.56553,-3.57586
1,5.929456625,5.90687,5.41571,5.41571,5.62597,5.61713,5.63146,0.202623,0.208996,0.198664
1,5.948522402,5.46341,5.4082,5.4082,5.61224,5.6034,5.61779,-0.107351,-0.100978,-0.111356
1,5.986653956,4.1153,5.39319,5.39319,5.58479,5.57595,5.59047,-1.05997,-1.05359,-1.06407
1,6.02478551,5.1796,5.37818,5.37818,5.55733,5.54849,5.56314,-0.272466,-0.26609,-0.276655
1,6.062917064,3.97339,5.36317,5.36317,5.52988,5.52104,5.53582,-1.12272,-1.11635,-1.127
1,6.081982841,3.77827,5.35566,5.35566,5.51615,5.50731,5.52215,-1.25357,-1.24719,-1.25789
1,6.101048618,4.93126,5.34815,5.34815,5.50243,5.49358,5.50849,-0.411991,-0.405611,-0.416364
1,6.139180172,6.35033,5.33314,5.33314,5.47497,5.46613,5.48116,0.631412,0.637794,0.626948
1,6.139180172,6.102,5.33314,5.33314,5.47497,5.46613,5.48116,0.452282,0.458663,0.447817
1,6.234509056,5.97783,5.2956,5.2956,5.40634,5.39749,5.41285,0.412223,0.418608,0.407529
1,6.253574833,5.81818,5.2881,5.2881,5.39261,5.38376,5.39919,0.30697,0.313355,0.302229
1,6.253574833,5.00222,5.2881,5.2881,5.39261,5.38376,5.39919,-0.281601,-0.275215,-0.286341
1,6.291706387,3.90244,5.27308,5.27308,5.36516,5.35631,5.37186,-1.05509,-1.0487,-1.05992
1,6.291706387,3.6541,5.27308,5.27308,5.36516,5.35631,5.37186,-1.23422,-1.22783,-1.23905
1,6.329837941,6.91796,5.25807,5.25807,5.33771,5.32885,5.34453,1.13987,1.14625,1.13494
1,6.329837941,4.15078,5.25807,5.25807,5.33771,5.32885,5.34453,-0.856156,-0.849767,-0.86108
1,6.348903718,6.4745,5.25056,5.25056,5.32398,5.31512,5.33087,0.829891,0.836282,0.824921
1,6.367969495,6.03104,5.24305,5.24305,5.31025,5.30139,5.31721,0.519917,0.526309,0.514901
1,6.406101049,4.64745,5.22804,5.22804,5.2828,5.27394,5.28988,-0.458291,-0.451898,-0.463399
1,6.406101049,4.43459,5.22804,5.22804,5.2828,5.27394,5.28988,-0.611831,-0.605438,-0.616939
1,6.444232602,7.13082,5.21302,5.21302,5.25535,5.24648,5.26256,1.35281,1.35921,1.34761
1,6.444232602,2.98004,5.21302,5.21302,5.25535,5.24648,5.26256,-1.64122,-1.63482,-1.64642
1,6.52049571,4.15078,5.18299,5.18299,5.20044,5.19157,5.2079,-0.757144,-0.750745,-0.762526
1,6.52049571,4.96674,5.18299,5.18299,5.20044,5.19157,5.2079,-0.168573,-0.162174,-0.173955
1,6.596758818,4.29268,5.15295,5.15295,5.14554,5.13666,5.15325,-0.615179,-0.608776,-0.620744
1,6.615824595,5.25055,5.14544,5.14544,5.13181,5.12293,5.13959,0.085653,0.092057,0.0800421
1,6.634890372,5.03769,5.13793,5.13793,5.11808,5.1092,5.12593,-0.0579859,-0.051581,-0.0636427
1,6.673021926,5.60532,5.12292,5.12292,5.09063,5.08175,5.0986,0.371257,0.377664,0.365508
1,6.749285033,3.58315,5.09288,5.09288,5.03572,5.02684,5.04395,-1.04777,-1.04136,-1.0537
1,6.787416587,4.5765,5.07786,5.07786,5.00827,4.99938,5.01662,-0.311446,-0.305034,-0.317472
1,6.787416587,5.00222,5.07786,5.07786,5.00827,4.99938,5.01662,-0.00436618,0.00204592,-0.0103917
1,6.863679695,5.92461,5.04782,5.04782,4.95336,4.94447,4.96197,0.700579,0.706995,0.694369
1,6.882745472,4.77162,5.04031,5.04031,4.93964,4.93074,4.94831,-0.121195,-0.114778,-0.127451
1,6.95900858,5.12639,5.01028,5.01028,4.88473,4.87583,4.89366,0.17431,0.18073,0.16787
1,6.978074357,2.60754,5.00277,5.00277,4.87101,4.8621,4.88,-1.63268,-1.62626,-1.63917
1,6.978074357,6.06652,5.00277,5.00277,4.87101,4.8621,4.88,0.862346,0.868768,0.855861
1,6.978074357,4.00887,5.00277,5.00277,4.87101,4.8621,4.88,-0.621875,-0.615453,-0.62836
1,6.978074357,3.90244,5.00277,5.00277,4.87101,4.8621,4.88,-0.698645,-0.692223,-0.70513
1,6.978074357,3.68958,5.00277,5.00277,4.87101,4.8621,4.88,-0.852185,-0.845763,-0.85867
1,7.01620591,5.55211,4.98775,4.98775,4.84355,4.83465,4.85267,0.511093,0.517516,0.504516
1,7.01620591,3.49446,4.98775,4.98775,4.84355,4.83465,4.85267,-0.973128,-0.966704,-0.979705
1,7.054337464,3.83149,4.97273,4.97273,4.8161,4.80719,4.82535,-0.71022,-0.703796,-0.71689
1,7.092469018,5.33925,4.95771,4.95771,4.78865,4.77974,4.79802,0.397158,0.403584,0.390396
1,7.092469018,4.64745,4.95771,4.95771,4.78865,4.77974,4.79802,-0.101848,-0.0954216,-0.108609
1,7.20686368,3.40576,4.91265,4.91265,4.70629,4.69737,4.71605,-0.938091,-0.93166,-0.945129
1,7.244995234,3.22838,4.89763,4.89763,4.67884,4.66992,4.68872,-1.04624,-1.03981,-1.05337
1,7.244995234,5.97783,4.89763,4.89763,4.67884,4.66992,4.68872,0.936987,0.94342,0.929857
1,7.283126787,3.86696,4.8826,4.8826,4.65138,4.64246,4.66139,-0.565817,-0.559382,-0.573039
1,7.321258341,2.87361,4.86758,4.86758,4.62393,4.61501,4.63407,-1.26254,-1.2561,-1.26985
1,7.321258341,5.32151,4.86758,4.86758,4.62393,4.61501,4.63407,0.503176,0.509613,0.495862
1,7.321258341,4.25721,4.86758,4.86758,4.62393,4.61501,4.63407,-0.264524,-0.258088,-0.271839
1,7.321258341,3.97339,4.86758,4.86758,4.62393,4.61501,4.63407,-0.469245,-0.462808,-0.476559
1,7.359389895,3.72506,4.85256,4.85256,4.59648,4.58755,4.60674,-0.628573,-0.622134,-0.635979
1,7.359389895,4.7184,4.85256,4.85256,4.59648,4.58755,4.60674,0.0879478,0.0943864,0.0805415
1,7.397521449,4.07982,4.83754,4.83754,4.56902,4.5601,4.57942,-0.35287,-0.34643,-0.360369
1,7.435653003,3.97339,4.82252,4.82252,4.54157,4.53264,4.55209,-0.409838,-0.403395,-0.417429
1,7.473784557,3.29933,4.8075,4.8075,4.51412,4.50518,4.52477,-0.876247,-0.869801,-0.883929
1,7.473784557,5.88914,4.8075,4.8075,4.51412,4.50518,4.52477,0.991824,0.99827,0.984142
1,7.511916111,3.86696,4.79248,4.79248,4.48667,4.47773,4.49745,-0.447004,-0.440557,-0.454779
1,7.607244995,1.04656,4.75492,4.75492,4.41804,4.40909,4.42913,-2.43191,-2.42545,-2.43991
1,7.607244995,2.55432,4.75492,4.75492,4.41804,4.40909,4.42913,-1.34433,-1.33788,-1.35233
1,7.626310772,4.1153,4.74741,4.74741,4.40431,4.39536,4.41547,-0.208469,-0.202016,-0.216519
1,7.626310772,3.97339,4.74741,4.74741,4.40431,4.39536,4.41547,-0.310829,-0.304376,-0.318879
1,7.664442326,4.7184,4.73239,4.73239,4.37686,4.36791,4.38815,0.246363,0.252818,0.238221
1,7.740705434,3.58315,4.70235,4.70235,4.32195,4.313,4.3335,-0.532914,-0.526456,-0.541241
1,7.740705434,5.35698,4.70235,4.70235,4.32195,4.313,4.3335,0.746587,0.753045,0.73826
1,7.778836988,3.22838,4.68733,4.68733,4.2945,4.28555,4.30617,-0.769012,-0.762552,-0.777431
1,7.797902765,4.27494,4.67982,4.67982,4.28078,4.27182,4.29251,-0.00420595,0.00225489,-0.012671
1,7.912297426,5.42794,4.63475,4.63475,4.19842,4.18946,4.21054,0.886874,0.89334,0.878133
1,7.931363203,4.86031,4.62724,4.62724,4.18469,4.17573,4.19688,0.487334,0.493801,0.478547
1,7.969494757,0.461197,4.61222,4.61222,4.15724,4.14828,4.16955,-2.66603,-2.65956,-2.67491
1,7.969494757,3.44124,4.61222,4.61222,4.15724,4.14828,4.16955,-0.516465,-0.509997,-0.525344
1,7.969494757,2.83814,4.61222,4.61222,4.15724,4.14828,4.16955,-0.951495,-0.945027,-0.960374
1,7.988560534,1.54324,4.6047,4.6047,4.14352,4.13455,4.15589,-1.87563,-1.86916,-1.88456
1,8.007626311,3.33481,4.59719,4.59719,4.12979,4.12082,4.14223,-0.573434,-0.566963,-0.582405
1,8.026692088,4.55876,4.58968,4.58968,4.11607,4.10709,4.12857,0.319322,0.325794,0.310305
1,8.083889418,3.86696,4.56715,4.56715,4.07489,4.06591,4.08758,-0.149982,-0.143507,-0.159137
1,8.083889418,2.55432,4.56715,4.56715,4.07489,4.06591,4.08758,-1.09681,-1.09034,-1.10597
1,8.141086749,1.38359,4.54461,4.54461,4.03371,4.02473,4.0466,-1.91158,-1.9051,-1.92087
1,8.160152526,1.84479,4.5371,4.5371,4.01999,4.01101,4.03294,-1.56901,-1.56253,-1.57835
1,8.236415634,4.00887,4.50706,4.50706,3.96509,3.9561,3.97829,0.0315813,0.0380633,0.0220579
1,8.236415634,2.16408,4.50706,4.50706,3.96509,3.9561,3.97829,-1.2991,-1.29262,-1.30862
1,8.236415634,4.7184,4.50706,4.50706,3.96509,3.9561,3.97829,0.543382,0.549864,0.533858
1,8.312678742,2.98004,4.47701,4.47701,3.91019,3.90119,3.92364,-0.670929,-0.664443,-0.680636
1,8.312678742,5.25055,4.47701,4.47701,3.91019,3.90119,3.92364,0.966832,0.973318,0.957125
1,8.331744519,1.20621,4.4695,4.4695,3.89646,3.88747,3.90998,-1.94053,-1.93404,-1.95028
1,8.350810296,4.00887,4.46199,4.46199,3.88274,3.87374,3.89632,0.090982,0.0974697,0.0811827
1,8.350810296,3.47672,4.46199,4.46199,3.88274,3.87374,3.89632,-0.292868,-0.286381,-0.302668
1,8.369876072,2.80266,4.45448,4.45448,3.86901,3.86002,3.88266,-0.769179,-0.76269,-0.779024
1,8.408007626,2.19956,4.43946,4.43946,3.84156,3.83256,3.85534,-1.18441,-1.17792,-1.19435
1,8.465204957,2.30599,4.41692,4.41692,3.80039,3.79139,3.81436,-1.07794,-1.07145,-1.08801
1,8.465204957,5.32151,4.41692,4.41692,3.80039,3.79139,3.81436,1.09721,1.10371,1.08714
1,8.503336511,2.44789,4.4019,4.4019,3.77294,3.76393,3.78703,-0.95578,-0.949285,-0.965947
1,8.579599619,2.94457,4.37185,4.37185,3.71804,3.70903,3.73239,-0.557922,-0.551422,-0.568272
1,8.598665396,2.23503,4.36434,4.36434,3.70432,3.69531,3.71873,-1.05982,-1.05332,-1.07022
1,8.617731173,3.5122,4.35683,4.35683,3.69059,3.68158,3.70507,-0.128683,-0.122181,-0.139125
1,8.617731173,2.76718,4.35683,4.35683,3.69059,3.68158,3.70507,-0.666073,-0.659572,-0.676516
1,8.732125834,5.62306,4.31176,4.31176,3.60825,3.59923,3.62311,1.45332,1.45982,1.4426
1,8.751191611,3.08647,4.30425,4.30425,3.59453,3.58551,3.60945,-0.36647,-0.359963,-0.377234
1,8.808388942,3.90244,4.28172,4.28172,3.55336,3.54434,3.56847,0.251797,0.258306,0.240895
1,8.88465205,6.66962,4.25167,4.25167,3.49847,3.48944,3.51384,2.28741,2.29392,2.27633
1,8.903717827,7.02439,4.24416,4.24416,3.48475,3.47572,3.50018,2.55321,2.55972,2.54208
1,8.94184938,1.54324,4.22913,4.22913,3.4573,3.44827,3.47286,-1.38065,-1.37414,-1.39187
1,8.979980934,2.55432,4.21411,4.21411,3.42986,3.42082,3.44555,-0.631541,-0.625022,-0.642855
1,8.979980934,5.28603,4.21411,4.21411,3.42986,3.42082,3.44555,1.33889,1.34541,1.32758
1,9.037178265,1.17073,4.19158,4.19158,3.3887,3.37966,3.40457,-1.59986,-1.59334,-1.61131
1,9.075309819,4.15078,4.17655,4.17655,3.36126,3.35221,3.37726,0.569496,0.576019,0.557953
1,9.151572927,3.68958,4.14651,4.14651,3.30637,3.29733,3.32263,0.276413,0.282938,0.264686
1,9.151572927,1.38359,4.14651,4.14651,3.30637,3.29733,3.32263,-1.38694,-1.38041,-1.39866
1,9.208770257,1.11752,4.12397,4.12397,3.26522,3.25617,3.28166,-1.54917,-1.54265,-1.56104
1,9.246901811,1.72062,4.10895,4.10895,3.23778,3.22873,3.25435,-1.09435,-1.08782,-1.10631
1,9.304099142,4.15078,4.08642,4.08642,3.19662,3.18757,3.21339,0.688249,0.69478,0.676156
1,9.304099142,2.94457,4.08642,4.08642,3.19662,3.18757,3.21339,-0.181812,-0.17528,-0.193904
1,9.304099142,2.73171,4.08642,4.08642,3.19662,3.18757,3.21339,-0.335352,-0.32882,-0.347444
1,9.304099142,1.88027,4.08642,4.08642,3.19662,3.18757,3.21339,-0.949512,-0.94298,-0.961605
1,9.342230696,3.40576,4.07139,4.07139,3.16919,3.16013,3.18608,0.170648,0.177181,0.158464
1,9.342230696,2.51885,4.07139,4.07139,3.16919,3.16013,3.18608,-0.469102,-0.462569,-0.481286
1,9.456625357,4.39911,4.02633,4.02633,3.08689,3.07782,3.10416,0.946532,0.95307,0.934074
1,9.475691134,1.91574,4.01881,4.01881,3.07317,3.06411,3.09051,-0.834876,-0.828337,-0.847379
1,9.532888465,2.76718,3.99628,3.99628,3.03203,3.02296,3.04955,-0.191038,-0.184497,-0.203678
1,9.571020019,1.0643,3.98126,3.98126,3.0046,2.99553,3.02225,-1.39958,-1.39303,-1.41231
1,9.571020019,1.73836,3.98126,3.98126,3.0046,2.99553,3.02225,-0.913365,-0.906823,-0.926095
1,9.609151573,0.248337,3.96623,3.96623,2.97718,2.96811,2.99495,-1.96836,-1.96182,-1.98118
1,9.666348904,2.02217,3.9437,3.9437,2.93604,2.92697,2.95401,-0.659191,-0.652647,-0.672149
1,9.723546235,3.58315,3.92117,3.92117,2.89491,2.88584,2.91307,0.496437,0.502982,0.483343
1,9.742612011,4.54102,3.91366,3.91366,2.8812,2.87213,2.89942,1.19726,1.2038,1.18412
1,9.818875119,4.20399,3.88361,3.88361,2.82637,2.8173,2.84484,0.993701,1.00025,0.98038
1,9.87607245,4.96674,3.86108,3.86108,2.78526,2.77618,2.80391,1.57354,1.58009,1.56009
1,9.971401335,7.21951,3.82352,3.82352,2.71675,2.70766,2.73572,3.24793,3.25448,3.23425
1,9.990467112,3.1929,3.81601,3.81601,2.70305,2.69396,2.72208,0.353343,0.359896,0.339615
1,10.06673022,1.84479,3.78597,3.78597,2.64826,2.63917,2.66754,-0.579556,-0.573001,-0.593464
1,10.06673022,2.94457,3.78597,3.78597,2.64826,2.63917,2.66754,0.213735,0.220289,0.199827
1,10.14299333,1.02882,3.75592,3.75592,2.59348,2.58439,2.61301,-1.12862,-1.12206,-1.1427
1,10.21925643,1.41907,3.72588,3.72588,2.53872,2.52963,2.5585,-0.807628,-0.801069,-0.821894
1,10.21925643,1.91574,3.72588,3.72588,2.53872,2.52963,2.5585,-0.449368,-0.442808,-0.463634
1,10.29551954,2.62528,3.69584,3.69584,2.48399,2.47489,2.50401,0.101916,0.108476,0.0874712
1,10.3336511,0.31929,3.68081,3.68081,2.45663,2.44753,2.47677,-1.5417,-1.53514,-1.55623
1,10.3336511,0.709534,3.68081,3.68081,2.45663,2.44753,2.47677,-1.26021,-1.25365,-1.27474
1,10.3336511,1.84479,3.68081,3.68081,2.45663,2.44753,2.47677,-0.441329,-0.434768,-0.455862
1,10.3336511,2.80266,3.68081,3.68081,2.45663,2.44753,2.47677,0.249602,0.256162,0.235068
1,10.37178265,2.30599,3.66579,3.66579,2.42927,2.42018,2.44954,-0.0889271,-0.0823668,-0.103549
1,10.4099142,2.73171,3.65077,3.65077,2.40192,2.39283,2.42232,0.237879,0.24444,0.223169
1,10.44804576,3.4235,3.63575,3.63575,2.37458,2.36549,2.3951,0.756606,0.763167,0.741808
1,10.44804576,2.02217,3.63575,3.63575,2.37458,2.36549,2.3951,-0.254199,-0.247638,-0.268998
1,10.56244042,0,3.59069,3.59069,2.29261,2.28351,2.31348,-1.6537,-1.64714,-1.66876
1,10.60057197,3.29933,3.57567,3.57567,2.2653,2.2562,2.28629,0.745871,0.752432,0.730724
1,10.60057197,1.73836,3.57567,3.57567,2.2653,2.2562,2.28629,-0.38009,-0.373529,-0.395236
1,10.67683508,2.98004,3.54563,3.54563,2.21071,2.20161,2.23194,0.554937,0.561496,0.539618
1,10.71496663,1.73836,3.53061,3.53061,2.18343,2.17434,2.20478,-0.321037,-0.314478,-0.336441
1,10.73403241,3.37029,3.5231,3.5231,2.16979,2.1607,2.19121,0.865939,0.872497,0.850493
1,10.81029552,3.1929,3.49306,3.49306,2.11528,2.10619,2.13693,0.777309,0.783865,0.761693
1,10.88655863,6.42129,3.46302,3.46302,2.06082,2.05174,2.0827,3.14528,3.15184,3.1295
1,10.9056244,3.051,3.45551,3.45551,2.04722,2.03813,2.06916,0.724046,0.730597,0.708221
1,10.94375596,0.390244,3.44049,3.44049,2.02002,2.01094,2.04207,-1.17558,-1.16904,-1.19149
1,10.94375596,1.02882,3.44049,3.44049,2.02002,2.01094,2.04207,-0.714965,-0.708417,-0.730873
1,10.96282173,1.27716,3.43298,3.43298,2.00642,1.99735,2.02853,-0.526029,-0.519483,-0.541979
1,11.05815062,2.23503,3.39543,3.39543,1.93852,1.92946,1.96091,0.213881,0.220419,0.197729
1,11.05815062,1.95122,3.39543,3.39543,1.93852,1.92946,1.96091,0.00916108,0.0156985,-0.00699129
1,11.09628217,0.177384,3.38041,3.38041,1.91139,1.90233,1.93389,-1.25077,-1.24424,-1.267
1,11.13441373,2.19956,3.36539,3.36539,1.88429,1.87523,1.9069,0.22741,0.23394,0.211101
1,11.22974261,2.53659,3.32785,3.32785,1.81662,1.80758,1.8395,0.519322,0.525843,0.502822
1,11.24880839,0.603104,3.32034,3.32034,1.80311,1.79407,1.82604,-0.865585,-0.859068,-0.882124
1,11.30600572,4.38137,3.29782,3.29782,1.76261,1.75358,1.78569,1.88897,1.89548,1.87232
1,11.3250715,0,3.29031,3.29031,1.74912,1.7401,1.77225,-1.26167,-1.25517,-1.27836
1,11.3250715,0.886918,3.29031,3.29031,1.74912,1.7401,1.77225,-0.621923,-0.615416,-0.638609
1,11.3250715,2.80266,3.29031,3.29031,1.74912,1.7401,1.77225,0.759937,0.766445,0.743252
1,11.36320305,1.45455,3.27529,3.27529,1.72217,1.71316,1.7454,-0.193045,-0.186543,-0.209802
1,11.4013346,1.0643,3.26027,3.26027,1.69526,1.68625,1.71858,-0.455119,-0.448624,-0.471947
1,11.43946616,1.59645,3.24526,3.24526,1.66837,1.65938,1.6918,-0.0518786,-0.0453897,-0.0687745
1,11.55386082,0.957871,3.20021,3.20021,1.58796,1.57899,1.61165,-0.454492,-0.448026,-0.471584
1,11.59199237,1.24169,3.1852,3.1852,1.56123,1.55228,1.58501,-0.230495,-0.22404,-0.24765
1,11.59199237,4.39911,3.1852,3.1852,1.56123,1.55228,1.58501,2.04702,2.05347,2.02986
1,11.63012393,2.87361,3.17018,3.17018,1.53456,1.52562,1.55842,0.965887,0.972333,0.948673
1,11.74451859,2.55432,3.12514,3.12514,1.45484,1.44595,1.47893,0.79308,0.799492,0.7757
1,11.8207817,1.70288,3.09511,3.09511,1.40198,1.39313,1.42621,0.217047,0.223432,0.19957
1,11.87797903,6.31486,3.07259,3.07259,1.36251,1.35369,1.38683,3.57222,3.57858,3.55468
1,11.8970448,1.80931,3.06509,3.06509,1.34939,1.34058,1.37373,0.331754,0.338107,0.31419
1,11.93517636,0.425721,3.05008,3.05008,1.3232,1.31441,1.3476,-0.647367,-0.641031,-0.664969
1,11.97330791,0.141907,3.03507,3.03507,1.29709,1.28833,1.32154,-0.833254,-0.826936,-0.850891
1,11.97330791,0.993348,3.03507,3.03507,1.29709,1.28833,1.32154,-0.219094,-0.212776,-0.23673
1,12.01143947,0.283814,3.02006,3.02006,1.27106,1.26233,1.29556,-0.712121,-0.705822,-0.729789
1,12.04957102,0.815965,3.00504,3.00504,1.24512,1.23642,1.26966,-0.309561,-0.303283,-0.327257
1,12.12583413,0.815965,2.97503,2.97503,1.19353,1.18489,1.21812,-0.272347,-0.266114,-0.290085
1,12.16396568,1.09978,2.96002,2.96002,1.16789,1.15928,1.1925,-0.0491304,-0.0429224,-0.0668831
1,12.27836034,1.88027,2.915,2.915,1.09165,1.08316,1.11628,0.568846,0.57497,0.551079
1,12.3164919,0.10643,2.89999,2.89999,1.06648,1.05803,1.0911,-0.692502,-0.68641,-0.710264
1,12.3164919,0.851441,2.89999,2.89999,1.06648,1.05803,1.0911,-0.155112,-0.149019,-0.172874
1,12.3164919,1.41907,2.89999,2.89999,1.06648,1.05803,1.0911,0.254328,0.260421,0.236566
1,12.43088656,1.34812,2.85498,2.85498,0.991833,0.98353,1.01638,0.256993,0.262982,0.239285
1,12.46901811,0.780488,2.83997,2.83997,0.967258,0.959008,0.991764,-0.134721,-0.12877,-0.152397
1,12.58341277,0.266075,2.79497,2.79497,0.894568,0.886495,0.918886,-0.453344,-0.447521,-0.470884
1,12.58341277,2.87361,2.79497,2.79497,0.894568,0.886495,0.918886,1.42752,1.43335,1.40998
1,12.60247855,4.87805,2.78747,2.78747,0.882616,0.874575,0.906893,2.88198,2.88778,2.86447
1,12.73593899,2.23503,2.73497,2.73497,0.800397,0.792606,0.824311,1.03483,1.04045,1.01758
1,12.8122021,1.56098,2.70498,2.70498,0.754661,0.74703,0.778301,0.58161,0.587114,0.564558
1,12.92659676,1.63193,2.66,2.66,0.687969,0.680605,0.711102,0.680896,0.686208,0.66421
1,12.96472831,4.32816,2.64501,2.64501,0.666291,0.659022,0.689227,2.64137,2.64662,2.62483
1,12.96472831,1.27716,2.64501,2.64501,0.666291,0.659022,0.689227,0.440632,0.445876,0.424088
1,13.04099142,0.674058,2.61503,2.61503,0.623826,0.616759,0.646327,0.0362332,0.0413305,0.0200025
1,13.15538608,1.73836,2.57007,2.57007,0.562513,0.555776,0.584257,0.84816,0.853019,0.832475
1,13.19351764,1.9867,2.55509,2.55509,0.542751,0.536132,0.564216,1.04154,1.04632,1.02606
1,13.26978074,0.745011,2.52512,2.52512,0.504301,0.497927,0.525166,0.173628,0.178226,0.158578
1,13.3079123,0.0709534,2.51014,2.51014,0.485632,0.479385,0.506177,-0.299115,-0.294609,-0.313934
1,13.34604385,0.567627,2.49517,2.49517,0.467344,0.461227,0.487556,0.0723363,0.0767483,0.0577572
1,13.49857007,1.09978,2.43527,2.43527,0.398165,0.392592,0.416925,0.506087,0.510107,0.492555
1,13.53670162,0.709534,2.4203,2.4203,0.381896,0.376464,0.400266,0.236332,0.24025,0.223081
1,13.57483317,1.70288,2.40534,2.40534,0.366049,0.36076,0.384019,0.964283,0.968098,0.951321
1,13.61296473,4.1153,2.39037,2.39037,0.350627,0.345482,0.368188,2.71553,2.71924,2.70286
1,13.89895138,2.46563,2.27821,2.27821,0.24872,0.244667,0.263036,1.5991,1.60202,1.58877
1,13.99428027,4.89579,2.24086,2.24086,0.220118,0.216422,0.233326,3.37265,3.37531,3.36312
1,13.99428027,1.27716,2.24086,2.24086,0.220118,0.216422,0.233326,0.762465,0.765131,0.752938
1,14.0514776,1.91574,2.21845,2.21845,0.204209,0.200722,0.216756,1.23456,1.23708,1.22551
1,14.2993327,0.886918,2.12145,2.12145,0.145523,0.142875,0.155329,0.534782,0.536692,0.527709
1,14.2993327,0.638581,2.12145,2.12145,0.145523,0.142875,0.155329,0.355652,0.357562,0.348578
1,14.37559581,1.0643,2.09164,2.09164,0.130584,0.128168,0.139607,0.673508,0.675251,0.666999
1,14.45185891,1.27716,2.06184,2.06184,0.116979,0.114782,0.125255,0.836861,0.838446,0.830892
1,14.48999047,0.425721,2.04695,2.04695,0.110651,0.108558,0.118568,0.227265,0.228775,0.221555
1,14.56625357,0.709534,2.01718,2.01718,0.0988928,0.0969973,0.106123,0.440467,0.441834,0.435252
1,14.60438513,1.84479,2.0023,2.0023,0.0934411,0.0916391,0.100343,1.26328,1.26458,1.2583
1,14.60438513,1.9867,2.0023,2.0023,0.0934411,0.0916391,0.100343,1.36564,1.36694,1.36066
1,14.90943756,1.27716,1.88348,1.88348,0.0587187,0.0575401,0.0633787,0.878886,0.879736,0.875524
1,15.02383222,0.638581,1.83902,1.83902,0.0491261,0.0481285,0.0531145,0.425185,0.425904,0.422308
1,15.36701621,0.10643,1.70609,1.70609,0.0284911,0.0278975,0.0309419,0.0562189,0.0566471,0.0544511
1,15.40514776,0.638581,1.69137,1.69137,0.0267985,0.0262389,0.0291168,0.44129,0.441694,0.439618
1,15.55767398,0.496674,1.63258,1.63258,0.020953,0.020512,0.0228049,0.343146,0.343465,0.341811
1,15.90085796,1.13525,1.50104,1.50104,0.0119859,0.011731,0.0130914,0.810235,0.810419,0.809437
1,15.97712107,0.567627,1.47197,1.47197,0.0105796,0.0103543,0.0115639,0.401809,0.401971,0.401099
1,16.01525262,0.674058,1.45746,1.45746,0.00993892,0.00972697,0.0108674,0.479041,0.479194,0.478371
1,16.2821735,1.09978,1.35642,1.35642,0.00641108,0.00627317,0.00702705,0.788666,0.788765,0.788222
1,16.32030505,1.31264,1.34207,1.34207,0.00602109,0.00589144,0.00660178,0.942487,0.942581,0.942069
1,16.47283127,0.922395,1.28489,1.28489,0.0046831,0.00458188,0.0051415,0.661962,0.662035,0.661632
1,16.54909438,0.141907,1.25645,1.25645,0.00412959,0.00404003,0.00453671,0.0993813,0.0994459,0.0990876
1,16.62535748,0,1.22812,1.22812,0.00364129,0.00356206,0.00400274,-0.00262653,-0.00256938,-0.00288725
1,16.89227836,0.851441,1.12993,1.12993,0.0023405,0.00229191,0.002581,0.612472,0.612507,0.612299
1,17.04480458,1.0643,1.07458,1.07458,0.00181729,0.00178098,0.00200804,0.76639,0.766416,0.766252
1,17.57864633,0.425721,0.886451,0.886451,0.000754112,0.000735923,0.000833297,0.306536,0.306549,0.306479
1,18.03622498,2.37694,0.734252,0.734252,0.000353286,0.000344799,0.000391843,1.71428,1.71428,1.71425
1,19.04671115,1.56098,0.442226,0.442226,6.61215e-05,6.45988e-05,7.3986e-05,1.12591,1.12591,1.12591
2,0.000224299,0.556237,7.56598,7.56598,5.33355,5.33669,5.34089,-3.44596,-3.44823,-3.45126
2,0.045084112,2.87935,7.55994,7.55994,5.32219,5.32533,5.32957,-1.76207,-1.76434,-1.7674
2,0.067514019,2.97751,7.55665,7.55665,5.31651,5.31965,5.32392,-1.68717,-1.68944,-1.69251
2,0.134803738,4.05726,7.54573,7.54573,5.29948,5.30262,5.30695,-0.896033,-0.898302,-0.901425
2,0.157233645,3.27198,7.54175,7.54175,5.2938,5.29694,5.3013,-1.45837,-1.46064,-1.46378
2,0.269383178,3.40286,7.51956,7.51956,5.2654,5.26855,5.27302,-1.34348,-1.34576,-1.34898
2,0.426392523,2.01227,7.48281,7.48281,5.22565,5.22881,5.23343,-2.31787,-2.32015,-2.32348
2,0.426392523,4.13906,7.48281,7.48281,5.22565,5.22881,5.23343,-0.783777,-0.786058,-0.789388
2,0.51611215,4.90798,7.4593,7.4593,5.20293,5.2061,5.2108,-0.212759,-0.215043,-0.218436
2,0.650691589,3.81186,7.42122,7.42122,5.16886,5.17204,5.17687,-0.978829,-0.981119,-0.984606
2,0.650691589,3.5501,7.42122,7.42122,5.16886,5.17204,5.17687,-1.16764,-1.16993,-1.17342
2,0.673121495,2.86299,7.41458,7.41458,5.16318,5.16636,5.17121,-1.65917,-1.66146,-1.66497
2,0.762841121,3.09202,7.38732,7.38732,5.14047,5.14365,5.14859,-1.47758,-1.47987,-1.48344
2,0.807700935,5.51329,7.37329,7.37329,5.12911,5.13229,5.13728,0.277119,0.274823,0.271225
2,0.897420561,4.25358,7.34454,7.34454,5.10639,5.10958,5.11466,-0.615151,-0.61745,-0.621112
2,0.9198504669999999,3.01022,7.33722,7.33722,5.10071,5.1039,5.109,-1.50791,-1.51021,-1.51389
2,0.9198504669999999,4.79346,7.33722,7.33722,5.10071,5.1039,5.109,-0.221631,-0.223932,-0.227609
2,0.96471028,5.97137,7.32243,7.32243,5.08936,5.09255,5.09769,0.636213,0.63391,0.630202
2,0.96471028,4.98978,7.32243,7.32243,5.08936,5.09255,5.09769,-0.0718302,-0.0741322,-0.0778411
2,0.9871401869999999,3.51738,7.31497,7.31497,5.08368,5.08687,5.09203,-1.1298,-1.1321,-1.13583
2,0.9871401869999999,4.07362,7.31497,7.31497,5.08368,5.08687,5.09203,-0.728574,-0.730877,-0.734601
2,1.054429907,3.3865,7.29231,7.29231,5.06664,5.06984,5.07507,-1.21191,-1.21422,-1.21799
2,1.121719626,3.1411,7.2693,7.2693,5.0496,5.0528,5.0581,-1.37664,-1.37895,-1.38276
2,1.211439252,4.30266,7.23814,7.23814,5.02689,5.03009,5.03548,-0.522401,-0.524713,-0.528596
2,1.278728972,5.20245,7.21444,7.21444,5.00985,5.01306,5.01851,0.138928,0.136612,0.132682
2,1.323588785,5.48057,7.1985,7.1985,4.99849,5.00171,5.0072,0.347732,0.345415,0.341454
2,1.346018692,4.10634,7.19049,7.19049,4.99281,4.99603,5.00154,-0.639431,-0.641749,-0.645727
2,1.390878505,7.00204,7.1744,7.1744,4.98146,4.98467,4.99023,1.45749,1.45517,1.45116
2,1.413308411,5.10429,7.16632,7.16632,4.97578,4.979,4.98458,0.0927012,0.0903801,0.0863557
2,1.435738318,7.62372,7.15822,7.15822,4.9701,4.97332,4.97892,1.91411,1.91179,1.90775
2,1.480598131,5.79141,7.14195,7.14195,4.95874,4.96196,4.96761,0.60062,0.598296,0.594224
2,1.480598131,5.62781,7.14195,7.14195,4.95874,4.96196,4.96761,0.482613,0.480289,0.476217
2,1.503028037,4.76074,7.13378,7.13378,4.95306,4.95629,4.96195,-0.138728,-0.141053,-0.145141
2,1.660037383,6.11861,7.07613,7.07613,4.91331,4.91654,4.92236,0.869405,0.867074,0.862875
2,1.660037383,4.92434,7.07613,7.07613,4.91331,4.91654,4.92236,0.00795288,0.00562188,0.00142336
2,1.727327103,4.05726,7.05118,7.05118,4.89627,4.89951,4.90539,-0.605196,-0.60753,-0.611776
2,1.817046729,6.51125,7.01773,7.01773,4.87356,4.8768,4.88277,1.1813,1.17896,1.17465
2,1.884336449,5.07157,6.99251,6.99251,4.85652,4.85977,4.86581,0.155123,0.152782,0.148425
2,1.929196262,3.58282,6.97564,6.97564,4.84516,4.84841,4.85449,-0.910549,-0.912892,-0.91728
2,1.951626168,6.31493,6.96719,6.96719,4.83948,4.84273,4.84884,1.06427,1.06192,1.05752
2,1.974056075,5.62781,6.95872,6.95872,4.8338,4.83705,4.84318,0.572733,0.570388,0.565968
2,1.996485981,1.68507,6.95025,6.95025,4.82812,4.83138,4.83753,-2.26714,-2.26949,-2.27392
2,2.041345794,6.72393,6.93329,6.93329,4.81677,4.82002,4.82622,1.37567,1.37332,1.36885
2,2.131065421,4.97342,6.89924,6.89924,4.79405,4.79731,4.80359,0.129378,0.127026,0.122496
2,2.153495327,6.21677,6.89071,6.89071,4.78837,4.79163,4.79794,1.03033,1.02798,1.02343
2,2.175925234,6.49489,6.88217,6.88217,4.78269,4.78596,4.79228,1.23504,1.23268,1.22812
2,2.243214953,2.94479,6.85651,6.85651,4.76566,4.76892,4.77531,-1.31343,-1.31579,-1.32039
2,2.310504673,4.23722,6.83079,6.83079,4.74862,4.75189,4.75835,-0.368884,-0.371243,-0.3759
2,2.377794393,5.12065,6.80501,6.80501,4.73158,4.73486,4.74138,0.280643,0.278281,0.273577
2,2.422654206,3.58282,6.7878,6.7878,4.72023,4.7235,4.73007,-0.820431,-0.822795,-0.82753
2,2.422654206,7.80368,6.7878,6.7878,4.72023,4.7235,4.73007,2.22415,2.22179,2.21705
2,2.422654206,5.21881,6.7878,6.7878,4.72023,4.7235,4.73007,0.35964,0.357276,0.352541
2,2.512373832,4.95706,6.75331,6.75331,4.69751,4.70079,4.70745,0.187214,0.184846,0.180048
2,2.534803738,7.0184,6.74467,6.74467,4.69183,4.69512,4.70179,1.6782,1.67583,1.67102
2,2.534803738,5.62781,6.74467,6.74467,4.69183,4.69512,4.70179,0.675139,0.672771,0.667956
2,2.534803738,4.51534,6.74467,6.74467,4.69183,4.69512,4.70179,-0.127309,-0.129678,-0.134492
2,2.669383178,5.54601,6.69276,6.69276,4.65776,4.66105,4.66786,0.640714,0.638339,0.63343
2,2.669383178,5.05521,6.69276,6.69276,4.65776,4.66105,4.66786,0.286692,0.284318,0.279408
2,2.669383178,4.35174,6.69276,6.69276,4.65776,4.66105,4.66786,-0.220738,-0.223113,-0.228022
2,2.736672897,3.48466,6.66674,6.66674,4.64072,4.64402,4.65089,-0.833887,-0.836264,-0.841221
2,2.826392523,5.95501,6.63201,6.63201,4.61801,4.62131,4.62827,0.964406,0.962025,0.957004
2,2.91611215,3.10838,6.59722,6.59722,4.59529,4.5986,4.60564,-1.07253,-1.07492,-1.08
2,2.91611215,5.75869,6.59722,6.59722,4.59529,4.5986,4.60564,0.839182,0.836797,0.831714
2,2.960971963,5.05521,6.57981,6.57981,4.58393,4.58724,4.59433,0.339944,0.337557,0.332442
2,2.960971963,3.69734,6.57981,6.57981,4.58393,4.58724,4.59433,-0.639515,-0.641902,-0.647017
2,2.983401869,5.66053,6.57109,6.57109,4.57825,4.58156,4.58868,0.780667,0.778279,0.773148
2,3.005831776,2.68303,6.56238,6.56238,4.57257,4.57589,4.58302,-1.36297,-1.36536,-1.3705
2,3.005831776,4.7771,6.56238,6.56238,4.57257,4.57589,4.58302,0.147525,0.145136,0.139989
2,3.050691589,3.41922,6.54494,6.54494,4.56122,4.56453,4.57171,-0.823741,-0.826132,-0.831311
2,3.050691589,6.26585,6.54494,6.54494,4.56122,4.56453,4.57171,1.22958,1.22719,1.22201
2,3.050691589,5.31697,6.54494,6.54494,4.56122,4.56453,4.57171,0.545141,0.54275,0.537572
2,3.095551402,4.07362,6.5275,6.5275,4.54986,4.55318,4.5604,-0.34352,-0.345913,-0.351124
2,3.140411215,5.90593,6.51004,6.51004,4.5385,4.54182,4.54909,0.986352,0.983957,0.978715
2,3.162841121,3.25562,6.50131,6.50131,4.53282,4.53614,4.54343,-0.921267,-0.923663,-0.928921
2,3.162841121,5.49693,6.50131,6.50131,4.53282,4.53614,4.54343,0.695431,0.693034,0.687777
2,3.252560748,5.39877,6.46636,6.46636,4.51011,4.51343,4.52081,0.641011,0.638611,0.633291
2,3.297420561,4.76074,6.44887,6.44887,4.49875,4.50208,4.5095,0.188976,0.186574,0.181222
2,3.319850467,5.67689,6.44012,6.44012,4.49307,4.4964,4.50384,0.853912,0.851509,0.846141
2,3.319850467,4.1227,6.44012,6.44012,4.49307,4.4964,4.50384,-0.267155,-0.269559,-0.274926
2,3.387140187,6.05317,6.41387,6.41387,4.47603,4.47937,4.48688,1.13762,1.13521,1.1298
2,3.409570093,6.51125,6.40511,6.40511,4.47035,4.47369,4.48122,1.47213,1.46973,1.4643
2,3.409570093,5.00613,6.40511,6.40511,4.47035,4.47369,4.48122,0.386468,0.38406,0.37863
2,3.432,6.87117,6.39635,6.39635,4.46468,4.46802,4.47557,1.73585,1.73344,1.72799
2,3.432,3.3047,6.39635,6.39635,4.46468,4.46802,4.47557,-0.83671,-0.839119,-0.844565
2,3.454429907,3.97546,6.3876,6.3876,4.459,4.46234,4.46991,-0.348784,-0.351194,-0.356656
2,3.454429907,4.4499,6.3876,6.3876,4.459,4.46234,4.46991,-0.00656373,-0.00897365,-0.0144354
2,3.476859813,4.5317,6.37884,6.37884,4.45332,4.45666,4.46425,0.056536,0.0541251,0.0486476
2,3.521719626,5.56237,6.36131,6.36131,4.44196,4.44531,4.45294,0.808173,0.80576,0.800251
2,3.521719626,3.45194,6.36131,6.36131,4.44196,4.44531,4.45294,-0.714119,-0.716532,-0.72204
2,3.544149533,7.31288,6.35254,6.35254,4.43628,4.43963,4.44729,2.07495,2.07253,2.06701
2,3.633869159,4.90798,6.31747,6.31747,4.41357,4.41692,4.42467,0.356625,0.354207,0.34862
2,3.656299065,4.02454,6.3087,6.3087,4.40789,4.41124,4.41901,-0.276517,-0.278936,-0.284539
2,3.678728972,4.56442,6.29992,6.29992,4.40221,4.40557,4.41335,0.117002,0.114583,0.108964
2,3.723588785,3.5501,6.28237,6.28237,4.39085,4.39421,4.40204,-0.606449,-0.608871,-0.614521
2,3.723588785,3.23926,6.28237,6.28237,4.39085,4.39421,4.40204,-0.830663,-0.833085,-0.838735
2,3.813308411,6.05317,6.24725,6.24725,4.36814,4.3715,4.37942,1.21544,1.21302,1.20731
2,3.903028037,4.22086,6.21211,6.21211,4.34542,4.34879,4.3568,-0.0898513,-0.0922811,-0.0980564
2,3.925457944,3.53374,6.20332,6.20332,4.33975,4.34312,4.35114,-0.581385,-0.583816,-0.589607
2,3.925457944,3.41922,6.20332,6.20332,4.33975,4.34312,4.35114,-0.66399,-0.666421,-0.672212
2,3.94788785,3.9591,6.19453,6.19453,4.33407,4.33744,4.34549,-0.27047,-0.272902,-0.278709
2,3.970317757,3.20654,6.18574,6.18574,4.32839,4.33176,4.33983,-0.809207,-0.81164,-0.817462
2,3.992747664,5.12065,6.17695,6.17695,4.32271,4.32608,4.33418,0.575572,0.573139,0.5673
2,3.992747664,3.01022,6.17695,6.17695,4.32271,4.32608,4.33418,-0.946719,-0.949153,-0.954991
2,4.037607477,2.61759,6.15937,6.15937,4.31135,4.31473,4.32287,-1.22174,-1.22418,-1.23005
2,4.060037383,4.59714,6.15058,6.15058,4.30567,4.30905,4.31721,0.210238,0.207801,0.201916
2,4.08246729,5.51329,6.14178,6.14178,4.29999,4.30337,4.31156,0.875174,0.872736,0.866835
2,4.104897196,1.71779,6.13299,6.13299,4.29432,4.2977,4.3059,-1.85849,-1.86093,-1.86685
2,4.104897196,3.3047,6.13299,6.13299,4.29432,4.2977,4.3059,-0.713826,-0.716265,-0.722182
2,4.127327103,6.10225,6.12419,6.12419,4.28864,4.29202,4.30024,1.30819,1.30575,1.29982
2,4.172186916,4.10634,6.10659,6.10659,4.27728,4.28067,4.28893,-0.123302,-0.125745,-0.131709
2,4.239476636,2.71575,6.0802,6.0802,4.26024,4.26363,4.27197,-1.11407,-1.11652,-1.12253
2,4.261906542,4.40082,6.07139,6.07139,4.25457,4.25796,4.26631,0.105495,0.103049,0.0970216
2,4.261906542,4.97342,6.07139,6.07139,4.25457,4.25796,4.26631,0.51852,0.516074,0.510046
2,4.351626168,3.69734,6.03618,6.03618,4.23185,4.23525,4.24369,-0.385551,-0.388002,-0.394092
2,4.351626168,4.87526,6.03618,6.03618,4.23185,4.23525,4.24369,0.4641,0.46165,0.45556
2,4.418915888,5.88957,6.00976,6.00976,4.21481,4.21822,4.22672,1.20803,1.20558,1.19944
2,4.418915888,6.59305,6.00976,6.00976,4.21481,4.21822,4.22672,1.71546,1.71301,1.70687
2,4.418915888,2.97751,6.00976,6.00976,4.21481,4.21822,4.22672,-0.892494,-0.894948,-0.901085
2,4.486205607,4.30266,5.98334,5.98334,4.19778,4.20118,4.20976,0.0756515,0.0731952,0.0670102
2,4.486205607,4.1227,5.98334,5.98334,4.19778,4.20118,4.20976,-0.0541563,-0.0566126,-0.0627976
2,4.508635514,4.84254,5.97453,5.97453,4.1921,4.19551,4.2041,0.469171,0.466714,0.460513
2,4.531065421,5.52965,5.96572,5.96572,4.18642,4.18983,4.19845,0.968897,0.966439,0.960222
2,4.531065421,2.81391,5.96572,5.96572,4.18642,4.18983,4.19845,-0.990021,-0.992479,-0.998696
2,4.575925234,6.56033,5.9481,5.9481,4.17506,4.17848,4.18714,1.72053,1.71807,1.71183
2,4.66564486,1.43967,5.91286,5.91286,4.15235,4.15577,4.16452,-1.9567,-1.95917,-1.96548
2,4.66564486,3.07566,5.91286,5.91286,4.15235,4.15577,4.16452,-0.776634,-0.779098,-0.785409
2,4.66564486,4.0409,5.91286,5.91286,4.15235,4.15577,4.16452,-0.0803916,-0.0828559,-0.0891668
2,4.66564486,3.8773,5.91286,5.91286,4.15235,4.15577,4.16452,-0.198399,-0.200863,-0.207174
2,4.732934579,3.45194,5.88641,5.88641,4.13532,4.13874,4.14755,-0.492929,-0.495397,-0.501755
2,4.755364486,3.94274,5.8776,5.8776,4.12964,4.13306,4.14189,-0.134812,-0.13728,-0.143654
2,4.800224299,4.80982,5.85997,5.85997,4.11828,4.1217,4.13058,0.498818,0.496348,0.489943
2,4.889943925,3.27198,5.8247,5.8247,4.09557,4.099,4.10796,-0.594065,-0.596539,-0.603007
2,4.912373832,3.56646,5.81588,5.81588,4.08989,4.09332,4.10231,-0.377556,-0.380032,-0.386515
2,4.912373832,2.37219,5.81588,5.81588,4.08989,4.09332,4.10231,-1.23901,-1.24148,-1.24797
2,4.934803738,3.41922,5.80706,5.80706,4.08421,4.08764,4.09665,-0.479666,-0.482143,-0.488642
2,4.934803738,4.41718,5.80706,5.80706,4.08421,4.08764,4.09665,0.240177,0.2377,0.231201
2,4.957233645,4.64622,5.79825,5.79825,4.07853,4.08197,4.091,0.409483,0.407005,0.400491
2,5.002093458,3.9591,5.78061,5.78061,4.06717,4.07061,4.07969,-0.077955,-0.0804348,-0.0869807
2,5.002093458,4.49898,5.78061,5.78061,4.06717,4.07061,4.07969,0.311468,0.308989,0.302443
2,5.024523364,3.59918,5.77179,5.77179,4.06149,4.06493,4.07403,-0.333475,-0.335956,-0.342517
2,5.024523364,4.13906,5.77179,5.77179,4.06149,4.06493,4.07403,0.0559488,0.053468,0.0469064
2,5.069383178,5.38241,5.75415,5.75415,4.05014,4.05358,4.06272,0.960995,0.958512,0.951919
2,5.114242991,1.91411,5.7365,5.7365,4.03878,4.04223,4.05141,-1.53256,-1.53505,-1.54167
2,5.114242991,6.11861,5.7365,5.7365,4.03878,4.04223,4.05141,1.50022,1.49773,1.49111
2,5.114242991,2.83027,5.7365,5.7365,4.03878,4.04223,4.05141,-0.871724,-0.874209,-0.880834
2,5.18153271,1.97955,5.71004,5.71004,4.02175,4.02519,4.03444,-1.47307,-1.47556,-1.48223
2,5.226392523,5.02249,5.69239,5.69239,4.01039,4.01384,4.02313,0.730051,0.727561,0.720858
2,5.271252336,3.82822,5.67474,5.67474,3.99903,4.00249,4.01182,-0.123209,-0.125701,-0.132435
2,5.293682243,4.90798,5.66592,5.66592,3.99335,3.99681,4.00617,0.659734,0.657241,0.650491
2,5.360971963,4.10634,5.63945,5.63945,3.97632,3.97978,3.9892,0.0937866,0.0912904,0.0844936
2,5.360971963,2.73211,5.63945,5.63945,3.97632,3.97978,3.9892,-0.897473,-0.899969,-0.906766
2,5.405831776,5.18609,5.6218,5.6218,3.96496,3.96843,3.97789,0.880825,0.878327,0.871499
2,5.405831776,3.10838,5.6218,5.6218,3.96496,3.96843,3.97789,-0.617865,-0.620363,-0.627191
2,5.428261682,7.47648,5.61297,5.61297,3.95928,3.96275,3.97224,2.53702,2.53452,2.52768
2,5.428261682,4.51534,5.61297,5.61297,3.95928,3.96275,3.97224,0.401092,0.398593,0.391749
2,5.450691589,3.6319,5.60415,5.60415,3.95361,3.95707,3.96658,-0.232051,-0.234551,-0.24141
2,5.517981308,4.8589,5.57767,5.57767,3.93657,3.94004,3.94961,0.66529,0.662787,0.655881
2,5.517981308,6.08589,5.57767,5.57767,3.93657,3.94004,3.94961,1.55034,1.54784,1.54093
2,5.540411215,2.96115,5.56884,5.56884,3.93089,3.93436,3.94396,-0.699496,-0.702001,-0.708922
2,5.652560748,4.6953,5.5247,5.5247,3.9025,3.90598,3.91568,0.571858,0.569349,0.562349
2,5.652560748,4.51534,5.5247,5.5247,3.9025,3.90598,3.91568,0.44205,0.439541,0.432541
2,5.652560748,3.66462,5.5247,5.5247,3.9025,3.90598,3.91568,-0.171587,-0.174096,-0.181096
2,5.652560748,2.56851,5.5247,5.5247,3.9025,3.90598,3.91568,-0.962234,-0.964744,-0.971743
2,5.719850467,3.89366,5.49822,5.49822,3.88547,3.88895,3.89872,0.00591081,0.00339849,-0.003648
2,5.719850467,3.2229,5.49822,5.49822,3.88547,3.88895,3.89872,-0.477918,-0.480431,-0.487477
2,5.876859813,3.59918,5.43642,5.43642,3.84572,3.84921,3.85913,-0.177832,-0.180351,-0.187507
2,5.921719626,1.86503,5.41876,5.41876,3.83436,3.83786,3.84782,-1.42052,-1.42304,-1.43022
2,5.966579439,2.66667,5.4011,5.4011,3.82301,3.8265,3.83651,-0.834089,-0.836613,-0.843832
2,5.989009346,4.80982,5.39227,5.39227,3.81733,3.82083,3.83086,0.7159,0.713375,0.706141
2,5.989009346,4.6135,5.39227,5.39227,3.81733,3.82083,3.83086,0.574291,0.571767,0.564532
2,5.989009346,4.0409,5.39227,5.39227,3.81733,3.82083,3.83086,0.161266,0.158742,0.151507
2,5.989009346,3.3047,5.39227,5.39227,3.81733,3.82083,3.83086,-0.369766,-0.37229,-0.379525
2,6.011439252,2.84663,5.38343,5.38343,3.81165,3.81515,3.8252,-0.69609,-0.698616,-0.705866
2,6.101158879,1.76687,5.34811,5.34811,3.78894,3.79244,3.80258,-1.45855,-1.46108,-1.4684
2,6.101158879,3.0593,5.34811,5.34811,3.78894,3.79244,3.80258,-0.526298,-0.528828,-0.536141
2,6.123588785,3.97546,5.33928,5.33928,3.78326,3.78677,3.79693,0.138638,0.136107,0.128778
2,6.146018692,3.59918,5.33045,5.33045,3.77758,3.78109,3.79127,-0.128683,-0.131215,-0.138559
2,6.235738318,1.91411,5.29512,5.29512,3.75487,3.75839,3.76865,-1.32777,-1.33031,-1.33772
2,6.235738318,5.56237,5.29512,5.29512,3.75487,3.75839,3.76865,1.30378,1.30125,1.29384
2,6.280598131,5.26789,5.27746,5.27746,3.74351,3.74703,3.75735,1.09956,1.09703,1.08959
2,6.280598131,4.22086,5.27746,5.27746,3.74351,3.74703,3.75735,0.344318,0.34178,0.334341
2,6.280598131,3.86094,5.27746,5.27746,3.74351,3.74703,3.75735,0.0847019,0.082164,0.0747254
2,6.370317757,2.96115,5.24213,5.24213,3.7208,3.72433,3.73473,-0.547955,-0.550497,-0.557998
2,6.392747664,4.58078,5.23329,5.23329,3.71512,3.71865,3.72907,0.624411,0.621868,0.614351
2,6.41517757,6.75665,5.22446,5.22446,3.70945,3.71297,3.72342,2.198,2.19546,2.18792
2,6.437607477,4.76074,5.21563,5.21563,3.70377,3.7073,3.71776,0.762411,0.759865,0.752317
2,6.460037383,5.88957,5.2068,5.2068,3.69809,3.70162,3.71211,1.58076,1.57821,1.57064
2,6.48246729,4.98978,5.19796,5.19796,3.69241,3.69594,3.70645,0.935812,0.933264,0.925684
2,6.504897196,4.25358,5.18913,5.18913,3.68673,3.69027,3.7008,0.408875,0.406326,0.398731
2,6.527327103,1.93047,5.1803,5.1803,3.68106,3.68459,3.69514,-1.26273,-1.26528,-1.27289
2,6.527327103,5.61145,5.1803,5.1803,3.68106,3.68459,3.69514,1.39243,1.38988,1.38227
2,6.527327103,0.670757,5.1803,5.1803,3.68106,3.68459,3.69514,-2.17139,-2.17394,-2.18155
2,6.639476636,3.56646,5.13613,5.13613,3.65267,3.65621,3.66687,-0.0621821,-0.0647368,-0.0724264
2,6.639476636,3.3865,5.13613,5.13613,3.65267,3.65621,3.66687,-0.19199,-0.194545,-0.202234
2,6.639476636,3.25562,5.13613,5.13613,3.65267,3.65621,3.66687,-0.286396,-0.28895,-0.29664
2,6.661906542,2.71575,5.12729,5.12729,3.64699,3.65053,3.66122,-0.671724,-0.674279,-0.681985
2,6.818915888,3.99182,5.06545,5.06545,3.60725,3.6108,3.62163,0.277399,0.274836,0.267021
2,6.886205607,3.77914,5.03895,5.03895,3.59021,3.59377,3.60467,0.136276,0.13371,0.125848
2,6.886205607,3.20654,5.03895,5.03895,3.59021,3.59377,3.60467,-0.276749,-0.279315,-0.287177
2,6.931065421,2.01227,5.02128,5.02128,3.57886,3.58242,3.59336,-1.13001,-1.13258,-1.14047
2,6.953495327,4.25358,5.01245,5.01245,3.57318,3.57674,3.58771,0.490782,0.488214,0.480304
2,6.953495327,3.61554,5.01245,5.01245,3.57318,3.57674,3.58771,0.0305547,0.0279858,0.0200765
2,6.99835514,1.76687,4.99478,4.99478,3.56183,3.56539,3.5764,-1.29474,-1.29731,-1.30525
2,6.99835514,2.19223,4.99478,4.99478,3.56183,3.56539,3.5764,-0.987917,-0.990488,-0.998428
2,7.06564486,3.01022,4.96827,4.96827,3.5448,3.54836,3.55944,-0.385596,-0.38817,-0.396157
2,7.088074766,4.54806,4.95944,4.95944,3.53912,3.54269,3.55378,0.727767,0.725191,0.717188
2,7.110504673,1.96319,4.9506,4.9506,3.53344,3.53701,3.54813,-1.13265,-1.13523,-1.14325
2,7.132934579,3.7955,4.94177,4.94177,3.52776,3.53134,3.54248,0.193124,0.190547,0.182512
2,7.177794393,2.42127,4.9241,4.9241,3.51641,3.51998,3.53117,-0.789945,-0.792525,-0.800591
2,7.200224299,3.17382,4.91526,4.91526,3.51073,3.51431,3.52551,-0.243017,-0.245598,-0.25368
2,7.222654206,4.1227,4.90643,4.90643,3.50505,3.50863,3.51986,0.445519,0.442937,0.43484
2,7.267514019,4.71166,4.88875,4.88875,3.4937,3.49728,3.50855,0.878535,0.875951,0.867822
2,7.334803738,3.3865,4.86225,4.86225,3.47667,3.48025,3.49159,-0.0650379,-0.0676247,-0.0758005
2,7.379663551,3.92638,4.84458,4.84458,3.46531,3.4689,3.48028,0.332576,0.329987,0.32178
2,7.402093458,1.32515,4.83574,4.83574,3.45964,3.46323,3.47463,-1.53964,-1.54223,-1.55046
2,7.402093458,5.54601,4.83574,4.83574,3.45964,3.46323,3.47463,1.50494,1.50235,1.49413
2,7.424523364,5.85685,4.82691,4.82691,3.45396,3.45755,3.46897,1.73325,1.73066,1.72242
2,7.424523364,6.72393,4.82691,4.82691,3.45396,3.45755,3.46897,2.35869,2.3561,2.34786
2,7.446953271,4.7771,4.81807,4.81807,3.44828,3.45188,3.46332,0.958497,0.955905,0.947651
2,7.446953271,4.64622,4.81807,4.81807,3.44828,3.45188,3.46332,0.864092,0.8615,0.853246
2,7.469383178,3.68098,4.80923,4.80923,3.44261,3.4462,3.45767,0.171944,0.169352,0.161082
2,7.536672897,1.83231,4.78273,4.78273,3.42558,3.42917,3.4407,-1.14925,-1.15185,-1.16016
2,7.536672897,4.22086,4.78273,4.78273,3.42558,3.42917,3.4407,0.573653,0.571056,0.56274
2,7.536672897,5.00613,4.78273,4.78273,3.42558,3.42917,3.4407,1.14009,1.13749,1.12917
2,7.64882243,2.38855,4.73855,4.73855,3.39719,3.4008,3.41244,-0.727553,-0.730155,-0.73855
2,7.64882243,2.56851,4.73855,4.73855,3.39719,3.4008,3.41244,-0.597746,-0.600347,-0.608742
2,7.671252336,3.56646,4.72971,4.72971,3.39152,3.39512,3.40678,0.126193,0.12359,0.11518
2,7.671252336,3.32106,4.72971,4.72971,3.39152,3.39512,3.40678,-0.0508181,-0.0534204,-0.061831
2,7.805831776,3.82822,4.67669,4.67669,3.35746,3.36107,3.37286,0.339572,0.336963,0.328459
2,7.895551402,3.3047,4.64135,4.64135,3.33475,3.33837,3.35025,-0.0216726,-0.0242852,-0.0328528
2,7.917981308,2.14315,4.63251,4.63251,3.32907,3.3327,3.3446,-0.855429,-0.858042,-0.866626
2,7.940411215,2.97751,4.62367,4.62367,3.3234,3.32702,3.33894,-0.249498,-0.252112,-0.260711
2,7.962841121,2.86299,4.61484,4.61484,3.31772,3.32135,3.33329,-0.328008,-0.330624,-0.339239
2,8.030130841,4.25358,4.58833,4.58833,3.30069,3.30432,3.31633,0.687335,0.684717,0.676055
2,8.030130841,3.7955,4.58833,4.58833,3.30069,3.30432,3.31633,0.356915,0.354297,0.345635
2,8.052560748,3.68098,4.57949,4.57949,3.29502,3.29865,3.31068,0.278405,0.275785,0.267108
2,8.052560748,2.07771,4.57949,4.57949,3.29502,3.29865,3.31068,-0.878065,-0.880685,-0.889362
2,8.097420561,1.94683,4.56182,4.56182,3.28366,3.2873,3.29937,-0.964282,-0.966904,-0.975613
2,8.142280374,3.40286,4.54414,4.54414,3.27231,3.27595,3.28807,0.0941697,0.091546,0.0828056
2,8.16471028,4.1227,4.53531,4.53531,3.26663,3.27027,3.28241,0.617495,0.61487,0.606114
2,8.232,4.35174,4.5088,4.5088,3.24961,3.25325,3.26545,0.794987,0.79236,0.783557
2,8.232,1.25971,4.5088,4.5088,3.24961,3.25325,3.26545,-1.43535,-1.43797,-1.44678
2,8.254429907,3.3047,4.49996,4.49996,3.24393,3.24758,3.2598,0.0438359,0.0412073,0.0323885
2,8.344149533,0.916155,4.46461,4.46461,3.22123,3.22488,3.23719,-1.66269,-1.66532,-1.67421
2,8.366579439,3.94274,4.45578,4.45578,3.21555,3.2192,3.23154,0.524533,0.5219,0.513003
2,8.389009346,3.58282,4.44694,4.44694,3.20988,3.21353,3.22589,0.269011,0.266377,0.257464
2,8.411439252,6.08589,4.4381,4.4381,3.2042,3.20786,3.22023,2.07861,2.07598,2.06705
2,8.411439252,2.47035,4.4381,4.4381,3.2042,3.20786,3.22023,-0.529343,-0.531979,-0.540907
2,8.456299065,3.69734,4.42043,4.42043,3.19285,3.19651,3.20893,0.363898,0.36126,0.352301
2,8.478728972,3.33742,4.41159,4.41159,3.18718,3.19083,3.20328,0.108376,0.105737,0.0967621
2,8.501158879,4.33538,4.40276,4.40276,3.1815,3.18516,3.19763,0.832313,0.829674,0.820683
2,8.501158879,0.834356,4.40276,4.40276,3.1815,3.18516,3.19763,-1.69304,-1.69568,-1.70467
2,8.501158879,3.48466,4.40276,4.40276,3.1815,3.18516,3.19763,0.218676,0.216037,0.207046
2,8.523588785,4.02454,4.39392,4.39392,3.17583,3.17949,3.19197,0.612193,0.609553,0.600546
2,8.635738318,2.17587,4.34974,4.34974,3.14745,3.15112,3.16371,-0.70082,-0.703465,-0.71255
2,8.658168224,1.94683,4.3409,4.3409,3.14178,3.14544,3.15806,-0.861937,-0.864583,-0.873683
2,8.658168224,3.10838,4.3409,4.3409,3.14178,3.14544,3.15806,-0.0240861,-0.0267323,-0.0358326
2,8.703028037,1.75051,4.32323,4.32323,3.13043,3.1341,3.14676,-0.995358,-0.998007,-1.00714
2,8.725457944,1.14519,4.31439,4.31439,3.12475,3.12842,3.14111,-1.42789,-1.43054,-1.43969
2,8.792747664,2.56851,4.28788,4.28788,3.10773,3.11141,3.12415,-0.38895,-0.391602,-0.400796
2,8.904897196,6.90389,4.24369,4.24369,3.07936,3.08304,3.09589,2.7587,2.75605,2.74677
2,8.904897196,1.06339,4.24369,4.24369,3.07936,3.08304,3.09589,-1.45415,-1.45681,-1.46608
2,8.904897196,2.83027,4.24369,4.24369,3.07936,3.08304,3.09589,-0.179673,-0.182331,-0.191603
2,8.927327103,3.53374,4.23486,4.23486,3.07368,3.07737,3.09024,0.33185,0.329192,0.319904
2,8.972186916,2.30675,4.21718,4.21718,3.06233,3.06602,3.07894,-0.545017,-0.547677,-0.556997
2,8.972186916,3.27198,4.21718,4.21718,3.06233,3.06602,3.07894,0.151225,0.148565,0.139245
2,8.972186916,3.89366,4.21718,4.21718,3.06233,3.06602,3.07894,0.599652,0.596992,0.587673
2,9.017046729,3.04294,4.19951,4.19951,3.05099,3.05468,3.06764,-0.00579994,-0.00846173,-0.0178122
2,9.039476636,2.48671,4.19067,4.19067,3.04531,3.049,3.06199,-0.402931,-0.405594,-0.41496
2,9.061906542,4.84254,4.18183,4.18183,3.03964,3.04333,3.05634,1.30046,1.2978,1.28842
2,9.106766355,1.57055,4.16416,4.16416,3.02829,3.03199,3.04504,-1.05149,-1.05416,-1.06357
2,9.106766355,3.61554,4.16416,4.16416,3.02829,3.03199,3.04504,0.423595,0.42093,0.411517
2,9.129196262,1.29243,4.15532,4.15532,3.02262,3.02631,3.03938,-1.24801,-1.25068,-1.26011
2,9.174056075,4.41718,4.13765,4.13765,3.01127,3.01497,3.02808,1.01411,1.01144,1.00198
2,9.196485981,3.43558,4.12881,4.12881,3.0056,3.0093,3.02243,0.310157,0.307488,0.298012
2,9.241345794,3.73006,4.11114,4.11114,2.99425,2.99795,3.01113,0.530754,0.528084,0.518576
2,9.286205607,2.55215,4.09347,4.09347,2.9829,2.98661,2.99983,-0.310713,-0.313385,-0.322924
2,9.286205607,3.27198,4.09347,4.09347,2.9829,2.98661,2.99983,0.208519,0.205846,0.196308
2,9.308635514,1.35787,4.08463,4.08463,2.97723,2.98094,2.99418,-1.16807,-1.17075,-1.1803
2,9.331065421,3.10838,4.07579,4.07579,2.97156,2.97527,2.98853,0.0986957,0.0960213,0.0864515
2,9.375925234,5.54601,4.05812,4.05812,2.96021,2.96392,2.97723,1.86519,1.86251,1.85291
2,9.39835514,4.26994,4.04928,4.04928,2.95454,2.95825,2.97158,0.948822,0.946145,0.936528
2,9.420785047,7.39468,4.04045,4.04045,2.94887,2.95258,2.96593,3.20685,3.20417,3.19454
2,9.443214953,2.38855,4.03161,4.03161,2.94319,2.94691,2.96028,-0.400077,-0.402755,-0.412403
2,9.443214953,2.84663,4.03161,4.03161,2.94319,2.94691,2.96028,-0.0696566,-0.0723355,-0.0819835
2,9.443214953,4.15542,4.03161,4.03161,2.94319,2.94691,2.96028,0.8744,0.871721,0.862073
2,9.510504673,4.89162,4.0051,4.0051,2.92618,2.92989,2.94334,1.41771,1.41503,1.40533
2,9.532934579,0.719836,3.99626,3.99626,2.9205,2.92422,2.93769,-1.58738,-1.59007,-1.59978
2,9.532934579,4.40082,3.99626,3.99626,2.9205,2.92422,2.93769,1.06778,1.06509,1.05538
2,9.645084112,3.41922,3.95208,3.95208,2.89215,2.89587,2.90944,0.380191,0.377504,0.367715
2,9.645084112,2.68303,3.95208,3.95208,2.89215,2.89587,2.90944,-0.150841,-0.153528,-0.163317
2,9.667514019,1.42331,3.94324,3.94324,2.88647,2.8902,2.90379,-1.05541,-1.05809,-1.0679
2,9.667514019,2.48671,3.94324,3.94324,2.88647,2.8902,2.90379,-0.288359,-0.291046,-0.300851
2,9.734803738,3.25562,3.91673,3.91673,2.86946,2.87319,2.88685,0.278547,0.275858,0.266006
2,9.846953271,2.42127,3.87255,3.87255,2.8411,2.84484,2.85861,-0.302836,-0.305529,-0.31546
2,9.869383178,2.78119,3.86371,3.86371,2.83543,2.83917,2.85296,-0.0391297,-0.0418241,-0.0517702
2,9.959102804,1.79959,3.82837,3.82837,2.81275,2.81649,2.83037,-0.730812,-0.733509,-0.743518
2,9.959102804,3.1411,3.82837,3.82837,2.81275,2.81649,2.83037,0.236847,0.234149,0.22414
2,10.00396262,2.61759,3.81069,3.81069,2.80141,2.80515,2.81907,-0.132596,-0.135296,-0.145335
2,10.02639252,2.35583,3.80186,3.80186,2.79574,2.79949,2.81343,-0.317318,-0.320018,-0.330073
2,10.07125234,2.04499,3.78418,3.78418,2.7844,2.78815,2.80213,-0.533352,-0.536054,-0.54614
2,10.13854206,2.53579,3.75768,3.75768,2.76739,2.77114,2.78519,-0.167062,-0.169767,-0.1799
2,10.16097196,3.01022,3.74884,3.74884,2.76172,2.76548,2.77955,0.179248,0.176542,0.166394
2,10.18340187,5.33e-15,3.74,3.74,2.75606,2.75981,2.7739,-1.98799,-1.9907,-2.00086
2,10.20583178,3.40286,3.73117,3.73117,2.75039,2.75414,2.76825,0.470643,0.467935,0.457756
2,10.2731215,2.35583,3.70466,3.70466,2.73338,2.73714,2.75131,-0.272335,-0.275046,-0.285272
2,10.2731215,3.9591,3.70466,3.70466,2.73338,2.73714,2.75131,0.884134,0.881424,0.871198
2,10.31798131,2.74847,3.68699,3.68699,2.72204,2.7258,2.74002,0.0190589,0.0163465,0.00608977
2,10.40770093,5.87321,3.65164,3.65164,2.69937,2.70314,2.71744,2.28935,2.28663,2.27631
2,10.40770093,2.30675,3.65164,3.65164,2.69937,2.70314,2.71744,-0.283207,-0.285923,-0.296242
2,10.40770093,3.7955,3.65164,3.65164,2.69937,2.70314,2.71744,0.790658,0.787942,0.777623
2,10.40770093,3.35378,3.65164,3.65164,2.69937,2.70314,2.71744,0.472038,0.469323,0.459004
2,10.40770093,3.01022,3.65164,3.65164,2.69937,2.70314,2.71744,0.224223,0.221508,0.211189
2,10.47499065,2.53579,3.62514,3.62514,2.68237,2.68614,2.70051,-0.105733,-0.108451,-0.118817
2,10.49742056,3.19018,3.6163,3.6163,2.6767,2.68047,2.69486,0.370383,0.367664,0.357283
2,10.51985047,4.46626,3.60746,3.60746,2.67104,2.67481,2.68922,1.29493,1.29221,1.28181
2,10.54228037,3.51738,3.59863,3.59863,2.66537,2.66914,2.68358,0.614572,0.611852,0.60144
2,10.632,1.86503,3.56329,3.56329,2.6427,2.64648,2.661,-0.56095,-0.563675,-0.574148
2,10.65442991,1.01431,3.55445,3.55445,2.63704,2.64082,2.65536,-1.1705,-1.17323,-1.18371
2,10.92358879,2.53579,3.44843,3.44843,2.56906,2.57285,2.58765,-0.0240012,-0.0267364,-0.0374103
2,10.94601869,4.15542,3.4396,3.4396,2.5634,2.56719,2.58201,1.14835,1.14562,1.13493
2,11.03573832,0.327198,3.40426,3.40426,2.54075,2.54454,2.55945,-1.59667,-1.59941,-1.61016
2,11.03573832,1.50511,3.40426,3.40426,2.54075,2.54454,2.55945,-0.747021,-0.749761,-0.760512
2,11.03573832,2.38855,3.40426,3.40426,2.54075,2.54454,2.55945,-0.109783,-0.112522,-0.123273
2,11.08059813,1.66871,3.38659,3.38659,2.52942,2.53322,2.54817,-0.620845,-0.623587,-0.634368
2,11.14788785,1.42331,3.36009,3.36009,2.51244,2.51624,2.53125,-0.785604,-0.788348,-0.799175
2,11.17031776,2.19223,3.35125,3.35125,2.50677,2.51058,2.52561,-0.226887,-0.229632,-0.240474
2,11.19274766,1.79959,3.34242,3.34242,2.50111,2.50492,2.51997,-0.50602,-0.508766,-0.519624
2,11.26003738,2.58487,3.31592,3.31592,2.48413,2.48794,2.50306,0.0726634,0.0699151,0.0590112
2,11.28246729,1.47239,3.30709,3.30709,2.47847,2.48228,2.49742,-0.725702,-0.728451,-0.73937
2,11.3048972,3.25562,3.29825,3.29825,2.47281,2.47662,2.49178,0.564658,0.561908,0.550974
2,11.39461682,2.91207,3.26292,3.26292,2.45017,2.45399,2.46923,0.333172,0.330419,0.319423
2,11.43947664,2.45399,3.24525,3.24525,2.43886,2.44267,2.45796,0.0109154,0.00816026,-0.00286576
2,11.46190654,2.06135,3.23642,3.23642,2.4332,2.43702,2.45232,-0.26822,-0.270976,-0.282018
2,11.48433645,1.93047,3.22759,3.22759,2.42754,2.43136,2.44669,-0.358545,-0.361302,-0.372358
2,11.52919626,2.71575,3.20992,3.20992,2.41622,2.42005,2.43542,0.216051,0.213292,0.202206
2,11.52919626,4.38446,3.20992,3.20992,2.41622,2.42005,2.43542,1.41972,1.41697,1.40588
2,11.64134579,0.359918,3.16576,3.16576,2.38794,2.39177,2.40725,-1.46285,-1.46561,-1.47678
2,11.91050467,0.834356,3.05979,3.05979,2.3201,2.32394,2.33967,-1.07169,-1.07446,-1.08581
2,11.93293458,2.15951,3.05096,3.05096,2.31444,2.31829,2.33404,-0.111757,-0.114531,-0.125889
2,11.93293458,0.687117,3.05096,3.05096,2.31444,2.31829,2.33404,-1.17382,-1.1766,-1.18795
2,11.97779439,1.11247,3.0333,3.0333,2.30314,2.30699,2.32278,-0.85885,-0.861626,-0.873014
2,12.02265421,1.73415,3.01564,3.01564,2.29184,2.29569,2.31152,-0.402271,-0.405049,-0.416467
2,12.04508411,3.69734,3.00681,3.00681,2.28619,2.29004,2.30589,1.01789,1.01511,1.00368
2,12.11237383,1.96319,2.98032,2.98032,2.26924,2.2731,2.28901,-0.220761,-0.223542,-0.235021
2,12.17966355,1.45603,2.95384,2.95384,2.2523,2.25616,2.27213,-0.574361,-0.577145,-0.588668
2,12.24695327,2.84663,2.92736,2.92736,2.23536,2.23922,2.25526,0.440918,0.438132,0.426565
2,12.26938318,2.61759,2.91853,2.91853,2.22971,2.23358,2.24963,0.279781,0.276994,0.265411
2,12.38153271,3.28834,2.8744,2.8744,2.20149,2.20536,2.22152,0.783967,0.781176,0.76952
2,12.42639252,1.89775,2.85674,2.85674,2.19021,2.19408,2.21028,-0.210953,-0.213745,-0.225431
2,12.42639252,1.60327,2.85674,2.85674,2.19021,2.19408,2.21028,-0.423366,-0.426158,-0.437844
2,12.47125234,2.09407,2.83909,2.83909,2.17892,2.18279,2.19904,-0.0612059,-0.0639991,-0.0757142
2,12.47125234,1.06339,2.83909,2.83909,2.17892,2.18279,2.19904,-0.804651,-0.807444,-0.819159
2,12.51611215,3.32106,2.82144,2.82144,2.16764,2.17152,2.1878,0.831985,0.829191,0.817446
2,12.53854206,2.20859,2.81262,2.81262,2.162,2.16588,2.18218,0.0336051,0.0308097,0.0190507
2,12.60583178,1.93047,2.78615,2.78615,2.14508,2.14896,2.16532,-0.154804,-0.157602,-0.169405
2,12.6955514,0.736196,2.75086,2.75086,2.12253,2.12642,2.14286,-0.999991,-1.00279,-1.01465
2,12.91985047,1.79959,2.66265,2.66265,2.0662,2.07009,2.08674,-0.192311,-0.195119,-0.207124
2,12.91985047,0.916155,2.66265,2.66265,2.0662,2.07009,2.08674,-0.82955,-0.832358,-0.844362
2,12.98714019,4.33538,2.6362,2.6362,2.04931,2.05321,2.06991,1.64898,1.64617,1.63412
2,13.05442991,1.66871,2.60975,2.60975,2.03243,2.03633,2.05309,-0.262358,-0.26517,-0.277261
2,13.05442991,4.5317,2.60975,2.60975,2.03243,2.03633,2.05309,1.80277,1.79995,1.78786
2,13.18900935,0.458078,2.55686,2.55686,1.99869,2.00259,2.01947,-1.11127,-1.11409,-1.12626
2,13.23386916,2.38855,2.53923,2.53923,1.98744,1.99135,2.00827,0.289323,0.286507,0.274303
2,13.25629907,0.539877,2.53042,2.53042,1.98182,1.98573,2.00267,-1.0401,-1.04292,-1.05514
2,13.30115888,3.58282,2.5128,2.5128,1.97059,1.97449,1.99147,1.16294,1.16012,1.14787
2,13.3908785,2.02863,2.47756,2.47756,1.94812,1.95203,1.96908,0.0580729,0.0552529,0.0429516
2,13.41330841,3.76278,2.46875,2.46875,1.94251,1.94642,1.96349,1.313,1.31018,1.29786
2,13.41330841,4.08998,2.46875,2.46875,1.94251,1.94642,1.96349,1.54901,1.54619,1.53388
2,13.45816822,2.65031,2.45114,2.45114,1.93128,1.93519,1.9523,0.518648,0.515826,0.503483
2,13.48059813,0.556237,2.44233,2.44233,1.92567,1.92958,1.94671,-0.987795,-0.990617,-1.00297
2,13.52545794,2.14315,2.42472,2.42472,1.91445,1.91836,1.93553,0.164968,0.162145,0.149761
2,13.74975701,1.40695,2.33671,2.33671,1.85839,1.86231,1.87967,-0.325633,-0.32846,-0.34098
2,13.81704673,0.997955,2.31032,2.31032,1.8416,1.84552,1.86293,-0.608535,-0.611363,-0.623924
2,13.99648598,0.719836,2.23999,2.23999,1.79686,1.80078,1.81834,-0.776874,-0.779705,-0.792371
2,14.0637757,1.55419,2.21364,2.21364,1.7801,1.78402,1.80163,-0.162948,-0.16578,-0.178485
2,14.24321495,0.0981595,2.1434,2.1434,1.73546,1.73939,1.75714,-1.18101,-1.18385,-1.19665
2,14.24321495,2.43763,2.1434,2.1434,1.73546,1.73939,1.75714,0.506488,0.503654,0.490848
2,14.31050467,2.78119,2.11708,2.11708,1.71874,1.72267,1.74048,0.766361,0.763526,0.750683
2,14.4002243,2.87935,2.08201,2.08201,1.69647,1.7004,1.71828,0.853229,0.850394,0.837501
2,14.4002243,4.05726,2.08201,2.08201,1.69647,1.7004,1.71828,1.70288,1.70005,1.68715
2,14.44508411,0.196319,2.06449,2.06449,1.68534,1.68928,1.70718,-1.07406,-1.0769,-1.08981
2,14.44508411,1.01431,2.06449,2.06449,1.68534,1.68928,1.70718,-0.484026,-0.486862,-0.499779
2,14.44508411,1.37423,2.06449,2.06449,1.68534,1.68928,1.70718,-0.224411,-0.227246,-0.240163
2,14.53480374,2.73211,2.02945,2.02945,1.66311,1.66704,1.68502,0.771087,0.768251,0.755286
2,14.64695327,1.22699,1.9857,1.9857,1.63535,1.63928,1.65734,-0.294556,-0.297393,-0.310417
2,14.87125234,1.79959,1.89833,1.89833,1.57996,1.5839,1.60211,0.15842,0.155583,0.142447
2,14.98340187,0.179959,1.85473,1.85473,1.55234,1.55627,1.57456,-0.989925,-0.992761,-1.00595
2,15.02826168,1.79959,1.8373,1.8373,1.54131,1.54524,1.56355,0.186306,0.183469,0.170257
2,15.0955514,1.86503,1.81119,1.81119,1.52477,1.5287,1.54706,0.245438,0.242602,0.229358
2,15.25256075,3.68098,1.75035,1.75035,1.48626,1.49019,1.50864,1.5831,1.58026,1.56695
2,15.27499065,0.572597,1.74167,1.74167,1.48076,1.48469,1.50317,-0.655078,-0.657912,-0.671236
2,15.29742056,1.68507,1.73299,1.73299,1.47527,1.4792,1.49769,0.151331,0.148497,0.135163
2,15.38714019,1.86503,1.69832,1.69832,1.45334,1.45727,1.4758,0.296962,0.294129,0.280757
2,15.47685981,0.883436,1.66371,1.66371,1.43144,1.43537,1.45396,-0.395287,-0.398119,-0.411527
2,15.52171963,2.81391,1.64642,1.64642,1.42051,1.42443,1.44305,1.00508,1.00225,0.988826
2,15.90302804,1.66871,1.50021,1.50021,1.32805,1.33196,1.35076,0.245724,0.242903,0.229343
2,16.08246729,1.81595,1.43193,1.43193,1.28486,1.28877,1.30764,0.383082,0.380269,0.366656
2,16.26190654,2.56851,1.36406,1.36406,1.24191,1.2458,1.26473,0.956898,0.954093,0.940436
2,16.30676636,1.97955,1.34716,1.34716,1.23121,1.2351,1.25404,0.53979,0.536987,0.523321
3,0,0.620408,7.56601,7.56601,nan,6.01142,6.52233,nan,-3.88864,-4.25716
3,2.018691589,4.5551,6.94186,6.94186,nan,5.57184,6.0438,nan,-0.733392,-1.07383
3,2.041121495,2.61224,6.93337,6.93337,nan,5.56696,6.03848,nan,-2.13129,-2.47141
3,3.005607477,5.24082,6.56247,6.56247,nan,5.35693,5.80985,nan,-0.0837574,-0.410457
3,3.857943925,3.72245,6.22977,6.22977,nan,5.17133,5.60781,nan,-1.04511,-1.35995
3,4.014953271,2.1551,6.16825,6.16825,nan,5.13714,5.57059,nan,-2.151,-2.46366
3,4.014953271,3.2,6.16825,6.16825,nan,5.13714,5.57059,nan,-1.3973,-1.70995
3,4.037383178,5.01224,6.15946,6.15946,nan,5.13226,5.56528,nan,-0.0865681,-0.398912
3,4.351401869,3.82041,6.03627,6.03627,nan,5.06388,5.49084,nan,-0.896939,-1.20491
3,5.001869159,3.11837,5.78069,5.78069,nan,4.92224,5.33665,nan,-1.30117,-1.60009
3,5.136448598,5.8449,5.72777,5.72777,nan,4.89293,5.30475,nan,0.686669,0.389619
3,5.226168224,1.94286,5.69248,5.69248,nan,4.8734,5.28348,nan,-2.11385,-2.40965
3,5.45046729,4.81633,5.60423,5.60423,nan,4.82455,5.23031,nan,-0.00593525,-0.298616
3,5.876635514,3.59184,5.4365,5.4365,nan,4.73176,5.12929,nan,-0.822246,-1.10899
3,5.943925234,4.70204,5.41001,5.41001,nan,4.71711,5.11334,nan,-0.0108665,-0.296678
3,6.011214953,4.3102,5.38352,5.38352,nan,4.70245,5.09739,nan,-0.282937,-0.567812
3,6.03364486,6.33469,5.37469,5.37469,nan,4.69757,5.09207,nan,1.18089,0.896326
3,6.347663551,4.60408,5.25105,5.25105,nan,4.62919,5.01764,nan,-0.0181135,-0.298304
3,6.841121495,5.12653,5.05671,5.05671,nan,4.52174,4.90066,nan,0.436245,0.162922
3,6.908411215,6.12245,5.03021,5.03021,nan,4.50709,4.88471,nan,1.16519,0.892802
3,6.998130841,4.19592,4.99487,4.99487,nan,4.48755,4.86345,nan,-0.210362,-0.4815
3,7.020560748,6.17143,4.98603,4.98603,nan,4.48267,4.85813,nan,1.21813,0.947308
3,7.042990654,5.40408,4.9772,4.9772,nan,4.47779,4.85281,nan,0.668155,0.397641
3,7.155140187,7.77143,4.93302,4.93302,nan,4.45336,4.82623,nan,2.39338,2.12443
3,7.244859813,4.76735,4.89768,4.89768,nan,4.43383,4.80496,nan,0.240573,-0.0271304
3,7.289719626,6.85714,4.88001,4.88001,nan,4.42406,4.79433,nan,1.75503,1.48795
3,7.334579439,5.81224,4.86234,4.86234,nan,4.41429,4.78369,nan,1.00837,0.741915
3,7.334579439,4.44082,4.86234,4.86234,nan,4.41429,4.78369,nan,0.0191326,-0.247322
3,7.379439252,4.01633,4.84467,4.84467,nan,4.40452,4.77306,nan,-0.280014,-0.545844
3,7.446728972,6.23673,4.81816,4.81816,nan,4.38987,4.75711,nan,1.33218,1.06728
3,7.648598131,4.81633,4.73863,4.73863,nan,4.34592,4.70926,nan,0.339316,0.0772324
3,7.693457944,6.44898,4.72096,4.72096,nan,4.33615,4.69862,nan,1.52403,1.26257
3,7.85046729,4.76735,4.65911,4.65911,nan,4.30196,4.6614,nan,0.335693,0.0764184
3,7.962616822,6.80816,4.61493,4.61493,nan,4.27754,4.63482,nan,1.82539,1.56767
3,8.007476636,5.74694,4.59725,4.59725,nan,4.26777,4.62419,nan,1.06695,0.809862
3,8.007476636,3.6898,4.59725,4.59725,nan,4.26777,4.62419,nan,-0.416904,-0.673993
3,8.007476636,5.3551,4.59725,4.59725,nan,4.26777,4.62419,nan,0.784312,0.527223
3,8.142056075,8.26122,4.54423,4.54423,nan,4.23847,4.59229,nan,2.90169,2.64647
3,8.231775701,4.5551,4.50889,4.50889,nan,4.21893,4.57102,nan,0.242486,-0.0114806
3,8.321495327,5.48571,4.47354,4.47354,nan,4.1994,4.54975,nan,0.927845,0.675128
3,8.343925234,4.32653,4.4647,4.4647,nan,4.19451,4.54443,nan,0.0952276,-0.157178
3,8.456074766,5.9102,4.42052,4.42052,nan,4.17009,4.51785,nan,1.25517,1.00433
3,8.747663551,4.75102,4.30564,4.30564,nan,4.1066,4.44873,nan,0.464832,0.218047
3,8.882242991,3.98367,4.25262,4.25262,nan,4.0773,4.41683,nan,-0.067533,-0.312444
3,8.94953271,6.66122,4.22611,4.22611,nan,4.06265,4.40088,nan,1.8744,1.63043
3,9.01682243,4.8,4.1996,4.1996,nan,4.048,4.38493,nan,0.542435,0.299397
3,9.039252336,5.9102,4.19076,4.19076,nan,4.04311,4.37961,nan,1.34677,1.10404
3,9.039252336,4.60408,4.19076,4.19076,nan,4.04311,4.37961,nan,0.404638,0.161913
3,9.151401869,7.72245,4.14658,4.14658,nan,4.01869,4.35303,nan,2.67159,2.43042
3,9.218691589,3.80408,4.12007,4.12007,nan,4.00404,4.33708,nan,-0.144235,-0.384463
3,9.285981308,5.06122,4.09355,4.09355,nan,3.98939,4.32113,nan,0.773134,0.533843
3,9.330841121,6.22041,4.07588,4.07588,nan,3.97962,4.3105,nan,1.61632,1.37765
3,9.353271028,5.32245,4.06704,4.06704,nan,3.97474,4.30518,nan,0.972128,0.733774
3,9.375700935,4.39184,4.05821,4.05821,nan,3.96986,4.29987,nan,0.304382,0.0663409
3,9.487850467,6.26939,4.01402,4.01402,nan,3.94544,4.27328,nan,1.67631,1.43983
3,9.66728972,4.34286,3.94333,3.94333,nan,3.90637,4.23075,nan,0.314848,0.0808659
3,9.846728972,4.71837,3.87264,3.87264,nan,3.8673,4.18822,nan,0.613891,0.382408
3,9.958878505,5.02857,3.82845,3.82845,nan,3.84288,4.16163,nan,0.85526,0.625339
3,10.00373832,6.92245,3.81078,3.81078,nan,3.83311,4.151,nan,2.22839,1.9991
3,10.02616822,4.35918,3.80195,3.80195,nan,3.82823,4.14568,nan,0.382986,0.154002
3,10.02616822,5.51837,3.80195,3.80195,nan,3.82823,4.14568,nan,1.21913,0.990142
3,10.11588785,7.24898,3.7666,3.7666,nan,3.8087,4.12442,nan,2.48154,2.2538
3,10.22803738,3.80408,3.72242,3.72242,nan,3.78428,4.09783,nan,0.0142841,-0.21189
3,10.2953271,5.1102,3.69591,3.69591,nan,3.76963,4.08189,nan,0.966982,0.741745
3,10.34018692,5.20816,3.67824,3.67824,nan,3.75986,4.07125,nan,1.04469,0.820075
3,10.38504673,3.15102,3.66057,3.66057,nan,3.75009,4.06062,nan,-0.432123,-0.656111
3,10.45233645,4.63673,3.63406,3.63406,nan,3.73544,4.04467,nan,0.650118,0.427067
3,10.65420561,4.70204,3.55454,3.55454,nan,3.69149,3.99682,nan,0.728927,0.508687
3,10.69906542,4.13061,3.53687,3.53687,nan,3.68173,3.98619,nan,0.32379,0.104175
3,10.74392523,3.4449,3.5192,3.5192,nan,3.67196,3.97556,nan,-0.163784,-0.382774
3,10.85607477,6.07347,3.47502,3.47502,nan,3.64754,3.94898,nan,1.74986,1.53244
3,10.94579439,4.21224,3.43969,3.43969,nan,3.62801,3.92771,nan,0.421418,0.20524
3,10.99065421,5.42041,3.42202,3.42202,nan,3.61825,3.91708,nan,1.29993,1.08438
3,11.01308411,5.99184,3.41318,3.41318,nan,3.61336,3.91176,nan,1.71564,1.5004
3,11.03551402,4.81633,3.40435,3.40435,nan,3.60848,3.90645,nan,0.871242,0.656314
3,11.14766355,6.38367,3.36018,3.36018,nan,3.58406,3.87986,nan,2.01941,1.80604
3,11.23738318,2.48163,3.32484,3.32484,nan,3.56453,3.8586,nan,-0.781116,-0.993232
3,11.28224299,4.65306,3.30717,3.30717,nan,3.55477,3.84797,nan,0.79222,0.580729
3,11.3271028,3.65714,3.28951,3.28951,nan,3.545,3.83733,nan,0.08089,-0.129976
3,11.37196262,2.13878,3.27184,3.27184,nan,3.53524,3.8267,nan,-1.00729,-1.21753
3,11.41682243,4.16327,3.25417,3.25417,nan,3.52547,3.81607,nan,0.460054,0.250438
3,11.6635514,2.67755,3.15702,3.15702,nan,3.47176,3.75759,nan,-0.572878,-0.779055
3,11.68598131,3.2,3.14819,3.14819,nan,3.46688,3.75228,nan,-0.192504,-0.398368
3,11.73084112,2.38367,3.13052,3.13052,nan,3.45711,3.74165,nan,-0.774291,-0.979531
3,11.86542056,3.36327,3.07754,3.07754,nan,3.42782,3.70975,nan,-0.0465627,-0.249926
3,11.93271028,4.94694,3.05105,3.05105,nan,3.41317,3.6938,nan,1.10634,0.90391
3,12,3.78776,3.02456,3.02456,nan,3.39852,3.67786,nan,0.28076,0.0792728
3,12.02242991,6.22041,3.01573,3.01573,nan,3.39364,3.67254,nan,2.039,1.83782
3,12.04485981,3.08571,3.0069,3.0069,nan,3.38876,3.66722,nan,-0.218592,-0.419453
3,12.11214953,5.64898,2.98041,2.98041,nan,3.37411,3.65128,nan,1.6409,1.44098
3,12.22429907,2.51429,2.93627,2.93627,nan,3.3497,3.6247,nan,-0.602601,-0.800961
3,12.29158879,4.88163,2.90979,2.90979,nan,3.33506,3.60875,nan,1.11558,0.918153
3,12.31401869,5.19184,2.90096,2.90096,nan,3.33017,3.60344,nan,1.34285,1.14574
3,12.3364486,2.82449,2.89214,2.89214,nan,3.32529,3.59812,nan,-0.361237,-0.558034
3,12.3588785,2.30204,2.88331,2.88331,nan,3.32041,3.5928,nan,-0.734568,-0.931052
3,12.44859813,4.73469,2.84801,2.84801,nan,3.30088,3.57154,nan,1.03424,0.839003
3,12.65046729,2.36735,2.76859,2.76859,nan,3.25695,3.5237,nan,-0.641685,-0.834102
3,12.6728972,3.46122,2.75977,2.75977,nan,3.25207,3.51839,nan,0.15087,-0.0412333
3,12.74018692,3.05306,2.7333,2.7333,nan,3.23742,3.50244,nan,-0.132983,-0.324147
3,12.87476636,3.00408,2.68038,2.68038,nan,3.20813,3.47055,nan,-0.147187,-0.336473
3,12.94205607,4.08163,2.65392,2.65392,nan,3.19349,3.45461,nan,0.640633,0.452286
3,12.98691589,4.44082,2.63628,2.63628,nan,3.18373,3.44398,nan,0.906761,0.719039
3,13.00934579,4.57143,2.62747,2.62747,nan,3.17885,3.43866,nan,1.00449,0.817086
3,13.0317757,2.62857,2.61865,2.61865,nan,3.17397,3.43335,nan,-0.393404,-0.580499
3,13.16635514,4.60408,2.56576,2.56576,nan,3.14468,3.40146,nan,1.05269,0.867476
3,13.23364486,2.10612,2.53932,2.53932,nan,3.13004,3.38551,nan,-0.73857,-0.922848
3,13.30093458,3.55918,2.51288,2.51288,nan,3.1154,3.36957,nan,0.320111,0.136773
3,13.30093458,2.35102,2.51288,2.51288,nan,3.1154,3.36957,nan,-0.551359,-0.734698
3,13.32336449,3.13469,2.50407,2.50407,nan,3.11052,3.36425,nan,0.0174393,-0.165586
3,13.3682243,2.93878,2.48645,2.48645,nan,3.10076,3.35362,nan,-0.11684,-0.299238
3,13.45794393,3.98367,2.45122,2.45122,nan,3.08123,3.33237,nan,0.650946,0.4698
3,13.65981308,5.33e-15,2.37199,2.37199,nan,3.03731,3.28454,nan,-2.19087,-2.3692
3,13.68224299,2.17143,2.36319,2.36319,nan,3.03243,3.27922,nan,-0.62106,-0.799073
3,13.74953271,1.69796,2.3368,2.3368,nan,3.0178,3.26328,nan,-0.952023,-1.1291
3,13.86168224,0.897959,2.29282,2.29282,nan,2.9934,3.23671,nan,-1.51148,-1.68699
3,13.92897196,3.57551,2.26645,2.26645,nan,2.97876,3.22077,nan,0.430447,0.25588
3,13.99626168,3.5102,2.24008,2.24008,nan,2.96412,3.20483,nan,0.393898,0.220272
3,14.01869159,1.50204,2.23129,2.23129,nan,2.95924,3.19952,nan,-1.05111,-1.22442
3,14.0411215,2.69388,2.22251,2.22251,nan,2.95437,3.1942,nan,-0.187895,-0.360894
3,14.13084112,5.30612,2.18738,2.18738,nan,2.93485,3.17295,nan,1.71044,1.5387
3,14.24299065,1.6,2.14349,2.14349,nan,2.91046,3.14638,nan,-0.945258,-1.11543
3,14.28785047,3.88571,2.12594,2.12594,nan,2.9007,3.13576,nan,0.710508,0.540958
3,14.33271028,2.77551,2.1084,2.1084,nan,2.89095,3.12513,nan,-0.0832654,-0.252188
3,14.44485981,4.27755,2.06457,2.06457,nan,2.86656,3.09857,nan,1.01778,0.850423
3,14.64672897,2.25306,1.98579,1.98579,nan,2.82266,3.05075,nan,-0.410862,-0.575391
3,14.69158879,5.07755,1.9683,1.9683,nan,2.81291,3.04013,nan,1.63353,1.46963
3,14.93831776,2.93878,1.87225,1.87225,nan,2.75927,2.9817,nan,0.129483,-0.0309634
3,14.98317757,3.10204,1.85482,1.85482,nan,2.74952,2.97108,nan,0.254283,0.0944652
3,15.00560748,1.19184,1.8461,1.8461,nan,2.74464,2.96577,nan,-1.12007,-1.27957
3,15.05046729,1.51837,1.82868,1.82868,nan,2.73489,2.95515,nan,-0.8775,-1.03637
3,15.11775701,5.38776,1.80257,1.80257,nan,2.72026,2.93921,nan,1.92411,1.76618
3,15.25233645,1.76327,1.75044,1.75044,nan,2.69102,2.90735,nan,-0.669204,-0.825249
3,15.29719626,2.98776,1.73308,1.73308,nan,2.68127,2.89673,nan,0.221075,0.0656588
3,15.36448598,1.25714,1.70707,1.70707,nan,2.66665,2.8808,nan,-1.0167,-1.17117
3,15.4317757,3.96735,1.68109,1.68109,nan,2.65202,2.86487,nan,0.948766,0.795237
3,15.67850467,0.0163265,1.58614,1.58614,nan,2.59842,2.80647,nan,-1.86252,-2.01258
3,15.92523364,2.59592,1.49174,1.49174,nan,2.54484,2.74808,nan,0.0368427,-0.109757
3,16.1271028,0.881633,1.415,1.415,nan,2.50101,2.70032,nan,-1.16809,-1.31185
3,16.21682243,1.24082,1.38107,1.38107,nan,2.48154,2.67909,nan,-0.894957,-1.03746
3,16.30654206,2.85714,1.34724,1.34724,nan,2.46207,2.65787,nan,0.284974,0.143738
3,16.35140187,0.914286,1.33038,1.33038,nan,2.45233,2.64726,nan,-1.10942,-1.25003
3,16.4635514,2.84082,1.28836,1.28836,nan,2.428,2.62074,nan,0.297771,0.158746
3,16.66542056,2.74286,1.21329,1.21329,nan,2.38422,2.57301,nan,0.258695,0.122516
3,16.97943925,0.163265,1.09823,1.09823,nan,2.31614,2.49879,nan,-1.55291,-1.68466
3,17.00186916,2.17143,1.0901,1.0901,nan,2.31128,2.49349,nan,-0.100878,-0.232307
3,17.11401869,2.23673,1.04968,1.04968,nan,2.28698,2.46699,nan,-0.0362449,-0.166088
3,17.20373832,0.555102,1.0176,1.0176,nan,2.26755,2.4458,nan,-1.23522,-1.36379
3,17.29345794,0.457143,0.985768,0.985768,nan,2.24812,2.42461,nan,-1.29187,-1.41917
3,17.29345794,1.95918,0.985768,0.985768,nan,2.24812,2.42461,nan,-0.208415,-0.335719
3,17.31588785,3.2,0.977852,0.977852,nan,2.24326,2.41931,nan,0.690111,0.563125
3,17.42803738,2.67755,0.93853,0.93853,nan,2.21899,2.39283,nan,0.330771,0.205374
3,18.03364486,1.81224,0.735081,0.735081,nan,2.08804,2.24996,nan,-0.198937,-0.315733
3,18.12336449,4.5551,0.706455,0.706455,nan,2.06867,2.22882,nan,1.79351,1.67799
3,18.23551402,0.555102,0.671315,0.671315,nan,2.04446,2.20239,nan,-1.0743,-1.18822
3,18.37009346,1.30612,0.630146,0.630146,nan,2.01543,2.1707,nan,-0.511635,-0.623635
3,18.43738318,2.20408,0.609992,0.609992,nan,2.00092,2.15486,nan,0.146545,0.0355057
3,18.95327103,2.04082,0.466102,0.466102,nan,1.88986,2.03356,nan,0.10889,0.0052367
3,19.13271028,2.57959,0.420888,0.420888,nan,1.85131,1.99143,nan,0.525324,0.424249
3,19.26728972,0.359184,0.388749,0.388749,nan,1.82243,1.95987,nan,-1.05547,-1.1546
3,19.44672897,1.63265,0.348335,0.348335,nan,1.78397,1.91782,nan,-0.109148,-0.2057
3,20.43364486,1.66531,0.176799,0.176799,nan,1.57361,1.68761,nan,0.0661398,-0.0160873
4,0,1.95122,7.56601,7.56601,1.30219,1.30893,1.51926,0.468159,0.463296,0.311579
4,0.993314231,2.05765,7.3129,7.3129,2.90001,2.90414,3.06121,-0.607607,-0.610586,-0.72389
4,1.107927412,5.62306,7.27405,7.27405,3.07971,3.08386,3.23949,1.83456,1.83157,1.71932
4,1.184336199,0.922395,7.24761,7.24761,3.19955,3.20372,3.35836,-1.64256,-1.64556,-1.75711
4,1.222540592,4.25721,7.23424,7.23424,3.25948,3.26365,3.4178,0.719678,0.716668,0.605478
4,1.910219675,7.34368,6.98278,6.98278,4.33861,4.3429,4.48804,2.16761,2.16452,2.05982
4,1.986628462,4.00887,6.95398,6.95398,4.45853,4.46284,4.60697,-0.324349,-0.327456,-0.431423
4,2.101241643,5.81818,6.91057,6.91057,4.63842,4.64274,4.78537,0.850986,0.847865,0.744989
4,2.17765043,4.00887,6.88152,6.88152,4.75834,4.76268,4.90429,-0.540609,-0.543739,-0.645887
4,2.215854823,2.80266,6.86695,6.86695,4.8183,4.82265,4.96376,-1.45392,-1.45706,-1.55884
4,2.215854823,4.47007,6.86695,6.86695,4.8183,4.82265,4.96376,-0.251191,-0.254326,-0.356109
4,2.521489971,3.051,6.7498,6.7498,5.29801,5.30241,5.43946,-1.62081,-1.62399,-1.72284
4,2.903533906,8.26608,6.6021,6.6021,5.89765,5.90211,6.034,1.70839,1.70517,1.61004
4,3.018147087,4.82483,6.55759,6.55759,6.07754,6.08202,6.21232,-0.903598,-0.906833,-1.00082
4,3.094555874,6.56319,6.52788,6.52788,6.19746,6.20196,6.33117,0.263807,0.260562,0.167365
4,3.132760267,6.17295,6.51302,6.51302,6.25743,6.26193,6.39058,-0.0609363,-0.0641856,-0.156984
4,3.209169054,4.15078,6.48326,6.48326,6.37736,6.38187,6.50939,-1.60607,-1.60933,-1.70131
4,3.209169054,4.66519,6.48326,6.48326,6.37736,6.38187,6.50939,-1.23502,-1.23828,-1.33026
4,3.209169054,6.03104,6.48326,6.48326,6.37736,6.38187,6.50939,-0.249802,-0.253061,-0.345042
4,3.896848138,8.26608,6.21453,6.21453,7.4567,7.46134,7.56741,0.583816,0.580471,0.503963
4,3.915950334,7.18404,6.20705,6.20705,7.48668,7.49132,7.59409,-0.218306,-0.221653,-0.295781
4,4.011461318,6.29712,6.16962,6.16962,7.63087,7.63467,7.69585,-0.962059,-0.964802,-1.00893
4,4.087870105,8.2306,6.13966,6.13966,7.70483,7.70674,7.729,0.379247,0.377866,0.361809
4,4.106972302,7.55654,6.13217,6.13217,7.71567,7.71714,7.73135,-0.11478,-0.115844,-0.126095
4,4.183381089,7.73392,6.1022,6.1022,7.73314,7.73318,7.72267,0.000567374,0.000539659,0.00811791
4,4.240687679,7.27273,6.07972,6.07972,7.72512,7.72442,7.70211,-0.326319,-0.325817,-0.309725
4,4.240687679,4.50554,6.07972,6.07972,7.72512,7.72442,7.70211,-2.32234,-2.32184,-2.30575
4,4.508118434,7.94678,5.97474,5.97474,7.57971,7.57781,7.53846,0.264777,0.266149,0.294536
4,4.508118434,6.38581,5.97474,5.97474,7.57971,7.57781,7.53846,-0.861183,-0.859812,-0.831425
4,4.699140401,7.50333,5.89969,5.89969,7.4426,7.4406,7.40134,0.0438056,0.0452471,0.0735656
4,4.890162369,8.54989,5.82461,5.82461,7.30118,7.29919,7.26165,0.900719,0.902155,0.92923
4,4.928366762,7.57428,5.80959,5.80959,7.27275,7.27076,7.23363,0.217499,0.218932,0.245718
4,5.023877746,6.40355,5.77204,5.77204,7.2016,7.19963,7.16352,-0.57565,-0.574227,-0.548184
4,5.062082139,7.25499,5.75702,5.75702,7.17312,7.17115,7.13547,0.059054,0.0604725,0.0862126
4,5.11938873,8.08869,5.73448,5.73448,7.13039,7.12843,7.09338,0.691243,0.692655,0.717937
4,5.17669532,7.5388,5.71194,5.71194,7.08764,7.0857,7.05128,0.325429,0.326834,0.351656
4,5.214899713,6.7051,5.69691,5.69691,7.05915,7.0572,7.02322,-0.25538,-0.25398,-0.229466
4,5.23400191,6.26164,5.6894,5.6894,7.0449,7.04296,7.00919,-0.564976,-0.563578,-0.539219
4,5.520534862,6.29712,5.57666,5.57666,6.83112,6.82923,6.79868,-0.385183,-0.383822,-0.361783
4,5.539637058,5.10865,5.56915,5.56915,6.81686,6.81498,6.78464,-1.23217,-1.23081,-1.20893
4,5.711556829,6.52772,5.50148,5.50148,6.68859,6.68673,6.65833,-0.116042,-0.114703,-0.0942133
4,5.902578797,7.60976,5.42629,5.42629,6.54606,6.54424,6.51798,0.767261,0.768578,0.787518
4,5.921680993,6.86475,5.41877,5.41877,6.53181,6.52999,6.50395,0.240152,0.241466,0.260251
4,6.036294174,7.41463,5.37365,5.37365,6.44629,6.44449,6.41974,0.698483,0.699782,0.717638
4,6.074498567,5.42794,5.35861,5.35861,6.41779,6.41599,6.39167,-0.713995,-0.712702,-0.695156
4,6.074498567,5.14412,5.35861,5.35861,6.41779,6.41599,6.39167,-0.918715,-0.917422,-0.899876
4,6.112702961,8.42572,5.34357,5.34357,6.38928,6.38749,6.3636,1.46892,1.47021,1.48745
4,6.189111748,5.39246,5.31348,5.31348,6.33227,6.3305,6.30746,-0.677898,-0.676621,-0.660005
4,6.227316141,6.95344,5.29844,5.29844,6.30376,6.302,6.27939,0.468624,0.469896,0.486202
4,6.227316141,5.78271,5.29844,5.29844,6.30376,6.302,6.27939,-0.375846,-0.374574,-0.358268
4,6.227316141,5.85366,5.29844,5.29844,6.30376,6.302,6.27939,-0.324666,-0.323394,-0.307088
4,6.532951289,4.64745,5.17808,5.17808,6.07571,6.074,6.05484,-1.03023,-1.029,-1.01517
4,6.532951289,5.60532,5.17808,5.17808,6.07571,6.074,6.05484,-0.339302,-0.33807,-0.324243
4,6.723973257,5.21508,5.10285,5.10285,5.93318,5.93151,5.91449,-0.517983,-0.516775,-0.504499
4,6.914995224,5.78271,5.02761,5.02761,5.79066,5.78901,5.77414,-0.00573504,-0.00455105,0.00617536
4,6.914995224,5.56984,5.02761,5.02761,5.79066,5.78901,5.77414,-0.159275,-0.158091,-0.147365
4,7.029608405,6.03104,4.98247,4.98247,5.70514,5.70352,5.68994,0.235081,0.23625,0.246046
4,7.067812798,6.13747,4.96742,4.96742,5.67663,5.67502,5.66187,0.332413,0.333576,0.343063
4,7.067812798,5.78271,4.96742,4.96742,5.67663,5.67502,5.66187,0.0765124,0.0776763,0.0871627
4,7.106017192,7.84035,4.95237,4.95237,5.64813,5.64652,5.6338,1.5813,1.58245,1.59163
4,7.182425979,4.75388,4.92227,4.92227,5.59111,5.58952,5.57766,-0.603912,-0.602764,-0.594207
4,7.220630372,5.35698,4.90722,4.90722,5.56261,5.56102,5.54959,-0.148319,-0.147177,-0.13893
4,7.220630372,4.50554,4.90722,4.90722,5.56261,5.56102,5.54959,-0.762479,-0.761337,-0.75309
4,7.258834766,4.36364,4.89217,4.89217,5.5341,5.53252,5.52152,-0.844277,-0.84314,-0.835204
4,7.526265521,6.102,4.78683,4.78683,5.33456,5.33303,5.32504,0.553567,0.554668,0.560435
4,7.526265521,4.32816,4.78683,4.78683,5.33456,5.33303,5.32504,-0.725934,-0.724833,-0.719066
4,7.698185291,7.04213,4.7191,4.7191,5.20628,5.20479,5.19873,1.32423,1.32531,1.32968
4,7.908309456,6.91796,4.63632,4.63632,5.0495,5.04804,5.04435,1.34775,1.34881,1.35147
4,7.908309456,4.39911,4.63632,4.63632,5.0495,5.04804,5.04435,-0.469139,-0.468085,-0.465418
4,8.022922636,4.61197,4.59117,4.59117,4.96398,4.96255,4.96014,-0.253912,-0.252875,-0.251138
4,8.022922636,4.15078,4.59117,4.59117,4.96398,4.96255,4.96014,-0.586582,-0.585545,-0.583809
4,8.06112703,4.39911,4.57612,4.57612,4.93548,4.93405,4.93207,-0.38689,-0.385859,-0.384432
4,8.099331423,4.89579,4.56106,4.56106,4.90697,4.90555,4.904,-0.00806793,-0.00704187,-0.00592492
4,8.099331423,5.03769,4.56106,4.56106,4.90697,4.90555,4.904,0.0942921,0.0953182,0.0964351
4,8.213944604,4.18625,4.51591,4.51591,4.82145,4.82005,4.81979,-0.458182,-0.457172,-0.456985
4,8.213944604,3.08647,4.51591,4.51591,4.82145,4.82005,4.81979,-1.25147,-1.25046,-1.25028
4,8.213944604,3.33481,4.51591,4.51591,4.82145,4.82005,4.81979,-1.07234,-1.07133,-1.07115
4,8.2330468,4.5765,4.50839,4.50839,4.8072,4.8058,4.80576,-0.166411,-0.165404,-0.165372
4,8.519579752,4.77162,4.3955,4.3955,4.59341,4.59207,4.59524,0.128544,0.129515,0.127222
4,8.538681948,4.68293,4.38797,4.38797,4.57916,4.57782,4.58121,0.0748493,0.0758177,0.0733699
4,8.672397326,4.86031,4.33529,4.33529,4.47939,4.47807,4.48297,0.274764,0.275715,0.272182
4,8.901623687,6.03104,4.24498,4.24498,4.30837,4.30709,4.31456,1.2426,1.24352,1.23813
4,9.016236867,2.55432,4.19983,4.19983,4.22285,4.22159,4.23036,-1.20354,-1.20263,-1.20896
4,9.054441261,4.70067,4.18478,4.18478,4.19435,4.1931,4.20229,0.365214,0.366119,0.359486
4,9.073543457,4.23947,4.17725,4.17725,4.1801,4.17885,4.18826,0.0428235,0.0437262,0.036939
4,9.092645654,5.42794,4.16972,4.16972,4.16585,4.1646,4.17422,0.910369,0.911269,0.904327
4,9.092645654,4.32816,4.16972,4.16972,4.16585,4.1646,4.17422,0.117079,0.117979,0.111037
4,9.207258835,1.59645,4.12457,4.12457,4.08034,4.07911,4.09002,-1.79167,-1.79079,-1.79866
4,9.207258835,1.09978,4.12457,4.12457,4.08034,4.07911,4.09002,-2.14993,-2.14905,-2.15692
4,9.245463228,3.1929,4.10952,4.10952,4.05183,4.05061,4.06196,-0.61956,-0.61868,-0.626862
4,9.512893983,1.77384,4.00416,4.00416,3.85231,3.85114,3.86549,-1.49924,-1.4984,-1.50875
4,9.53199618,4.20399,3.99663,3.99663,3.83806,3.83689,3.85146,0.263954,0.264794,0.254288
4,9.70391595,7.29047,3.9289,3.9289,3.7098,3.70867,3.72517,2.5828,2.58362,2.57172
4,9.894937918,1.77384,3.85364,3.85364,3.56731,3.56621,3.58485,-1.29366,-1.29287,-1.30632
4,9.914040115,4.949,3.84612,3.84612,3.55306,3.55196,3.57082,1.00692,1.00771,0.994107
4,10.04775549,1.63193,3.79344,3.79344,3.45332,3.45225,3.47261,-1.3138,-1.31303,-1.32772
4,10.04775549,3.22838,3.79344,3.79344,3.45332,3.45225,3.47261,-0.162252,-0.161479,-0.176166
4,10.12416428,2.09313,3.76334,3.76334,3.39633,3.39527,3.41649,-0.940024,-0.939261,-0.954567
4,10.12416428,3.58315,3.76334,3.76334,3.39633,3.39527,3.41649,0.134757,0.135519,0.120213
4,10.20057307,0.922395,3.73324,3.73324,3.33934,3.3383,3.36038,-1.74339,-1.74264,-1.75856
4,10.20057307,1.20621,3.73324,3.73324,3.33934,3.3383,3.36038,-1.53867,-1.53792,-1.55384
4,10.20057307,1.59645,3.73324,3.73324,3.33934,3.3383,3.36038,-1.25718,-1.25643,-1.27235
4,10.27698185,1.41907,3.70314,3.70314,3.28236,3.28133,3.30426,-1.34403,-1.34328,-1.35983
4,10.50620821,2.62528,3.61284,3.61284,3.11143,3.11044,3.13595,-0.350674,-0.349959,-0.368357
4,10.67812798,4.23947,3.54512,3.54512,2.98327,2.98231,3.00974,0.906118,0.906809,0.887022
4,10.88825215,2.34146,3.46235,3.46235,2.82668,2.82577,2.85554,-0.349998,-0.349336,-0.370817
4,10.92645654,5.35698,3.4473,3.4473,2.79822,2.79731,2.82752,1.84568,1.84634,1.82455
4,11.04106972,0.851441,3.40216,3.40216,2.71285,2.71196,2.74345,-1.34267,-1.34203,-1.36474
4,11.06017192,3.40576,3.39464,3.39464,2.69863,2.69774,2.72944,0.510071,0.51071,0.487847
4,11.09837631,2.8204,3.37959,3.37959,2.67018,2.6693,2.70142,0.108355,0.108989,0.0858201
4,11.11747851,2.41242,3.37206,3.37206,2.65596,2.65508,2.68742,-0.175672,-0.17504,-0.198362
4,11.1938873,0.532151,3.34197,3.34197,2.59908,2.59822,2.6314,-1.49092,-1.49029,-1.51423
4,11.1938873,1.70288,3.34197,3.34197,2.59908,2.59822,2.6314,-0.646446,-0.645824,-0.669757
4,11.27029608,0.354767,3.31188,3.31188,2.54222,2.54138,2.5754,-1.57785,-1.57724,-1.60179
4,11.49952245,1.5255,3.22161,3.22161,2.37179,2.37098,2.40753,-0.610445,-0.609864,-0.636228
4,11.53772684,2.83814,3.20656,3.20656,2.34341,2.34261,2.37958,0.356857,0.357433,0.330768
4,11.72874881,4.96674,3.13135,3.13135,2.20164,2.20088,2.23992,1.99452,1.99507,1.9669
4,11.91977077,2.44789,3.05614,3.05614,2.06017,2.05944,2.10053,0.279669,0.280195,0.250561
4,12.03438395,0.141907,3.01102,3.01102,1.97548,1.97477,2.01706,-1.32259,-1.32208,-1.35258
4,12.03438395,2.02217,3.01102,3.01102,1.97548,1.97477,2.01706,0.0336818,0.0341928,0.00369049
4,12.07258835,0.922395,2.99598,2.99598,1.94728,1.94658,1.98927,-0.739271,-0.738766,-0.769554
4,12.11079274,1.38359,2.98095,2.98095,1.91911,1.91842,1.96149,-0.386279,-0.385779,-0.416851
4,12.11079274,3.01552,2.98095,2.98095,1.91911,1.91842,1.96149,0.790862,0.791362,0.760289
4,12.22540592,0.496674,2.93584,2.93584,1.83473,1.83406,1.8783,-0.965163,-0.96468,-0.996593
4,12.22540592,2.76718,2.93584,2.93584,1.83473,1.83406,1.8783,0.672598,0.673081,0.641168
4,12.53104107,0.567627,2.81557,2.81557,1.61105,1.61044,1.65762,-0.752637,-0.752199,-0.786232
4,12.53104107,2.44789,2.81557,2.81557,1.61105,1.61044,1.65762,0.603634,0.604072,0.570039
4,12.70296084,3.40576,2.74794,2.74794,1.48641,1.48584,1.53452,1.38447,1.38488,1.34976
4,12.913085,2.55432,2.66531,2.66531,1.33574,1.33521,1.38552,0.878984,0.879367,0.843079
4,13.04680038,2.92683,2.61274,2.61274,1.24112,1.24062,1.29179,1.21593,1.2163,1.17938
4,13.06590258,0,2.60524,2.60524,1.2277,1.2272,1.27849,-0.885562,-0.885202,-0.922196
4,13.10410697,0.354767,2.59022,2.59022,1.20093,1.20044,1.25194,-0.610356,-0.610001,-0.647148
4,13.12320917,1.24169,2.58271,2.58271,1.18759,1.1871,1.2387,0.0390175,0.0393697,0.0021499
4,13.21872015,1.0643,2.54518,2.54518,1.12133,1.12086,1.17291,-0.0411345,-0.0407971,-0.0783377
4,13.5243553,2.18182,2.42515,2.42515,0.915391,0.914995,0.967663,0.913498,0.913783,0.875793
4,13.5243553,1.77384,2.42515,2.42515,0.915391,0.914995,0.967663,0.619212,0.619498,0.581508
4,13.69627507,3.051,2.35769,2.35769,0.804878,0.804526,0.856864,1.62017,1.62042,1.58267
4,13.92550143,2.5898,2.26781,2.26781,0.665513,0.665213,0.716151,1.38802,1.38824,1.3515
4,14.05921681,2.25277,2.21542,2.21542,0.589321,0.589053,0.638601,1.19988,1.20007,1.16433
4,14.0974212,0,2.20046,2.20046,0.568334,0.568076,0.617145,-0.40995,-0.409764,-0.445158
4,14.0974212,0.283814,2.20046,2.20046,0.568334,0.568076,0.617145,-0.205229,-0.205044,-0.240438
4,14.51766953,1.31264,2.03614,2.03614,0.364012,0.363855,0.405342,0.684262,0.684375,0.65445
4,14.7086915,6.40355,1.96163,1.96163,0.288927,0.288809,0.325699,4.41059,4.41067,4.38406
4,14.89971347,0.532151,1.88726,1.88726,0.225472,0.225391,0.257312,0.221213,0.221272,0.198246
4,15.05253104,1.70288,1.82788,1.82788,0.182833,0.182774,0.210664,1.09644,1.09648,1.07636
4,15.70200573,3.76053,1.57712,1.57712,0.0687477,0.0687391,0.0820923,2.66295,2.66296,2.65333
4,15.8930277,0.0709534,1.50403,1.50403,0.0505839,0.0505807,0.0609295,0.0146929,0.0146952,0.00723044
4,16.04584527,1.91574,1.44583,1.44583,0.0394159,0.0394149,0.0477817,1.35343,1.35343,1.34739
4,16.10315186,0.86918,1.42408,1.42408,0.035868,0.0358682,0.0435808,0.601083,0.601083,0.59552
4,16.52340019,1.5255,1.26602,1.26602,0.0177941,0.0177976,0.0219525,1.08754,1.08753,1.08454
4,16.71442216,4.45233,1.19518,1.19518,0.0128898,0.0128919,0.0160005,3.20225,3.20225,3.20001
4,16.88634193,0.354767,1.1321,1.1321,0.0096299,0.00963158,0.0120178,0.248954,0.248953,0.247231
4,17.0582617,2.1286,1.06973,1.06973,0.00718736,0.00718909,0.00901613,1.53022,1.53022,1.5289
4,17.68863419,2.69623,0.848992,0.848992,0.00244675,0.00244865,0.00312485,1.94308,1.94307,1.94259
