parameter,value,CV,se_sa,rse_sa,P2.5_sa,P97.5_sa
alpha_pop,4.93e-05,
D_pop,0.323738509755781,,0.045211217769784,13.9653505552645,0.247172,0.424022
E_pop,5,
C_pop,10,
B_pop,6447.29302748527,,1168.93788956834,18.1306772405887,4556.58,9122.53
ECLIPSE0_pop,9.99999999999999e-08,
BUD0_pop,0.033,
ep_pop,0.001,
Time0_pop,13.8173191441056,,5.80542730448334,42.0155838041847,0.00107971,14
omega_alpha,3.63211948730027,73226.6890891381,3.25558524876634,89.6332089335033,1.01538,12.9925
omega_D,0.231714477529179,23.4859830407996,0.0992988047033916,42.8539492923515,0.109255,0.491435
omega_B,0.0556660612550131,5.57092123571986,0.0790045101155786,141.925813205373,0.0108569,0.285414
omega_Time0,5.94369422396545,48.3257652713577,8.01300924815249,134.815300824921,1.20698,29.2693
a,0.000761210069107657,,0.108514435838313,14255.517660916,9.6643e-06,0.0599568
b,0.269637289710883,,0.0190636226343286,7.07009874441677,0.234867,0.309555