parameter,value,CV,se_sa,rse_sa,P2.5_sa,P97.5_sa
alpha_pop,4.93e-05,
D_pop,0.940600547190139,,0.26283048757897,27.9428380478966,0.559483,1.58133
E_pop,5,
C_pop,10,
B_pop,9152.02787957238,,0.416395179729008,0.00454975864593262,9151.21,9152.84
ECLIPSE0_pop,9.99999999999999e-08,
BUD0_pop,0.033,
ep_pop,0.001,
Time0_pop,10.492945235691,,5.34295112205098,50.9194606665561,0.0299667,13.9968
omega_alpha,12.4348652567827,3.7720888074882e+35,7.12139592461982,57.2695865822544,4.8446,31.9172
omega_D,0.525961312380851,56.4522241877856,0.191037164012351,36.3215239439551,0.273319,1.01213
omega_C,133.66453562028,86.6619223479669,224.746886380251,168.142495941274,22.8358,782.378
omega_B,1.08347128481946e-05,0.00108347120783607,2.1405959364641e-05,197.568312742205,1.63435e-06,7.18271e-05
omega_Time0,6.07883661431889,75.3048096901133,3.87048017312116,63.6713966617251,2.19669,16.8218
a,1.37746956506915,,0.0745027518248896,5.40866772770762,1.23921,1.53116
b,2.22044604925031e-16,,0.0184781298117211,8.3218098534571e+15,3.36798e-21,1.4639e-11