parameter,value,CV,se_sa,rse_sa,P2.5_sa,P97.5_sa
alpha_pop,4.93e-05,
D_pop,0.937177052463614,,0.267548107553371,28.5482990487284,0.551817,1.59165
E_pop,5,
C_pop,10,
B_pop,9175.39864350502,,0.431283884109239,0.00470043755989318,9174.55,9176.24
ECLIPSE0_pop,9.99999999999999e-08,
BUD0_pop,0.033,
ep_pop,0.001,
Time0_pop,10.4569659091166,,5.41664911542535,51.7994336263732,0.021152,13.9977
omega_alpha,11.8922871989656,5.13302226670052e+32,6.28532329869284,52.8520981164963,4.89605,28.8859
omega_D,0.53514811094637,57.5849831092803,0.196367739559523,36.6940918864988,0.276503,1.03574
omega_C,100.849799962881,86.4060640084161,173.269380768167,171.809345017977,16.9433,600.276
omega_B,7.63825123700107e-06,0.000763825150658623,1.51784720222478e-05,198.71658513562,1.14708e-06,5.0862e-05
omega_Time0,5.88904287724072,74.7528088946863,4.33546432639703,73.6191672699858,1.91258,18.133
a,1.37778416328963,,0.0755176683995558,5.48109569057959,1.23774,1.53367
b,2.22044604925031e-16,,0.0188268256667884,8.47884850575175e+15,3.3571e-21,1.46864e-11