parameter,value,CV,se_sa,rse_sa,P2.5_sa,P97.5_sa
alpha_pop,4.93e-05,
D_pop,0.952546585551093,,0.292566184591332,30.7141077433046,0.541134,1.67675
E_pop,5,
C_pop,10,
B_pop,9181.74886738746,,524.932947461601,5.71713466620835,8210.69,10267.7
ECLIPSE0_pop,9.99999999999999e-08,
BUD0_pop,0.033,
ep_pop,0.001,
Time0_pop,10.675164272616,,5.93313350201658,55.578849659825,0.00151258,14
omega_alpha,10.7110094699635,8.17286647415403e+26,6.24473781697745,58.3020473886177,4.12114,27.8383
omega_D,0.571397908966696,62.1371153041415,0.206354697537461,36.1140099218473,0.297884,1.09605
omega_B,0.0295243159219994,2.95307510681027,0.0398592106117756,135.004688058074,0.00598887,0.145551
omega_Time0,7.35372676667624,78.5881362581156,10.2486631472594,139.366928802709,1.45487,37.1699
a,1.38622220507434,,0.0756591516781567,5.45793822961445,1.24589,1.54237
b,2.22044604925031e-16,,0.0189856410573179,8.55037259911271e+15,3.35223e-21,1.47078e-11