parameter,value,CV,se_sa,rse_sa,P2.5_sa,P97.5_sa
alpha_pop,4.93e-05,
D_pop,0.997574495986276,,0.298098645874276,29.8823443335481,0.574511,1.73218
E_pop,5,
C_pop,10,
B_pop,7397.75736191176,,384.900678245195,5.20293731485304,6681.93,8190.27
ECLIPSE0_pop,9.99999999999999e-08,
BUD0_pop,0.033,
ep_pop,0.001,
Time0_pop,10.5146651517108,,4.42218685017872,42.0573245688116,0.444456,13.9499
omega_alpha,12.9516245878851,2.66239577563823e+38,6.91747588214341,53.4101018386064,5.29432,31.6839
omega_D,0.557171455541182,60.3345005190727,0.195372567900492,35.0650712554408,0.295243,1.05147
omega_B,0.0074637778785248,0.746388182772413,0.0133087392696064,178.311030770343,0.00121839,0.0457228
omega_Time0,3.67181961008912,62.6514932969637,2.3341001344442,63.5679413016573,1.32843,10.149
a,1.39449909671938,,0.0745752580218128,5.34781687541101,1.25601,1.54825
b,2.22044604925031e-16,,0.0185497650821045,8.35407151115759e+15,3.36573e-21,1.46488e-11