parameter,value,CV,se_sa,rse_sa,P2.5_sa,P97.5_sa
alpha_pop,4.93e-05,
D_pop,0.952142404684123,,0.290194880408053,30.4780964465421,0.543,1.66957
E_pop,5,
C_pop,10,
B_pop,7997.28943469404,,1.39299438762105,0.0174183315359067,7994.56,8000.02
ECLIPSE0_pop,9.99999999999999e-08,
BUD0_pop,0.033,
ep_pop,0.001,
Time0_pop,9.3660738749794,,5.54077210993271,59.15789458734,0.0114506,13.9974
omega_alpha,10.7145765985776,8.49122783798007e+26,5.96857182348804,55.7051580020471,4.2554,26.978
omega_D,0.569310939039657,61.8713378776899,0.206476913583336,36.2678633808849,0.296091,1.09465
omega_B,7.53701866804531e-05,0.00753701867416278,0.00011511604928229,152.734196838795,1.38786e-05,0.000409312
omega_Time0,6.46182818904798,80.3306892051707,5.28118752861828,81.7289995046488,1.93919,21.5323
a,1.38663330866604,,0.0730156568457037,5.26567884886206,1.25093,1.53706
b,2.22044604925031e-16,,0.0180959609546242,8.14969630121566e+15,3.38019e-21,1.45861e-11