id,time,y10,popPred_medianCOV,popPred,indivPred_SAEM,indivPred_mean,indivPred_mode,indWRes_SAEM,indWRes_mean,indWRes_mode
1,0,0.780488,7.0215,7.0215,3.23037,3.21767,3.22338,-1.76678,-1.75763,-1.76174
1,0,1.59645,7.0215,7.0215,3.23037,3.21767,3.22338,-1.17833,-1.16918,-1.17329
1,0.667302193,5.67627,7.33213,7.33213,4.35758,4.34483,4.34738,0.951006,0.960197,0.958358
1,0.762631077,5.25055,7.36741,7.36741,4.51864,4.50589,4.50798,0.527839,0.537033,0.53552
1,1.029551954,3.22838,7.44965,7.44965,4.9696,4.95684,4.95767,-1.25572,-1.24652,-1.24711
1,1.18207817,7.3082,7.48436,7.48436,5.2273,5.21453,5.21464,1.50069,1.5099,1.50982
1,1.220209724,3.051,7.49153,7.49153,5.29173,5.27895,5.27888,-1.61595,-1.60674,-1.60668
1,1.258341277,5.32151,7.49809,7.49809,5.35615,5.34338,5.34312,-0.0249832,-0.0157719,-0.0155873
1,1.258341277,5.74723,7.49809,7.49809,5.35615,5.34338,5.34312,0.282034,0.291246,0.29143
1,1.315538608,5.88914,7.50674,7.50674,5.45279,5.44001,5.43948,0.314681,0.323895,0.324276
1,1.315538608,6.38581,7.50674,7.50674,5.45279,5.44001,5.43948,0.672868,0.682082,0.682463
1,1.410867493,4.15078,7.518,7.518,5.61385,5.60107,5.60009,-1.05513,-1.04591,-1.0452
1,1.448999047,3.37029,7.5214,7.5214,5.67827,5.66549,5.66433,-1.66445,-1.65524,-1.65439
1,1.468064824,8.17738,7.52286,7.52286,5.71049,5.6977,5.69644,1.77905,1.78827,1.78918
1,1.601525262,5.32151,7.5287,7.5287,5.93597,5.92319,5.92128,-0.443136,-0.433913,-0.432536
1,1.67778837,6.45676,7.52865,7.52865,6.06482,6.05203,6.04975,0.282654,0.29188,0.293527
1,1.754051478,4.15078,7.52622,7.52622,6.19367,6.18088,6.17822,-1.47328,-1.46405,-1.46213
1,1.754051478,4.61197,7.52622,7.52622,6.19367,6.18088,6.17822,-1.14068,-1.13145,-1.12953
1,1.754051478,8.15965,7.52622,7.52622,6.19367,6.18088,6.17822,1.4178,1.42703,1.42895
1,1.811248808,6.79379,7.52291,7.52291,6.29031,6.27751,6.27457,0.363095,0.372325,0.374451
1,1.982840801,3.29933,7.50573,7.50573,6.58023,6.56742,6.56359,-2.36608,-2.35685,-2.35409
1,1.982840801,6.38581,7.50573,7.50573,6.58023,6.56742,6.56359,-0.140207,-0.130971,-0.128209
1,2.020972355,5.14412,7.50055,7.50055,6.64465,6.63184,6.62781,-1.08214,-1.0729,-1.06999
1,2.020972355,6.66962,7.50055,7.50055,6.64465,6.63184,6.62781,0.0180098,0.0272469,0.0301557
1,2.097235462,7.20177,7.48881,7.48881,6.7735,6.76069,6.75624,0.308859,0.318098,0.321308
1,2.135367016,5.1796,7.48229,7.48229,6.83793,6.82511,6.82044,-1.19594,-1.18669,-1.18333
1,2.230695901,6.31486,7.46424,7.46424,6.99899,6.98617,6.98093,-0.493376,-0.484132,-0.480354
1,2.249761678,7.80488,7.46035,7.46035,7.0312,7.01838,7.01302,0.557954,0.567199,0.571064
1,2.249761678,7.48559,7.46035,7.46035,7.0312,7.01838,7.01302,0.327691,0.336936,0.340801
1,2.326024786,5.46341,7.4439,7.4439,7.16005,7.14723,7.14135,-1.22357,-1.21432,-1.21008
1,2.326024786,7.27273,7.4439,7.4439,7.16005,7.14723,7.14135,0.0812591,0.0905065,0.0947456
1,2.364156339,6.13747,7.43518,7.43518,7.22448,7.21165,7.20549,-0.783916,-0.774667,-0.770221
1,2.402287893,5.74723,7.42615,7.42615,7.2889,7.27607,7.2696,-1.11181,-1.10256,-1.09789
1,2.440419447,6.03104,7.41683,7.41683,7.35333,7.3405,7.33367,-0.953593,-0.944342,-0.939416
1,2.459485224,8.15965,7.41206,7.41206,7.38554,7.37271,7.36568,0.558264,0.567516,0.572582
1,2.592945663,7.59202,7.37689,7.37689,7.61067,7.59811,7.58854,-0.0134489,-0.00439522,0.00250462
1,2.66920877,8.12417,7.35551,7.35551,7.71549,7.70718,7.69871,0.294727,0.300723,0.30683
1,2.745471878,8.37251,7.33332,7.33332,7.76979,7.76663,7.76211,0.434661,0.436943,0.440196
1,2.745471878,7.41463,7.33332,7.33332,7.76979,7.76663,7.76211,-0.256128,-0.253846,-0.250593
1,2.764537655,5.67627,7.32766,7.32766,7.77565,7.77361,7.77016,-1.51401,-1.51254,-1.51005
1,2.802669209,5.8714,7.31621,7.31621,7.7797,7.77959,7.77809,-1.37621,-1.37613,-1.37505
1,2.974261201,5.92461,7.26275,7.26275,7.72003,7.72415,7.72762,-1.2948,-1.29777,-1.30028
1,2.974261201,7.62749,7.26275,7.26275,7.72003,7.72415,7.72762,-0.066734,-0.069704,-0.0722064
1,2.974261201,6.68736,7.26275,7.26275,7.72003,7.72415,7.72762,-0.744731,-0.747701,-0.750203
1,3.012392755,6.102,7.25049,7.25049,7.69787,7.70234,7.7063,-1.1509,-1.15412,-1.15698
1,3.012392755,7.98226,7.25049,7.25049,7.69787,7.70234,7.7063,0.205093,0.201872,0.199014
1,3.088655863,6.77605,7.22562,7.22562,7.64957,7.65446,7.6591,-0.629952,-0.63348,-0.636828
1,3.16491897,6.31486,7.20032,7.20032,7.59814,7.60325,7.60833,-0.925469,-0.929149,-0.932817
1,3.203050524,7.48559,7.18752,7.18752,7.57176,7.57693,7.58218,-0.0621454,-0.0658703,-0.0696618
1,3.241182078,8.37251,7.17463,7.17463,7.54509,7.5503,7.55571,0.596706,0.592951,0.58905
1,3.241182078,8.2306,7.17463,7.17463,7.54509,7.5503,7.55571,0.494367,0.490611,0.486711
1,3.241182078,6.95344,7.17463,7.17463,7.54509,7.5503,7.55571,-0.426685,-0.430441,-0.434341
1,3.317445186,4.82483,7.14859,7.14859,7.49119,7.49645,7.50212,-1.9229,-1.92669,-1.93078
1,3.317445186,8.08869,7.14859,7.14859,7.49119,7.49645,7.50212,0.4309,0.42711,0.423022
1,3.317445186,7.7694,7.14859,7.14859,7.49119,7.49645,7.50212,0.200637,0.196847,0.192759
1,3.35557674,5.96009,7.13545,7.13545,7.46406,7.46932,7.47511,-1.08462,-1.08842,-1.09259
1,3.35557674,5.39246,7.13545,7.13545,7.46406,7.46932,7.47511,-1.49398,-1.49777,-1.50195
1,3.393708294,8.2306,7.12225,7.12225,7.43684,7.44212,7.44801,0.572434,0.568631,0.564379
1,3.393708294,6.95344,7.12225,7.12225,7.43684,7.44212,7.44801,-0.348618,-0.352421,-0.356673
1,3.469971401,7.55654,7.09562,7.09562,7.38226,7.38753,7.39364,0.125689,0.121885,0.117481
1,3.469971401,7.27273,7.09562,7.09562,7.38226,7.38753,7.39364,-0.0789889,-0.0827935,-0.0871974
1,3.508102955,9.15299,7.08222,7.08222,7.35491,7.36018,7.36639,1.29673,1.29292,1.28844
1,3.546234509,6.95344,7.06875,7.06875,7.32754,7.33281,7.33912,-0.269795,-0.273596,-0.278145
1,3.584366063,7.59202,7.05523,7.05523,7.30016,7.30543,7.31183,0.210479,0.206682,0.202061
1,3.698760724,8.33703,7.01436,7.01436,7.21795,7.2232,7.2299,0.807045,0.803261,0.798429
1,3.736892278,8.01774,7.00064,7.00064,7.19054,7.19578,7.20258,0.596552,0.592773,0.587871
1,3.775023832,5.49889,6.98688,6.98688,7.16312,7.16835,7.17525,-1.2002,-1.20397,-1.20894
1,3.775023832,7.00665,6.98688,6.98688,7.16312,7.16835,7.17525,-0.112842,-0.116616,-0.121587
1,3.813155386,4.75388,6.97308,6.97308,7.1357,7.14093,7.14792,-1.7177,-1.72147,-1.72651
1,3.889418494,8.58537,6.94536,6.94536,7.08086,7.08607,7.09325,1.08501,1.08125,1.07607
1,3.908484271,8.85144,6.93841,6.93841,7.06715,7.07235,7.07958,1.28678,1.28303,1.27781
1,3.965681602,7.37916,6.9175,6.9175,7.02601,7.03121,7.03858,0.25468,0.250933,0.245614
1,3.965681602,5.81818,6.9175,6.9175,7.02601,7.03121,7.03858,-0.871051,-0.874798,-0.880117
1,3.965681602,6.63415,6.9175,6.9175,7.02601,7.03121,7.03858,-0.282601,-0.286348,-0.291667
1,4.003813155,6.84701,6.90352,6.90352,6.99858,7.00377,7.01124,-0.109314,-0.113055,-0.118444
1,4.003813155,6.98891,6.90352,6.90352,6.99858,7.00377,7.01124,-0.00697461,-0.0107161,-0.0161046
1,4.061010486,8.03548,6.88249,6.88249,6.95745,6.96262,6.97024,0.777444,0.773711,0.768218
1,4.156339371,8.26608,6.84731,6.84731,6.88888,6.89404,6.9019,0.993192,0.989473,0.983807
1,4.194470925,7.96452,6.83319,6.83319,6.86146,6.86661,6.87456,0.7955,0.791787,0.786051
1,4.232602479,7.1663,6.81905,6.81905,6.83403,6.83917,6.84722,0.239621,0.235913,0.230108
1,4.232602479,7.69845,6.81905,6.81905,6.83403,6.83917,6.84722,0.623393,0.619685,0.61388
1,4.289799809,8.07095,6.79779,6.79779,6.79289,6.79802,6.80621,0.921701,0.918002,0.912093
1,4.308865586,6.13747,6.79069,6.79069,6.77918,6.7843,6.79255,-0.462781,-0.466477,-0.47242
1,4.308865586,6.66962,6.79069,6.79069,6.77918,6.7843,6.79255,-0.0790088,-0.0827047,-0.0886482
1,4.327931363,8.26608,6.78359,6.78359,6.76547,6.77059,6.77888,1.0822,1.0785,1.07252
1,4.327931363,5.78271,6.78359,6.78359,6.76547,6.77059,6.77888,-0.708739,-0.712432,-0.71841
1,4.327931363,6.26164,6.78359,6.78359,6.76547,6.77059,6.77888,-0.363345,-0.367037,-0.373016
1,4.34699714,7.62749,6.77648,6.77648,6.75175,6.75687,6.76521,0.631559,0.627869,0.621856
1,4.385128694,6.77605,6.76225,6.76225,6.72433,6.72944,6.73787,0.0373027,0.0336188,0.0275366
1,4.423260248,6.91796,6.748,6.748,6.6969,6.702,6.71053,0.15942,0.155743,0.149591
1,4.461391802,7.02439,6.73374,6.73374,6.66948,6.67457,6.68319,0.255953,0.252281,0.246061
1,4.499523356,7.52106,6.71945,6.71945,6.64205,6.64713,6.65586,0.633918,0.630253,0.623964
1,4.59485224,8.01774,6.68367,6.68367,6.57349,6.57855,6.58751,1.04155,1.0379,1.03144
1,4.652049571,7.66297,6.66215,6.66215,6.53235,6.5374,6.5465,0.815374,0.811731,0.805164
1,4.747378456,7.18404,6.62622,6.62622,6.46378,6.46881,6.47816,0.519427,0.515798,0.509057
1,4.766444233,4.36364,6.61902,6.61902,6.45007,6.4551,6.46449,-1.50467,-1.5083,-1.51508
1,4.804575786,4.75388,6.60462,6.60462,6.42264,6.42766,6.43715,-1.20346,-1.20708,-1.21393
1,4.880838894,8.01774,6.57578,6.57578,6.36779,6.37279,6.38248,1.1899,1.18629,1.1793
1,4.957102002,5.07317,6.5469,6.5469,6.31294,6.31793,6.3278,-0.894084,-0.897682,-0.904804
1,4.995233556,3.5122,6.53244,6.53244,6.28551,6.29049,6.30046,-2.00004,-2.00363,-2.01082
1,4.995233556,6.88248,6.53244,6.53244,6.28551,6.29049,6.30046,0.430519,0.426927,0.419735
1,4.995233556,7.02439,6.53244,6.53244,6.28551,6.29049,6.30046,0.532859,0.529266,0.522074
1,4.995233556,7.27273,6.53244,6.53244,6.28551,6.29049,6.30046,0.711952,0.708359,0.701168
1,4.995233556,6.17295,6.53244,6.53244,6.28551,6.29049,6.30046,-0.0811763,-0.0847689,-0.0919608
1,5.03336511,7.52106,6.51798,6.51798,6.25808,6.26306,6.27313,0.910825,0.907238,0.899976
1,5.03336511,5.46341,6.51798,6.51798,6.25808,6.26306,6.27313,-0.573093,-0.57668,-0.583941
1,5.071496663,5.96009,6.5035,6.5035,6.23066,6.23562,6.24579,-0.195126,-0.198708,-0.206039
1,5.147759771,7.41463,6.47452,6.47452,6.17581,6.18076,6.19111,0.893407,0.889837,0.882367
1,5.147759771,5.28603,6.47452,6.47452,6.17581,6.18076,6.19111,-0.64168,-0.64525,-0.65272
1,5.224022879,5.07317,6.44551,6.44551,6.12095,6.12589,6.13644,-0.755631,-0.75919,-0.766798
1,5.300285987,7.94678,6.41647,6.41647,6.0661,6.07102,6.08176,1.35629,1.35275,1.345
1,5.300285987,7.20177,6.41647,6.41647,6.0661,6.07102,6.08176,0.819014,0.815467,0.807719
1,5.319351764,2.44789,6.4092,6.4092,6.05239,6.0573,6.06809,-2.59946,-2.603,-2.61078
1,5.319351764,6.56319,6.4092,6.4092,6.05239,6.0573,6.06809,0.368377,0.364833,0.357051
1,5.338417541,3.68958,6.40193,6.40193,6.03868,6.04359,6.05443,-1.6941,-1.69764,-1.70546
1,5.338417541,6.11973,6.40193,6.40193,6.03868,6.04359,6.05443,0.0584568,0.0549153,0.0470983
1,5.338417541,5.74723,6.40193,6.40193,6.03868,6.04359,6.05443,-0.210183,-0.213725,-0.221542
1,5.376549094,5.46341,6.38739,6.38739,6.01125,6.01615,6.02709,-0.395083,-0.398619,-0.406505
1,5.395614871,6.03104,6.38012,6.38012,5.99754,6.00244,6.01342,0.0241636,0.0206302,0.0127091
1,5.452812202,6.97118,6.3583,6.3583,5.9564,5.96128,5.97241,0.731829,0.728304,0.720279
1,5.452812202,4.47007,6.3583,6.3583,5.9564,5.96128,5.97241,-1.0719,-1.07542,-1.08345
1,5.510009533,7.23725,6.33646,6.33646,5.91526,5.92013,5.93141,0.953384,0.949867,0.941737
1,5.52907531,6.75831,6.32917,6.32917,5.90154,5.90642,5.91774,0.617879,0.614364,0.6062
1,5.605338418,7.62749,6.30003,6.30003,5.84669,5.85155,5.86306,1.28426,1.28076,1.27246
1,5.605338418,6.56319,6.30003,6.30003,5.84669,5.85155,5.86306,0.51672,0.513217,0.504915
1,5.643469971,5.32151,6.28545,6.28545,5.81926,5.82411,5.83572,-0.358968,-0.362466,-0.370838
1,5.681601525,7.73392,6.27086,6.27086,5.79184,5.79668,5.80839,1.40058,1.39708,1.38864
1,5.681601525,5.56984,6.27086,6.27086,5.79184,5.79668,5.80839,-0.160095,-0.163588,-0.172029
1,5.738798856,3.26386,6.24897,6.24897,5.7507,5.75553,5.76738,-1.79344,-1.79692,-1.80547
1,5.757864633,6.35033,6.24167,6.24167,5.73698,5.74181,5.75371,0.44233,0.438847,0.430267
1,5.834127741,5.10865,6.21247,6.21247,5.68213,5.68694,5.69904,-0.41358,-0.417052,-0.425771
1,5.872259295,6.45676,6.19786,6.19786,5.65471,5.65951,5.6717,0.578421,0.574955,0.566167
1,5.929456625,0.674058,6.17594,6.17594,5.61357,5.61836,5.63069,-3.56223,-3.56569,-3.57458
1,5.929456625,5.90687,6.17594,6.17594,5.61357,5.61836,5.63069,0.211525,0.208068,0.199175
1,5.948522402,5.46341,6.16863,6.16863,5.59985,5.60464,5.61702,-0.0983957,-0.10185,-0.110777
1,5.986653956,4.1153,6.15401,6.15401,5.57243,5.57721,5.58968,-1.05084,-1.05429,-1.06328
1,6.02478551,5.1796,6.13939,6.13939,5.545,5.54978,5.56235,-0.263516,-0.266959,-0.276025
1,6.062917064,3.97339,6.12476,6.12476,5.51757,5.52234,5.53501,-1.11362,-1.11706,-1.12619
1,6.081982841,3.77827,6.11745,6.11745,5.50386,5.50862,5.52134,-1.24445,-1.24788,-1.25705
1,6.101048618,4.93126,6.11013,6.11013,5.49015,5.49491,5.50767,-0.403052,-0.406483,-0.415688
1,6.139180172,6.35033,6.0955,6.0955,5.46272,5.46747,5.48033,0.640119,0.636693,0.627418
1,6.139180172,6.102,6.0955,6.0955,5.46272,5.46747,5.48033,0.461025,0.457599,0.448325
1,6.234509056,5.97783,6.0589,6.0589,5.39416,5.39889,5.41199,0.420927,0.417514,0.408066
1,6.253574833,5.81818,6.05158,6.05158,5.38044,5.38517,5.39832,0.315685,0.312274,0.302792
1,6.253574833,5.00222,6.05158,6.05158,5.38044,5.38517,5.39832,-0.272765,-0.276176,-0.285658
1,6.291706387,3.90244,6.03693,6.03693,5.35302,5.35774,5.37098,-1.04612,-1.04952,-1.05907
1,6.291706387,3.6541,6.03693,6.03693,5.35302,5.35774,5.37098,-1.22521,-1.22861,-1.23816
1,6.329837941,6.91796,6.02228,6.02228,5.32559,5.3303,5.34364,1.14837,1.14497,1.13535
1,6.329837941,4.15078,6.02228,6.02228,5.32559,5.3303,5.34364,-0.847243,-0.850642,-0.860263
1,6.348903718,6.4745,6.01496,6.01496,5.31188,5.31659,5.32998,0.83845,0.835054,0.825399
1,6.367969495,6.03104,6.00763,6.00763,5.29817,5.30287,5.31631,0.528529,0.525137,0.515446
1,6.406101049,4.64745,5.99298,5.99298,5.27074,5.27544,5.28897,-0.449499,-0.452886,-0.462645
1,6.406101049,4.43459,5.99298,5.99298,5.27074,5.27544,5.28897,-0.603008,-0.606394,-0.616154
1,6.444232602,7.13082,5.97832,5.97832,5.24332,5.248,5.26163,1.36121,1.35783,1.34801
1,6.444232602,2.98004,5.97832,5.97832,5.24332,5.248,5.26163,-1.63221,-1.63559,-1.64542
1,6.52049571,4.15078,5.949,5.949,5.18846,5.19313,5.20696,-0.74835,-0.751719,-0.761687
1,6.52049571,4.96674,5.949,5.949,5.18846,5.19313,5.20696,-0.1599,-0.163269,-0.173237
1,6.596758818,4.29268,5.91968,5.91968,5.13361,5.13827,5.15228,-0.606453,-0.609811,-0.619918
1,6.615824595,5.25055,5.91234,5.91234,5.1199,5.12455,5.13861,0.0942253,0.0908705,0.0807293
1,6.634890372,5.03769,5.90501,5.90501,5.10619,5.11083,5.12494,-0.049394,-0.052746,-0.0629219
1,6.673021926,5.60532,5.89034,5.89034,5.07876,5.0834,5.09761,0.379741,0.376395,0.36615
1,6.749285033,3.58315,5.861,5.861,5.02391,5.02853,5.04293,-1.03903,-1.04237,-1.05275
1,6.787416587,4.5765,5.84632,5.84632,4.99648,5.0011,5.01559,-0.30288,-0.30621,-0.316664
1,6.787416587,5.00222,5.84632,5.84632,4.99648,5.0011,5.01559,0.00413721,0.000807022,-0.00964643
1,6.863679695,5.92461,5.81697,5.81697,4.94163,4.94623,4.96092,0.7089,0.70558,0.694988
1,6.882745472,4.77162,5.80963,5.80963,4.92792,4.93251,4.94725,-0.112717,-0.116033,-0.12666
1,6.95900858,5.12639,5.78027,5.78027,4.87306,4.87765,4.89257,0.182688,0.179384,0.168618
1,6.978074357,2.60754,5.77293,5.77293,4.85935,4.86393,4.87891,-1.62394,-1.62724,-1.63804
1,6.978074357,6.06652,5.77293,5.77293,4.85935,4.86393,4.87891,0.870575,0.867273,0.856472
1,6.978074357,4.00887,5.77293,5.77293,4.85935,4.86393,4.87891,-0.613343,-0.616645,-0.627445
1,6.978074357,3.90244,5.77293,5.77293,4.85935,4.86393,4.87891,-0.690097,-0.693399,-0.7042
1,6.978074357,3.68958,5.77293,5.77293,4.85935,4.86393,4.87891,-0.843606,-0.846908,-0.857709
1,7.01620591,5.55211,5.75824,5.75824,4.83193,4.8365,4.85157,0.519374,0.516077,0.505208
1,7.01620591,3.49446,5.75824,5.75824,4.83193,4.8365,4.85157,-0.964544,-0.96784,-0.97871
1,7.054337464,3.83149,5.74356,5.74356,4.8045,4.80906,4.82423,-0.70171,-0.705,-0.715939
1,7.092469018,5.33925,5.72887,5.72887,4.77707,4.78163,4.79689,0.405422,0.402137,0.391129
1,7.092469018,4.64745,5.72887,5.72887,4.77707,4.78163,4.79689,-0.0934809,-0.096766,-0.107774
1,7.20686368,3.40576,5.6848,5.6848,4.6948,4.69933,4.71488,-0.929613,-0.932881,-0.944097
1,7.244995234,3.22838,5.67011,5.67011,4.66737,4.6719,4.68754,-1.03776,-1.04102,-1.05231
1,7.244995234,5.97783,5.67011,5.67011,4.66737,4.6719,4.68754,0.945063,0.941801,0.930515
1,7.283126787,3.86696,5.65542,5.65542,4.63995,4.64446,4.66021,-0.557454,-0.56071,-0.572065
1,7.321258341,2.87361,5.64073,5.64073,4.61252,4.61703,4.63287,-1.25405,-1.2573,-1.26872
1,7.321258341,5.32151,5.64073,5.64073,4.61252,4.61703,4.63287,0.511301,0.50805,0.496626
1,7.321258341,4.25721,5.64073,5.64073,4.61252,4.61703,4.63287,-0.256243,-0.259493,-0.270918
1,7.321258341,3.97339,5.64073,5.64073,4.61252,4.61703,4.63287,-0.460921,-0.464172,-0.475596
1,7.359389895,3.72506,5.62603,5.62603,4.5851,4.5896,4.60553,-0.620236,-0.623481,-0.634975
1,7.359389895,4.7184,5.62603,5.62603,4.5851,4.5896,4.60553,0.0961382,0.092893,0.0813991
1,7.397521449,4.07982,5.61134,5.61134,4.55767,4.56216,4.5782,-0.34461,-0.347849,-0.359412
1,7.435653003,3.97339,5.59664,5.59664,4.53024,4.53473,4.55086,-0.401586,-0.404819,-0.416452
1,7.473784557,3.29933,5.58194,5.58194,4.50282,4.5073,4.52352,-0.867918,-0.871146,-0.882848
1,7.473784557,5.88914,5.58194,5.58194,4.50282,4.5073,4.52352,0.999771,0.996543,0.984841
1,7.511916111,3.86696,5.56724,5.56724,4.47539,4.47986,4.49618,-0.438783,-0.442006,-0.453777
1,7.607244995,1.04656,5.53049,5.53049,4.40683,4.41128,4.42784,-2.42333,-2.42654,-2.43848
1,7.607244995,2.55432,5.53049,5.53049,4.40683,4.41128,4.42784,-1.33597,-1.33918,-1.35113
1,7.626310772,4.1153,5.52314,5.52314,4.39312,4.39756,4.41417,-0.200355,-0.203561,-0.21554
1,7.626310772,3.97339,5.52314,5.52314,4.39312,4.39756,4.41417,-0.302694,-0.3059,-0.317879
1,7.664442326,4.7184,5.50844,5.50844,4.36569,4.37013,4.38684,0.254364,0.251165,0.239116
1,7.740705434,3.58315,5.47904,5.47904,4.31084,4.31526,4.33216,-0.524793,-0.527981,-0.540169
1,7.740705434,5.35698,5.47904,5.47904,4.31084,4.31526,4.33216,0.754446,0.751258,0.739071
1,7.778836988,3.22838,5.46433,5.46433,4.28342,4.28783,4.30483,-0.760863,-0.764045,-0.776302
1,7.797902765,4.27494,5.45698,5.45698,4.26971,4.27412,4.29116,0.00377669,0.000597644,-0.0116938
1,7.912297426,5.42794,5.41286,5.41286,4.18744,4.19182,4.20915,0.894614,0.891454,0.878954
1,7.931363203,4.86031,5.40551,5.40551,4.17372,4.1781,4.19548,0.495146,0.491989,0.479454
1,7.969494757,0.461197,5.3908,5.3908,4.1463,4.15067,4.16815,-2.65759,-2.66074,-2.67335
1,7.969494757,3.44124,5.3908,5.3908,4.1463,4.15067,4.16815,-0.508468,-0.51162,-0.524224
1,7.969494757,2.83814,5.3908,5.3908,4.1463,4.15067,4.16815,-0.943409,-0.946561,-0.959165
1,7.988560534,1.54324,5.38345,5.38345,4.13259,4.13695,4.15448,-1.86737,-1.87051,-1.88315
1,8.007626311,3.33481,5.37609,5.37609,4.11888,4.12324,4.14081,-0.565445,-0.568591,-0.581265
1,8.026692088,4.55876,5.36874,5.36874,4.10517,4.10952,4.12714,0.327118,0.323976,0.311267
1,8.083889418,3.86696,5.34668,5.34668,4.06403,4.06837,4.08614,-0.14212,-0.145253,-0.158066
1,8.083889418,2.55432,5.34668,5.34668,4.06403,4.06837,4.08614,-1.08876,-1.09189,-1.1047
1,8.141086749,1.38359,5.32461,5.32461,4.0229,4.02723,4.04514,-1.90339,-1.90651,-1.91943
1,8.160152526,1.84479,5.31726,5.31726,4.00918,4.01351,4.03147,-1.5609,-1.56402,-1.57697
1,8.236415634,4.00887,5.28784,5.28784,3.95434,3.95865,3.9768,0.0393276,0.036217,0.0231251
1,8.236415634,2.16408,5.28784,5.28784,3.95434,3.95865,3.9768,-1.29108,-1.29419,-1.30728
1,8.236415634,4.7184,5.28784,5.28784,3.95434,3.95865,3.9768,0.551023,0.547913,0.534821
1,8.312678742,2.98004,5.25841,5.25841,3.89949,3.90379,3.92213,-0.663078,-0.666177,-0.679408
1,8.312678742,5.25055,5.25841,5.25841,3.89949,3.90379,3.92213,0.974348,0.971249,0.958018
1,8.331744519,1.20621,5.25106,5.25106,3.88578,3.89007,3.90847,-1.93243,-1.93553,-1.94879
1,8.350810296,4.00887,5.2437,5.2437,3.87207,3.87636,3.8948,0.0986574,0.0955637,0.0822633
1,8.350810296,3.47672,5.2437,5.2437,3.87207,3.87636,3.8948,-0.285114,-0.288208,-0.301508
1,8.369876072,2.80266,5.23635,5.23635,3.85836,3.86264,3.88113,-0.761337,-0.764428,-0.777763
1,8.408007626,2.19956,5.22163,5.22163,3.83093,3.83521,3.8538,-1.1765,-1.17959,-1.19299
1,8.465204957,2.30599,5.19956,5.19956,3.7898,3.79407,3.8128,-1.07008,-1.07316,-1.08667
1,8.465204957,5.32151,5.19956,5.19956,3.7898,3.79407,3.8128,1.10462,1.10155,1.08804
1,8.503336511,2.44789,5.18485,5.18485,3.76238,3.76664,3.78547,-0.947968,-0.951041,-0.964619
1,8.579599619,2.94457,5.15542,5.15542,3.70754,3.71178,3.7308,-0.550231,-0.553291,-0.567009
1,8.598665396,2.23503,5.14806,5.14806,3.69383,3.69807,3.71714,-1.05204,-1.0551,-1.06885
1,8.617731173,3.5122,5.14071,5.14071,3.68012,3.68435,3.70347,-0.1211,-0.124154,-0.137941
1,8.617731173,2.76718,5.14071,5.14071,3.68012,3.68435,3.70347,-0.658381,-0.661435,-0.675222
1,8.732125834,5.62306,5.09656,5.09656,3.59786,3.60207,3.62147,1.46052,1.45748,1.44349
1,8.751191611,3.08647,5.0892,5.0892,3.58415,3.58835,3.60781,-0.358908,-0.361942,-0.375972
1,8.808388942,3.90244,5.06713,5.06713,3.54302,3.54721,3.56681,0.259202,0.256177,0.242043
1,8.88465205,6.66962,5.0377,5.0377,3.48818,3.49236,3.51215,2.29436,2.29135,2.27708
1,8.903717827,7.02439,5.03034,5.03034,3.47448,3.47865,3.49849,2.5601,2.55709,2.54278
1,8.94184938,1.54324,5.01562,5.01562,3.44706,3.45123,3.47116,-1.37298,-1.37599,-1.39036
1,8.979980934,2.55432,5.0009,5.0009,3.41964,3.4238,3.44383,-0.624043,-0.627043,-0.641489
1,8.979980934,5.28603,5.0009,5.0009,3.41964,3.4238,3.44383,1.34599,1.34299,1.32854
1,9.037178265,1.17073,4.97883,4.97883,3.37852,3.38267,3.40284,-1.59219,-1.59518,-1.60973
1,9.075309819,4.15078,4.96411,4.96411,3.3511,3.35525,3.37552,0.5767,0.573714,0.559094
1,9.151572927,3.68958,4.93467,4.93467,3.29628,3.3004,3.32087,0.283637,0.280662,0.265904
1,9.151572927,1.38359,4.93467,4.93467,3.29628,3.3004,3.32087,-1.37937,-1.38235,-1.39711
1,9.208770257,1.11752,4.9126,4.9126,3.25516,3.25927,3.27988,-1.54161,-1.54457,-1.55943
1,9.246901811,1.72062,4.89788,4.89788,3.22775,3.23186,3.25256,-1.0869,-1.08986,-1.10479
1,9.304099142,4.15078,4.8758,4.8758,3.18664,3.19073,3.21158,0.695311,0.692358,0.677324
1,9.304099142,2.94457,4.8758,4.8758,3.18664,3.19073,3.21158,-0.174572,-0.177525,-0.192559
1,9.304099142,2.73171,4.8758,4.8758,3.18664,3.19073,3.21158,-0.328081,-0.331034,-0.346068
1,9.304099142,1.88027,4.8758,4.8758,3.18664,3.19073,3.21158,-0.942116,-0.945069,-0.960103
1,9.342230696,3.40576,4.86108,4.86108,3.15923,3.16331,3.18426,0.177796,0.174849,0.159746
1,9.342230696,2.51885,4.86108,4.86108,3.15923,3.16331,3.18426,-0.461824,-0.464771,-0.479874
1,9.456625357,4.39911,4.81692,4.81692,3.07701,3.08107,3.1023,0.953462,0.950532,0.935222
1,9.475691134,1.91574,4.80956,4.80956,3.06331,3.06737,3.08865,-0.827592,-0.830519,-0.845864
1,9.532888465,2.76718,4.78748,4.78748,3.02221,3.02625,3.04767,-0.183915,-0.186834,-0.202282
1,9.571020019,1.0643,4.77276,4.77276,2.99481,2.99885,3.02036,-1.39223,-1.39514,-1.41065
1,9.571020019,1.73836,4.77276,4.77276,2.99481,2.99885,3.02036,-0.906115,-0.909028,-0.924544
1,9.609151573,0.248337,4.75804,4.75804,2.96741,2.97144,2.99305,-1.96092,-1.96382,-1.97941
1,9.666348904,2.02217,4.73596,4.73596,2.92632,2.93034,2.95209,-0.652044,-0.654941,-0.670629
1,9.723546235,3.58315,4.71388,4.71388,2.88523,2.88924,2.91113,0.503317,0.50043,0.484639
1,9.742612011,4.54102,4.70652,4.70652,2.87154,2.87554,2.89748,1.20398,1.2011,1.18527
1,9.818875119,4.20399,4.67708,4.67708,2.81676,2.82075,2.84288,1.00043,0.997556,0.981595
1,9.87607245,4.96674,4.655,4.655,2.77569,2.77966,2.80193,1.58012,1.57726,1.5612
1,9.971401335,7.21951,4.61819,4.61819,2.70725,2.7112,2.73371,3.25411,3.25127,3.23503
1,9.990467112,3.1929,4.61083,4.61083,2.69356,2.69751,2.72006,0.36011,0.357264,0.340999
1,10.06673022,1.84479,4.58139,4.58139,2.63883,2.64276,2.6655,-0.572639,-0.575473,-0.591873
1,10.06673022,2.94457,4.58139,4.58139,2.63883,2.64276,2.6655,0.22049,0.217656,0.201255
1,10.14299333,1.02882,4.55195,4.55195,2.58411,2.58802,2.61095,-1.12163,-1.12445,-1.14098
1,10.21925643,1.41907,4.5225,4.5225,2.52941,2.53331,2.55642,-0.800746,-0.803557,-0.820225
1,10.21925643,1.91574,4.5225,4.5225,2.52941,2.53331,2.55642,-0.442559,-0.44537,-0.462038
1,10.29551954,2.62528,4.49306,4.49306,2.47473,2.47861,2.50191,0.10857,0.105772,0.0889714
1,10.3336511,0.31929,4.47834,4.47834,2.4474,2.45127,2.47466,-1.53473,-1.53752,-1.55439
1,10.3336511,0.709534,4.47834,4.47834,2.4474,2.45127,2.47466,-1.2533,-1.25609,-1.27296
1,10.3336511,1.84479,4.47834,4.47834,2.4474,2.45127,2.47466,-0.434585,-0.437377,-0.454243
1,10.3336511,2.80266,4.47834,4.47834,2.4474,2.45127,2.47466,0.256204,0.253413,0.236546
1,10.37178265,2.30599,4.46362,4.46362,2.42007,2.42394,2.44742,-0.0822767,-0.0850621,-0.101994
1,10.4099142,2.73171,4.44889,4.44889,2.39276,2.39661,2.42018,0.244442,0.241663,0.224666
1,10.44804576,3.4235,4.43417,4.43417,2.36544,2.36929,2.39295,0.763042,0.760269,0.743207
1,10.44804576,2.02217,4.43417,4.43417,2.36544,2.36929,2.39295,-0.247557,-0.25033,-0.267392
1,10.56244042,0,4.39001,4.39001,2.28356,2.28737,2.3113,-1.64683,-1.64959,-1.66684
1,10.60057197,3.29933,4.37528,4.37528,2.25628,2.26009,2.2841,0.752223,0.749477,0.732157
1,10.60057197,1.73836,4.37528,4.37528,2.25628,2.26009,2.2841,-0.373508,-0.376254,-0.393574
1,10.67683508,2.98004,4.34584,4.34584,2.20175,2.20554,2.22973,0.561284,0.55855,0.541106
1,10.71496663,1.73836,4.33112,4.33112,2.1745,2.17828,2.20256,-0.314533,-0.31726,-0.334767
1,10.73403241,3.37029,4.32376,4.32376,2.16088,2.16466,2.18898,0.87219,0.869465,0.851928
1,10.81029552,3.1929,4.29431,4.29431,2.10643,2.11019,2.13468,0.783532,0.780822,0.763162
1,10.88655863,6.42129,4.26487,4.26487,2.05204,2.05578,2.08043,3.15098,3.14828,3.1305
1,10.9056244,3.051,4.25751,4.25751,2.03845,2.04218,2.06688,0.730221,0.727528,0.709719
1,10.94375596,0.390244,4.24278,4.24278,2.01128,2.01501,2.03978,-1.16905,-1.17173,-1.1896
1,10.94375596,1.02882,4.24278,4.24278,2.01128,2.01501,2.03978,-0.70852,-0.711206,-0.729073
1,10.96282173,1.27716,4.23542,4.23542,1.9977,2.00142,2.02624,-0.519635,-0.522317,-0.540214
1,11.05815062,2.23503,4.19862,4.19862,1.92989,1.93358,1.95859,0.220064,0.2174,0.199361
1,11.05815062,1.95122,4.19862,4.19862,1.92989,1.93358,1.95859,0.0153858,0.0127215,-0.00531723
1,11.09628217,0.177384,4.18389,4.18389,1.90279,1.90648,1.93157,-1.24431,-1.24697,-1.26507
1,11.13441373,2.19956,4.16917,4.16917,1.87572,1.87939,1.90456,0.233542,0.230893,0.212744
1,11.22974261,2.53659,4.13236,4.13236,1.80814,1.81179,1.83714,0.525333,0.522703,0.504423
1,11.24880839,0.603104,4.125,4.125,1.79465,1.79829,1.82367,-0.859305,-0.861931,-0.880236
1,11.30600572,4.38137,4.10292,4.10292,1.7542,1.75782,1.78331,1.89464,1.89203,1.87365
1,11.3250715,0,4.09556,4.09556,1.74073,1.74435,1.76987,-1.25536,-1.25797,-1.27638
1,11.3250715,0.886918,4.09556,4.09556,1.74073,1.74435,1.76987,-0.615745,-0.618354,-0.636758
1,11.3250715,2.80266,4.09556,4.09556,1.74073,1.74435,1.76987,0.765833,0.763225,0.744821
1,11.36320305,1.45455,4.08084,4.08084,1.71382,1.71742,1.74301,-0.186981,-0.18958,-0.208032
1,11.4013346,1.0643,4.06611,4.06611,1.68694,1.69053,1.71618,-0.449029,-0.451619,-0.470117
1,11.43946616,1.59645,4.05139,4.05139,1.6601,1.66368,1.68939,-0.0458981,-0.0484792,-0.0670213
1,11.55386082,0.957871,4.00722,4.00722,1.57979,1.58334,1.60922,-0.448513,-0.451067,-0.469731
1,11.59199237,1.24169,3.9925,3.9925,1.55311,1.55664,1.58257,-0.224592,-0.227137,-0.245838
1,11.59199237,4.39911,3.9925,3.9925,1.55311,1.55664,1.58257,2.05245,2.04991,2.03121
1,11.63012393,2.87361,3.97778,3.97778,1.52648,1.52999,1.55597,0.971516,0.968982,0.950246
1,11.74451859,2.55432,3.93361,3.93361,1.44689,1.45036,1.47646,0.798652,0.796149,0.777323
1,11.8207817,1.70288,3.90417,3.90417,1.39412,1.39756,1.42373,0.222672,0.220191,0.201319
1,11.87797903,6.31486,3.88209,3.88209,1.35472,1.35813,1.38434,3.57711,3.57465,3.55575
1,11.8970448,1.80931,3.87472,3.87472,1.34162,1.34502,1.37124,0.337288,0.334832,0.315923
1,11.93517636,0.425721,3.86,3.86,1.31548,1.31887,1.3451,-0.641668,-0.644112,-0.663033
1,11.97330791,0.141907,3.84528,3.84528,1.28942,1.29279,1.31904,-0.827554,-0.829984,-0.848914
1,11.97330791,0.993348,3.84528,3.84528,1.28942,1.29279,1.31904,-0.213519,-0.21595,-0.234879
1,12.01143947,0.283814,3.83056,3.83056,1.26345,1.2668,1.29305,-0.706483,-0.7089,-0.727835
1,12.04957102,0.815965,3.81584,3.81584,1.23756,1.24089,1.26715,-0.304043,-0.306447,-0.325383
1,12.12583413,0.815965,3.78639,3.78639,1.18608,1.18937,1.21561,-0.266916,-0.269292,-0.288216
1,12.16396568,1.09978,3.77167,3.77167,1.16049,1.16377,1.18999,-0.0437862,-0.0461476,-0.0650588
1,12.27836034,1.88027,3.72751,3.72751,1.08443,1.08764,1.11377,0.573934,0.57162,0.552776
1,12.3164919,0.10643,3.71279,3.71279,1.05933,1.06251,1.0886,-0.687203,-0.689499,-0.70831
1,12.3164919,0.851441,3.71279,3.71279,1.05933,1.06251,1.0886,-0.149922,-0.152219,-0.17103
1,12.3164919,1.41907,3.71279,3.71279,1.05933,1.06251,1.0886,0.259434,0.257138,0.238327
1,12.43088656,1.34812,3.66862,3.66862,0.98488,0.987988,1.01388,0.261955,0.259713,0.241038
1,12.46901811,0.780488,3.6539,3.6539,0.960375,0.963456,0.989271,-0.12973,-0.131951,-0.150568
1,12.58341277,0.266075,3.60974,3.60974,0.887909,0.8909,0.916414,-0.448448,-0.450606,-0.469005
1,12.58341277,2.87361,3.60974,3.60974,0.887909,0.8909,0.916414,1.43203,1.42988,1.41148
1,12.60247855,4.87805,3.60238,3.60238,0.875995,0.878971,0.904425,2.88617,2.88402,2.86566
1,12.73593899,2.23503,3.55086,3.55086,0.794065,0.796926,0.821882,1.03918,1.03712,1.01912
1,12.8122021,1.56098,3.52142,3.52142,0.748506,0.751295,0.775901,0.58593,0.583919,0.566173
1,12.92659676,1.63193,3.47726,3.47726,0.682096,0.68477,0.708754,0.684992,0.683064,0.665768
1,12.96472831,4.32816,3.46254,3.46254,0.660517,0.663148,0.686899,2.645,2.6431,2.62597
1,12.96472831,1.27716,3.46254,3.46254,0.660517,0.663148,0.686899,0.444707,0.442809,0.425681
1,13.04099142,0.674058,3.4331,3.4331,0.618257,0.620799,0.644043,0.0402422,0.0384087,0.0216454
1,13.15538608,1.73836,3.38895,3.38895,0.557265,0.559671,0.58205,0.851771,0.850036,0.833897
1,13.19351764,1.9867,3.37423,3.37423,0.537616,0.539974,0.562037,1.04504,1.04333,1.02742
1,13.26978074,0.745011,3.34479,3.34479,0.499395,0.501656,0.523048,0.177131,0.1755,0.160073
1,13.3079123,0.0709534,3.33008,3.33008,0.480843,0.483054,0.504091,-0.2956,-0.297195,-0.312366
1,13.34604385,0.567627,3.31536,3.31536,0.462674,0.464833,0.485504,0.0756897,0.0741325,0.0592252
1,13.49857007,1.09978,3.25649,3.25649,0.393977,0.395925,0.415019,0.509003,0.507599,0.493829
1,13.53670162,0.709534,3.24178,3.24178,0.377831,0.379725,0.3984,0.239215,0.237849,0.224381
1,13.57483317,1.70288,3.22706,3.22706,0.362106,0.363946,0.382193,0.966929,0.965603,0.952443
1,13.61296473,4.1153,3.21235,3.21235,0.346808,0.348592,0.366404,2.71773,2.71644,2.7036
1,13.89895138,2.46563,3.10199,3.10199,0.245806,0.247183,0.261578,1.60087,1.59988,1.5895
1,13.99428027,4.89579,3.06521,3.06521,0.217492,0.218737,0.23198,3.37385,3.37295,3.3634
1,13.99428027,1.27716,3.06521,3.06521,0.217492,0.218737,0.23198,0.764203,0.763306,0.753755
1,14.0514776,1.91574,3.04314,3.04314,0.201748,0.202917,0.215478,1.23608,1.23524,1.22618
1,14.2993327,0.886918,2.94753,2.94753,0.143705,0.144579,0.154329,0.535984,0.535353,0.528322
1,14.2993327,0.638581,2.94753,2.94753,0.143705,0.144579,0.154329,0.35689,0.35626,0.349229
1,14.37559581,1.0643,2.91812,2.91812,0.12894,0.129734,0.138686,0.674556,0.673983,0.667528
1,14.45185891,1.27716,2.8887,2.8887,0.115498,0.116215,0.12441,0.837759,0.837241,0.831332
1,14.48999047,0.425721,2.874,2.874,0.109247,0.109928,0.11776,0.228232,0.22774,0.222093
1,14.56625357,0.709534,2.84459,2.84459,0.0976325,0.098246,0.105384,0.441286,0.440844,0.435696
1,14.60438513,1.84479,2.82989,2.82989,0.0922485,0.0928299,0.0996375,1.26388,1.26346,1.25855
1,14.60438513,1.9867,2.82989,2.82989,0.0922485,0.0928299,0.0996375,1.36622,1.3658,1.36089
1,14.90943756,1.27716,2.71229,2.71229,0.0579686,0.0583392,0.0629019,0.879247,0.87898,0.875689
1,15.02383222,0.638581,2.66821,2.66821,0.0485003,0.0488116,0.0527063,0.425549,0.425325,0.422516
1,15.36701621,0.10643,2.53602,2.53602,0.0281345,0.0283153,0.0306909,0.0564646,0.0563342,0.054621
1,15.40514776,0.638581,2.52134,2.52134,0.026464,0.026634,0.0288794,0.441441,0.441318,0.439699
1,15.55767398,0.496674,2.46263,2.46263,0.0206945,0.0208272,0.0226153,0.343263,0.343167,0.341878
1,15.90085796,1.13525,2.33065,2.33065,0.0118436,0.0119182,0.0129783,0.810172,0.810118,0.809354
1,15.97712107,0.567627,2.30134,2.30134,0.0104552,0.0105207,0.0114631,0.401817,0.401769,0.40109
1,16.01525262,0.674058,2.28669,2.28669,0.00982254,0.00988392,0.0107724,0.479027,0.478983,0.478342
1,16.2821735,1.09978,2.18422,2.18422,0.0063386,0.00637747,0.00696404,0.788557,0.788529,0.788106
1,16.32030505,1.31264,2.1696,2.1696,0.00595331,0.00598973,0.00654237,0.942344,0.942318,0.941919
1,16.47283127,0.922395,2.11112,2.11112,0.00463148,0.00465954,0.00509461,0.661864,0.661844,0.66153
1,16.54909438,0.141907,2.08191,2.08191,0.00408448,0.00410943,0.00449507,0.0993935,0.0993755,0.0990974
1,16.62535748,0,2.05271,2.05271,0.00360169,0.00362362,0.00396576,-0.00259744,-0.00261325,-0.00285999
1,16.89227836,0.851441,1.95067,1.95067,0.00231893,0.00233133,0.00255664,0.612363,0.612354,0.612191
1,17.04480458,1.0643,1.89248,1.89248,0.00180211,0.00181237,0.00198886,0.766244,0.766237,0.766109
1,17.57864633,0.425721,1.68971,1.68971,0.000746312,0.000749207,0.000825017,0.306479,0.306477,0.306422
1,18.03622498,2.37694,1.51744,1.51744,0.00034929,0.000351691,0.000387822,1.71393,1.71393,1.7139
1,19.04671115,1.56098,1.14604,1.14604,6.53524e-05,6.59938e-05,7.31727e-05,1.12568,1.12568,1.12568
2,0.000224299,0.556237,7.02162,7.02162,5.33774,nan,5.34549,-3.44828,nan,-3.45387
2,0.045084112,2.87935,7.04518,7.04518,5.32635,nan,5.33416,-1.76471,nan,-1.77034
2,0.067514019,2.97751,7.05685,7.05685,5.32066,nan,5.3285,-1.68981,nan,-1.69547
2,0.134803738,4.05726,7.09137,7.09137,5.30358,nan,5.3115,-0.898808,nan,-0.904522
2,0.157233645,3.27198,7.10272,7.10272,5.29788,nan,5.30583,-1.46102,nan,-1.46675
2,0.269383178,3.40286,7.15809,7.15809,5.26942,nan,5.27751,-1.3461,nan,-1.35194
2,0.426392523,2.01227,7.23136,7.23136,5.22956,nan,5.23785,-2.32022,nan,-2.32619
2,0.426392523,4.13906,7.23136,7.23136,5.22956,nan,5.23785,-0.78644,nan,-0.792414
2,0.51611215,4.90798,7.27068,7.27068,5.20679,nan,5.21518,-0.215497,nan,-0.22155
2,0.650691589,3.81186,7.3257,7.3257,5.17263,nan,5.18119,-0.981348,nan,-0.987522
2,0.650691589,3.5501,7.3257,7.3257,5.17263,nan,5.18119,-1.17012,nan,-1.17629
2,0.673121495,2.86299,7.33437,7.33437,5.16694,nan,5.17553,-1.66154,nan,-1.66774
2,0.762841121,3.09202,7.36748,7.36748,5.14416,nan,5.15286,-1.47994,nan,-1.48622
2,0.807700935,5.51329,7.38307,7.38307,5.13278,nan,5.14153,0.274416,nan,0.268103
2,0.897420561,4.25358,7.41216,7.41216,5.11001,nan,5.11887,-0.61763,nan,-0.624023
2,0.9198504669999999,3.01022,7.41899,7.41899,5.10431,nan,5.1132,-1.5102,nan,-1.51661
2,0.9198504669999999,4.79346,7.41899,7.41899,5.10431,nan,5.1132,-0.22418,nan,-0.230593
2,0.96471028,5.97137,7.43208,7.43208,5.09293,nan,5.10187,0.633509,nan,0.627056
2,0.96471028,4.98978,7.43208,7.43208,5.09293,nan,5.10187,-0.074389,nan,-0.0808417
2,0.9871401869999999,3.51738,7.43834,7.43834,5.08723,nan,5.09621,-1.13213,nan,-1.1386
2,0.9871401869999999,4.07362,7.43834,7.43834,5.08723,nan,5.09621,-0.730988,nan,-0.737461
2,1.054429907,3.3865,7.45596,7.45596,5.07015,nan,5.07921,-1.2142,nan,-1.22073
2,1.121719626,3.1411,7.47177,7.47177,5.05307,nan,5.06221,-1.37886,nan,-1.38545
2,1.211439252,4.30266,7.48994,7.48994,5.0303,nan,5.03955,-0.524754,nan,-0.531426
2,1.278728972,5.20245,7.50133,7.50133,5.01322,nan,5.02255,0.13647,nan,0.129738
2,1.323588785,5.48057,7.50784,7.50784,5.00183,nan,5.01122,0.345253,nan,0.338481
2,1.346018692,4.10634,7.51077,7.51077,4.99614,nan,5.00556,-0.641698,nan,-0.648491
2,1.390878505,7.00204,7.51597,7.51597,4.98475,nan,4.99423,1.45481,nan,1.44798
2,1.413308411,5.10429,7.51824,7.51824,4.97906,nan,4.98856,0.0903155,nan,0.0834634
2,1.435738318,7.62372,7.52029,7.52029,4.97337,nan,4.9829,1.91136,nan,1.90449
2,1.480598131,5.79141,7.52374,7.52374,4.96198,nan,4.97156,0.598162,nan,0.59125
2,1.480598131,5.62781,7.52374,7.52374,4.96198,nan,4.97156,0.480179,nan,0.473267
2,1.503028037,4.76074,7.52513,7.52513,4.95629,nan,4.9659,-0.141026,nan,-0.147958
2,1.660037383,6.11861,7.52887,7.52887,4.91643,nan,4.92624,0.866975,nan,0.859903
2,1.660037383,4.92434,7.52887,7.52887,4.91643,nan,4.92624,0.00569851,nan,-0.00137322
2,1.727327103,4.05726,7.52734,7.52734,4.89935,nan,4.90924,-0.607294,nan,-0.614425
2,1.817046729,6.51125,7.5225,7.5225,4.87658,nan,4.88658,1.17887,nan,1.17166
2,1.884336449,5.07157,7.51687,7.51687,4.8595,nan,4.86958,0.152942,nan,0.145671
2,1.929196262,3.58282,7.51221,7.51221,4.84811,nan,4.85825,-0.912492,nan,-0.919803
2,1.951626168,6.31493,7.50962,7.50962,4.84242,nan,4.85259,1.06193,nan,1.0546
2,1.974056075,5.62781,7.50686,7.50686,4.83673,nan,4.84692,0.570507,nan,0.563156
2,1.996485981,1.68507,7.50393,7.50393,4.83103,nan,4.84126,-2.26878,nan,-2.27615
2,2.041345794,6.72393,7.49759,7.49759,4.81965,nan,4.82992,1.37331,nan,1.3659
2,2.131065421,4.97342,7.48305,7.48305,4.79688,nan,4.80726,0.127316,nan,0.119825
2,2.153495327,6.21677,7.47905,7.47905,4.79118,nan,4.8016,1.02809,nan,1.02058
2,2.175925234,6.49489,7.47491,7.47491,4.78549,nan,4.79593,1.23277,nan,1.22524
2,2.243214953,2.94479,7.4617,7.4617,4.76841,nan,4.77894,-1.31515,nan,-1.32274
2,2.310504673,4.23722,7.44736,7.44736,4.75133,nan,4.76194,-0.370762,nan,-0.378413
2,2.377794393,5.12065,7.43199,7.43199,4.73425,nan,4.74494,0.278663,nan,0.270953
2,2.422654206,3.58282,7.42121,7.42121,4.72286,nan,4.73361,-0.822166,nan,-0.829916
2,2.422654206,7.80368,7.42121,7.42121,4.72286,nan,4.73361,2.2218,nan,2.21405
2,2.422654206,5.21881,7.42121,7.42121,4.72286,nan,4.73361,0.357665,nan,0.349914
2,2.512373832,4.95706,7.39849,7.39849,4.70009,nan,4.71095,0.185315,nan,0.177485
2,2.534803738,7.0184,7.39258,7.39258,4.6944,nan,4.70528,1.67601,nan,1.66816
2,2.534803738,5.62781,7.39258,7.39258,4.6944,nan,4.70528,0.673151,nan,0.665301
2,2.534803738,4.51534,7.39258,7.39258,4.6944,nan,4.70528,-0.129134,nan,-0.136984
2,2.669383178,5.54601,7.35546,7.35546,4.66024,nan,4.67129,0.638794,nan,0.630824
2,2.669383178,5.05521,7.35546,7.35546,4.66024,nan,4.67129,0.284845,nan,0.276875
2,2.669383178,4.35174,7.35546,7.35546,4.66024,nan,4.67129,-0.222482,nan,-0.230452
2,2.736672897,3.48466,7.33592,7.33592,4.64316,nan,4.65429,-0.835475,nan,-0.843505
2,2.826392523,5.95501,7.309,7.309,4.62039,nan,4.63163,0.962492,nan,0.954382
2,2.91611215,3.10838,7.28119,7.28119,4.59761,nan,4.60897,-1.07399,nan,-1.08218
2,2.91611215,5.75869,7.28119,7.28119,4.59761,nan,4.60897,0.837335,nan,0.829145
2,2.960971963,5.05521,7.26699,7.26699,4.58623,nan,4.59764,0.338219,nan,0.32999
2,2.960971963,3.69734,7.26699,7.26699,4.58623,nan,4.59764,-0.64104,nan,-0.64927
2,2.983401869,5.66053,7.25982,7.25982,4.58054,nan,4.59197,0.778862,nan,0.770612
2,3.005831776,2.68303,7.25261,7.25261,4.57484,nan,4.58631,-1.36432,nan,-1.37259
2,3.005831776,4.7771,7.25261,7.25261,4.57484,nan,4.58631,0.145859,nan,0.13759
2,3.050691589,3.41922,7.23806,7.23806,4.56346,nan,4.57498,-0.825189,nan,-0.833498
2,3.050691589,6.26585,7.23806,7.23806,4.56346,nan,4.57498,1.22772,nan,1.21941
2,3.050691589,5.31697,7.23806,7.23806,4.56346,nan,4.57498,0.543414,nan,0.535105
2,3.095551402,4.07362,7.22335,7.22335,4.55207,nan,4.56365,-0.345046,nan,-0.353395
2,3.140411215,5.90593,7.20849,7.20849,4.54069,nan,4.55232,0.984575,nan,0.976186
2,3.162841121,3.25562,7.20101,7.20101,4.53499,nan,4.54665,-0.922644,nan,-0.931053
2,3.162841121,5.49693,7.20101,7.20101,4.53499,nan,4.54665,0.693723,nan,0.685314
2,3.252560748,5.39877,7.17076,7.17076,4.51222,nan,4.52399,0.639356,nan,0.630867
2,3.297420561,4.76074,7.15546,7.15546,4.50083,nan,4.51266,0.187433,nan,0.178904
2,3.319850467,5.67689,7.14776,7.14776,4.49514,nan,4.507,0.852244,nan,0.843695
2,3.319850467,4.1227,7.14776,7.14776,4.49514,nan,4.507,-0.268595,nan,-0.277144
2,3.387140187,6.05317,7.12453,7.12453,4.47806,nan,4.49,1.13592,nan,1.12731
2,3.409570093,6.51125,7.11673,7.11673,4.47237,nan,4.48433,1.47038,nan,1.46175
2,3.409570093,5.00613,7.11673,7.11673,4.47237,nan,4.48433,0.384936,nan,0.376307
2,3.432,6.87117,7.10891,7.10891,4.46668,nan,4.47867,1.73405,nan,1.7254
2,3.432,3.3047,7.10891,7.10891,4.46668,nan,4.47867,-0.837981,nan,-0.84663
2,3.454429907,3.97546,7.10107,7.10107,4.46098,nan,4.473,-0.350145,nan,-0.358814
2,3.454429907,4.4499,7.10107,7.10107,4.46098,nan,4.473,-0.00799461,nan,-0.0166634
2,3.476859813,4.5317,7.09321,7.09321,4.45529,nan,4.46734,0.0551026,nan,0.0464138
2,3.521719626,5.56237,7.07741,7.07741,4.4439,nan,4.45601,0.806607,nan,0.797878
2,3.521719626,3.45194,7.07741,7.07741,4.4439,nan,4.45601,-0.715374,nan,-0.724103
2,3.544149533,7.31288,7.06949,7.06949,4.43821,nan,4.45034,2.07313,nan,2.06438
2,3.633869159,4.90798,7.0376,7.0376,4.41544,nan,4.42768,0.355204,nan,0.346375
2,3.656299065,4.02454,7.02958,7.02958,4.40975,nan,4.42201,-0.277799,nan,-0.286647
2,3.678728972,4.56442,7.02155,7.02155,4.40405,nan,4.41635,0.115651,nan,0.106782
2,3.723588785,3.5501,7.00543,7.00543,4.39267,nan,4.40502,-0.607633,nan,-0.616541
2,3.723588785,3.23926,7.00543,7.00543,4.39267,nan,4.40502,-0.8318,nan,-0.840709
2,3.813308411,6.05317,6.97302,6.97302,4.36989,nan,4.38236,1.21393,nan,1.20494
2,3.903028037,4.22086,6.9404,6.9404,4.34712,nan,4.3597,-0.0910571,nan,-0.100125
2,3.925457944,3.53374,6.93221,6.93221,4.34143,nan,4.35403,-0.58248,nan,-0.591568
2,3.925457944,3.41922,6.93221,6.93221,4.34143,nan,4.35403,-0.665068,nan,-0.674156
2,3.94788785,3.9591,6.92401,6.92401,4.33574,nan,4.34837,-0.271619,nan,-0.280727
2,3.970317757,3.20654,6.9158,6.9158,4.33004,nan,4.3427,-0.810235,nan,-0.819363
2,3.992747664,5.12065,6.90758,6.90758,4.32435,nan,4.33703,0.574272,nan,0.565124
2,3.992747664,3.01022,6.90758,6.90758,4.32435,nan,4.33703,-0.947709,nan,-0.956857
2,4.037607477,2.61759,6.8911,6.8911,4.31296,nan,4.3257,-1.22266,nan,-1.23184
2,4.060037383,4.59714,6.88285,6.88285,4.30727,nan,4.32004,0.209043,nan,0.199835
2,4.08246729,5.51329,6.87459,6.87459,4.30158,nan,4.31437,0.873853,nan,0.864626
2,4.104897196,1.71779,6.86632,6.86632,4.29589,nan,4.30871,-1.85925,nan,-1.86849
2,4.104897196,3.3047,6.86632,6.86632,4.29589,nan,4.30871,-0.714812,nan,-0.724059
2,4.127327103,6.10225,6.85803,6.85803,4.29019,nan,4.30304,1.3068,nan,1.29754
2,4.172186916,4.10634,6.84144,6.84144,4.27881,nan,4.29171,-0.124378,nan,-0.133686
2,4.239476636,2.71575,6.81649,6.81649,4.26173,nan,4.27472,-1.11492,nan,-1.12428
2,4.261906542,4.40082,6.80816,6.80816,4.25603,nan,4.26905,0.104414,nan,0.0950263
2,4.261906542,4.97342,6.80816,6.80816,4.25603,nan,4.26905,0.517354,nan,0.507967
2,4.351626168,3.69734,6.77476,6.77476,4.23326,nan,4.24639,-0.386491,nan,-0.395958
2,4.351626168,4.87526,6.77476,6.77476,4.23326,nan,4.24639,0.462987,nan,0.45352
2,4.418915888,5.88957,6.74963,6.74963,4.21618,nan,4.22939,1.2068,nan,1.19727
2,4.418915888,6.59305,6.74963,6.74963,4.21618,nan,4.22939,1.71413,nan,1.7046
2,4.418915888,2.97751,6.74963,6.74963,4.21618,nan,4.22939,-0.893299,nan,-0.902827
2,4.486205607,4.30266,6.72444,6.72444,4.19911,nan,4.2124,0.0746797,nan,0.0650928
2,4.486205607,4.1227,6.72444,6.72444,4.19911,nan,4.2124,-0.0551016,nan,-0.0646886
2,4.508635514,4.84254,6.71604,6.71604,4.19341,nan,4.20673,0.468129,nan,0.458522
2,4.531065421,5.52965,6.70762,6.70762,4.18772,nan,4.20107,0.967764,nan,0.958137
2,4.531065421,2.81391,6.70762,6.70762,4.18772,nan,4.20107,-0.990755,nan,-1.00038
2,4.575925234,6.56033,6.69078,6.69078,4.17633,nan,4.18974,1.71927,nan,1.7096
2,4.66564486,1.43967,6.65703,6.65703,4.15356,nan,4.16708,-1.95718,nan,-1.96693
2,4.66564486,3.07566,6.65703,6.65703,4.15356,nan,4.16708,-0.777348,nan,-0.787095
2,4.66564486,4.0409,6.65703,6.65703,4.15356,nan,4.16708,-0.0812486,nan,-0.0909952
2,4.66564486,3.8773,6.65703,6.65703,4.15356,nan,4.16708,-0.199232,nan,-0.208978
2,4.732934579,3.45194,6.63167,6.63167,4.13648,nan,4.15008,-0.493671,nan,-0.503477
2,4.755364486,3.94274,6.62321,6.62321,4.13079,nan,4.14442,-0.135616,nan,-0.145443
2,4.800224299,4.80982,6.60627,6.60627,4.1194,nan,4.13309,0.497905,nan,0.488038
2,4.889943925,3.27198,6.57234,6.57234,4.09663,nan,4.11043,-0.594714,nan,-0.60466
2,4.912373832,3.56646,6.56385,6.56385,4.09094,nan,4.10476,-0.378239,nan,-0.388205
2,4.912373832,2.37219,6.56385,6.56385,4.09094,nan,4.10476,-1.23951,nan,-1.24948
2,4.934803738,3.41922,6.55535,6.55535,4.08525,nan,4.09909,-0.480318,nan,-0.490304
2,4.934803738,4.41718,6.55535,6.55535,4.08525,nan,4.09909,0.239378,nan,0.229392
2,4.957233645,4.64622,6.54685,6.54685,4.07956,nan,4.09343,0.40866,nan,0.398654
2,5.002093458,3.9591,6.52984,6.52984,4.06817,nan,4.0821,-0.0786577,nan,-0.0887036
2,5.002093458,4.49898,6.52984,6.52984,4.06817,nan,4.0821,0.310686,nan,0.30064
2,5.024523364,3.59918,6.52133,6.52133,4.06248,nan,4.07643,-0.334115,nan,-0.344181
2,5.024523364,4.13906,6.52133,6.52133,4.06248,nan,4.07643,0.0552291,nan,0.0451632
2,5.069383178,5.38241,6.5043,6.5043,4.05109,nan,4.0651,0.960111,nan,0.950005
2,5.114242991,1.91411,6.48726,6.48726,4.03971,nan,4.05377,-1.53292,nan,-1.54306
2,5.114242991,6.11861,6.48726,6.48726,4.03971,nan,4.05377,1.49925,nan,1.4891
2,5.114242991,2.83027,6.48726,6.48726,4.03971,nan,4.05377,-0.872213,nan,-0.882359
2,5.18153271,1.97955,6.46168,6.46168,4.02263,nan,4.03678,-1.47341,nan,-1.48361
2,5.226392523,5.02249,6.44461,6.44461,4.01124,nan,4.02545,0.729286,nan,0.719041
2,5.271252336,3.82822,6.42753,6.42753,3.99986,nan,4.01412,-0.123779,nan,-0.134064
2,5.293682243,4.90798,6.41898,6.41898,3.99416,nan,4.00845,0.659014,nan,0.648709
2,5.360971963,4.10634,6.39333,6.39333,3.97709,nan,3.99146,0.0932139,nan,0.0828487
2,5.360971963,2.73211,6.39333,6.39333,3.97709,nan,3.99146,-0.897843,nan,-0.908209
2,5.405831776,5.18609,6.37622,6.37622,3.9657,nan,3.98013,0.880113,nan,0.869707
2,5.405831776,3.10838,6.37622,6.37622,3.9657,nan,3.98013,-0.618272,nan,-0.628677
2,5.428261682,7.47648,6.36767,6.36767,3.96001,nan,3.97446,2.53598,nan,2.52556
2,5.428261682,4.51534,6.36767,6.36767,3.96001,nan,3.97446,0.400488,nan,0.390063
2,5.450691589,3.6319,6.3591,6.3591,3.95432,nan,3.9688,-0.232515,nan,-0.24296
2,5.517981308,4.8589,6.33341,6.33341,3.93724,nan,3.9518,0.664673,nan,0.654169
2,5.517981308,6.08589,6.33341,6.33341,3.93724,nan,3.9518,1.54955,nan,1.53904
2,5.540411215,2.96115,6.32484,6.32484,3.93154,nan,3.94614,-0.699824,nan,-0.710349
2,5.652560748,4.6953,6.28197,6.28197,3.90308,nan,3.91781,0.571322,nan,0.560698
2,5.652560748,4.51534,6.28197,6.28197,3.90308,nan,3.91781,0.441541,nan,0.430916
2,5.652560748,3.66462,6.28197,6.28197,3.90308,nan,3.91781,-0.171971,nan,-0.182595
2,5.652560748,2.56851,6.28197,6.28197,3.90308,nan,3.91781,-0.962457,nan,-0.973081
2,5.719850467,3.89366,6.25622,6.25622,3.886,nan,3.90082,0.00552139,nan,-0.00516296
2,5.719850467,3.2229,6.25622,6.25622,3.886,nan,3.90082,-0.478209,nan,-0.488893
2,5.876859813,3.59918,6.1961,6.1961,3.84616,nan,3.86117,-0.178111,nan,-0.188935
2,5.921719626,1.86503,6.17891,6.17891,3.83477,nan,3.84984,-1.42052,nan,-1.43138
2,5.966579439,2.66667,6.16171,6.16171,3.82339,nan,3.83851,-0.834194,nan,-0.845097
2,5.989009346,4.80982,6.15311,6.15311,3.81769,nan,3.83284,0.715489,nan,0.704565
2,5.989009346,4.6135,6.15311,6.15311,3.81769,nan,3.83284,0.57391,nan,0.562986
2,5.989009346,4.0409,6.15311,6.15311,3.81769,nan,3.83284,0.160969,nan,0.150045
2,5.989009346,3.3047,6.15311,6.15311,3.81769,nan,3.83284,-0.369955,nan,-0.380878
2,6.011439252,2.84663,6.14451,6.14451,3.812,nan,3.82718,-0.696202,nan,-0.707145
2,6.101158879,1.76687,6.11009,6.11009,3.78923,nan,3.80452,-1.45847,nan,-1.46949
2,6.101158879,3.0593,6.11009,6.11009,3.78923,nan,3.80452,-0.526403,nan,-0.537427
2,6.123588785,3.97546,6.10148,6.10148,3.78354,nan,3.79885,0.138407,nan,0.127363
2,6.146018692,3.59918,6.09287,6.09287,3.77785,nan,3.79319,-0.128849,nan,-0.139912
2,6.235738318,1.91411,6.05843,6.05843,3.75508,nan,3.77053,-1.32765,nan,-1.3388
2,6.235738318,5.56237,6.05843,6.05843,3.75508,nan,3.77053,1.30337,nan,1.29222
2,6.280598131,5.26789,6.0412,6.0412,3.74369,nan,3.7592,1.09921,nan,1.08803
2,6.280598131,4.22086,6.0412,6.0412,3.74369,nan,3.7592,0.344117,nan,0.332934
2,6.280598131,3.86094,6.0412,6.0412,3.74369,nan,3.7592,0.0845544,nan,0.0733715
2,6.370317757,2.96115,6.00673,6.00673,3.72093,nan,3.73654,-0.547932,nan,-0.559195
2,6.392747664,4.58078,5.99811,5.99811,3.71523,nan,3.73088,0.624205,nan,0.612922
2,6.41517757,6.75665,5.98949,5.98949,3.70954,nan,3.72521,2.19748,nan,2.18618
2,6.437607477,4.76074,5.98087,5.98087,3.70385,nan,3.71955,0.762196,nan,0.750874
2,6.460037383,5.88957,5.97225,5.97225,3.69816,nan,3.71388,1.58038,nan,1.56904
2,6.48246729,4.98978,5.96362,5.96362,3.69247,nan,3.70822,0.935583,nan,0.92422
2,6.504897196,4.25358,5.955,5.955,3.68677,nan,3.70256,0.408764,nan,0.397382
2,6.527327103,1.93047,5.94638,5.94638,3.68108,nan,3.69689,-1.26249,nan,-1.27389
2,6.527327103,5.61145,5.94638,5.94638,3.68108,nan,3.69689,1.39213,nan,1.38073
2,6.527327103,0.670757,5.94638,5.94638,3.68108,nan,3.69689,-2.17096,nan,-2.18236
2,6.639476636,3.56646,5.90324,5.90324,3.65262,nan,3.66857,-0.062135,nan,-0.0736369
2,6.639476636,3.3865,5.90324,5.90324,3.65262,nan,3.66857,-0.191916,nan,-0.203418
2,6.639476636,3.25562,5.90324,5.90324,3.65262,nan,3.66857,-0.286303,nan,-0.297805
2,6.661906542,2.71575,5.89462,5.89462,3.64693,nan,3.66291,-0.671542,nan,-0.683064
2,6.818915888,3.99182,5.8342,5.8342,3.60709,nan,3.62326,0.27746,nan,0.265798
2,6.886205607,3.77914,5.8083,5.8083,3.59001,nan,3.60626,0.136396,nan,0.124675
2,6.886205607,3.20654,5.8083,5.8083,3.59001,nan,3.60626,-0.276544,nan,-0.288266
2,6.931065421,2.01227,5.79103,5.79103,3.57863,nan,3.59493,-1.12961,nan,-1.14137
2,6.953495327,4.25358,5.78239,5.78239,3.57293,nan,3.58927,0.490861,nan,0.47908
2,6.953495327,3.61554,5.78239,5.78239,3.57293,nan,3.58927,0.0307273,nan,0.0189465
2,6.99835514,1.76687,5.76512,5.76512,3.56155,nan,3.57794,-1.29427,nan,-1.30609
2,6.99835514,2.19223,5.76512,5.76512,3.56155,nan,3.57794,-0.987516,nan,-0.999336
2,7.06564486,3.01022,5.7392,5.7392,3.54448,nan,3.56095,-0.385286,nan,-0.397167
2,7.088074766,4.54806,5.73056,5.73056,3.53878,nan,3.55529,0.727859,nan,0.715958
2,7.110504673,1.96319,5.72192,5.72192,3.53309,nan,3.54962,-1.13217,nan,-1.14409
2,7.132934579,3.7955,5.71328,5.71328,3.5274,nan,3.54396,0.193346,nan,0.181406
2,7.177794393,2.42127,5.696,5.696,3.51602,nan,3.53263,-0.789502,nan,-0.801482
2,7.200224299,3.17382,5.68736,5.68736,3.51033,nan,3.52697,-0.242676,nan,-0.254676
2,7.222654206,4.1227,5.67872,5.67872,3.50464,nan,3.5213,0.44573,nan,0.43371
2,7.267514019,4.71166,5.66144,5.66144,3.49325,nan,3.50997,0.878678,nan,0.866618
2,7.334803738,3.3865,5.63551,5.63551,3.47618,nan,3.49298,-0.0646709,nan,-0.0767903
2,7.379663551,3.92638,5.61822,5.61822,3.4648,nan,3.48166,0.332882,nan,0.320723
2,7.402093458,1.32515,5.60957,5.60957,3.4591,nan,3.47599,-1.53894,nan,-1.55112
2,7.402093458,5.54601,5.60957,5.60957,3.4591,nan,3.47599,1.50502,nan,1.49284
2,7.424523364,5.85685,5.60093,5.60093,3.45341,nan,3.47033,1.73329,nan,1.72109
2,7.424523364,6.72393,5.60093,5.60093,3.45341,nan,3.47033,2.3586,nan,2.3464
2,7.446953271,4.7771,5.59228,5.59228,3.44772,nan,3.46466,0.958707,nan,0.946488
2,7.446953271,4.64622,5.59228,5.59228,3.44772,nan,3.46466,0.86432,nan,0.852101
2,7.469383178,3.68098,5.58364,5.58364,3.44203,nan,3.459,0.172325,nan,0.160086
2,7.536672897,1.83231,5.5577,5.5577,3.42496,nan,3.44201,-1.14857,nan,-1.16087
2,7.536672897,4.22086,5.5577,5.5577,3.42496,nan,3.44201,0.573982,nan,0.561683
2,7.536672897,5.00613,5.5577,5.5577,3.42496,nan,3.44201,1.1403,nan,1.128
2,7.64882243,2.38855,5.51446,5.51446,3.3965,nan,3.41369,-0.726907,nan,-0.739305
2,7.64882243,2.56851,5.51446,5.51446,3.3965,nan,3.41369,-0.597126,nan,-0.609524
2,7.671252336,3.56646,5.50582,5.50582,3.39081,nan,3.40803,0.126675,nan,0.114257
2,7.671252336,3.32106,5.50582,5.50582,3.39081,nan,3.40803,-0.0502996,nan,-0.0627174
2,7.805831776,3.82822,5.45392,5.45392,3.35667,nan,3.37405,0.340072,nan,0.327535
2,7.895551402,3.3047,5.41932,5.41932,3.3339,nan,3.3514,-0.0210575,nan,-0.0336743
2,7.917981308,2.14315,5.41067,5.41067,3.32821,nan,3.34573,-0.854633,nan,-0.86727
2,7.940411215,2.97751,5.40202,5.40202,3.32252,nan,3.34007,-0.248816,nan,-0.261472
2,7.962841121,2.86299,5.39337,5.39337,3.31683,nan,3.33441,-0.3273,nan,-0.339976
2,8.030130841,4.25358,5.36741,5.36741,3.29976,nan,3.31742,0.687867,nan,0.675131
2,8.030130841,3.7955,5.36741,5.36741,3.29976,nan,3.31742,0.357515,nan,0.344779
2,8.052560748,3.68098,5.35876,5.35876,3.29407,nan,3.31176,0.27903,nan,0.266274
2,8.052560748,2.07771,5.35876,5.35876,3.29407,nan,3.31176,-0.877203,nan,-0.889959
2,8.097420561,1.94683,5.34146,5.34146,3.28269,nan,3.30043,-0.963382,nan,-0.976178
2,8.142280374,3.40286,5.32415,5.32415,3.27131,nan,3.28911,0.0948738,nan,0.0820384
2,8.16471028,4.1227,5.3155,5.3155,3.26562,nan,3.28344,0.618103,nan,0.605247
2,8.232,4.35174,5.28954,5.28954,3.24855,nan,3.26646,0.79559,nan,0.782675
2,8.232,1.25971,5.28954,5.28954,3.24855,nan,3.26646,-1.43429,nan,-1.4472
2,8.254429907,3.3047,5.28089,5.28089,3.24286,nan,3.26079,0.0446017,nan,0.031667
2,8.344149533,0.916155,5.24627,5.24627,3.2201,nan,3.23814,-1.66154,nan,-1.67455
2,8.366579439,3.94274,5.23762,5.23762,3.21441,nan,3.23248,0.525252,nan,0.512218
2,8.389009346,3.58282,5.22896,5.22896,3.20872,nan,3.22682,0.269793,nan,0.256739
2,8.411439252,6.08589,5.22031,5.22031,3.20303,nan,3.22116,2.07904,nan,2.06596
2,8.411439252,2.47035,5.22031,5.22031,3.20303,nan,3.22116,-0.528388,nan,-0.541462
2,8.456299065,3.69734,5.203,5.203,3.19165,nan,3.20983,0.364691,nan,0.351578
2,8.478728972,3.33742,5.19435,5.19435,3.18596,nan,3.20417,0.109231,nan,0.0960982
2,8.501158879,4.33538,5.18569,5.18569,3.18027,nan,3.19851,0.833031,nan,0.819878
2,8.501158879,0.834356,5.18569,5.18569,3.18027,nan,3.19851,-1.69181,nan,-1.70496
2,8.501158879,3.48466,5.18569,5.18569,3.18027,nan,3.19851,0.219519,nan,0.206366
2,8.523588785,4.02454,5.17704,5.17704,3.17458,nan,3.19285,0.612966,nan,0.599793
2,8.635738318,2.17587,5.13376,5.13376,3.14613,nan,3.16454,-0.699727,nan,-0.712999
2,8.658168224,1.94683,5.1251,5.1251,3.14044,nan,3.15888,-0.8608,nan,-0.874092
2,8.658168224,3.10838,5.1251,5.1251,3.14044,nan,3.15888,-0.0231208,nan,-0.0364127
2,8.703028037,1.75051,5.10779,5.10779,3.12907,nan,3.14755,-0.994174,nan,-1.00751
2,8.725457944,1.14519,5.09913,5.09913,3.12338,nan,3.14189,-1.42661,nan,-1.43996
2,8.792747664,2.56851,5.07317,5.07317,3.10631,nan,3.12491,-0.387848,nan,-0.401259
2,8.904897196,6.90389,5.02988,5.02988,3.07787,nan,3.0966,2.75921,nan,2.7457
2,8.904897196,1.06339,5.02988,5.02988,3.07787,nan,3.0966,-1.45278,nan,-1.46629
2,8.904897196,2.83027,5.02988,5.02988,3.07787,nan,3.0966,-0.178563,nan,-0.192073
2,8.927327103,3.53374,5.02123,5.02123,3.07218,nan,3.09094,0.332866,nan,0.319337
2,8.972186916,2.30675,5.00391,5.00391,3.0608,nan,3.07962,-0.543802,nan,-0.557371
2,8.972186916,3.27198,5.00391,5.00391,3.0608,nan,3.07962,0.152298,nan,0.138729
2,8.972186916,3.89366,5.00391,5.00391,3.0608,nan,3.07962,0.600633,nan,0.587064
2,9.017046729,3.04294,4.9866,4.9866,3.04943,nan,3.0683,-0.00467381,nan,-0.0182827
2,9.039476636,2.48671,4.97794,4.97794,3.04374,nan,3.06264,-0.401714,nan,-0.415343
2,9.061906542,4.84254,4.96928,4.96928,3.03805,nan,3.05697,1.30134,nan,1.2877
2,9.106766355,1.57055,4.95197,4.95197,3.02667,nan,3.04565,-1.05011,nan,-1.0638
2,9.106766355,3.61554,4.95197,4.95197,3.02667,nan,3.04565,0.424675,nan,0.410987
2,9.129196262,1.29243,4.94331,4.94331,3.02099,nan,3.03999,-1.24658,nan,-1.26029
2,9.174056075,4.41718,4.92599,4.92599,3.00961,nan,3.02867,1.0151,nan,1.00135
2,9.196485981,3.43558,4.91734,4.91734,3.00392,nan,3.02301,0.311301,nan,0.297534
2,9.241345794,3.73006,4.90002,4.90002,2.99255,nan,3.01169,0.531874,nan,0.518067
2,9.286205607,2.55215,4.88271,4.88271,2.98117,nan,3.00037,-0.309401,nan,-0.323247
2,9.286205607,3.27198,4.88271,4.88271,2.98117,nan,3.00037,0.209725,nan,0.195878
2,9.308635514,1.35787,4.87405,4.87405,2.97549,nan,2.99471,-1.16658,nan,-1.18044
2,9.331065421,3.10838,4.86539,4.86539,2.9698,nan,2.98905,0.0999446,nan,0.0860588
2,9.375925234,5.54601,4.84807,4.84807,2.95842,nan,2.97773,1.86609,nan,1.85217
2,9.39835514,4.26994,4.83941,4.83941,2.95274,nan,2.97207,0.949928,nan,0.935983
2,9.420785047,7.39468,4.83076,4.83076,2.94705,nan,2.96641,3.2075,nan,3.19354
2,9.443214953,2.38855,4.8221,4.8221,2.94136,nan,2.96075,-0.398674,nan,-0.412659
2,9.443214953,2.84663,4.8221,4.8221,2.94136,nan,2.96075,-0.0683219,nan,-0.0823064
2,9.443214953,4.15542,4.8221,4.8221,2.94136,nan,2.96075,0.875542,nan,0.861558
2,9.510504673,4.89162,4.79612,4.79612,2.9243,nan,2.94378,1.41877,nan,1.40473
2,9.532934579,0.719836,4.78746,4.78746,2.91862,nan,2.93812,-1.5857,nan,-1.59976
2,9.532934579,4.40082,4.78746,4.78746,2.91862,nan,2.93812,1.06892,nan,1.05486
2,9.645084112,3.41922,4.74417,4.74417,2.89019,nan,2.90982,0.381526,nan,0.367364
2,9.645084112,2.68303,4.74417,4.74417,2.89019,nan,2.90982,-0.149397,nan,-0.163559
2,9.667514019,1.42331,4.73551,4.73551,2.8845,nan,2.90417,-1.05377,nan,-1.06795
2,9.667514019,2.48671,4.73551,4.73551,2.8845,nan,2.90417,-0.286877,nan,-0.301058
2,9.734803738,3.25562,4.70953,4.70953,2.86744,nan,2.88719,0.279945,nan,0.265704
2,9.846953271,2.42127,4.66624,4.66624,2.83902,nan,2.8589,-0.301268,nan,-0.315608
2,9.869383178,2.78119,4.65758,4.65758,2.83333,nan,2.85324,-0.0376059,nan,-0.0519648
2,9.959102804,1.79959,4.62294,4.62294,2.81059,nan,2.83061,-0.729106,nan,-0.743543
2,9.959102804,3.1411,4.62294,4.62294,2.81059,nan,2.83061,0.238355,nan,0.223918
2,10.00396262,2.61759,4.60562,4.60562,2.79922,nan,2.8193,-0.130992,nan,-0.145468
2,10.02639252,2.35583,4.59696,4.59696,2.79354,nan,2.81364,-0.315665,nan,-0.330162
2,10.07125234,2.04499,4.57964,4.57964,2.78217,nan,2.80233,-0.531635,nan,-0.54617
2,10.13854206,2.53579,4.55367,4.55367,2.76512,nan,2.78536,-0.165389,nan,-0.179984
2,10.16097196,3.01022,4.54501,4.54501,2.75944,nan,2.7797,0.180861,nan,0.166246
2,10.18340187,5.33e-15,4.53635,4.53635,2.75375,nan,2.77405,-1.98593,nan,-2.00056
2,10.20583178,3.40286,4.52769,4.52769,2.74807,nan,2.76839,0.472217,nan,0.457564
2,10.2731215,2.35583,4.50171,4.50171,2.73102,nan,2.75142,-0.270579,nan,-0.285292
2,10.2731215,3.9591,4.50171,4.50171,2.73102,nan,2.75142,0.885654,nan,0.870942
2,10.31798131,2.74847,4.48439,4.48439,2.71966,nan,2.74011,0.0207761,nan,0.00602474
2,10.40770093,5.87321,4.44975,4.44975,2.69693,nan,2.71749,2.29064,nan,2.27581
2,10.40770093,2.30675,4.44975,4.44975,2.69693,nan,2.71749,-0.281387,nan,-0.296217
2,10.40770093,3.7955,4.44975,4.44975,2.69693,nan,2.71749,0.792259,nan,0.777429
2,10.40770093,3.35378,4.44975,4.44975,2.69693,nan,2.71749,0.473704,nan,0.458875
2,10.40770093,3.01022,4.44975,4.44975,2.69693,nan,2.71749,0.22594,nan,0.21111
2,10.47499065,2.53579,4.42377,4.42377,2.67988,nan,2.70053,-0.103919,nan,-0.118807
2,10.49742056,3.19018,4.41511,4.41511,2.6742,nan,2.69487,0.372111,nan,0.357203
2,10.51985047,4.46626,4.40645,4.40645,2.66852,nan,2.68922,1.29648,nan,1.28155
2,10.54228037,3.51738,4.39779,4.39779,2.66284,nan,2.68357,0.616271,nan,0.601324
2,10.632,1.86503,4.36315,4.36315,2.64012,nan,2.66095,-0.558971,nan,-0.573996
2,10.65442991,1.01431,4.35449,4.35449,2.63444,nan,2.6553,-1.16839,nan,-1.18343
2,10.92358879,2.53579,4.25057,4.25057,2.56629,nan,2.58747,-0.0219983,nan,-0.0372757
2,10.94601869,4.15542,4.24191,4.24191,2.56061,nan,2.58182,1.15013,nan,1.13483
2,11.03573832,0.327198,4.20727,4.20727,2.5379,nan,2.55922,-1.5943,nan,-1.60967
2,11.03573832,1.50511,4.20727,4.20727,2.5379,nan,2.55922,-0.74482,nan,-0.760194
2,11.03573832,2.38855,4.20727,4.20727,2.5379,nan,2.55922,-0.107711,nan,-0.123086
2,11.08059813,1.66871,4.18995,4.18995,2.52655,nan,2.54792,-0.618649,nan,-0.634062
2,11.14788785,1.42331,4.16397,4.16397,2.50952,nan,2.53098,-0.783344,nan,-0.798814
2,11.17031776,2.19223,4.15531,4.15531,2.50385,nan,2.52533,-0.22473,nan,-0.240221
2,11.19274766,1.79959,4.14665,4.14665,2.49817,nan,2.51968,-0.503797,nan,-0.519306
2,11.26003738,2.58487,4.12067,4.12067,2.48115,nan,2.50273,0.0747992,nan,0.0592321
2,11.28246729,1.47239,4.11201,4.11201,2.47547,nan,2.49709,-0.723393,nan,-0.73898
2,11.3048972,3.25562,4.10335,4.10335,2.4698,nan,2.49144,0.566714,nan,0.551108
2,11.39461682,2.91207,4.06871,4.06871,2.44711,nan,2.46885,0.335316,nan,0.319633
2,11.43947664,2.45399,4.05139,4.05139,2.43576,nan,2.45756,0.013145,nan,-0.00257577
2,11.46190654,2.06135,4.04273,4.04273,2.43009,nan,2.45191,-0.265924,nan,-0.281664
2,11.48433645,1.93047,4.03407,4.03407,2.42442,nan,2.44627,-0.35622,nan,-0.371979
2,11.52919626,2.71575,4.01675,4.01675,2.41307,nan,2.43498,0.218279,nan,0.202482
2,11.52919626,4.38446,4.01675,4.01675,2.41307,nan,2.43498,1.42171,nan,1.40591
2,11.64134579,0.359918,3.97345,3.97345,2.38472,nan,2.40676,-1.46023,nan,-1.47612
2,11.91050467,0.834356,3.86953,3.86953,2.31671,nan,2.33906,-1.06903,nan,-1.08515
2,11.93293458,2.15951,3.86087,3.86087,2.31104,nan,2.33342,-0.10928,nan,-0.125419
2,11.93293458,0.687117,3.86087,3.86087,2.31104,nan,2.33342,-1.17113,nan,-1.18727
2,11.97779439,1.11247,3.84355,3.84355,2.29971,nan,2.32214,-0.8562,nan,-0.872377
2,12.02265421,1.73415,3.82623,3.82623,2.28838,nan,2.31087,-0.399695,nan,-0.41591
2,12.04508411,3.69734,3.81757,3.81757,2.28272,nan,2.30523,1.02019,nan,1.00395
2,12.11237383,1.96319,3.79159,3.79159,2.26573,nan,2.28832,-0.218183,nan,-0.234472
2,12.17966355,1.45603,3.76561,3.76561,2.24874,nan,2.27141,-0.571681,nan,-0.588026
2,12.24695327,2.84663,3.73963,3.73963,2.23176,nan,2.25451,0.443422,nan,0.42702
2,12.26938318,2.61759,3.73097,3.73097,2.2261,nan,2.24887,0.282327,nan,0.265907
2,12.38153271,3.28834,3.68768,3.68768,2.19781,nan,2.22071,0.78646,nan,0.769948
2,12.42639252,1.89775,3.67036,3.67036,2.1865,nan,2.20945,-0.208236,nan,-0.224786
2,12.42639252,1.60327,3.67036,3.67036,2.1865,nan,2.20945,-0.420606,nan,-0.437156
2,12.47125234,2.09407,3.65304,3.65304,2.17519,nan,2.19819,-0.0584993,nan,-0.0750859
2,12.47125234,1.06339,3.65304,3.65304,2.17519,nan,2.19819,-0.801792,nan,-0.818379
2,12.51611215,3.32106,3.63572,3.63572,2.16388,nan,2.18693,0.834529,nan,0.817906
2,12.53854206,2.20859,3.62706,3.62706,2.15822,nan,2.1813,0.0363223,nan,0.0196806
2,12.60583178,1.93047,3.60109,3.60109,2.14126,nan,2.16442,-0.152019,nan,-0.168715
2,12.6955514,0.736196,3.56645,3.56645,2.11866,nan,2.14191,-0.996993,nan,-1.01376
2,12.91985047,1.79959,3.47987,3.47987,2.06219,nan,2.08569,-0.18938,nan,-0.206329
2,12.91985047,0.916155,3.47987,3.47987,2.06219,nan,2.08569,-0.826488,nan,-0.843438
2,12.98714019,4.33538,3.45389,3.45389,2.04526,nan,2.06884,1.65156,nan,1.63456
2,13.05442991,1.66871,3.42792,3.42792,2.02834,nan,2.05199,-0.259354,nan,-0.27641
2,13.05442991,4.5317,3.42792,3.42792,2.02834,nan,2.05199,1.80535,nan,1.78829
2,13.18900935,0.458078,3.37597,3.37597,1.99451,nan,2.01831,-1.10803,nan,-1.1252
2,13.23386916,2.38855,3.35866,3.35866,1.98324,nan,2.00709,0.292293,nan,0.275097
2,13.25629907,0.539877,3.35,3.35,1.97761,nan,2.00148,-1.03685,nan,-1.05407
2,13.30115888,3.58282,3.33268,3.33268,1.96635,nan,1.99026,1.16576,nan,1.14851
2,13.3908785,2.02863,3.29806,3.29806,1.94382,nan,1.96784,0.0611589,nan,0.0438405
2,13.41330841,3.76278,3.2894,3.2894,1.9382,nan,1.96223,1.31584,nan,1.2985
2,13.41330841,4.08998,3.2894,3.2894,1.9382,nan,1.96223,1.5518,nan,1.53447
2,13.45816822,2.65031,3.27209,3.27209,1.92694,nan,1.95103,0.521669,nan,0.504299
2,13.48059813,0.556237,3.26343,3.26343,1.92132,nan,1.94543,-0.984457,nan,-1.00184
2,13.52545794,2.14315,3.24612,3.24612,1.91007,nan,1.93423,0.168091,nan,0.150669
2,13.74975701,1.40695,3.15956,3.15956,1.85388,nan,1.87827,-0.322314,nan,-0.339903
2,13.81704673,0.997955,3.13359,3.13359,1.83705,nan,1.86151,-0.60513,nan,-0.622769
2,13.99648598,0.719836,3.06436,3.06436,1.7922,nan,1.81684,-0.773357,nan,-0.791126
2,14.0637757,1.55419,3.0384,3.0384,1.7754,nan,1.80011,-0.159528,nan,-0.177346
2,14.24321495,0.0981595,2.96918,2.96918,1.73066,nan,1.75554,-1.17731,nan,-1.19525
2,14.24321495,2.43763,2.96918,2.96918,1.73066,nan,1.75554,0.509847,nan,0.491904
2,14.31050467,2.78119,2.94322,2.94322,1.7139,nan,1.73885,0.769695,nan,0.751706
2,14.4002243,2.87935,2.90862,2.90862,1.69158,nan,1.71661,0.856583,nan,0.838533
2,14.4002243,4.05726,2.90862,2.90862,1.69158,nan,1.71661,1.70606,nan,1.68801
2,14.44508411,0.196319,2.89132,2.89132,1.68043,nan,1.7055,-1.0703,nan,-1.08838
2,14.44508411,1.01431,2.89132,2.89132,1.68043,nan,1.7055,-0.480381,nan,-0.49846
2,14.44508411,1.37423,2.89132,2.89132,1.68043,nan,1.7055,-0.220819,nan,-0.238898
2,14.53480374,2.73211,2.85672,2.85672,1.65814,nan,1.68329,0.774512,nan,0.756374
2,14.64695327,1.22699,2.81348,2.81348,1.63032,nan,1.65557,-0.290869,nan,-0.309077
2,14.87125234,1.79959,2.72701,2.72701,1.57481,nan,1.60025,0.162104,nan,0.143759
2,14.98340187,0.179959,2.68379,2.68379,1.54713,nan,1.57266,-0.985963,nan,-1.00437
2,15.02826168,1.79959,2.6665,2.6665,1.53607,nan,1.56163,0.190045,nan,0.171609
2,15.0955514,1.86503,2.64058,2.64058,1.5195,nan,1.54511,0.24919,nan,0.230717
2,15.25256075,3.68098,2.5801,2.5801,1.4809,nan,1.50663,1.58663,nan,1.56808
2,15.27499065,0.572597,2.57146,2.57146,1.4754,nan,1.50115,-0.651074,nan,-0.669643
2,15.29742056,1.68507,2.56282,2.56282,1.4699,nan,1.49566,0.155178,nan,0.136598
2,15.38714019,1.86503,2.52828,2.52828,1.44792,nan,1.47374,0.300811,nan,0.282187
2,15.47685981,0.883436,2.49374,2.49374,1.42598,nan,1.45186,-0.391264,nan,-0.409931
2,15.52171963,2.81391,2.47647,2.47647,1.41502,nan,1.44093,1.00884,nan,0.990148
2,15.90302804,1.66871,2.32981,2.32981,1.32238,nan,1.34851,0.249761,nan,0.230922
2,16.08246729,1.81595,2.26088,2.26088,1.27912,nan,1.30532,0.387148,nan,0.368253
2,16.26190654,2.56851,2.192,2.192,1.23609,nan,1.26235,0.9609,nan,0.94196
2,16.30676636,1.97955,2.17479,2.17479,1.22537,nan,1.25165,0.54389,nan,0.524941
3,0,0.620408,7.0215,7.0215,6.0285,6.07567,6.53588,-3.90016,-3.93417,-4.26607
3,2.018691589,4.5551,7.50087,7.50087,5.58571,5.6336,6.05505,-0.743248,-0.777779,-1.08172
3,2.041121495,2.61224,7.49762,7.49762,5.58079,5.62868,6.0497,-2.14083,-2.17537,-2.479
3,3.005607477,5.24082,7.25268,7.25268,5.36924,5.41747,5.81997,-0.0926136,-0.127399,-0.417672
3,3.857943925,3.72245,6.95682,6.95682,5.18228,5.23082,5.61696,-1.05279,-1.08779,-1.36626
3,4.014953271,2.1551,6.89943,6.89943,5.14784,5.19644,5.57956,-2.15828,-2.19332,-2.46962
3,4.014953271,3.2,6.89943,6.89943,5.14784,5.19644,5.57956,-1.40473,-1.43977,-1.71607
3,4.037383178,5.01224,6.89119,6.89119,5.14292,5.19152,5.57422,-0.0942406,-0.129291,-0.405278
3,4.351401869,3.82041,6.77484,6.77484,5.07404,5.12276,5.49942,-0.904086,-0.939217,-1.21086
3,5.001869159,3.11837,6.52993,6.52993,4.93137,4.98031,5.34449,-1.30748,-1.34278,-1.60542
3,5.136448598,5.8449,6.47882,6.47882,4.90185,4.95084,5.31244,0.680101,0.644768,0.383997
3,5.226168224,1.94286,6.44469,6.44469,4.88217,4.93119,5.29107,-2.11975,-2.1551,-2.41463
3,5.45046729,4.81633,6.35919,6.35919,4.83297,4.88207,5.23764,-0.0120038,-0.0474156,-0.303839
3,5.876635514,3.59184,6.19618,6.19618,4.73949,4.78875,5.13613,-0.827658,-0.863179,-1.1137
3,5.943925234,4.70204,6.17039,6.17039,4.72473,4.77401,5.12011,-0.0163663,-0.0519045,-0.301497
3,6.011214953,4.3102,6.14459,6.14459,4.70998,4.75928,5.10408,-0.288304,-0.323859,-0.57252
3,6.03364486,6.33469,6.13599,6.13599,4.70506,4.75437,5.09874,1.17525,1.13969,0.891336
3,6.347663551,4.60408,6.01543,6.01543,4.63618,4.6856,5.02394,-0.0231469,-0.0587887,-0.302791
3,6.841121495,5.12653,5.82565,5.82565,4.52794,4.57754,4.90641,0.431686,0.395916,0.158746
3,6.908411215,6.12245,5.79975,5.79975,4.51318,4.5628,4.89038,1.16056,1.12477,0.888532
3,6.998130841,4.19592,5.7652,5.7652,4.4935,4.54316,4.86901,-0.214608,-0.250419,-0.485415
3,7.020560748,6.17143,5.75656,5.75656,4.48858,4.53825,4.86367,1.21362,1.1778,0.943119
3,7.042990654,5.40408,5.74793,5.74793,4.48366,4.53333,4.85833,0.66378,0.627958,0.393583
3,7.155140187,7.77143,5.70473,5.70473,4.45906,4.50877,4.83161,2.38878,2.35293,2.12011
3,7.244859813,4.76735,5.67016,5.67016,4.43938,4.48913,4.81024,0.236517,0.200644,-0.0309365
3,7.289719626,6.85714,5.65288,5.65288,4.42955,4.4793,4.79956,1.75071,1.71483,1.48387
3,7.334579439,5.81224,5.63559,5.63559,4.41971,4.46948,4.78887,1.00426,0.968363,0.738025
3,7.334579439,4.44082,5.63559,5.63559,4.41971,4.46948,4.78887,0.0152241,-0.0206716,-0.251009
3,7.379439252,4.01633,5.6183,5.6183,4.40987,4.45966,4.77819,-0.28381,-0.319717,-0.549434
3,7.446728972,6.23673,5.59237,5.59237,4.39511,4.44492,4.76216,1.32813,1.2922,1.06342
3,7.648598131,4.81633,5.51455,5.51455,4.35083,4.40072,4.71408,0.335703,0.299727,0.0737374
3,7.693457944,6.44898,5.49725,5.49725,4.34099,4.39089,4.70339,1.52022,1.48423,1.25887
3,7.85046729,4.76735,5.43671,5.43671,4.30655,4.35651,4.666,0.332312,0.296284,0.0730895
3,7.962616822,6.80816,5.39346,5.39346,4.28195,4.33195,4.63929,1.82183,1.78577,1.56413
3,8.007476636,5.74694,5.37615,5.37615,4.27211,4.32213,4.6286,1.0636,1.02753,0.806512
3,8.007476636,3.6898,5.37615,5.37615,4.27211,4.32213,4.6286,-0.419952,-0.45602,-0.677041
3,8.007476636,5.3551,5.37615,5.37615,4.27211,4.32213,4.6286,0.781019,0.744951,0.52393
3,8.142056075,8.26122,5.32424,5.32424,4.2426,4.29266,4.59655,2.89812,2.86202,2.64286
3,8.231775701,4.5551,5.28963,5.28963,4.22292,4.27301,4.57518,0.239561,0.203436,-0.0144794
3,8.321495327,5.48571,5.25501,5.25501,4.20324,4.25336,4.55381,0.924883,0.888735,0.672063
3,8.343925234,4.32653,5.24636,5.24636,4.19832,4.24845,4.54847,0.0924614,0.0563077,-0.160054
3,8.456074766,5.9102,5.20309,5.20309,4.17372,4.22389,4.52176,1.2523,1.21612,1.00131
3,8.747663551,4.75102,5.09057,5.09057,4.10977,4.16004,4.4523,0.462453,0.426195,0.215426
3,8.882242991,3.98367,5.03863,5.03863,4.08025,4.13057,4.42025,-0.0696493,-0.105941,-0.314847
3,8.94953271,6.66122,5.01266,5.01266,4.06549,4.11584,4.40422,1.87197,1.83566,1.62768
3,9.01682243,4.8,4.98668,4.98668,4.05073,4.10111,4.3882,0.540348,0.504022,0.296981
3,9.039252336,5.9102,4.97803,4.97803,4.04582,4.09619,4.38285,1.34454,1.30821,1.10148
3,9.039252336,4.60408,4.97803,4.97803,4.04582,4.09619,4.38285,0.402606,0.366273,0.159543
3,9.151401869,7.72245,4.93474,4.93474,4.02122,4.07164,4.35614,2.66922,2.63286,2.42768
3,9.218691589,3.80408,4.90877,4.90877,4.00646,4.0569,4.34012,-0.14595,-0.182328,-0.386572
3,9.285981308,5.06122,4.88279,4.88279,3.9917,4.04217,4.32409,0.771308,0.734913,0.531601
3,9.330841121,6.22041,4.86548,4.86548,3.98186,4.03235,4.3134,1.61437,1.57797,1.37528
3,9.353271028,5.32245,4.85682,4.85682,3.97694,4.02744,4.30806,0.970339,0.933926,0.731547
3,9.375700935,4.39184,4.84816,4.84816,3.97203,4.02252,4.30272,0.302756,0.266337,0.0642687
3,9.487850467,6.26939,4.80487,4.80487,3.94743,3.99797,4.27601,1.67453,1.63808,1.43757
3,9.66728972,4.34286,4.7356,4.7356,3.90807,3.95868,4.23327,0.313554,0.277058,0.079031
3,9.846728972,4.71837,4.66632,4.66632,3.86872,3.91939,4.19053,0.612742,0.576201,0.380659
3,9.958878505,5.02857,4.62303,4.62303,3.84412,3.89483,4.16382,0.85419,0.81762,0.623633
3,10.00373832,6.92245,4.60571,4.60571,3.83428,3.88501,4.15314,2.2271,2.19051,1.99715
3,10.02616822,4.35918,4.59705,4.59705,3.82937,3.8801,4.1478,0.38209,0.345502,0.152447
3,10.02616822,5.51837,4.59705,4.59705,3.82937,3.8801,4.1478,1.21806,1.18147,0.988417
3,10.11588785,7.24898,4.56241,4.56241,3.80969,3.86045,4.12643,2.48032,2.44371,2.2519
3,10.22803738,3.80408,4.51911,4.51911,3.78509,3.8359,4.09972,0.0136947,-0.0229452,-0.213203
3,10.2953271,5.1102,4.49313,4.49313,3.77033,3.82116,4.08369,0.966275,0.929618,0.740293
3,10.34018692,5.20816,4.47581,4.47581,3.7605,3.81134,4.07301,1.04402,1.00735,0.818643
3,10.38504673,3.15102,4.45849,4.45849,3.75066,3.80152,4.06232,-0.432441,-0.469122,-0.657204
3,10.45233645,4.63673,4.43252,4.43252,3.7359,3.78679,4.04629,0.649656,0.612958,0.425808
3,10.65420561,4.70204,4.35458,4.35458,3.69163,3.74259,3.99822,0.728681,0.69193,0.507578
3,10.69906542,4.13061,4.33726,4.33726,3.68179,3.73277,3.98753,0.323678,0.286915,0.103185
3,10.74392523,3.4449,4.31994,4.31994,3.67195,3.72294,3.97685,-0.163745,-0.200519,-0.383628
3,10.85607477,6.07347,4.27664,4.27664,3.64736,3.69839,3.95014,1.74964,1.71284,1.53128
3,10.94579439,4.21224,4.242,4.242,3.62768,3.67875,3.92877,0.421569,0.384744,0.204433
3,10.99065421,5.42041,4.22468,4.22468,3.61785,3.66892,3.91809,1.29996,1.26312,1.08343
3,11.01308411,5.99184,4.21602,4.21602,3.61293,3.66401,3.91275,1.7156,1.67876,1.49938
3,11.03551402,4.81633,4.20736,4.20736,3.60801,3.6591,3.9074,0.871404,0.834557,0.655489
3,11.14766355,6.38367,4.16405,4.16405,3.58342,3.63455,3.88069,2.01947,1.98259,1.80508
3,11.23738318,2.48163,4.12941,4.12941,3.56374,3.61491,3.85933,-0.780385,-0.817284,-0.993554
3,11.28224299,4.65306,4.11209,4.11209,3.5539,3.60508,3.84864,0.792681,0.755771,0.580123
3,11.3271028,3.65714,4.09477,4.09477,3.54407,3.59526,3.83796,0.0815477,0.0446259,-0.1304
3,11.37196262,2.13878,4.07745,4.07745,3.53423,3.58544,3.82728,-1.00636,-1.04329,-1.2177
3,11.41682243,4.16327,4.06013,4.06013,3.52439,3.57562,3.81659,0.460737,0.423792,0.25001
3,11.6635514,2.67755,3.96487,3.96487,3.47029,3.52161,3.75783,-0.571701,-0.608708,-0.779069
3,11.68598131,3.2,3.95621,3.95621,3.46537,3.5167,3.75249,-0.191379,-0.228392,-0.398442
3,11.73084112,2.38367,3.93889,3.93889,3.45554,3.50687,3.74181,-0.772996,-0.81002,-0.979449
3,11.86542056,3.36327,3.88693,3.88693,3.42603,3.47741,3.70976,-0.045262,-0.0823204,-0.249883
3,11.93271028,4.94694,3.86096,3.86096,3.41127,3.46268,3.69374,1.10748,1.0704,0.903774
3,12,3.78776,3.83498,3.83498,3.39652,3.44795,3.67771,0.282148,0.245056,0.0793599
3,12.02242991,6.22041,3.82632,3.82632,3.3916,3.44304,3.67237,2.04005,2.00296,1.83757
3,12.04485981,3.08571,3.81766,3.81766,3.38668,3.43813,3.66703,-0.21705,-0.254154,-0.419228
3,12.11214953,5.64898,3.79168,3.79168,3.37193,3.4234,3.65101,1.64214,1.60502,1.44088
3,12.22429907,2.51429,3.74838,3.74838,3.34734,3.39885,3.6243,-0.600775,-0.637925,-0.800509
3,12.29158879,4.88163,3.7224,3.7224,3.33259,3.38412,3.60827,1.11713,1.07996,0.918309
3,12.31401869,5.19184,3.71374,3.71374,3.32767,3.37921,3.60293,1.34438,1.30721,1.14587
3,12.3364486,2.82449,3.70508,3.70508,3.32275,3.3743,3.59759,-0.359333,-0.396511,-0.557539
3,12.3588785,2.30204,3.69642,3.69642,3.31783,3.36939,3.59225,-0.732561,-0.769745,-0.930463
3,12.44859813,4.73469,3.66179,3.66179,3.29816,3.34976,3.57089,1.03598,0.998777,0.839304
3,12.65046729,2.36735,3.58385,3.58385,3.25391,3.30557,3.52282,-0.639363,-0.676619,-0.833292
3,12.6728972,3.46122,3.5752,3.5752,3.24899,3.30066,3.51748,0.153056,0.115794,-0.0405673
3,12.74018692,3.05306,3.54922,3.54922,3.23424,3.28593,3.50145,-0.130661,-0.16794,-0.323368
3,12.87476636,3.00408,3.49727,3.49727,3.20474,3.25648,3.46941,-0.144708,-0.18202,-0.335581
3,12.94205607,4.08163,3.47129,3.47129,3.18999,3.24175,3.45339,0.643028,0.605699,0.453073
3,12.98691589,4.44082,3.45398,3.45398,3.18015,3.23193,3.44271,0.909153,0.871813,0.719809
3,13.00934579,4.57143,3.44532,3.44532,3.17524,3.22702,3.43737,1.00689,0.969547,0.817854
3,13.0317757,2.62857,3.43666,3.43666,3.17032,3.22211,3.43202,-0.390693,-0.428046,-0.579427
3,13.16635514,4.60408,3.38471,3.38471,3.14082,3.19266,3.39998,1.05526,1.01788,0.868362
3,13.23364486,2.10612,3.35874,3.35874,3.12607,3.17794,3.38396,-0.735557,-0.77296,-0.92154
3,13.30093458,3.55918,3.33277,3.33277,3.11132,3.16321,3.36794,0.322985,0.285565,0.13792
3,13.30093458,2.35102,3.33277,3.33277,3.11132,3.16321,3.36794,-0.548307,-0.585727,-0.733373
3,13.32336449,3.13469,3.32411,3.32411,3.10641,3.1583,3.3626,0.0204005,-0.0170248,-0.164359
3,13.3682243,2.93878,3.3068,3.3068,3.09657,3.14848,3.35192,-0.1138,-0.151236,-0.297947
3,13.45794393,3.98367,3.27217,3.27217,3.07691,3.12885,3.33056,0.653931,0.616474,0.471008
3,13.65981308,5.33e-15,3.19427,3.19427,3.03267,3.08468,3.2825,-2.18708,-2.22458,-2.36724
3,13.68224299,2.17143,3.18561,3.18561,3.02776,3.07977,3.27716,-0.61756,-0.655069,-0.797421
3,13.74953271,1.69796,3.15964,3.15964,3.01301,3.06505,3.26114,-0.948378,-0.985904,-1.12732
3,13.86168224,0.897959,3.11637,3.11637,2.98844,3.04051,3.23444,-1.50759,-1.54514,-1.685
3,13.92897196,3.57551,3.09041,3.09041,2.97369,3.02579,3.21843,0.434012,0.396445,0.25752
3,13.99626168,3.5102,3.06444,3.06444,2.95895,3.01107,3.20241,0.397548,0.359965,0.221974
3,14.01869159,1.50204,3.05579,3.05579,2.95404,3.00616,3.19707,-1.04714,-1.08473,-1.2224
3,14.0411215,2.69388,3.04714,3.04714,2.94912,3.00125,3.19173,-0.184075,-0.221669,-0.359036
3,14.13084112,5.30612,3.01253,3.01253,2.92947,2.98162,3.17037,1.71398,1.67636,1.54024
3,14.24299065,1.6,2.96926,2.96926,2.9049,2.95709,3.14368,-0.941054,-0.978696,-1.11326
3,14.28785047,3.88571,2.95196,2.95196,2.89507,2.94728,3.133,0.714424,0.676772,0.542835
3,14.33271028,2.77551,2.93466,2.93466,2.88524,2.93747,3.12232,-0.0791361,-0.116799,-0.250112
3,14.44485981,4.27755,2.8914,2.8914,2.86068,2.91294,3.09563,1.02181,0.98412,0.852366
3,14.64672897,2.25306,2.81356,2.81356,2.81646,2.86879,3.04759,-0.406309,-0.444044,-0.572992
3,14.69158879,5.07755,2.79627,2.79627,2.80664,2.85898,3.03692,1.63772,1.59997,1.47165
3,14.93831776,2.93878,2.70116,2.70116,2.75261,2.80503,2.9782,0.134256,0.0964559,-0.0284353
3,14.98317757,3.10204,2.68388,2.68388,2.74279,2.79522,2.96753,0.259081,0.221271,0.0970045
3,15.00560748,1.19184,2.67523,2.67523,2.73788,2.79031,2.96219,-1.11496,-1.15278,-1.27673
3,15.05046729,1.51837,2.65795,2.65795,2.72806,2.78051,2.95152,-0.872394,-0.910219,-1.03355
3,15.11775701,5.38776,2.63202,2.63202,2.71333,2.7658,2.93551,1.92872,1.89088,1.76849
3,15.25233645,1.76327,2.58018,2.58018,2.68387,2.73638,2.9035,-0.663911,-0.701781,-0.822301
3,15.29719626,2.98776,2.56291,2.56291,2.67405,2.72657,2.89282,0.226236,0.188358,0.0684619
3,15.36448598,1.25714,2.537,2.537,2.65932,2.71186,2.87682,-1.01121,-1.0491,-1.16806
3,15.4317757,3.96735,2.51109,2.51109,2.64459,2.69716,2.86081,0.953931,0.916023,0.798002
3,15.67850467,0.0163265,2.41615,2.41615,2.59061,2.64324,2.80213,-1.8565,-1.89446,-2.00904
3,15.92523364,2.59592,2.32128,2.32128,2.53664,2.58935,2.74346,0.0427513,0.00473901,-0.106403
3,16.1271028,0.881633,2.24374,2.24374,2.4925,2.54526,2.69547,-1.16171,-1.19976,-1.30809
3,16.21682243,1.24082,2.2093,2.2093,2.47288,2.52567,2.67414,-0.88853,-0.926601,-1.03367
3,16.30654206,2.85714,2.17487,2.17487,2.45327,2.50608,2.65282,0.291261,0.253173,0.147352
3,16.35140187,0.914286,2.15767,2.15767,2.44347,2.49629,2.64216,-1.1028,-1.1409,-1.24609
3,16.4635514,2.84082,2.11468,2.11468,2.41896,2.47181,2.61551,0.304232,0.266115,0.162485
3,16.66542056,2.74286,2.03738,2.03738,2.37486,2.42776,2.56755,0.265391,0.227237,0.126427
3,16.97943925,0.163265,1.91741,1.91741,2.3063,2.35928,2.49297,-1.54549,-1.5837,-1.68012
3,17.00186916,2.17143,1.90885,1.90885,2.3014,2.35439,2.48765,-0.093732,-0.131943,-0.228049
3,17.11401869,2.23673,1.86611,1.86611,2.27693,2.32994,2.46103,-0.0289863,-0.0672151,-0.161753
3,17.20373832,0.555102,1.83195,1.83195,2.25736,2.31038,2.43973,-1.22762,-1.26586,-1.35914
3,17.29345794,0.457143,1.79784,1.79784,2.23779,2.29083,2.41844,-1.28415,-1.32241,-1.41443
3,17.29345794,1.95918,1.79784,1.79784,2.23779,2.29083,2.41844,-0.200921,-0.239177,-0.331204
3,17.31588785,3.2,1.78932,1.78932,2.2329,2.28595,2.41312,0.697447,0.659188,0.567476
3,17.42803738,2.67755,1.74675,1.74675,2.20845,2.26152,2.38651,0.338305,0.30003,0.209888
3,18.03364486,1.81224,1.51841,1.51841,2.07657,2.12975,2.24297,-0.190626,-0.228975,-0.310624
3,18.12336449,4.5551,1.48486,1.48486,2.05706,2.11025,2.22172,1.80151,1.76316,1.68277
3,18.23551402,0.555102,1.44304,1.44304,2.03269,2.08589,2.19517,-1.06559,-1.10396,-1.18277
3,18.37009346,1.30612,1.39306,1.39306,2.00345,2.05667,2.16333,-0.502893,-0.541271,-0.618194
3,18.43738318,2.20408,1.36816,1.36816,1.98884,2.04206,2.14742,0.155226,0.116844,0.0408658
3,18.95327103,2.04082,1.17964,1.17964,1.87701,1.93026,2.02555,0.118136,0.0797297,0.0110114
3,19.13271028,2.57959,1.11529,1.11529,1.83819,1.89145,1.98323,0.534675,0.496268,0.430079
3,19.26728972,0.359184,1.06754,1.06754,1.80912,1.86237,1.95152,-1.04565,-1.08405,-1.14835
3,19.44672897,1.63265,1.00463,1.00463,1.7704,1.82364,1.90928,-0.0993372,-0.137734,-0.199497
3,20.43364486,1.66531,0.680057,0.680057,1.55865,1.6117,1.67804,0.0769137,0.0386565,-0.00918149
4,0,1.95122,7.0215,7.0215,1.15644,1.15259,1.24709,0.573174,0.575945,0.507795
4,0.993314231,2.05765,7.44003,7.44003,2.87511,2.87387,2.93891,-0.589528,-0.588632,-0.635539
4,1.107927412,5.62306,7.46868,7.46868,3.06781,3.06665,3.13225,1.84277,1.84361,1.7963
4,1.184336199,0.922395,7.4848,7.4848,3.19632,3.19522,3.26118,-1.63989,-1.6391,-1.68667
4,1.222540592,4.25721,7.49195,7.49195,3.26058,3.25951,3.32566,0.718737,0.719508,0.671805
4,1.910219675,7.34368,7.51427,7.51427,4.4178,4.41725,4.4866,2.11006,2.11046,2.06044
4,1.986628462,4.00887,7.50524,7.50524,4.5464,4.54591,4.61561,-0.387653,-0.387299,-0.437564
4,2.101241643,5.81818,7.48815,7.48815,4.7393,4.7389,4.80913,0.778055,0.778346,0.7277
4,2.17765043,4.00887,7.47459,7.47459,4.86791,4.86756,4.93814,-0.619514,-0.619264,-0.670165
4,2.215854823,2.80266,7.46721,7.46721,4.93221,4.93189,5.00265,-1.53577,-1.53554,-1.58657
4,2.215854823,4.47007,7.46721,7.46721,4.93221,4.93189,5.00265,-0.333284,-0.333055,-0.384083
4,2.521489971,3.051,7.3961,7.3961,5.44662,5.44654,5.5187,-1.72766,-1.7276,-1.77964
4,2.903533906,8.26608,7.28514,7.28514,6.08965,6.08985,6.16378,1.56958,1.56943,1.51612
4,3.018147087,4.82483,7.24863,7.24863,6.28255,6.28284,6.3573,-1.05127,-1.05148,-1.10517
4,3.094555874,6.56319,7.22368,7.22368,6.41116,6.41151,6.48631,0.109644,0.109392,0.0554451
4,3.132760267,6.17295,7.21104,7.21104,6.47546,6.47584,6.55082,-0.218162,-0.218435,-0.272508
4,3.209169054,4.15078,7.18545,7.18545,6.60406,6.6045,6.67983,-1.76924,-1.76956,-1.82388
4,3.209169054,4.66519,7.18545,7.18545,6.60406,6.6045,6.67983,-1.39826,-1.39858,-1.4529
4,3.209169054,6.03104,7.18545,7.18545,6.60406,6.6045,6.67983,-0.413247,-0.413562,-0.467888
4,3.896848138,8.26608,6.94265,6.94265,7.72741,7.72804,7.7621,0.388469,0.388017,0.363453
4,3.915950334,7.18404,6.93568,6.93568,7.74335,7.74392,7.77042,-0.403364,-0.403773,-0.422884
4,4.011461318,6.29712,6.90071,6.90071,7.77684,7.77718,7.77417,-1.06713,-1.06738,-1.06521
4,4.087870105,8.2306,6.8726,6.8726,7.76257,7.76286,7.74711,0.337528,0.337322,0.348681
4,4.106972302,7.55654,6.86555,6.86555,7.7554,7.75569,7.73789,-0.143413,-0.143619,-0.130784
4,4.183381089,7.73392,6.8373,6.8373,7.71778,7.71811,7.69506,0.0116418,0.0114057,0.0280252
4,4.240687679,7.27273,6.81604,6.81604,7.68346,7.68384,7.65888,-0.296206,-0.296485,-0.278484
4,4.240687679,4.50554,6.81604,6.81604,7.68346,7.68384,7.65888,-2.29182,-2.2921,-2.2741
4,4.508118434,7.94678,6.71623,6.71623,7.49831,7.4991,7.47338,0.323425,0.322854,0.341404
4,4.508118434,6.38581,6.71623,6.71623,7.49831,7.4991,7.47338,-0.802305,-0.802877,-0.784327
4,4.699140401,7.50333,6.64441,6.64441,7.35921,7.36033,7.33629,0.103929,0.103122,0.120459
4,4.890162369,8.54989,6.57226,6.57226,7.21928,7.22073,7.19864,0.959599,0.958554,0.974479
4,4.928366762,7.57428,6.55779,6.55779,7.19126,7.19278,7.1711,0.276222,0.275128,0.290765
4,5.023877746,6.40355,6.52158,6.52158,7.12121,7.12289,7.10221,-0.517555,-0.518768,-0.503858
4,5.062082139,7.25499,6.50708,6.50708,7.09318,7.09493,7.07466,0.116691,0.11543,0.13005
4,5.11938873,8.08869,6.48531,6.48531,7.05114,7.05299,7.03332,0.748252,0.746919,0.761102
4,5.17669532,7.5388,6.46352,6.46352,7.0091,7.01105,6.99199,0.382007,0.380603,0.394348
4,5.214899713,6.7051,6.44898,6.44898,6.98107,6.98308,6.96443,-0.199022,-0.200474,-0.187021
4,5.23400191,6.26164,6.44171,6.44171,6.96706,6.9691,6.95065,-0.508725,-0.510201,-0.496894
4,5.520534862,6.29712,6.33243,6.33243,6.75683,6.75938,6.74396,-0.33153,-0.333368,-0.322252
4,5.539637058,5.10865,6.32514,6.32514,6.74281,6.74539,6.73018,-1.17851,-1.18037,-1.16941
4,5.711556829,6.52772,6.2594,6.2594,6.61667,6.61956,6.60617,-0.0641542,-0.0662318,-0.0565791
4,5.902578797,7.60976,6.18624,6.18624,6.47652,6.47973,6.46838,0.817257,0.814939,0.823131
4,5.921680993,6.86475,6.17892,6.17892,6.46251,6.46575,6.4546,0.290084,0.287742,0.295788
4,6.036294174,7.41463,6.13497,6.13497,6.37841,6.38186,6.37192,0.747292,0.744808,0.751976
4,6.074498567,5.42794,6.12032,6.12032,6.35038,6.3539,6.34436,-0.665241,-0.667774,-0.660898
4,6.074498567,5.14412,6.12032,6.12032,6.35038,6.3539,6.34436,-0.869919,-0.872452,-0.865577
4,6.112702961,8.42572,6.10566,6.10566,6.32235,6.32593,6.3168,1.51689,1.51431,1.52089
4,6.189111748,5.39246,6.07633,6.07633,6.26629,6.27,6.26169,-0.630181,-0.632859,-0.62686
4,6.227316141,6.95344,6.06166,6.06166,6.23826,6.24204,6.23413,0.515765,0.513039,0.518746
4,6.227316141,5.78271,6.06166,6.06166,6.23826,6.24204,6.23413,-0.328533,-0.331259,-0.325552
4,6.227316141,5.85366,6.06166,6.06166,6.23826,6.24204,6.23413,-0.277363,-0.28009,-0.274383
4,6.532951289,4.64745,5.94421,5.94421,6.01401,6.01833,6.01366,-0.985525,-0.988636,-0.98527
4,6.532951289,5.60532,5.94421,5.94421,6.01401,6.01833,6.01366,-0.294736,-0.297847,-0.294481
4,6.723973257,5.21508,5.87074,5.87074,5.87386,5.8785,5.87587,-0.475092,-0.478444,-0.476541
4,6.914995224,5.78271,5.79721,5.79721,5.7337,5.73868,5.73807,0.035338,0.0317488,0.0321873
4,6.914995224,5.56984,5.79721,5.79721,5.7337,5.73868,5.73807,-0.118171,-0.12176,-0.121321
4,7.029608405,6.03104,5.75308,5.75308,5.64961,5.65479,5.6554,0.275076,0.271344,0.270904
4,7.067812798,6.13747,5.73837,5.73837,5.62158,5.62682,5.62784,0.372045,0.368264,0.367532
4,7.067812798,5.78271,5.73837,5.73837,5.62158,5.62682,5.62784,0.116198,0.112417,0.111684
4,7.106017192,7.84035,5.72365,5.72365,5.59355,5.59886,5.60028,1.62033,1.6165,1.61548
4,7.182425979,4.75388,5.69422,5.69422,5.53749,5.54293,5.54517,-0.565117,-0.569042,-0.570652
4,7.220630372,5.35698,5.6795,5.6795,5.50946,5.51497,5.51761,-0.109961,-0.113934,-0.115836
4,7.220630372,4.50554,5.6795,5.6795,5.50946,5.51497,5.51761,-0.723996,-0.727969,-0.729871
4,7.258834766,4.36364,5.66478,5.66478,5.48143,5.48701,5.49005,-0.806121,-0.810142,-0.812336
4,7.526265521,6.102,5.56171,5.56171,5.28522,5.29126,5.29714,0.589036,0.584682,0.580439
4,7.526265521,4.32816,5.56171,5.56171,5.28522,5.29126,5.29714,-0.690203,-0.694558,-0.6988
4,7.698185291,7.04213,5.49543,5.49543,5.15908,5.16542,5.17313,1.358,1.35343,1.34787
4,7.908309456,6.91796,5.4144,5.4144,5.00491,5.01161,5.02155,1.37963,1.3748,1.36763
4,7.908309456,4.39911,5.4144,5.4144,5.00491,5.01161,5.02155,-0.436885,-0.441718,-0.448887
4,8.022922636,4.61197,5.37019,5.37019,4.92082,4.92772,4.93888,-0.222733,-0.227708,-0.235755
4,8.022922636,4.15078,5.37019,5.37019,4.92082,4.92772,4.93888,-0.555335,-0.56031,-0.568357
4,8.06112703,4.39911,5.35546,5.35546,4.89279,4.89976,4.91132,-0.356027,-0.36105,-0.36939
4,8.099331423,4.89579,5.34072,5.34072,4.86476,4.87179,4.88376,0.0223735,0.0173039,0.00867157
4,8.099331423,5.03769,5.34072,5.34072,4.86476,4.87179,4.88376,0.124713,0.119643,0.111011
4,8.213944604,4.18625,5.29651,5.29651,4.78067,4.7879,4.80109,-0.428679,-0.433892,-0.443402
4,8.213944604,3.08647,5.29651,5.29651,4.78067,4.7879,4.80109,-1.22181,-1.22702,-1.23653
4,8.213944604,3.33481,5.29651,5.29651,4.78067,4.7879,4.80109,-1.04271,-1.04793,-1.05744
4,8.2330468,4.5765,5.28914,5.28914,4.76666,4.77392,4.78731,-0.137139,-0.142376,-0.152032
4,8.519579752,4.77162,5.17858,5.17858,4.55643,4.56419,4.58062,0.155186,0.149588,0.137741
4,8.538681948,4.68293,5.17121,5.17121,4.54242,4.55021,4.56684,0.101331,0.0957096,0.0837161
4,8.672397326,4.86031,5.11961,5.11961,4.44431,4.45234,4.47039,0.300004,0.294216,0.281199
4,8.901623687,6.03104,5.03115,5.03115,4.27614,4.28456,4.30505,1.26559,1.25951,1.24474
4,9.016236867,2.55432,4.98691,4.98691,4.19205,4.20068,4.22237,-1.18108,-1.1873,-1.20295
4,9.054441261,4.70067,4.97216,4.97216,4.16402,4.17271,4.19482,0.387013,0.380743,0.364803
4,9.073543457,4.23947,4.96479,4.96479,4.15001,4.15873,4.18104,0.0645177,0.0582232,0.0421378
4,9.092645654,5.42794,4.95742,4.95742,4.13599,4.14475,4.16726,0.931715,0.925396,0.909165
4,9.092645654,4.32816,4.95742,4.95742,4.13599,4.14475,4.16726,0.138587,0.132268,0.116036
4,9.207258835,1.59645,4.91318,4.91318,4.0519,4.06087,4.08459,-1.7708,-1.77726,-1.79437
4,9.207258835,1.09978,4.91318,4.91318,4.0519,4.06087,4.08459,-2.12899,-2.13545,-2.15256
4,9.245463228,3.1929,4.89843,4.89843,4.02387,4.0329,4.05703,-0.599271,-0.605784,-0.623185
4,9.512893983,1.77384,4.7952,4.7952,3.82768,3.83718,3.86414,-1.48118,-1.48802,-1.50747
4,9.53199618,4.20399,4.78783,4.78783,3.81367,3.8232,3.85037,0.281488,0.274618,0.255024
4,9.70391595,7.29047,4.72146,4.72146,3.68755,3.69738,3.72637,2.59832,2.59123,2.57032
4,9.894937918,1.77384,4.64771,4.64771,3.54744,3.55759,3.58861,-1.27907,-1.28639,-1.30876
4,9.914040115,4.949,4.64034,4.64034,3.53343,3.54361,3.57483,1.02087,1.01353,0.991012
4,10.04775549,1.63193,4.58872,4.58872,3.43535,3.44577,3.4784,-1.30058,-1.30809,-1.33163
4,10.04775549,3.22838,4.58872,4.58872,3.43535,3.44577,3.4784,-0.14926,-0.156774,-0.18031
4,10.12416428,2.09313,4.55922,4.55922,3.37931,3.38986,3.42331,-0.92756,-0.935168,-0.959288
4,10.12416428,3.58315,4.55922,4.55922,3.37931,3.38986,3.42331,0.147001,0.139393,0.115273
4,10.20057307,0.922395,4.52972,4.52972,3.32328,3.33396,3.36821,-1.73145,-1.73915,-1.76385
4,10.20057307,1.20621,4.52972,4.52972,3.32328,3.33396,3.36821,-1.52677,-1.53447,-1.55917
4,10.20057307,1.59645,4.52972,4.52972,3.32328,3.33396,3.36821,-1.24534,-1.25304,-1.27774
4,10.27698185,1.41907,4.50022,4.50022,3.26724,3.27806,3.31312,-1.33285,-1.34065,-1.36593
4,10.50620821,2.62528,4.41172,4.41172,3.09917,3.11038,3.14786,-0.341757,-0.34984,-0.376875
4,10.67812798,4.23947,4.34534,4.34534,2.97315,2.98465,3.02395,0.913234,0.904938,0.876595
4,10.88825215,2.34146,4.26421,4.26421,2.81917,2.83104,2.87255,-0.34451,-0.353067,-0.383004
4,10.92645654,5.35698,4.24946,4.24946,2.79119,2.80312,2.84503,1.85038,1.84178,1.81155
4,11.04106972,0.851441,4.20521,4.20521,2.70724,2.71937,2.76248,-1.33835,-1.3471,-1.37819
4,11.06017192,3.40576,4.19784,4.19784,2.69326,2.70541,2.74873,0.51384,0.505073,0.473836
4,11.09837631,2.8204,4.18308,4.18308,2.66528,2.67751,2.72122,0.111864,0.103049,0.0715255
4,11.11747851,2.41242,4.17571,4.17571,2.6513,2.66356,2.70747,-0.172276,-0.181114,-0.212781
4,11.1938873,0.532151,4.14621,4.14621,2.59537,2.60776,2.65246,-1.48794,-1.49687,-1.52911
4,11.1938873,1.70288,4.14621,4.14621,2.59537,2.60776,2.65246,-0.643638,-0.652569,-0.684811
4,11.27029608,0.354767,4.11671,4.11671,2.53946,2.55198,2.59748,-1.57554,-1.58456,-1.61738
4,11.49952245,1.5255,4.0282,4.0282,2.37187,2.38477,2.43263,-0.61038,-0.619678,-0.654199
4,11.53772684,2.83814,4.01345,4.01345,2.34396,2.35692,2.40518,0.356384,0.34704,0.312237
4,11.72874881,4.96674,3.9397,3.9397,2.20456,2.21783,2.26802,1.99201,1.98244,1.94624
4,11.91977077,2.44789,3.86595,3.86595,2.06544,2.07901,2.1311,0.275816,0.266032,0.228461
4,12.03438395,0.141907,3.8217,3.8217,1.98214,1.99588,2.0491,-1.32713,-1.33704,-1.37541
4,12.03438395,2.02217,3.8217,3.8217,1.98214,1.99588,2.0491,0.0288683,0.0189585,-0.0194176
4,12.07258835,0.922395,3.80695,3.80695,1.95441,1.96821,2.02179,-0.744262,-0.754214,-0.792854
4,12.11079274,1.38359,3.7922,3.7922,1.9267,1.94056,1.9945,-0.391677,-0.401669,-0.440573
4,12.11079274,3.01552,3.7922,3.7922,1.9267,1.94056,1.9945,0.785223,0.775231,0.736328
4,12.22540592,0.496674,3.74795,3.74795,1.84371,1.85773,1.91275,-0.971443,-0.981552,-1.02123
4,12.22540592,2.76718,3.74795,3.74795,1.84371,1.85773,1.91275,0.665984,0.655874,0.616193
4,12.53104107,0.567627,3.62996,3.62996,1.62365,1.63806,1.69578,-0.761572,-0.771962,-0.813591
4,12.53104107,2.44789,3.62996,3.62996,1.62365,1.63806,1.69578,0.594422,0.584032,0.542403
4,12.70296084,3.40576,3.56359,3.56359,1.50098,1.51556,1.57465,1.37368,1.36316,1.32055
4,12.913085,2.55432,3.48248,3.48248,1.35261,1.36736,1.42788,0.866641,0.856006,0.812357
4,13.04680038,2.92683,3.43086,3.43086,1.25936,1.27417,1.33544,1.20253,1.19185,1.14766
4,13.06590258,0,3.42349,3.42349,1.24613,1.26094,1.32231,-0.898673,-0.909356,-0.95361
4,13.10410697,0.354767,3.40874,3.40874,1.21974,1.23456,1.2961,-0.623793,-0.634482,-0.678863
4,13.12320917,1.24169,3.40137,3.40137,1.20658,1.22141,1.28303,0.0253155,0.0146252,-0.0298167
4,13.21872015,1.0643,3.3645,3.3645,1.14121,1.15603,1.21801,-0.0554606,-0.0661495,-0.110848
4,13.5243553,2.18182,3.24654,3.24654,0.937666,0.952278,1.01459,0.897246,0.886709,0.841773
4,13.5243553,1.77384,3.24654,3.24654,0.937666,0.952278,1.01459,0.603021,0.592484,0.547548
4,13.69627507,3.051,3.1802,3.1802,0.828107,0.842433,0.904237,1.60308,1.59275,1.54818
4,13.92550143,2.5898,3.09175,3.09175,0.689411,0.703131,0.763277,1.37051,1.36061,1.31724
4,14.05921681,2.25277,3.04016,3.04016,0.613243,0.626478,0.685062,1.18238,1.17284,1.13059
4,14.0974212,0,3.02542,3.02542,0.592211,0.605287,0.663339,-0.427085,-0.436516,-0.478381
4,14.0974212,0.283814,3.02542,3.02542,0.592211,0.605287,0.663339,-0.222407,-0.231838,-0.273703
4,14.51766953,1.31264,2.86333,2.86333,0.385763,0.396573,0.446278,0.668436,0.66064,0.624794
4,14.7086915,6.40355,2.78967,2.78967,0.308825,0.318357,0.362954,4.39534,4.38846,4.3563
4,14.89971347,0.532151,2.71604,2.71604,0.243141,0.251332,0.290324,0.208425,0.202519,0.174398
4,15.05253104,1.70288,2.65715,2.65715,0.198566,0.205686,0.240062,1.08487,1.07973,1.05494
4,15.70200573,3.76053,2.40711,2.40711,0.07682,0.0801696,0.0972408,2.65659,2.65417,2.64186
4,15.8930277,0.0709534,2.33366,2.33366,0.0569522,0.0595358,0.0728839,0.0100973,0.00823406,-0.00139223
4,16.04584527,1.91574,2.27494,2.27494,0.0446339,0.0467155,0.0575763,1.34939,1.34789,1.34006
4,16.10315186,0.86918,2.25293,2.25293,0.040702,0.0426186,0.0526526,0.597474,0.596092,0.588856
4,16.52340019,1.5255,2.09175,2.09175,0.0204879,0.021512,0.0269961,1.08537,1.08463,1.08068
4,16.71442216,4.45233,2.01864,2.01864,0.0149327,0.0156945,0.0198212,3.20012,3.19957,3.1966
4,16.88634193,0.354767,1.95294,1.95294,0.0112167,0.0117982,0.0149814,0.247759,0.247339,0.245044
4,17.0582617,2.1286,1.88735,1.88735,0.00841655,0.00886228,0.011308,1.52902,1.5287,1.52693
4,17.68863419,2.69623,1.64814,1.64814,0.00291864,0.00308388,0.00400253,1.94234,1.94222,1.94156
