parameter,value,CV,se_sa,rse_sa,P2.5_sa,P97.5_sa
alpha_pop,4.93e-05,
D_pop,0.323329909939878,,0.0456499471425158,14.1186898394288,0.246151,0.424708
E_pop,5,
C_pop,10,
B_pop,6898.88562764879,,2302.86609374768,33.3802619443123,3754.15,12677.9
ECLIPSE0_pop,9.99999999999999e-08,
BUD0_pop,0.033,
ep_pop,0.001,
Time0_pop,13.6943991576145,,5.52700707236248,40.3596171599051,0.00256497,14
omega_alpha,3.45735602191733,39411.8691814416,2.82110075518599,81.5970567480494,1.03883,11.5065
omega_D,0.232765947779505,23.5954640078141,0.0997508464838445,42.8545701961253,0.10975,0.493669
omega_B,0.0496929393263614,4.97236329043127,0.113734752804225,228.87507631067,0.0067027,0.368417
omega_Time0,5.4124157933601,48.7768450198762,6.35267388819558,117.372244312586,1.22564,23.9013
a,0.000505851575774318,,0.124022974720623,24517.6610413397,5.09389e-06,0.0502339
b,0.269452753856532,,0.0221003489465778,8.20193842158504,0.229623,0.316191