parameter,value,CV,se_sa,rse_sa,P2.5_sa,P97.5_sa
alpha_pop,4.93e-05,
D_pop,1.21367832239881,,0.505201927882425,41.6256860288896,0.582504,2.52876
E_pop,5,
C_pop,10,
B_pop,36567.7815239351,,13960.3436128705,38.1766216901425,18471.9,72391.2
ECLIPSE0_pop,9.99999999999999e-08,
BUD0_pop,0.033,
ep_pop,0.001,
Time0_pop,13.9741918378419,,6.91809580902587,49.5062318401252,0.001,14
omega_D,0.739645843352841,85.3341867393217,0.285863724299046,38.648729911496,0.370976,1.4747
omega_B,0.3857482613112,40.0553211277882,0.271533919742099,70.3914824707507,0.129532,1.14876
omega_Time0,11.9127927602797,60.9532510132152,124.868175728941,1048.1855786603,0.572891,247.717
a,1.3498820775414,,0.0848521606448653,6.28589430562781,1.19384,1.52631
b,0.0234069789019426,,0.0225349084869084,96.2743145166771,0.00619056,0.0885036