parameter,value,CV,se_sa,rse_sa,P2.5_sa,P97.5_sa
alpha_pop,4.93e-05,
D_pop,1.28444312213445,,0.765358824611402,59.5868210450264,0.48667,3.38997
E_pop,5,
C_pop,10,
B_pop,40616.3159794249,,180871.548008976,445.317463308589,3389.24,486741
ECLIPSE0_pop,9.99999999999999e-08,
BUD0_pop,0.033,
ep_pop,0.001,
Time0_pop,13.4246337293645,,5.34830256535445,39.8394673044657,0.00928261,14
omega_D,0.821167269470344,98.1167374826485,0.529846154927178,64.5235355360583,0.293905,2.29433
omega_B,0.208131720662743,21.0406200086043,0.264354046409664,127.012857803652,0.0442936,0.977993
omega_Time0,8.01206368524724,65.8373954984061,8.93166619898128,111.477723466269,1.8893,33.9772
a,1.4172076309857,,0.175746090232292,12.4008710078746,1.11445,1.80221
b,0.00465945168481532,,0.0463771924577936,995.335837668028,0.0002312,0.0939033