parameter,value,CV,se_sa,rse_sa,P2.5_sa,P97.5_sa
alpha_pop,4.93e-05,
D_pop,0.990373539750791,,0.306455825402704,30.9434585136248,0.560519,1.74988
E_pop,5,
C_pop,10,
B_pop,9959.84191786415,,1174.75207762919,11.7948867794993,7922.75,12520.7
ECLIPSE0_pop,9.99999999999999e-08,
BUD0_pop,0.033,
ep_pop,0.001,
Time0_pop,8.86809974179974,,4.94619961814024,55.7751915534549,0.112069,13.9626
omega_alpha,11.9574382334095,1.11630784208818e+33,6.40383947300119,53.5552795506703,4.87891,29.3058
omega_D,0.576546702162155,62.7948219339568,0.207231461431711,35.9435689519262,0.301361,1.10301
omega_B,0.0754358366209484,7.55432821003027,0.10072031018171,133.517853971464,0.0154356,0.368666
omega_Time0,4.86769077243507,76.5166850693439,2.94577041464191,60.5167943560286,1.82421,12.9888
a,1.39467722617325,,0.0721135861571871,5.17062907487594,1.26052,1.54312
b,2.22044604925031e-16,,0.0178430984688893,8.03581716156251e+15,3.38844e-21,1.45506e-11