id,time,y10,popPred_medianCOV,popPred,indivPred_SAEM,indivPred_mean,indivPred_mode,indWRes_SAEM,indWRes_mean,indWRes_mode
1,0,0.780488,6.75342,6.75342,3.32234,3.33047,3.33731,-1.83133,-1.83719,-1.84212
1,0,1.59645,6.75342,6.75342,3.32234,3.33047,3.33731,-1.24346,-1.24931,-1.25424
1,0.667302193,5.67627,7.11817,7.11817,4.41491,4.42319,4.428,0.908781,0.902814,0.899347
1,0.762631077,5.25055,7.16526,7.16526,4.57101,4.57931,4.58383,0.489594,0.483611,0.480353
1,1.029551954,3.22838,7.28707,7.28707,5.0081,5.01647,5.02017,-1.28224,-1.28826,-1.29094
1,1.18207817,7.3082,7.34866,7.34866,5.25787,5.26627,5.26951,1.47721,1.47115,1.46882
1,1.220209724,3.051,7.363,7.363,5.32031,5.32872,5.33185,-1.63498,-1.64103,-1.64329
1,1.258341277,5.32151,7.37688,7.37688,5.38276,5.39117,5.39418,-0.0441286,-0.0501921,-0.0523608
1,1.258341277,5.74723,7.37688,7.37688,5.38276,5.39117,5.39418,0.262591,0.256527,0.254359
1,1.315538608,5.88914,7.39682,7.39682,5.47642,5.48485,5.48769,0.297348,0.291275,0.289233
1,1.315538608,6.38581,7.39682,7.39682,5.47642,5.48485,5.48769,0.655188,0.649115,0.647072
1,1.410867493,4.15078,7.42755,7.42755,5.63253,5.64098,5.64352,-1.06756,-1.07365,-1.07548
1,1.448999047,3.37029,7.43893,7.43893,5.69497,5.70343,5.70586,-1.67487,-1.68096,-1.68271
1,1.468064824,8.17738,7.44441,7.44441,5.72619,5.73466,5.73702,1.76601,1.75991,1.75821
1,1.601525262,5.32151,7.47886,7.47886,5.94474,5.95324,5.95519,-0.449023,-0.455143,-0.456548
1,1.67778837,6.45676,7.49531,7.49531,6.06963,6.07814,6.07985,0.278918,0.272786,0.271556
1,1.754051478,4.15078,7.50932,7.50932,6.19452,6.20304,6.20451,-1.47246,-1.4786,-1.47965
1,1.754051478,4.61197,7.50932,7.50932,6.19452,6.20304,6.20451,-1.14018,-1.14632,-1.14737
1,1.754051478,8.15965,7.50932,7.50932,6.19452,6.20304,6.20451,1.41582,1.40967,1.40862
1,1.811248808,6.79379,7.51818,7.51818,6.28818,6.29672,6.298,0.364279,0.358125,0.357205
1,1.982840801,3.29933,7.53617,7.53617,6.56917,6.57775,6.57846,-2.35582,-2.36201,-2.36251
1,1.982840801,6.38581,7.53617,7.53617,6.56917,6.57775,6.57846,-0.132109,-0.138291,-0.138796
1,2.020972355,5.14412,7.53842,7.53842,6.63162,6.64021,6.64078,-1.0717,-1.07788,-1.07829
1,2.020972355,6.66962,7.53842,7.53842,6.63162,6.64021,6.64078,0.0273828,0.0211945,0.0207842
1,2.097235462,7.20177,7.54102,7.54102,6.7565,6.76511,6.7654,0.320805,0.314604,0.314392
1,2.135367016,5.1796,7.54138,7.54138,6.81895,6.82756,6.82771,-1.1811,-1.18731,-1.18742
1,2.230695901,6.31486,7.53964,7.53964,6.97505,6.98369,6.98346,-0.475653,-0.481876,-0.481713
1,2.249761678,7.80488,7.53884,7.53884,7.00627,7.01492,7.01461,0.575371,0.569145,0.569366
1,2.249761678,7.48559,7.53884,7.53884,7.00627,7.01492,7.01461,0.345331,0.339106,0.339327
1,2.326024786,5.46341,7.53423,7.53423,7.13116,7.13982,7.13916,-1.20156,-1.2078,-1.20733
1,2.326024786,7.27273,7.53423,7.53423,7.13116,7.13982,7.13916,0.101995,0.0957566,0.0962279
1,2.364156339,6.13747,7.53108,7.53108,7.1936,7.20227,7.20142,-0.760912,-0.767157,-0.766546
1,2.402287893,5.74723,7.5274,7.5274,7.25605,7.26472,7.26366,-1.08706,-1.09331,-1.09255
1,2.440419447,6.03104,7.5232,7.5232,7.31849,7.32717,7.32588,-0.927569,-0.933826,-0.932891
1,2.459485224,8.15965,7.5209,7.5209,7.34971,7.3584,7.35697,0.583534,0.577275,0.578304
1,2.592945663,7.59202,7.50147,7.50147,7.56828,7.577,7.57378,0.0171041,0.0108234,0.0131421
1,2.66920877,8.12417,7.48792,7.48792,7.68061,7.68703,7.68332,0.319572,0.314943,0.317615
1,2.745471878,8.37251,7.47275,7.47275,7.75038,7.7536,7.75113,0.448222,0.445906,0.447683
1,2.745471878,7.41463,7.47275,7.47275,7.75038,7.7536,7.75113,-0.241896,-0.244213,-0.242436
1,2.764537655,5.67627,7.46872,7.46872,7.76069,7.76317,7.7611,-1.50176,-1.50355,-1.50205
1,2.802669209,5.8714,7.4604,7.4604,7.77369,7.77485,7.77356,-1.37054,-1.37138,-1.37045
1,2.974261201,5.92461,7.41895,7.41895,7.74353,7.74126,7.74257,-1.31048,-1.30884,-1.30978
1,2.974261201,7.62749,7.41895,7.41895,7.74353,7.74126,7.74257,-0.0835973,-0.0819629,-0.0829056
1,2.974261201,6.68736,7.41895,7.41895,7.74353,7.74126,7.74257,-0.760936,-0.759302,-0.760244
1,3.012392755,6.102,7.40894,7.40894,7.72485,7.72223,7.72389,-1.16922,-1.16733,-1.16853
1,3.012392755,7.98226,7.40894,7.40894,7.72485,7.72223,7.72389,0.185459,0.187345,0.186151
1,3.088655863,6.77605,7.38816,7.38816,7.68108,7.67802,7.6802,-0.652043,-0.649838,-0.651414
1,3.16491897,6.31486,7.36646,7.36646,7.63201,7.62872,7.63129,-0.948969,-0.9466,-0.948452
1,3.203050524,7.48559,7.3553,7.3553,7.60629,7.60294,7.60566,-0.0869607,-0.0845462,-0.0865112
1,3.241182078,8.37251,7.34394,7.34394,7.58005,7.57666,7.57953,0.57094,0.573384,0.571317
1,3.241182078,8.2306,7.34394,7.34394,7.58005,7.57666,7.57953,0.4687,0.471144,0.469078
1,3.241182078,6.95344,7.34394,7.34394,7.58005,7.57666,7.57953,-0.451458,-0.449014,-0.451081
1,3.317445186,4.82483,7.32067,7.32067,7.52655,7.52312,7.52624,-1.94651,-1.94404,-1.94629
1,3.317445186,8.08869,7.32067,7.32067,7.52655,7.52312,7.52624,0.405008,0.407479,0.405231
1,3.317445186,7.7694,7.32067,7.32067,7.52655,7.52312,7.52624,0.174968,0.177439,0.175191
1,3.35557674,5.96009,7.30879,7.30879,7.49946,7.49602,7.49926,-1.10907,-1.1066,-1.10893
1,3.35557674,5.39246,7.30879,7.30879,7.49946,7.49602,7.49926,-1.51803,-1.51556,-1.51789
1,3.393708294,8.2306,7.29675,7.29675,7.47222,7.46879,7.47214,0.546389,0.548861,0.54645
1,3.393708294,6.95344,7.29675,7.29675,7.47222,7.46879,7.47214,-0.373769,-0.371297,-0.373709
1,3.469971401,7.55654,7.27224,7.27224,7.41746,7.41404,7.4176,0.100207,0.102667,0.100101
1,3.469971401,7.27273,7.27224,7.27224,7.41746,7.41404,7.4176,-0.104273,-0.101813,-0.104378
1,3.508102955,9.15299,7.25979,7.25979,7.38998,7.38658,7.39024,1.2702,1.27265,1.27001
1,3.546234509,6.95344,7.24721,7.24721,7.36246,7.35907,7.36284,-0.294688,-0.292248,-0.294963
1,3.584366063,7.59202,7.23452,7.23452,7.33491,7.33154,7.33541,0.18524,0.187668,0.18488
1,3.698760724,8.33703,7.19581,7.19581,7.25215,7.24883,7.25301,0.781624,0.784014,0.781007
1,3.736892278,8.01774,7.18271,7.18271,7.22454,7.22124,7.22552,0.571474,0.573851,0.570772
1,3.775023832,5.49889,7.16953,7.16953,7.19693,7.19365,7.19802,-1.22339,-1.22102,-1.22418
1,3.775023832,7.00665,7.16953,7.16953,7.19693,7.19365,7.19802,-0.13709,-0.134727,-0.137877
1,3.813155386,4.75388,7.15627,7.15627,7.16931,7.16605,7.17052,-1.74025,-1.7379,-1.74112
1,3.889418494,8.58537,7.12951,7.12951,7.11407,7.11085,7.11552,1.06003,1.06235,1.05898
1,3.908484271,8.85144,7.12277,7.12277,7.10025,7.09704,7.10177,1.26168,1.26399,1.26059
1,3.965681602,7.37916,7.10247,7.10247,7.05882,7.05563,7.0605,0.230797,0.23309,0.22958
1,3.965681602,5.81818,7.10247,7.10247,7.05882,7.05563,7.0605,-0.893841,-0.891548,-0.895058
1,3.965681602,6.63415,7.10247,7.10247,7.05882,7.05563,7.0605,-0.305962,-0.303669,-0.307179
1,4.003813155,6.84701,7.08886,7.08886,7.03119,7.02802,7.033,-0.132698,-0.130418,-0.134001
1,4.003813155,6.98891,7.08886,7.08886,7.03119,7.02802,7.033,-0.0304578,-0.0281786,-0.0317608
1,4.061010486,8.03548,7.06833,7.06833,6.98975,6.98661,6.99173,0.753419,0.755677,0.751987
1,4.156339371,8.26608,7.03385,7.03385,6.92067,6.91759,6.92296,0.969323,0.971546,0.967676
1,4.194470925,7.96452,7.01997,7.01997,6.89304,6.88998,6.89545,0.771969,0.774178,0.770237
1,4.232602479,7.1663,7.00604,7.00604,6.86542,6.86237,6.86794,0.216777,0.21897,0.214958
1,4.232602479,7.69845,7.00604,7.00604,6.86542,6.86237,6.86794,0.600176,0.60237,0.598357
1,4.289799809,8.07095,6.98508,6.98508,6.82397,6.82096,6.82667,0.898415,0.900586,0.896467
1,4.308865586,6.13747,6.97807,6.97807,6.81016,6.80715,6.81292,-0.484649,-0.482486,-0.48664
1,4.308865586,6.66962,6.97807,6.97807,6.81016,6.80715,6.81292,-0.10125,-0.0990865,-0.103241
1,4.327931363,8.26608,6.97105,6.97105,6.79634,6.79335,6.79916,1.0589,1.06106,1.05687
1,4.327931363,5.78271,6.97105,6.97105,6.79634,6.79335,6.79916,-0.730296,-0.72814,-0.732329
1,4.327931363,6.26164,6.97105,6.97105,6.79634,6.79335,6.79916,-0.385236,-0.38308,-0.38727
1,4.34699714,7.62749,6.96402,6.96402,6.78253,6.77954,6.78541,0.608775,0.610924,0.606699
1,4.385128694,6.77605,6.94994,6.94994,6.7549,6.75194,6.7579,0.0152424,0.0173761,0.0130801
1,4.423260248,6.91796,6.93582,6.93582,6.72727,6.72433,6.73039,0.137389,0.139507,0.13514
1,4.461391802,7.02439,6.92167,6.92167,6.69964,6.69672,6.70288,0.233975,0.236079,0.231641
1,4.499523356,7.52106,6.90749,6.90749,6.67201,6.66911,6.67537,0.61172,0.61381,0.609301
1,4.59485224,8.01774,6.8719,6.8719,6.60293,6.60009,6.60659,1.01933,1.02138,1.01669
1,4.652049571,7.66297,6.85047,6.85047,6.56149,6.55867,6.56533,0.793586,0.795615,0.790822
1,4.747378456,7.18404,6.81462,6.81462,6.49241,6.48965,6.49655,0.498293,0.500284,0.495314
1,4.766444233,4.36364,6.80744,6.80744,6.4786,6.47585,6.48279,-1.52377,-1.52179,-1.52679
1,4.804575786,4.75388,6.79305,6.79305,6.45097,6.44824,6.45528,-1.2227,-1.22074,-1.22581
1,4.880838894,8.01774,6.76421,6.76421,6.39571,6.39302,6.40026,1.16862,1.17056,1.16535
1,4.957102002,5.07317,6.7353,6.7353,6.34045,6.3378,6.34524,-0.913039,-0.91113,-0.91649
1,4.995233556,3.5122,6.72082,6.72082,6.31282,6.31019,6.31773,-2.01777,-2.01588,-2.02131
1,4.995233556,6.88248,6.72082,6.72082,6.31282,6.31019,6.31773,0.410425,0.412319,0.406888
1,4.995233556,7.02439,6.72082,6.72082,6.31282,6.31019,6.31773,0.512665,0.514559,0.509128
1,4.995233556,7.27273,6.72082,6.72082,6.31282,6.31019,6.31773,0.691585,0.693479,0.688048
1,4.995233556,6.17295,6.72082,6.72082,6.31282,6.31019,6.31773,-0.100774,-0.0988797,-0.104311
1,5.03336511,7.52106,6.70632,6.70632,6.28519,6.28258,6.29022,0.890411,0.89229,0.886788
1,5.03336511,5.46341,6.70632,6.70632,6.28519,6.28258,6.29022,-0.592067,-0.590187,-0.59569
1,5.071496663,5.96009,6.6918,6.6918,6.25756,6.25497,6.26271,-0.214321,-0.212457,-0.21803
1,5.147759771,7.41463,6.66273,6.66273,6.2023,6.19976,6.20769,0.87345,0.875285,0.869569
1,5.147759771,5.28603,6.66273,6.66273,6.2023,6.19976,6.20769,-0.660148,-0.658313,-0.664028
1,5.224022879,5.07317,6.6336,6.6336,6.14704,6.14454,6.15267,-0.773695,-0.771889,-0.777747
1,5.300285987,7.94678,6.60442,6.60442,6.09178,6.08932,6.09765,1.33647,1.33825,1.33225
1,5.300285987,7.20177,6.60442,6.60442,6.09178,6.08932,6.09765,0.799715,0.801493,0.795491
1,5.319351764,2.44789,6.59712,6.59712,6.07797,6.07551,6.08389,-2.61537,-2.61359,-2.61963
1,5.319351764,6.56319,6.59712,6.59712,6.07797,6.07551,6.08389,0.349589,0.35136,0.345323
1,5.338417541,3.68958,6.58981,6.58981,6.06415,6.06171,6.07014,-1.71081,-1.70905,-1.71512
1,5.338417541,6.11973,6.58981,6.58981,6.06415,6.06171,6.07014,0.040043,0.0418066,0.0357334
1,5.338417541,5.74723,6.58981,6.58981,6.06415,6.06171,6.07014,-0.228337,-0.226573,-0.232646
1,5.376549094,5.46341,6.57519,6.57519,6.03653,6.0341,6.04263,-0.41291,-0.411161,-0.417305
1,5.395614871,6.03104,6.56788,6.56788,6.02271,6.02029,6.02887,0.00600248,0.0077447,0.00156428
1,5.452812202,6.97118,6.54592,6.54592,5.98127,5.97888,5.98761,0.7132,0.714922,0.708634
1,5.452812202,4.47007,6.54592,6.54592,5.98127,5.97888,5.98761,-1.08878,-1.08706,-1.09334
1,5.510009533,7.23725,6.52394,6.52394,5.93982,5.93746,5.94634,0.934759,0.936459,0.930064
1,5.52907531,6.75831,6.51661,6.51661,5.92601,5.92366,5.93258,0.599652,0.601345,0.594915
1,5.605338418,7.62749,6.48727,6.48727,5.87075,5.86844,5.87756,1.26568,1.26735,1.26078
1,5.605338418,6.56319,6.48727,6.48727,5.87075,5.86844,5.87756,0.498885,0.50055,0.493976
1,5.643469971,5.32151,6.47258,6.47258,5.84312,5.84083,5.85005,-0.375808,-0.374156,-0.380801
1,5.681601525,7.73392,6.45789,6.45789,5.81549,5.81322,5.82254,1.38218,1.38381,1.3771
1,5.681601525,5.56984,6.45789,6.45789,5.81549,5.81322,5.82254,-0.176982,-0.175344,-0.182061
1,5.738798856,3.26386,6.43583,6.43583,5.77405,5.7718,5.78128,-1.80852,-1.8069,-1.81373
1,5.757864633,6.35033,6.42848,6.42848,5.76023,5.758,5.76752,0.425149,0.42676,0.419899
1,5.834127741,5.10865,6.39904,6.39904,5.70498,5.70278,5.7125,-0.429638,-0.428053,-0.435059
1,5.872259295,6.45676,6.38431,6.38431,5.67735,5.67517,5.68499,0.561547,0.563118,0.55604
1,5.929456625,0.674058,6.36221,6.36221,5.6359,5.63375,5.64372,-3.57487,-3.57332,-3.5805
1,5.929456625,5.90687,6.36221,6.36221,5.6359,5.63375,5.64372,0.195226,0.196778,0.189592
1,5.948522402,5.46341,6.35483,6.35483,5.62209,5.61995,5.62997,-0.11432,-0.112776,-0.119998
1,5.986653956,4.1153,6.34009,6.34009,5.59446,5.59234,5.60246,-1.06569,-1.06416,-1.07146
1,6.02478551,5.1796,6.32533,6.32533,5.56683,5.56473,5.57495,-0.278987,-0.277471,-0.284836
1,6.062917064,3.97339,6.31057,6.31057,5.5392,5.53712,5.54744,-1.12812,-1.12662,-1.13405
1,6.081982841,3.77827,6.30319,6.30319,5.52539,5.52331,5.53368,-1.25875,-1.25725,-1.26472
1,6.101048618,4.93126,6.29581,6.29581,5.51157,5.50951,5.51993,-0.418095,-0.416607,-0.424115
1,6.139180172,6.35033,6.28104,6.28104,5.48394,5.4819,5.49242,0.62421,0.625684,0.618104
1,6.139180172,6.102,6.28104,6.28104,5.48394,5.4819,5.49242,0.44529,0.446764,0.439184
1,6.234509056,5.97783,6.2441,6.2441,5.41487,5.41287,5.42364,0.405596,0.407035,0.399275
1,6.253574833,5.81818,6.23671,6.23671,5.40105,5.39907,5.40989,0.300529,0.301961,0.294166
1,6.253574833,5.00222,6.23671,6.23671,5.40105,5.39907,5.40989,-0.28735,-0.285917,-0.293713
1,6.291706387,3.90244,6.22192,6.22192,5.37342,5.37146,5.38238,-1.0598,-1.05838,-1.06625
1,6.291706387,3.6541,6.22192,6.22192,5.37342,5.37146,5.38238,-1.23872,-1.2373,-1.24517
1,6.329837941,6.91796,6.20713,6.20713,5.34579,5.34385,5.35486,1.1327,1.1341,1.12617
1,6.329837941,4.15078,6.20713,6.20713,5.34579,5.34385,5.35486,-0.860976,-0.859572,-0.867511
1,6.348903718,6.4745,6.19973,6.19973,5.33198,5.33004,5.34111,0.823154,0.824551,0.816576
1,6.367969495,6.03104,6.19233,6.19233,5.31816,5.31624,5.32735,0.513608,0.514998,0.506987
1,6.406101049,4.64745,6.17753,6.17753,5.29053,5.28863,5.29984,-0.463324,-0.461948,-0.470031
1,6.406101049,4.43459,6.17753,6.17753,5.29053,5.28863,5.29984,-0.616683,-0.615308,-0.623391
1,6.444232602,7.13082,6.16273,6.16273,5.2629,5.26101,5.27233,1.34578,1.34714,1.33899
1,6.444232602,2.98004,6.16273,6.16273,5.2629,5.26101,5.27233,-1.64474,-1.64337,-1.65153
1,6.52049571,4.15078,6.13312,6.13312,5.20765,5.2058,5.21731,-0.761444,-0.760112,-0.768409
1,6.52049571,4.96674,6.13312,6.13312,5.20765,5.2058,5.21731,-0.173565,-0.172233,-0.18053
1,6.596758818,4.29268,6.10349,6.10349,5.15239,5.15058,5.16229,-0.619391,-0.618089,-0.626529
1,6.615824595,5.25055,6.09608,6.09608,5.13857,5.13677,5.14854,0.0806807,0.0819753,0.0735001
1,6.634890372,5.03769,6.08867,6.08867,5.12476,5.12297,5.13478,-0.0627258,-0.0614387,-0.0699495
1,6.673021926,5.60532,6.07384,6.07384,5.09713,5.09536,5.10727,0.36614,0.367412,0.35883
1,6.749285033,3.58315,6.04419,6.04419,5.04187,5.04014,5.05225,-1.05097,-1.04972,-1.05845
1,6.787416587,4.5765,6.02936,6.02936,5.01424,5.01253,5.02474,-0.31538,-0.314152,-0.322949
1,6.787416587,5.00222,6.02936,6.02936,5.01424,5.01253,5.02474,-0.00866072,-0.00743288,-0.0162292
1,6.863679695,5.92461,5.99969,5.99969,4.95898,4.95732,4.96972,0.69571,0.696909,0.68797
1,6.882745472,4.77162,5.99227,5.99227,4.94516,4.94351,4.95597,-0.125035,-0.123844,-0.132818
1,6.95900858,5.12639,5.96259,5.96259,4.88991,4.88829,4.90095,0.170377,0.171538,0.162422
1,6.978074357,2.60754,5.95517,5.95517,4.87609,4.87449,4.88719,-1.63443,-1.63327,-1.64242
1,6.978074357,6.06652,5.95517,5.95517,4.87609,4.87449,4.88719,0.857669,0.858823,0.849671
1,6.978074357,4.00887,5.95517,5.95517,4.87609,4.87449,4.88719,-0.624809,-0.623655,-0.632806
1,6.978074357,3.90244,5.95517,5.95517,4.87609,4.87449,4.88719,-0.701489,-0.700335,-0.709486
1,6.978074357,3.68958,5.95517,5.95517,4.87609,4.87449,4.88719,-0.854848,-0.853694,-0.862846
1,7.01620591,5.55211,5.94032,5.94032,4.84846,4.84688,4.85968,0.506955,0.508095,0.498872
1,7.01620591,3.49446,5.94032,5.94032,4.84846,4.84688,4.85968,-0.975522,-0.974383,-0.983605
1,7.054337464,3.83149,5.92548,5.92548,4.82083,4.81927,4.83217,-0.712796,-0.711672,-0.720965
1,7.092469018,5.33925,5.91063,5.91063,4.7932,4.79166,4.80466,0.393408,0.394518,0.385154
1,7.092469018,4.64745,5.91063,5.91063,4.7932,4.79166,4.80466,-0.105011,-0.103902,-0.113265
1,7.20686368,3.40576,5.86607,5.86607,4.71032,4.70884,4.72213,-0.939892,-0.938826,-0.948403
1,7.244995234,3.22838,5.85121,5.85121,4.68269,4.68123,4.69462,-1.04779,-1.04673,-1.05638
1,7.244995234,5.97783,5.85121,5.85121,4.68269,4.68123,4.69462,0.933111,0.934162,0.924514
1,7.283126787,3.86696,5.83636,5.83636,4.65506,4.65362,4.66711,-0.5678,-0.566764,-0.576483
1,7.321258341,2.87361,5.8215,5.8215,4.62743,4.62601,4.6396,-1.26357,-1.26255,-1.27234
1,7.321258341,5.32151,5.8215,5.8215,4.62743,4.62601,4.6396,0.500063,0.501085,0.491295
1,7.321258341,4.25721,5.8215,5.8215,4.62743,4.62601,4.6396,-0.266735,-0.265714,-0.275504
1,7.321258341,3.97339,5.8215,5.8215,4.62743,4.62601,4.6396,-0.471215,-0.470193,-0.479983
1,7.359389895,3.72506,5.80664,5.80664,4.5998,4.5984,4.61209,-0.630229,-0.629222,-0.639083
1,7.359389895,4.7184,5.80664,5.80664,4.5998,4.5984,4.61209,0.0854496,0.0864568,0.0765958
1,7.397521449,4.07982,5.79177,5.79177,4.57217,4.57079,4.58458,-0.354724,-0.353731,-0.363663
1,7.435653003,3.97339,5.77691,5.77691,4.54454,4.54319,4.55707,-0.411498,-0.41052,-0.420523
1,7.473784557,3.29933,5.76204,5.76204,4.51691,4.51558,4.52956,-0.877231,-0.876268,-0.886343
1,7.473784557,5.88914,5.76204,5.76204,4.51691,4.51558,4.52956,0.988646,0.989609,0.979534
1,7.511916111,3.86696,5.74718,5.74718,4.48929,4.48797,4.50205,-0.448366,-0.447418,-0.457563
1,7.607244995,1.04656,5.71001,5.71001,4.42021,4.41895,4.43328,-2.43062,-2.42971,-2.44003
1,7.607244995,2.55432,5.71001,5.71001,4.42021,4.41895,4.43328,-1.34432,-1.34341,-1.35373
1,7.626310772,4.1153,5.70257,5.70257,4.4064,4.40515,4.41952,-0.209729,-0.208825,-0.219184
1,7.626310772,3.97339,5.70257,5.70257,4.4064,4.40515,4.41952,-0.311969,-0.311065,-0.321424
1,7.664442326,4.7184,5.6877,5.6877,4.37877,4.37754,4.39201,0.244696,0.245585,0.235155
1,7.740705434,3.58315,5.65795,5.65795,4.32351,4.32232,4.337,-0.533411,-0.532553,-0.543125
1,7.740705434,5.35698,5.65795,5.65795,4.32351,4.32232,4.337,0.744587,0.745445,0.734873
1,7.778836988,3.22838,5.64308,5.64308,4.29588,4.29471,4.30949,-0.769105,-0.768261,-0.778905
1,7.797902765,4.27494,5.63564,5.63564,4.28207,4.28091,4.29573,-0.00513362,-0.00429751,-0.014977
1,7.912297426,5.42794,5.59101,5.59101,4.19919,4.19809,4.21321,0.885281,0.886072,0.875179
1,7.931363203,4.86031,5.58357,5.58357,4.18537,4.18428,4.19945,0.486274,0.487058,0.476129
1,7.969494757,0.461197,5.56869,5.56869,4.15774,4.15668,4.17194,-2.66326,-2.66249,-2.67349
1,7.969494757,3.44124,5.56869,5.56869,4.15774,4.15668,4.17194,-0.516219,-0.51545,-0.52645
1,7.969494757,2.83814,5.56869,5.56869,4.15774,4.15668,4.17194,-0.950738,-0.949969,-0.96097
1,7.988560534,1.54324,5.56125,5.56125,4.14393,4.14287,4.15819,-1.87372,-1.87296,-1.884
1,8.007626311,3.33481,5.55381,5.55381,4.13012,4.12907,4.14444,-0.572994,-0.572239,-0.583311
1,8.026692088,4.55876,5.54637,5.54637,4.1163,4.11526,4.13068,0.318777,0.319524,0.308417
1,8.083889418,3.86696,5.52405,5.52405,4.07486,4.07385,4.08942,-0.149785,-0.14906,-0.160274
1,8.083889418,2.55432,5.52405,5.52405,4.07486,4.07385,4.08942,-1.0955,-1.09478,-1.10599
1,8.141086749,1.38359,5.50172,5.50172,4.03342,4.03244,4.04816,-1.90912,-1.90842,-1.91974
1,8.160152526,1.84479,5.49428,5.49428,4.01961,4.01864,4.0344,-1.56689,-1.5662,-1.57755
1,8.236415634,4.00887,5.46451,5.46451,3.96435,3.96343,3.97939,0.0320731,0.0327407,0.0212397
1,8.236415634,2.16408,5.46451,5.46451,3.96435,3.96343,3.97939,-1.29704,-1.29638,-1.30788
1,8.236415634,4.7184,5.46451,5.46451,3.96435,3.96343,3.97939,0.543272,0.54394,0.532439
1,8.312678742,2.98004,5.43474,5.43474,3.9091,3.90821,3.92437,-0.669357,-0.668718,-0.680363
1,8.312678742,5.25055,5.43474,5.43474,3.9091,3.90821,3.92437,0.96648,0.967119,0.955474
1,8.331744519,1.20621,5.42729,5.42729,3.89529,3.89441,3.91062,-1.9374,-1.93677,-1.94845
1,8.350810296,4.00887,5.41985,5.41985,3.88147,3.88061,3.89687,0.0917856,0.09241,0.0806937
1,8.350810296,3.47672,5.41985,5.41985,3.88147,3.88061,3.89687,-0.291614,-0.290989,-0.302706
1,8.369876072,2.80266,5.41241,5.41241,3.86766,3.8668,3.88311,-0.767301,-0.766684,-0.778436
1,8.408007626,2.19956,5.39752,5.39752,3.84003,3.8392,3.85561,-1.18192,-1.18131,-1.19314
1,8.465204957,2.30599,5.37519,5.37519,3.79859,3.79779,3.81435,-1.07538,-1.0748,-1.08673
1,8.465204957,5.32151,5.37519,5.37519,3.79859,3.79779,3.81435,1.09721,1.0978,1.08586
1,8.503336511,2.44789,5.3603,5.3603,3.77097,3.77018,3.78684,-0.953238,-0.952671,-0.964674
1,8.579599619,2.94457,5.33052,5.33052,3.71572,3.71497,3.73183,-0.555593,-0.555054,-0.567201
1,8.598665396,2.23503,5.32307,5.32307,3.70191,3.70117,3.71808,-1.05684,-1.05631,-1.06849
1,8.617731173,3.5122,5.31563,5.31563,3.6881,3.68737,3.70433,-0.126732,-0.126207,-0.138425
1,8.617731173,2.76718,5.31563,5.31563,3.6881,3.68737,3.70433,-0.663491,-0.662966,-0.675184
1,8.732125834,5.62306,5.27095,5.27095,3.60523,3.60456,3.62181,1.45379,1.45427,1.44184
1,8.751191611,3.08647,5.26351,5.26351,3.59141,3.59075,3.60806,-0.363795,-0.363318,-0.375789
1,8.808388942,3.90244,5.24117,5.24117,3.54998,3.54935,3.56681,0.253935,0.254391,0.241813
1,8.88465205,6.66962,5.21138,5.21138,3.49474,3.49414,3.5118,2.28741,2.28784,2.27512
1,8.903717827,7.02439,5.20393,5.20393,3.48093,3.48034,3.49805,2.55296,2.55338,2.54063
1,8.94184938,1.54324,5.18904,5.18904,3.45331,3.45274,3.47055,-1.37615,-1.37574,-1.38857
1,8.979980934,2.55432,5.17415,5.17415,3.42569,3.42514,3.44305,-0.627794,-0.6274,-0.640302
1,8.979980934,5.28603,5.17415,5.17415,3.42569,3.42514,3.44305,1.34032,1.34072,1.32781
1,9.037178265,1.17073,5.1518,5.1518,3.38426,3.38374,3.4018,-1.59478,-1.59441,-1.60742
1,9.075309819,4.15078,5.13691,5.13691,3.35664,3.35614,3.3743,0.57215,0.572509,0.559427
1,9.151572927,3.68958,5.10712,5.10712,3.30141,3.30095,3.31931,0.279665,0.279996,0.266771
1,9.151572927,1.38359,5.10712,5.10712,3.30141,3.30095,3.31931,-1.38173,-1.3814,-1.39463
1,9.208770257,1.11752,5.08477,5.08477,3.25999,3.25956,3.27806,-1.54359,-1.54328,-1.55661
1,9.246901811,1.72062,5.06988,5.06988,3.23237,3.23196,3.25057,-1.08918,-1.08888,-1.10228
1,9.304099142,4.15078,5.04753,5.04753,3.19096,3.19057,3.20933,0.691523,0.691801,0.678288
1,9.304099142,2.94457,5.04753,5.04753,3.19096,3.19057,3.20933,-0.177516,-0.177238,-0.19075
1,9.304099142,2.73171,5.04753,5.04753,3.19096,3.19057,3.20933,-0.330875,-0.330598,-0.34411
1,9.304099142,1.88027,5.04753,5.04753,3.19096,3.19057,3.20933,-0.944314,-0.944037,-0.957549
1,9.342230696,3.40576,5.03263,5.03263,3.16334,3.16298,3.18183,0.174657,0.174921,0.161337
1,9.342230696,2.51885,5.03263,5.03263,3.16334,3.16298,3.18183,-0.464342,-0.464078,-0.477662
1,9.456625357,4.39911,4.98794,4.98794,3.08052,3.08021,3.09936,0.95001,0.950231,0.936434
1,9.475691134,1.91574,4.98049,4.98049,3.06671,3.06642,3.08562,-0.829242,-0.829028,-0.842861
1,9.532888465,2.76718,4.95814,4.95814,3.02531,3.02504,3.04439,-0.18597,-0.185778,-0.199717
1,9.571020019,1.0643,4.94325,4.94325,2.9977,2.99746,3.0169,-1.39296,-1.39278,-1.40679
1,9.571020019,1.73836,4.94325,4.94325,2.9977,2.99746,3.0169,-0.907321,-0.907144,-0.921154
1,9.609151573,0.248337,4.92835,4.92835,2.9701,2.96988,2.98942,-1.96095,-1.96079,-1.97487
1,9.666348904,2.02217,4.906,4.906,2.9287,2.92851,2.9482,-0.65313,-0.652987,-0.667175
1,9.723546235,3.58315,4.88365,4.88365,2.88731,2.88714,2.90698,0.501331,0.501452,0.487158
1,9.742612011,4.54102,4.8762,4.8762,2.87351,2.87336,2.89324,1.20139,1.2015,1.18717
1,9.818875119,4.20399,4.8464,4.8464,2.81833,2.81821,2.8383,0.998327,0.998413,0.983942
1,9.87607245,4.96674,4.82405,4.82405,2.77695,2.77686,2.7971,1.57768,1.57774,1.56317
1,9.971401335,7.21951,4.7868,4.7868,2.708,2.70796,2.72844,3.25041,3.25044,3.23569
1,9.990467112,3.1929,4.77935,4.77935,2.69422,2.69419,2.71471,0.359291,0.359313,0.344525
1,10.06673022,1.84479,4.74955,4.74955,2.63908,2.63908,2.6598,-0.572261,-0.572266,-0.587194
1,10.06673022,2.94457,4.74955,4.74955,2.63908,2.63908,2.6598,0.220098,0.220092,0.205164
1,10.14299333,1.02882,4.71975,4.71975,2.58395,2.584,2.60491,-1.12042,-1.12046,-1.13553
1,10.21925643,1.41907,4.68995,4.68995,2.52885,2.52893,2.55004,-0.799562,-0.799625,-0.81483
1,10.21925643,1.91574,4.68995,4.68995,2.52885,2.52893,2.55004,-0.441723,-0.441786,-0.456991
1,10.29551954,2.62528,4.66014,4.66014,2.47376,2.47389,2.49518,0.109164,0.109072,0.0937301
1,10.3336511,0.31929,4.64524,4.64524,2.44623,2.44637,2.46776,-1.5324,-1.5325,-1.54791
1,10.3336511,0.709534,4.64524,4.64524,2.44623,2.44637,2.46776,-1.25124,-1.25134,-1.26675
1,10.3336511,1.84479,4.64524,4.64524,2.44623,2.44637,2.46776,-0.433318,-0.433424,-0.448834
1,10.3336511,2.80266,4.64524,4.64524,2.44623,2.44637,2.46776,0.256801,0.256695,0.241285
1,10.37178265,2.30599,4.63034,4.63034,2.4187,2.41887,2.44035,-0.0812051,-0.0813258,-0.0968039
1,10.4099142,2.73171,4.61544,4.61544,2.39118,2.39136,2.41294,0.245343,0.245208,0.229662
1,10.44804576,3.4235,4.60054,4.60054,2.36366,2.36387,2.38554,0.763585,0.763436,0.747822
1,10.44804576,2.02217,4.60054,4.60054,2.36366,2.36387,2.38554,-0.246033,-0.246182,-0.261796
1,10.56244042,0,4.55583,4.55583,2.28117,2.28143,2.30338,-1.64352,-1.64371,-1.65952
1,10.60057197,3.29933,4.54093,4.54093,2.25369,2.25397,2.27602,0.75336,0.753154,0.737272
1,10.60057197,1.73836,4.54093,4.54093,2.25369,2.25397,2.27602,-0.371278,-0.371484,-0.387366
1,10.67683508,2.98004,4.51113,4.51113,2.19875,2.19908,2.22131,0.562898,0.562663,0.54665
1,10.71496663,1.73836,4.49623,4.49623,2.1713,2.17165,2.19397,-0.311924,-0.312173,-0.328251
1,10.73403241,3.37029,4.48877,4.48877,2.15758,2.15794,2.1803,0.873719,0.873463,0.857352
1,10.81029552,3.1929,4.45897,4.45897,2.10273,2.10313,2.12567,0.785436,0.785153,0.768914
1,10.88655863,6.42129,4.42917,4.42917,2.04794,2.04837,2.07109,3.15087,3.15056,3.13419
1,10.9056244,3.051,4.42172,4.42172,2.03425,2.03469,2.05745,0.732537,0.732218,0.715824
1,10.94375596,0.390244,4.40681,4.40681,2.00688,2.00735,2.03019,-1.16474,-1.16508,-1.18153
1,10.94375596,1.02882,4.40681,4.40681,2.00688,2.00735,2.03019,-0.704663,-0.704997,-0.721453
1,10.96282173,1.27716,4.39936,4.39936,1.99321,1.99368,2.01656,-0.51589,-0.516231,-0.532717
1,11.05815062,2.23503,4.36211,4.36211,1.92489,1.92542,1.9485,0.223448,0.22307,0.206437
1,11.05815062,1.95122,4.36211,4.36211,1.92489,1.92542,1.9485,0.0189683,0.0185906,0.00195689
1,11.09628217,0.177384,4.3472,4.3472,1.8976,1.89814,1.92131,-1.23937,-1.23976,-1.25645
1,11.13441373,2.19956,4.3323,4.3323,1.87033,1.87089,1.89414,0.237196,0.236792,0.220042
1,11.22974261,2.53659,4.29505,4.29505,1.80227,1.80287,1.82632,0.529055,0.528618,0.511728
1,11.24880839,0.603104,4.28759,4.28759,1.78867,1.78929,1.81277,-0.854169,-0.854613,-0.87153
1,11.30600572,4.38137,4.26524,4.26524,1.74794,1.74858,1.77217,1.89732,1.89685,1.87986
1,11.3250715,0,4.25779,4.25779,1.73437,1.73502,1.75865,-1.24957,-1.25004,-1.26706
1,11.3250715,0.886918,4.25779,4.25779,1.73437,1.73502,1.75865,-0.610567,-0.611037,-0.628059
1,11.3250715,2.80266,4.25779,4.25779,1.73437,1.73502,1.75865,0.76967,0.769201,0.752178
1,11.36320305,1.45455,4.24289,4.24289,1.70727,1.70794,1.73164,-0.18208,-0.182562,-0.199636
1,11.4013346,1.0643,4.22798,4.22798,1.6802,1.68089,1.70465,-0.443736,-0.444231,-0.461355
1,11.43946616,1.59645,4.21308,4.21308,1.65316,1.65387,1.6777,-0.0408591,-0.0413671,-0.0585385
1,11.55386082,0.957871,4.16837,4.16837,1.5723,1.57306,1.59708,-0.442678,-0.443225,-0.460529
1,11.59199237,1.24169,4.15347,4.15347,1.54543,1.54621,1.57028,-0.218841,-0.219402,-0.236746
1,11.59199237,4.39911,4.15347,4.15347,1.54543,1.54621,1.57028,2.056,2.05543,2.03809
1,11.63012393,2.87361,4.13857,4.13857,1.51861,1.51941,1.54354,0.976239,0.975665,0.958282
1,11.74451859,2.55432,4.09386,4.09386,1.43848,1.43933,1.4636,0.803932,0.803321,0.785836
1,11.8207817,1.70288,4.06406,4.06406,1.38536,1.38625,1.41059,0.228763,0.228127,0.210588
1,11.87797903,6.31486,4.0417,4.0417,1.34571,1.34661,1.371,3.58013,3.57948,3.5619
1,11.8970448,1.80931,4.03425,4.03425,1.33252,1.33344,1.35784,0.343512,0.342854,0.325271
1,11.93517636,0.425721,4.01935,4.01935,1.30622,1.30715,1.33158,-0.634374,-0.635043,-0.652644
1,11.97330791,0.141907,4.00445,4.00445,1.28,1.28094,1.30539,-0.819961,-0.820642,-0.838255
1,11.97330791,0.993348,4.00445,4.00445,1.28,1.28094,1.30539,-0.206522,-0.207203,-0.224816
1,12.01143947,0.283814,3.98954,3.98954,1.25386,1.25482,1.27928,-0.698891,-0.699584,-0.717206
1,12.04957102,0.815965,3.97464,3.97464,1.22782,1.2288,1.25326,-0.296729,-0.297433,-0.31506
1,12.12583413,0.815965,3.94484,3.94484,1.17603,1.17704,1.2015,-0.259419,-0.260144,-0.277769
1,12.16396568,1.09978,3.92993,3.92993,1.1503,1.15132,1.17577,-0.0363992,-0.0371361,-0.0547534
1,12.27836034,1.88027,3.88523,3.88523,1.07382,1.07489,1.09927,0.581018,0.580252,0.562688
1,12.3164919,0.10643,3.87033,3.87033,1.04859,1.04967,1.07401,-0.678803,-0.679577,-0.697113
1,12.3164919,0.851441,3.87033,3.87033,1.04859,1.04967,1.07401,-0.142044,-0.142818,-0.160354
1,12.3164919,1.41907,3.87033,3.87033,1.04859,1.04967,1.07401,0.266916,0.266141,0.248605
1,12.43088656,1.34812,3.82562,3.82562,0.973797,0.974903,0.999078,0.269685,0.268889,0.251472
1,12.46901811,0.780488,3.81072,3.81072,0.949187,0.950303,0.974404,-0.121543,-0.122347,-0.139711
1,12.58341277,0.266075,3.76601,3.76601,0.876444,0.877584,0.901409,-0.439753,-0.440575,-0.45774
1,12.58341277,2.87361,3.76601,3.76601,0.876444,0.877584,0.901409,1.4389,1.43808,1.42092
1,12.60247855,4.87805,3.75856,3.75856,0.864491,0.865634,0.889404,2.89165,2.89083,2.8737
1,12.73593899,2.23503,3.70641,3.70641,0.782338,0.7835,0.806806,1.04663,1.04579,1.029
1,12.8122021,1.56098,3.67661,3.67661,0.736697,0.737868,0.760842,0.593869,0.593025,0.576473
1,12.92659676,1.63193,3.6319,3.6319,0.670239,0.671412,0.693797,0.69287,0.692025,0.675897
1,12.96472831,4.32816,3.617,3.617,0.648663,0.649835,0.671997,2.65097,2.65013,2.63416
1,12.96472831,1.27716,3.617,3.617,0.648663,0.649835,0.671997,0.452816,0.451971,0.436004
1,13.04099142,0.674058,3.5872,3.5872,0.606439,0.607606,0.629284,0.0487175,0.0478766,0.032258
1,13.15538608,1.73836,3.5425,3.5425,0.545583,0.546735,0.567588,0.859361,0.858531,0.843507
1,13.19351764,1.9867,3.5276,3.5276,0.525999,0.527143,0.547697,1.05239,1.05157,1.03676
1,13.26978074,0.745011,3.4978,3.4978,0.487946,0.489073,0.508987,0.185208,0.184396,0.170049
1,13.3079123,0.0709534,3.4829,3.4829,0.469493,0.47061,0.490186,-0.287137,-0.287941,-0.302045
1,13.34604385,0.567627,3.468,3.468,0.451435,0.45254,0.471766,0.0837133,0.082917,0.0690656
1,13.49857007,1.09978,3.40841,3.40841,0.383289,0.384336,0.402057,0.51621,0.515455,0.502688
1,13.53670162,0.709534,3.39351,3.39351,0.367305,0.368335,0.385656,0.246567,0.245824,0.233345
1,13.57483317,1.70288,3.37861,3.37861,0.351751,0.352763,0.369677,0.973451,0.972722,0.960536
1,13.61296473,4.1153,3.36371,3.36371,0.336631,0.337625,0.354125,2.72242,2.72171,2.70982
1,13.89895138,2.46563,3.25198,3.25198,0.237191,0.238021,0.251288,1.60553,1.60493,1.59537
1,13.99428027,4.89579,3.21474,3.21474,0.209448,0.210223,0.222405,3.37637,3.37581,3.36704
1,13.99428027,1.27716,3.21474,3.21474,0.209448,0.210223,0.222405,0.769257,0.768699,0.759922
1,14.0514776,1.91574,3.1924,3.1924,0.19405,0.194795,0.206335,1.24043,1.23989,1.23158
1,14.2993327,0.886918,3.09559,3.09559,0.137514,0.13812,0.147032,0.539924,0.539488,0.533066
1,14.2993327,0.638581,3.09559,3.09559,0.137514,0.13812,0.147032,0.361004,0.360568,0.354147
1,14.37559581,1.0643,3.06581,3.06581,0.123204,0.123759,0.131931,0.678034,0.677634,0.671746
1,14.45185891,1.27716,3.03603,3.03603,0.1102,0.110707,0.118177,0.840763,0.840397,0.835015
1,14.48999047,0.425721,3.02114,3.02114,0.104161,0.104645,0.111779,0.231675,0.231325,0.226186
1,14.56625357,0.709534,2.99136,2.99136,0.0929546,0.0933977,0.099891,0.444228,0.443909,0.439231
1,14.60438513,1.84479,2.97647,2.97647,0.0877666,0.0881902,0.0943788,1.26588,1.26558,1.26112
1,14.60438513,1.9867,2.97647,2.97647,0.0877666,0.0881902,0.0943788,1.36812,1.36782,1.36336
1,14.90943756,1.27716,2.85738,2.85738,0.0548541,0.0551461,0.0592738,0.880638,0.880427,0.877453
1,15.02383222,0.638581,2.81273,2.81273,0.045807,0.0460593,0.0495771,0.427077,0.426895,0.42436
1,15.36701621,0.10643,2.67883,2.67883,0.0264292,0.0265884,0.0287258,0.0576384,0.0575237,0.0559838
1,15.40514776,0.638581,2.66396,2.66396,0.0248458,0.0249969,0.0270163,0.442178,0.44207,0.440615
1,15.55767398,0.496674,2.60448,2.60448,0.019386,0.019508,0.0211136,0.343872,0.343784,0.342628
1,15.90085796,1.13525,2.47073,2.47073,0.0110413,0.0111161,0.0120649,0.809964,0.80991,0.809226
1,15.97712107,0.567627,2.44102,2.44102,0.00973676,0.00980365,0.0106467,0.401944,0.401896,0.401289
1,16.01525262,0.674058,2.42617,2.42617,0.00914287,0.0092061,0.0100007,0.479052,0.479006,0.478434
1,16.2821735,1.09978,2.32228,2.32228,0.00587899,0.00592166,0.00644527,0.788123,0.788092,0.787715
1,16.32030505,1.31264,2.30745,2.30745,0.00551881,0.00555922,0.00605241,0.941742,0.941713,0.941358
1,16.47283127,0.922395,2.24815,2.24815,0.00428494,0.00431711,0.00470503,0.661472,0.661448,0.661169
1,16.54909438,0.141907,2.21851,2.21851,0.00377529,0.0038039,0.00414783,0.0995198,0.0994992,0.0992514
1,16.62535748,0,2.18889,2.18889,0.00332602,0.00335144,0.00365634,-0.0023963,-0.00241462,-0.00263429
1,16.89227836,0.851441,2.08532,2.08532,0.00213339,0.00215072,0.00235033,0.611902,0.611889,0.611746
1,17.04480458,1.0643,2.02623,2.02623,0.00165479,0.0016689,0.00182537,0.765606,0.765596,0.765484
1,17.57864633,0.425721,1.82008,1.82008,0.00068036,0.000686198,0.000752911,0.306229,0.306225,0.306177
1,18.03622498,2.37694,1.64456,1.64456,0.00031708,0.000319779,0.000352226,1.71229,1.71229,1.71226
1,19.04671115,1.56098,1.26395,1.26395,5.87375e-05,5.93508e-05,6.57572e-05,1.1246,1.1246,1.12459
2,0.000224299,0.556237,6.75355,6.75355,5.36373,5.36136,5.36583,-3.46366,-3.46196,-3.46518
2,0.045084112,2.87935,6.77948,6.77948,5.35225,5.34988,5.35439,-1.78166,-1.77995,-1.7832
2,0.067514019,2.97751,6.79239,6.79239,5.34651,5.34413,5.34866,-1.7068,-1.70509,-1.70835
2,0.134803738,4.05726,6.83087,6.83087,5.3293,5.3269,5.3315,-0.916466,-0.914736,-0.91805
2,0.157233645,3.27198,6.84361,6.84361,5.32356,5.32115,5.32577,-1.4781,-1.47637,-1.4797
2,0.269383178,3.40286,6.90662,6.90662,5.29486,5.29243,5.29716,-1.36313,-1.36138,-1.36478
2,0.426392523,2.01227,6.9926,6.9926,5.25469,5.25222,5.2571,-2.33607,-2.33429,-2.33781
2,0.426392523,4.13906,6.9926,6.9926,5.25469,5.25222,5.2571,-0.803783,-0.801997,-0.805515
2,0.51611215,4.90798,7.04036,7.04036,5.23174,5.22924,5.23421,-0.233263,-0.23146,-0.235041
2,0.650691589,3.81186,7.10981,7.10981,5.19731,5.19477,5.19987,-0.998175,-0.996346,-1.00002
2,0.650691589,3.5501,7.10981,7.10981,5.19731,5.19477,5.19987,-1.18677,-1.18494,-1.18861
2,0.673121495,2.86299,7.1211,7.1211,5.19157,5.18903,5.19415,-1.67768,-1.67584,-1.67954
2,0.762841121,3.09202,7.16536,7.16536,5.16862,5.16605,5.17126,-1.49612,-1.49427,-1.49803
2,0.807700935,5.51329,7.18692,7.18692,5.15714,5.15456,5.15981,0.256598,0.258458,0.254673
2,0.897420561,4.25358,7.22878,7.22878,5.13418,5.13158,5.13692,-0.634451,-0.632574,-0.636422
2,0.9198504669999999,3.01022,7.23897,7.23897,5.12845,5.12583,5.1312,-1.52612,-1.52424,-1.5281
2,0.9198504669999999,4.79346,7.23897,7.23897,5.12845,5.12583,5.1312,-0.241351,-0.239469,-0.243332
2,0.96471028,5.97137,7.25899,7.25899,5.11697,5.11435,5.11975,0.615572,0.617462,0.613567
2,0.96471028,4.98978,7.25899,7.25899,5.11697,5.11435,5.11975,-0.0916395,-0.0897491,-0.093644
2,0.9871401869999999,3.51738,7.26883,7.26883,5.11123,5.1086,5.11403,-1.14832,-1.14643,-1.15034
2,0.9871401869999999,4.07362,7.26883,7.26883,5.11123,5.1086,5.11403,-0.747569,-0.745674,-0.749585
2,1.054429907,3.3865,7.29756,7.29756,5.09401,5.09137,5.09686,-1.23021,-1.2283,-1.23226
2,1.121719626,3.1411,7.32508,7.32508,5.0768,5.07413,5.07969,-1.39461,-1.39269,-1.3967
2,1.211439252,4.30266,7.35974,7.35974,5.05384,5.05115,5.0568,-0.541208,-0.539269,-0.543337
2,1.278728972,5.20245,7.38411,7.38411,5.03663,5.03392,5.03963,0.119473,0.121425,0.117309
2,1.323588785,5.48057,7.39953,7.39953,5.02515,5.02243,5.02819,0.328118,0.330079,0.325931
2,1.346018692,4.10634,7.40699,7.40699,5.01941,5.01668,5.02246,-0.657843,-0.655878,-0.660041
2,1.390878505,7.00204,7.42137,7.42137,5.00794,5.0052,5.01102,1.4367,1.43867,1.43448
2,1.413308411,5.10429,7.42829,7.42829,5.0022,4.99945,5.0053,0.0735586,0.0755372,0.0713262
2,1.435738318,7.62372,7.43503,7.43503,4.99646,4.99371,4.99957,1.89287,1.89485,1.89062
2,1.480598131,5.79141,7.44794,7.44794,4.98498,4.98222,4.98813,0.58101,0.583002,0.578743
2,1.480598131,5.62781,7.44794,7.44794,4.98498,4.98222,4.98813,0.463141,0.465133,0.460875
2,1.503028037,4.76074,7.45411,7.45411,4.97924,4.97647,4.9824,-0.157427,-0.155431,-0.159705
2,1.660037383,6.11861,7.4917,7.4917,4.93907,4.93626,4.94234,0.849823,0.851849,0.847466
2,1.660037383,4.92434,7.4917,7.4917,4.93907,4.93626,4.94234,-0.0106171,-0.00859096,-0.0129744
2,1.727327103,4.05726,7.50469,7.50469,4.92186,4.91903,4.92517,-0.622917,-0.620878,-0.625308
2,1.817046729,6.51125,7.519,7.519,4.8989,4.89605,4.90228,1.16165,1.1637,1.15921
2,1.884336449,5.07157,7.52742,7.52742,4.88169,4.87881,4.88512,0.136809,0.138878,0.134339
2,1.929196262,3.58282,7.53194,7.53194,4.87021,4.86733,4.87367,-0.927526,-0.925448,-0.930019
2,1.951626168,6.31493,7.53386,7.53386,4.86447,4.86158,4.86795,1.04501,1.04709,1.04251
2,1.974056075,5.62781,7.53556,7.53556,4.85873,4.85584,4.86222,0.5541,0.556186,0.551584
2,1.996485981,1.68507,7.53705,7.53705,4.85299,4.85009,4.8565,-2.2824,-2.28031,-2.28492
2,2.041345794,6.72393,7.53936,7.53936,4.84152,4.8386,4.84506,1.35622,1.35832,1.35367
2,2.131065421,4.97342,7.54137,7.54137,4.81856,4.81562,4.82217,0.111567,0.113683,0.108971
2,2.153495327,6.21677,7.54134,7.54134,4.81282,4.80988,4.81644,1.0115,1.01362,1.00889
2,2.175925234,6.49489,7.5411,7.5411,4.80709,4.80414,4.81072,1.21601,1.21814,1.21339
2,2.243214953,2.94479,7.53913,7.53913,4.78987,4.7869,4.79355,-1.32933,-1.32719,-1.33198
2,2.310504673,4.23722,7.53535,7.53535,4.77265,4.76967,4.77638,-0.385766,-0.383615,-0.388453
2,2.377794393,5.12065,7.52983,7.52983,4.75544,4.75243,4.75922,0.263127,0.265292,0.260406
2,2.422654206,3.58282,7.52522,7.52522,4.74396,4.74095,4.74777,-0.836568,-0.834395,-0.839311
2,2.422654206,7.80368,7.52522,7.52522,4.74396,4.74095,4.74777,2.20444,2.20661,2.2017
2,2.422654206,5.21881,7.52522,7.52522,4.74396,4.74095,4.74777,0.342117,0.34429,0.339374
2,2.512373832,4.95706,7.51389,7.51389,4.72101,4.71797,4.72488,0.170065,0.172256,0.167276
2,2.534803738,7.0184,7.51064,7.51064,4.71527,4.71222,4.71916,1.65934,1.66154,1.65654
2,2.534803738,5.62781,7.51064,7.51064,4.71527,4.71222,4.71916,0.657461,0.659655,0.65466
2,2.534803738,4.51534,7.51064,7.51064,4.71527,4.71222,4.71916,-0.144045,-0.141851,-0.146845
2,2.669383178,5.54601,7.48789,7.48789,4.68084,4.67776,4.68482,0.623332,0.625553,0.620465
2,2.669383178,5.05521,7.48789,7.48789,4.68084,4.67776,4.68482,0.269727,0.271947,0.26686
2,2.669383178,4.35174,7.48789,7.48789,4.68084,4.67776,4.68482,-0.237108,-0.234887,-0.239975
2,2.736672897,3.48466,7.47458,7.47458,4.66362,4.66052,4.66765,-0.849408,-0.847175,-0.852308
2,2.826392523,5.95501,7.45505,7.45505,4.64067,4.63755,4.64476,0.946944,0.949194,0.943998
2,2.91611215,3.10838,7.43368,7.43368,4.61772,4.61457,4.62187,-1.08743,-1.08516,-1.09042
2,2.91611215,5.75869,7.43368,7.43368,4.61772,4.61457,4.62187,0.822039,0.824306,0.819049
2,2.960971963,5.05521,7.42237,7.42237,4.60624,4.60308,4.61042,0.323473,0.325749,0.32046
2,2.960971963,3.69734,7.42237,7.42237,4.60624,4.60308,4.61042,-0.654835,-0.65256,-0.657848
2,2.983401869,5.66053,7.41657,7.41657,4.6005,4.59734,4.6047,0.763721,0.766001,0.760697
2,3.005831776,2.68303,7.41068,7.41068,4.59476,4.59159,4.59898,-1.37735,-1.37507,-1.38039
2,3.005831776,4.7771,7.41068,7.41068,4.59476,4.59159,4.59898,0.131366,0.13365,0.12833
2,3.050691589,3.41922,7.39863,7.39863,4.58329,4.5801,4.58753,-0.838674,-0.836381,-0.841733
2,3.050691589,6.26585,7.39863,7.39863,4.58329,4.5801,4.58753,1.21224,1.21453,1.20918
2,3.050691589,5.31697,7.39863,7.39863,4.58329,4.5801,4.58753,0.5286,0.530893,0.525542
2,3.095551402,4.07362,7.38624,7.38624,4.57181,4.56862,4.57609,-0.358931,-0.35663,-0.362013
2,3.140411215,5.90593,7.37353,7.37353,4.56033,4.55713,4.56464,0.969465,0.971775,0.96636
2,3.162841121,3.25562,7.36707,7.36707,4.55459,4.55138,4.55892,-0.935871,-0.933556,-0.938986
2,3.162841121,5.49693,7.36707,7.36707,4.55459,4.55138,4.55892,0.678928,0.681242,0.675812
2,3.252560748,5.39877,7.34051,7.34051,4.53164,4.5284,4.53603,0.624744,0.627076,0.621583
2,3.297420561,4.76074,7.32685,7.32685,4.52016,4.51691,4.52458,0.173326,0.175667,0.170141
2,3.319850467,5.67689,7.31993,7.31993,4.51442,4.51117,4.51886,0.837524,0.839869,0.834328
2,3.319850467,4.1227,7.31993,7.31993,4.51442,4.51117,4.51886,-0.282227,-0.279882,-0.285423
2,3.387140187,6.05317,7.29883,7.29883,4.49721,4.49394,4.50169,1.12102,1.12338,1.11779
2,3.409570093,6.51125,7.2917,7.2917,4.49147,4.48819,4.49597,1.45519,1.45755,1.45195
2,3.409570093,5.00613,7.2917,7.2917,4.49147,4.48819,4.49597,0.370801,0.373163,0.367559
2,3.432,6.87117,7.28451,7.28451,4.48573,4.48245,4.49025,1.71864,1.721,1.71538
2,3.432,3.3047,7.28451,7.28451,4.48573,4.48245,4.49025,-0.850897,-0.848531,-0.854151
2,3.454429907,3.97546,7.27728,7.27728,4.47999,4.4767,4.48453,-0.363502,-0.361131,-0.366767
2,3.454429907,4.4499,7.27728,7.27728,4.47999,4.4767,4.48453,-0.0216836,-0.0193124,-0.0249482
2,3.476859813,4.5317,7.27,7.27,4.47426,4.47096,4.4788,0.041385,0.0437605,0.038109
2,3.521719626,5.56237,7.25531,7.25531,4.46278,4.45947,4.46736,0.792225,0.794609,0.788927
2,3.521719626,3.45194,7.25531,7.25531,4.46278,4.45947,4.46736,-0.728278,-0.725894,-0.731577
2,3.544149533,7.31288,7.2479,7.2479,4.45704,4.45373,4.46164,2.05755,2.05994,2.05424
2,3.633869159,4.90798,7.21788,7.21788,4.43409,4.43075,4.43874,0.341423,0.343829,0.338067
2,3.656299065,4.02454,7.21028,7.21028,4.42835,4.425,4.43302,-0.290933,-0.288523,-0.2943
2,3.678728972,4.56442,7.20265,7.20265,4.42261,4.41926,4.4273,0.102168,0.104582,0.0987895
2,3.723588785,3.5501,7.18729,7.18729,4.41113,4.40777,4.41585,-0.620348,-0.617925,-0.623749
2,3.723588785,3.23926,7.18729,7.18729,4.41113,4.40777,4.41585,-0.844299,-0.841876,-0.847699
2,3.813308411,6.05317,7.15621,7.15621,4.38818,4.38479,4.39296,1.19958,1.20202,1.19613
2,3.903028037,4.22086,7.1247,7.1247,4.36523,4.36182,4.37007,-0.104013,-0.101556,-0.107505
2,3.925457944,3.53374,7.11676,7.11676,4.35949,4.35607,4.36435,-0.594926,-0.592465,-0.598429
2,3.925457944,3.41922,7.11676,7.11676,4.35949,4.35607,4.36435,-0.677434,-0.674973,-0.680937
2,3.94788785,3.9591,7.1088,7.1088,4.35375,4.35033,4.35863,-0.284334,-0.281868,-0.287848
2,3.970317757,3.20654,7.10082,7.10082,4.34801,4.34458,4.35291,-0.822395,-0.819924,-0.825921
2,3.992747664,5.12065,7.09282,7.09282,4.34227,4.33884,4.34718,0.560801,0.563276,0.557264
2,3.992747664,3.01022,7.09282,7.09282,4.34227,4.33884,4.34718,-0.959703,-0.957228,-0.96324
2,4.037607477,2.61759,7.07675,7.07675,4.3308,4.32735,4.33574,-1.23432,-1.23184,-1.23788
2,4.060037383,4.59714,7.06868,7.06868,4.32506,4.32161,4.33002,0.196025,0.198512,0.192453
2,4.08246729,5.51329,7.0606,7.0606,4.31932,4.31586,4.32429,0.860223,0.862715,0.85664
2,4.104897196,1.71779,7.05249,7.05249,4.31358,4.31012,4.31857,-1.87019,-1.8677,-1.87379
2,4.104897196,3.3047,7.05249,7.05249,4.31358,4.31012,4.31857,-0.726868,-0.724371,-0.730462
2,4.127327103,6.10225,7.04437,7.04437,4.30784,4.30437,4.31285,1.29282,1.29532,1.28921
2,4.172186916,4.10634,7.02808,7.02808,4.29637,4.29288,4.3014,-0.136909,-0.1344,-0.140538
2,4.239476636,2.71575,7.00353,7.00353,4.27915,4.27565,4.28424,-1.12639,-1.12387,-1.13005
2,4.261906542,4.40082,6.99531,6.99531,4.27341,4.26991,4.27851,0.0917911,0.0943179,0.0881168
2,4.261906542,4.97342,6.99531,6.99531,4.27341,4.26991,4.27851,0.504331,0.506858,0.500657
2,4.351626168,3.69734,6.96232,6.96232,4.25046,4.24693,4.25562,-0.398506,-0.395962,-0.402226
2,4.351626168,4.87526,6.96232,6.96232,4.25046,4.24693,4.25562,0.450147,0.452691,0.446427
2,4.418915888,5.88957,6.93743,6.93743,4.23325,4.2297,4.23846,1.19333,1.19589,1.18958
2,4.418915888,6.59305,6.93743,6.93743,4.23325,4.2297,4.23846,1.70017,1.70273,1.69641
2,4.418915888,2.97751,6.93743,6.93743,4.23325,4.2297,4.23846,-0.904725,-0.902168,-0.908479
2,4.486205607,4.30266,6.91244,6.91244,4.21603,4.21246,4.22129,0.0624126,0.0649827,0.0586242
2,4.486205607,4.1227,6.91244,6.91244,4.21603,4.21246,4.22129,-0.0672427,-0.0646726,-0.0710312
2,4.508635514,4.84254,6.90409,6.90409,4.21029,4.20672,4.21557,0.455513,0.458087,0.451713
2,4.531065421,5.52965,6.89573,6.89573,4.20455,4.20098,4.20984,0.954695,0.957274,0.950884
2,4.531065421,2.81391,6.89573,6.89573,4.20455,4.20098,4.20984,-1.00192,-0.999344,-1.00573
2,4.575925234,6.56033,6.87898,6.87898,4.19308,4.18949,4.1984,1.70553,1.70812,1.7017
2,4.66564486,1.43967,6.84536,6.84536,4.17012,4.16651,4.17551,-1.96721,-1.96461,-1.97109
2,4.66564486,3.07566,6.84536,6.84536,4.17012,4.16651,4.17551,-0.788527,-0.785923,-0.792407
2,4.66564486,4.0409,6.84536,6.84536,4.17012,4.16651,4.17551,-0.093103,-0.0904986,-0.0969827
2,4.66564486,3.8773,6.84536,6.84536,4.17012,4.16651,4.17551,-0.210972,-0.208367,-0.214851
2,4.732934579,3.45194,6.82006,6.82006,4.15291,4.14928,4.15834,-0.505027,-0.50241,-0.508941
2,4.755364486,3.94274,6.81161,6.81161,4.14717,4.14353,4.15262,-0.147287,-0.144666,-0.151212
2,4.800224299,4.80982,6.79469,6.79469,4.1357,4.13204,4.14118,0.485684,0.488315,0.481736
2,4.889943925,3.27198,6.76076,6.76076,4.11274,4.10907,4.11829,-0.605743,-0.603095,-0.609736
2,4.912373832,3.56646,6.75226,6.75226,4.10701,4.10332,4.11256,-0.389446,-0.386794,-0.39345
2,4.912373832,2.37219,6.75226,6.75226,4.10701,4.10332,4.11256,-1.24989,-1.24723,-1.25389
2,4.934803738,3.41922,6.74376,6.74376,4.10127,4.09758,4.10684,-0.491393,-0.488737,-0.495409
2,4.934803738,4.41718,6.74376,6.74376,4.10127,4.09758,4.10684,0.227605,0.230261,0.223589
2,4.957233645,4.64622,6.73525,6.73525,4.09553,4.09184,4.10112,0.396755,0.399416,0.392727
2,5.002093458,3.9591,6.71821,6.71821,4.08405,4.08035,4.08967,-0.0900247,-0.0873552,-0.0940747
2,5.002093458,4.49898,6.71821,6.71821,4.08405,4.08035,4.08967,0.298941,0.301611,0.294891
2,5.024523364,3.59918,6.70968,6.70968,4.07831,4.0746,4.08395,-0.345201,-0.342527,-0.349263
2,5.024523364,4.13906,6.70968,6.70968,4.07831,4.0746,4.08395,0.0437647,0.0464386,0.0397034
2,5.069383178,5.38241,6.69261,6.69261,4.06684,4.06312,4.07251,0.947833,0.950516,0.94375
2,5.114242991,1.91411,6.67551,6.67551,4.05536,4.05163,4.06106,-1.54271,-1.54002,-1.54682
2,5.114242991,6.11861,6.67551,6.67551,4.05536,4.05163,4.06106,1.48651,1.4892,1.4824
2,5.114242991,2.83027,6.67551,6.67551,4.05536,4.05163,4.06106,-0.882647,-0.879956,-0.886754
2,5.18153271,1.97955,6.64983,6.64983,4.03815,4.03439,4.0439,-1.48316,-1.48046,-1.4873
2,5.226392523,5.02249,6.63269,6.63269,4.02667,4.02291,4.03245,0.717461,0.720175,0.713298
2,5.271252336,3.82822,6.61553,6.61553,4.0152,4.01142,4.02101,-0.134711,-0.131989,-0.138897
2,5.293682243,4.90798,6.60695,6.60695,4.00946,4.00567,4.01528,0.647356,0.650082,0.643158
2,5.360971963,4.10634,6.58116,6.58116,3.99224,3.98844,3.99812,0.0822022,0.0849416,0.0779704
2,5.360971963,2.73211,6.58116,6.58116,3.99224,3.98844,3.99812,-0.907893,-0.905154,-0.912125
2,5.405831776,5.18609,6.56396,6.56396,3.98077,3.97695,3.98667,0.868403,0.871151,0.864148
2,5.405831776,3.10838,6.56396,6.56396,3.98077,3.97695,3.98667,-0.628527,-0.625779,-0.632782
2,5.428261682,7.47648,6.55535,6.55535,3.97503,3.97121,3.98095,2.5227,2.52545,2.51843
2,5.428261682,4.51534,6.55535,6.55535,3.97503,3.97121,3.98095,0.389276,0.392028,0.38501
2,5.450691589,3.6319,6.54674,6.54674,3.96929,3.96547,3.97523,-0.24308,-0.240323,-0.247358
2,5.517981308,4.8589,6.52088,6.52088,3.95208,3.94823,3.95806,0.653336,0.656105,0.649024
2,5.517981308,6.08589,6.52088,6.52088,3.95208,3.94823,3.95806,1.53735,1.54012,1.53304
2,5.540411215,2.96115,6.51225,6.51225,3.94634,3.94249,3.95234,-0.709804,-0.707031,-0.714128
2,5.652560748,4.6953,6.46908,6.46908,3.91765,3.91377,3.92373,0.560272,0.563067,0.555891
2,5.652560748,4.51534,6.46908,6.46908,3.91765,3.91377,3.92373,0.430617,0.433411,0.426236
2,5.652560748,3.66462,6.46908,6.46908,3.91765,3.91377,3.92373,-0.182299,-0.179505,-0.18668
2,5.652560748,2.56851,6.46908,6.46908,3.91765,3.91377,3.92373,-0.972018,-0.969224,-0.976399
2,5.719850467,3.89366,6.44314,6.44314,3.90044,3.89654,3.90656,-0.00488104,-0.00207393,-0.0092965
2,5.719850467,3.2229,6.44314,6.44314,3.90044,3.89654,3.90656,-0.488142,-0.485335,-0.492557
2,5.876859813,3.59918,6.38253,6.38253,3.86027,3.85633,3.86651,-0.188106,-0.185269,-0.192602
2,5.921719626,1.86503,6.3652,6.3652,3.84879,3.84484,3.85507,-1.42924,-1.4264,-1.43376
2,5.966579439,2.66667,6.34785,6.34785,3.83732,3.83336,3.84362,-0.843421,-0.840567,-0.847962
2,5.989009346,4.80982,6.33918,6.33918,3.83158,3.82761,3.8379,0.704791,0.707649,0.700238
2,5.989009346,4.6135,6.33918,6.33918,3.83158,3.82761,3.8379,0.563349,0.566207,0.558796
2,5.989009346,4.0409,6.33918,6.33918,3.83158,3.82761,3.8379,0.150809,0.153667,0.146256
2,5.989009346,3.3047,6.33918,6.33918,3.83158,3.82761,3.8379,-0.379599,-0.376741,-0.384152
2,6.011439252,2.84663,6.3305,6.3305,3.82584,3.82187,3.83218,-0.705497,-0.702635,-0.710062
2,6.101158879,1.76687,6.29577,6.29577,3.80289,3.79889,3.80929,-1.46689,-1.46401,-1.4715
2,6.101158879,3.0593,6.29577,6.29577,3.80289,3.79889,3.80929,-0.535733,-0.532853,-0.540343
2,6.123588785,3.97546,6.28708,6.28708,3.79715,3.79315,3.80357,0.128465,0.131349,0.123843
2,6.146018692,3.59918,6.27839,6.27839,3.79142,3.78741,3.79785,-0.138499,-0.13561,-0.143132
2,6.235738318,1.91411,6.24362,6.24362,3.76846,3.76443,3.77496,-1.33601,-1.3331,-1.34069
2,6.235738318,5.56237,6.24362,6.24362,3.76846,3.76443,3.77496,1.29246,1.29536,1.28778
2,6.280598131,5.26789,6.22623,6.22623,3.75699,3.75294,3.76351,1.08856,1.09148,1.08386
2,6.280598131,4.22086,6.22623,6.22623,3.75699,3.75294,3.76351,0.334205,0.337119,0.329503
2,6.280598131,3.86094,6.22623,6.22623,3.75699,3.75294,3.76351,0.0748941,0.077808,0.0701927
2,6.370317757,2.96115,6.19142,6.19142,3.73404,3.72997,3.74063,-0.556847,-0.553916,-0.561594
2,6.392747664,4.58078,6.18272,6.18272,3.7283,3.72423,3.73491,0.614185,0.61712,0.609426
2,6.41517757,6.75665,6.17401,6.17401,3.72256,3.71848,3.72918,2.18597,2.18891,2.1812
2,6.437607477,4.76074,6.1653,6.1653,3.71683,3.71274,3.72346,0.752108,0.755051,0.747326
2,6.460037383,5.88957,6.1566,6.1566,3.71109,3.707,3.71774,1.56953,1.57248,1.56474
2,6.48246729,4.98978,6.14789,6.14789,3.70535,3.70125,3.71202,0.925391,0.928343,0.920587
2,6.504897196,4.25358,6.13917,6.13917,3.69961,3.69551,3.7063,0.399117,0.402073,0.394301
2,6.527327103,1.93047,6.13046,6.13046,3.69388,3.68977,3.70058,-1.27048,-1.26752,-1.27531
2,6.527327103,5.61145,6.13046,6.13046,3.69388,3.68977,3.70058,1.38156,1.38452,1.37673
2,6.527327103,0.670757,6.13046,6.13046,3.69388,3.68977,3.70058,-2.17807,-2.17511,-2.1829
2,6.639476636,3.56646,6.08688,6.08688,3.66519,3.66105,3.67197,-0.071129,-0.0681467,-0.0760131
2,6.639476636,3.3865,6.08688,6.08688,3.66519,3.66105,3.67197,-0.200784,-0.197802,-0.205668
2,6.639476636,3.25562,6.08688,6.08688,3.66519,3.66105,3.67197,-0.295079,-0.292097,-0.299963
2,6.661906542,2.71575,6.07816,6.07816,3.65945,3.65531,3.66625,-0.679912,-0.676925,-0.684807
2,6.818915888,3.99182,6.01711,6.01711,3.61929,3.6151,3.62619,0.268398,0.271415,0.263423
2,6.886205607,3.77914,5.99093,5.99093,3.60208,3.59787,3.60903,0.127569,0.130599,0.12256
2,6.886205607,3.20654,5.99093,5.99093,3.60208,3.59787,3.60903,-0.28497,-0.28194,-0.28998
2,6.931065421,2.01227,5.97347,5.97347,3.5906,3.58639,3.59759,-1.13714,-1.1341,-1.14218
2,6.953495327,4.25358,5.96474,5.96474,3.58487,3.58064,3.59187,0.481789,0.484832,0.476745
2,6.953495327,3.61554,5.96474,5.96474,3.58487,3.58064,3.59187,0.0221013,0.0251445,0.0170579
2,6.99835514,1.76687,5.94727,5.94727,3.57339,3.56916,3.58042,-1.30155,-1.29849,-1.30661
2,6.99835514,2.19223,5.94727,5.94727,3.57339,3.56916,3.58042,-0.995088,-0.992036,-1.00015
2,7.06564486,3.01022,5.92107,5.92107,3.55618,3.55193,3.56326,-0.393345,-0.39028,-0.398445
2,7.088074766,4.54806,5.91234,5.91234,3.55044,3.54618,3.55754,0.718752,0.721821,0.713641
2,7.110504673,1.96319,5.9036,5.9036,3.54471,3.54044,3.55182,-1.13944,-1.13636,-1.14456
2,7.132934579,3.7955,5.89487,5.89487,3.53897,3.5347,3.5461,0.184824,0.187901,0.179689
2,7.177794393,2.42127,5.8774,5.8774,3.5275,3.52321,3.53465,-0.797005,-0.793919,-0.802162
2,7.200224299,3.17382,5.86866,5.86866,3.52176,3.51747,3.52893,-0.250677,-0.247586,-0.255845
2,7.222654206,4.1227,5.85992,5.85992,3.51602,3.51173,3.52321,0.437094,0.440189,0.431914
2,7.267514019,4.71166,5.84244,5.84244,3.50455,3.50024,3.51177,0.869687,0.87279,0.864485
2,7.334803738,3.3865,5.81622,5.81622,3.48734,3.48301,3.49461,-0.0726488,-0.069532,-0.0778847
2,7.379663551,3.92638,5.79873,5.79873,3.47586,3.47153,3.48316,0.324584,0.327709,0.319325
2,7.402093458,1.32515,5.78999,5.78999,3.47013,3.46578,3.47744,-1.54539,-1.54226,-1.55066
2,7.402093458,5.54601,5.78999,5.78999,3.47013,3.46578,3.47744,1.49561,1.49874,1.49034
2,7.424523364,5.85685,5.78125,5.78125,3.46439,3.46004,3.47172,1.7237,1.72683,1.71842
2,7.424523364,6.72393,5.78125,5.78125,3.46439,3.46004,3.47172,2.3484,2.35154,2.34312
2,7.446953271,4.7771,5.7725,5.7725,3.45865,3.4543,3.466,0.949899,0.953037,0.944606
2,7.446953271,4.64622,5.7725,5.7725,3.45865,3.4543,3.466,0.855604,0.858743,0.850312
2,7.469383178,3.68098,5.76376,5.76376,3.45292,3.44856,3.46028,0.164313,0.167456,0.159009
2,7.536672897,1.83231,5.73753,5.73753,3.43571,3.43133,3.44312,-1.1552,-1.15205,-1.16054
2,7.536672897,4.22086,5.73753,5.73753,3.43571,3.43133,3.44312,0.565678,0.568834,0.56034
2,7.536672897,5.00613,5.73753,5.73753,3.43571,3.43133,3.44312,1.13145,1.1346,1.12611
2,7.64882243,2.38855,5.69379,5.69379,3.40703,3.40262,3.41451,-0.733784,-0.730607,-0.739179
2,7.64882243,2.56851,5.69379,5.69379,3.40703,3.40262,3.41451,-0.604129,-0.600952,-0.609524
2,7.671252336,3.56646,5.68504,5.68504,3.40129,3.39687,3.40879,0.119002,0.122183,0.113596
2,7.671252336,3.32106,5.68504,5.68504,3.40129,3.39687,3.40879,-0.057801,-0.0546196,-0.0632069
2,7.805831776,3.82822,5.63255,5.63255,3.36687,3.36242,3.37447,0.332388,0.335595,0.326914
2,7.895551402,3.3047,5.59754,5.59754,3.34393,3.33945,3.35159,-0.0282604,-0.0250358,-0.0337795
2,7.917981308,2.14315,5.58879,5.58879,3.33819,3.33371,3.34587,-0.860994,-0.857765,-0.866525
2,7.940411215,2.97751,5.58004,5.58004,3.33246,3.32797,3.34015,-0.255732,-0.252499,-0.261274
2,7.962841121,2.86299,5.57129,5.57129,3.32672,3.32223,3.33443,-0.334108,-0.33087,-0.339661
2,8.030130841,4.25358,5.54503,5.54503,3.30951,3.305,3.31727,0.680172,0.683423,0.674585
2,8.030130841,3.7955,5.54503,5.54503,3.30951,3.305,3.31727,0.35014,0.353391,0.344554
2,8.052560748,3.68098,5.53627,5.53627,3.30378,3.29926,3.31155,0.271765,0.27502,0.266167
2,8.052560748,2.07771,5.53627,5.53627,3.30378,3.29926,3.31155,-0.883346,-0.880092,-0.888945
2,8.097420561,1.94683,5.51876,5.51876,3.29231,3.28778,3.30011,-0.969376,-0.966113,-0.974997
2,8.142280374,3.40286,5.50125,5.50125,3.28083,3.27629,3.28867,0.0879179,0.0911897,0.0822747
2,8.16471028,4.1227,5.4925,5.4925,3.2751,3.27055,3.28295,0.610672,0.613948,0.605017
2,8.232,4.35174,5.46623,5.46623,3.25789,3.25333,3.26579,0.788084,0.791373,0.782396
2,8.232,1.25971,5.46623,5.46623,3.25789,3.25333,3.26579,-1.43963,-1.43634,-1.44532
2,8.254429907,3.3047,5.45748,5.45748,3.25216,3.24759,3.26007,0.0378581,0.0411512,0.0321584
2,8.344149533,0.916155,5.42245,5.42245,3.22922,3.22462,3.23719,-1.66649,-1.66318,-1.67224
2,8.366579439,3.94274,5.41369,5.41369,3.22348,3.21888,3.23147,0.518206,0.52152,0.512449
2,8.389009346,3.58282,5.40494,5.40494,3.21775,3.21314,3.22575,0.263027,0.266345,0.257259
2,8.411439252,6.08589,5.39618,5.39618,3.21201,3.2074,3.22003,2.07055,2.07387,2.06477
2,8.411439252,2.47035,5.39618,5.39618,3.21201,3.2074,3.22003,-0.534347,-0.531025,-0.540126
2,8.456299065,3.69734,5.37866,5.37866,3.20054,3.19592,3.20859,0.357931,0.361261,0.352129
2,8.478728972,3.33742,5.36991,5.36991,3.19481,3.19018,3.20287,0.102752,0.106087,0.0969391
2,8.501158879,4.33538,5.36115,5.36115,3.18907,3.18444,3.19715,0.825882,0.829221,0.820058
2,8.501158879,0.834356,5.36115,5.36115,3.18907,3.18444,3.19715,-1.6965,-1.69317,-1.70233
2,8.501158879,3.48466,5.36115,5.36115,3.18907,3.18444,3.19715,0.212965,0.216305,0.207141
2,8.523588785,4.02454,5.35239,5.35239,3.18334,3.1787,3.19144,0.606063,0.609407,0.600228
2,8.635738318,2.17587,5.3086,5.3086,3.15466,3.14999,3.16284,-0.705192,-0.701828,-0.711084
2,8.658168224,1.94683,5.29984,5.29984,3.14893,3.14425,3.15712,-0.866077,-0.862708,-0.87198
2,8.658168224,3.10838,5.29984,5.29984,3.14893,3.14425,3.15712,-0.0292103,-0.0258414,-0.0351136
2,8.703028037,1.75051,5.28232,5.28232,3.13746,3.13277,3.14568,-0.999256,-0.995878,-1.00518
2,8.725457944,1.14519,5.27356,5.27356,3.13172,3.12703,3.13997,-1.43124,-1.42786,-1.43718
2,8.792747664,2.56851,5.24728,5.24728,3.11452,3.10981,3.12281,-0.393388,-0.389993,-0.399359
2,8.904897196,6.90389,5.20347,5.20347,3.08585,3.08111,3.09422,2.75078,2.7542,2.74476
2,8.904897196,1.06339,5.20347,5.20347,3.08585,3.08111,3.09422,-1.45712,-1.45371,-1.46315
2,8.904897196,2.83027,5.20347,5.20347,3.08585,3.08111,3.09422,-0.184142,-0.180726,-0.19017
2,8.927327103,3.53374,5.19471,5.19471,3.08012,3.07537,3.0885,0.326823,0.330244,0.320785
2,8.972186916,2.30675,5.17719,5.17719,3.06865,3.06389,3.07706,-0.548929,-0.545499,-0.55499
2,8.972186916,3.27198,5.17719,5.17719,3.06865,3.06389,3.07706,0.146495,0.149926,0.140435
2,8.972186916,3.89366,5.17719,5.17719,3.06865,3.06389,3.07706,0.594396,0.597826,0.588335
2,9.017046729,3.04294,5.15967,5.15967,3.05718,3.05241,3.06563,-0.0102588,-0.00681995,-0.016342
2,9.039476636,2.48671,5.15091,5.15091,3.05145,3.04667,3.05991,-0.406881,-0.403438,-0.412975
2,9.061906542,4.84254,5.14214,5.14214,3.04572,3.04093,3.05419,1.29456,1.298,1.28845
2,9.106766355,1.57055,5.12462,5.12462,3.03425,3.02945,3.04276,-1.05455,-1.0511,-1.06068
2,9.106766355,3.61554,5.12462,5.12462,3.03425,3.02945,3.04276,0.418804,0.42226,0.412676
2,9.129196262,1.29243,5.11586,5.11586,3.02852,3.02371,3.03704,-1.2508,-1.24734,-1.25694
2,9.174056075,4.41718,5.09833,5.09833,3.01705,3.01224,3.0256,1.00875,1.01222,1.00259
2,9.196485981,3.43558,5.08957,5.08957,3.01132,3.0065,3.01989,0.305671,0.309144,0.299497
2,9.241345794,3.73006,5.07205,5.07205,2.99985,2.99502,3.00845,0.526095,0.529577,0.519899
2,9.286205607,2.55215,5.05452,5.05452,2.98839,2.98354,2.99702,-0.314298,-0.310807,-0.320516
2,9.286205607,3.27198,5.05452,5.05452,2.98839,2.98354,2.99702,0.204324,0.207814,0.198105
2,9.308635514,1.35787,5.04576,5.04576,2.98265,2.9778,2.9913,-1.17061,-1.16711,-1.17684
2,9.331065421,3.10838,5.037,5.037,2.97692,2.97206,2.98558,0.0947158,0.0982143,0.0884746
2,9.375925234,5.54601,5.01947,5.01947,2.96546,2.96059,2.97415,1.85922,1.86272,1.85295
2,9.39835514,4.26994,5.01071,5.01071,2.95972,2.95485,2.96843,0.943972,0.947484,0.937697
2,9.420785047,7.39468,5.00194,5.00194,2.95399,2.94911,2.96272,3.19939,3.20291,3.1931
2,9.443214953,2.38855,4.99318,4.99318,2.94826,2.94337,2.957,-0.403256,-0.399736,-0.409553
2,9.443214953,2.84663,4.99318,4.99318,2.94826,2.94337,2.957,-0.0732237,-0.0697041,-0.0795214
2,9.443214953,4.15542,4.99318,4.99318,2.94826,2.94337,2.957,0.869724,0.873244,0.863427
2,9.510504673,4.89162,4.96689,4.96689,2.93106,2.92616,2.93985,1.41252,1.41605,1.40619
2,9.532934579,0.719836,4.95813,4.95813,2.92533,2.92042,2.93413,-1.589,-1.58546,-1.59534
2,9.532934579,4.40082,4.95813,4.95813,2.92533,2.92042,2.93413,1.06305,1.06658,1.0567
2,9.645084112,3.41922,4.91431,4.91431,2.89667,2.89173,2.90555,0.376482,0.38004,0.370083
2,9.645084112,2.68303,4.91431,4.91431,2.89667,2.89173,2.90555,-0.153926,-0.150368,-0.160325
2,9.667514019,1.42331,4.90554,4.90554,2.89094,2.886,2.89984,-1.05738,-1.05382,-1.06379
2,9.667514019,2.48671,4.90554,4.90554,2.89094,2.886,2.89984,-0.291239,-0.287677,-0.297649
2,9.734803738,3.25562,4.87925,4.87925,2.87375,2.86879,2.88269,0.27513,0.278705,0.268686
2,9.846953271,2.42127,4.83543,4.83543,2.84509,2.8401,2.85412,-0.305355,-0.301759,-0.311856
2,9.869383178,2.78119,4.82666,4.82666,2.83936,2.83437,2.8484,-0.0419155,-0.0383155,-0.0484276
2,9.959102804,1.79959,4.79161,4.79161,2.81644,2.81142,2.82554,-0.732613,-0.728996,-0.73917
2,9.959102804,3.1411,4.79161,4.79161,2.81644,2.81142,2.82554,0.233909,0.237526,0.227352
2,10.00396262,2.61759,4.77408,4.77408,2.80498,2.79995,2.81412,-0.135014,-0.131389,-0.141594
2,10.02639252,2.35583,4.76531,4.76531,2.79925,2.79422,2.8084,-0.319475,-0.315846,-0.326067
2,10.07125234,2.04499,4.74778,4.74778,2.78779,2.78275,2.79697,-0.53517,-0.531532,-0.541784
2,10.13854206,2.53579,4.72149,4.72149,2.77061,2.76554,2.77983,-0.169181,-0.165532,-0.175829
2,10.16097196,3.01022,4.71272,4.71272,2.76488,2.75981,2.77412,0.176765,0.180419,0.170106
2,10.18340187,5.33e-15,4.70396,4.70396,2.75915,2.75407,2.76841,-1.98789,-1.98423,-1.99456
2,10.20583178,3.40286,4.69519,4.69519,2.75342,2.74834,2.76269,0.467904,0.471566,0.461223
2,10.2731215,2.35583,4.6689,4.6689,2.73624,2.73114,2.74556,-0.274073,-0.270399,-0.280788
2,10.2731215,3.9591,4.6689,4.6689,2.73624,2.73114,2.74556,0.881038,0.884712,0.874323
2,10.31798131,2.74847,4.65137,4.65137,2.72478,2.71967,2.73413,0.0170647,0.0207472,0.0103275
2,10.40770093,5.87321,4.6163,4.6163,2.70187,2.69674,2.71128,2.28486,2.28856,2.27808
2,10.40770093,2.30675,4.6163,4.6163,2.70187,2.69674,2.71128,-0.284674,-0.280975,-0.291456
2,10.40770093,3.7955,4.6163,4.6163,2.70187,2.69674,2.71128,0.787929,0.791628,0.781147
2,10.40770093,3.35378,4.6163,4.6163,2.70187,2.69674,2.71128,0.469684,0.473383,0.462902
2,10.40770093,3.01022,4.6163,4.6163,2.70187,2.69674,2.71128,0.22216,0.225859,0.215378
2,10.47499065,2.53579,4.59001,4.59001,2.68469,2.67954,2.69415,-0.10728,-0.103568,-0.114095
2,10.49742056,3.19018,4.58124,4.58124,2.67896,2.67381,2.68844,0.36832,0.372036,0.361493
2,10.51985047,4.46626,4.57248,4.57248,2.67324,2.66807,2.68273,1.29182,1.29554,1.28498
2,10.54228037,3.51738,4.56371,4.56371,2.66751,2.66234,2.67702,0.612308,0.616033,0.605459
2,10.632,1.86503,4.52865,4.52865,2.64461,2.63941,2.65417,-0.561662,-0.557921,-0.568556
2,10.65442991,1.01431,4.51988,4.51988,2.63888,2.63368,2.64846,-1.17045,-1.16671,-1.17736
2,10.92358879,2.53579,4.41469,4.41469,2.57019,2.56492,2.57996,-0.0247855,-0.0209896,-0.0318235
2,10.94601869,4.15542,4.40593,4.40593,2.56447,2.55919,2.57425,1.14624,1.15004,1.13919
2,11.03573832,0.327198,4.37087,4.37087,2.54158,2.53628,2.55142,-1.5954,-1.59158,-1.60249
2,11.03573832,1.50511,4.37087,4.37087,2.54158,2.53628,2.55142,-0.746742,-0.742925,-0.753835
2,11.03573832,2.38855,4.37087,4.37087,2.54158,2.53628,2.55142,-0.110252,-0.106435,-0.117346
2,11.08059813,1.66871,4.35333,4.35333,2.53013,2.52482,2.54001,-0.620629,-0.616804,-0.627744
2,11.14788785,1.42331,4.32704,4.32704,2.51297,2.50764,2.52289,-0.785065,-0.781228,-0.792214
2,11.17031776,2.19223,4.31827,4.31827,2.50725,2.50192,2.51718,-0.226962,-0.22312,-0.234121
2,11.19274766,1.79959,4.3095,4.3095,2.50153,2.49619,2.51148,-0.505724,-0.501879,-0.512895
2,11.26003738,2.58487,4.28321,4.28321,2.48437,2.47901,2.49436,0.072408,0.076266,0.0652042
2,11.28246729,1.47239,4.27444,4.27444,2.47865,2.47329,2.48866,-0.724977,-0.721115,-0.732192
2,11.3048972,3.25562,4.26567,4.26567,2.47293,2.46756,2.48296,0.56391,0.567777,0.556685
2,11.39461682,2.91207,4.23061,4.23061,2.45005,2.44466,2.46014,0.332867,0.33675,0.325598
2,11.43947664,2.45399,4.21308,4.21308,2.43862,2.43322,2.44874,0.0110749,0.0149658,0.00378311
2,11.46190654,2.06135,4.20431,4.20431,2.4329,2.42749,2.44303,-0.26769,-0.263795,-0.274993
2,11.48433645,1.93047,4.19555,4.19555,2.42718,2.42177,2.43733,-0.357866,-0.353967,-0.36518
2,11.52919626,2.71575,4.17801,4.17801,2.41575,2.41032,2.42593,0.216141,0.220048,0.208805
2,11.52919626,4.38446,4.17801,4.17801,2.41575,2.41032,2.42593,1.4184,1.42231,1.41106
2,11.64134579,0.359918,4.13418,4.13418,2.38717,2.38172,2.39743,-1.46058,-1.45665,-1.46797
2,11.91050467,0.834356,4.02899,4.02899,2.31861,2.31309,2.32905,-1.06936,-1.06539,-1.07688
2,11.93293458,2.15951,4.02022,4.02022,2.3129,2.30737,2.32335,-0.110513,-0.106533,-0.118045
2,11.93293458,0.687117,4.02022,4.02022,2.3129,2.30737,2.32335,-1.17133,-1.16735,-1.17886
2,11.97779439,1.11247,4.00269,4.00269,2.30148,2.29594,2.31196,-0.856642,-0.852655,-0.864197
2,12.02265421,1.73415,3.98516,3.98516,2.29006,2.28451,2.30057,-0.400514,-0.39652,-0.408091
2,12.04508411,3.69734,3.9764,3.9764,2.28435,2.2788,2.29488,1.01802,1.02202,1.01043
2,12.11237383,1.96319,3.9501,3.9501,2.26722,2.26166,2.2778,-0.219047,-0.215037,-0.226667
2,12.17966355,1.45603,3.9238,3.9238,2.2501,2.24452,2.26072,-0.572104,-0.568083,-0.579757
2,12.24695327,2.84663,3.8975,3.8975,2.23299,2.22739,2.24365,0.44211,0.446144,0.434426
2,12.26938318,2.61759,3.88874,3.88874,2.22728,2.22168,2.23796,0.281204,0.285242,0.27351
2,12.38153271,3.28834,3.84491,3.84491,2.19876,2.19313,2.20952,0.785011,0.789069,0.777263
2,12.42639252,1.89775,3.82738,3.82738,2.18736,2.18172,2.19814,-0.208655,-0.204589,-0.216424
2,12.42639252,1.60327,3.82738,3.82738,2.18736,2.18172,2.19814,-0.420819,-0.416753,-0.428588
2,12.47125234,2.09407,3.80985,3.80985,2.17596,2.1703,2.18677,-0.0589985,-0.0549246,-0.0667885
2,12.47125234,1.06339,3.80985,3.80985,2.17596,2.1703,2.18677,-0.80157,-0.797496,-0.80936
2,12.51611215,3.32106,3.79231,3.79231,2.16456,2.15889,2.1754,0.833228,0.83731,0.825417
2,12.53854206,2.20859,3.78355,3.78355,2.15886,2.15319,2.16972,0.0358286,0.0399144,0.028007
2,12.60583178,1.93047,3.75725,3.75725,2.14177,2.13608,2.15267,-0.152232,-0.148134,-0.160085
2,12.6955514,0.736196,3.72219,3.72219,2.11898,2.11327,2.12994,-0.996256,-0.992143,-1.00415
2,12.91985047,1.79959,3.63454,3.63454,2.06206,2.0563,2.07316,-0.189102,-0.184949,-0.197101
2,12.91985047,0.916155,3.63454,3.63454,2.06206,2.0563,2.07316,-0.825592,-0.821439,-0.833591
2,12.98714019,4.33538,3.60824,3.60824,2.045,2.03922,2.05614,1.65015,1.65432,1.64212
2,13.05442991,1.66871,3.58195,3.58195,2.02794,2.02214,2.03913,-0.258813,-0.254638,-0.266875
2,13.05442991,4.5317,3.58195,3.58195,2.02794,2.02214,2.03913,1.80389,1.80806,1.79582
2,13.18900935,0.458078,3.52936,3.52936,1.99384,1.98802,2.00512,-1.10647,-1.10228,-1.1146
2,13.23386916,2.38855,3.51183,3.51183,1.98248,1.97665,1.99379,0.292558,0.296763,0.284413
2,13.25629907,0.539877,3.50307,3.50307,1.97681,1.97096,1.98812,-1.03527,-1.03106,-1.04342
2,13.30115888,3.58282,3.48554,3.48554,1.96545,1.9596,1.9768,1.16527,1.16949,1.15709
2,13.3908785,2.02863,3.45048,3.45048,1.94275,1.93688,1.95415,0.0618733,0.0661044,0.053658
2,13.41330841,3.76278,3.44172,3.44172,1.93708,1.9312,1.94849,1.31537,1.3196,1.30714
2,13.41330841,4.08998,3.44172,3.44172,1.93708,1.9312,1.94849,1.5511,1.55534,1.54288
2,13.45816822,2.65031,3.42419,3.42419,1.92573,1.91985,1.93718,0.522033,0.526275,0.513788
2,13.48059813,0.556237,3.41543,3.41543,1.92006,1.91417,1.93152,-0.982598,-0.978353,-0.990854
2,13.52545794,2.14315,3.3979,3.3979,1.90873,1.90282,1.92021,0.168895,0.173147,0.160619
2,13.74975701,1.40695,3.31027,3.31027,1.8521,1.84614,1.86372,-0.320713,-0.316425,-0.329087
2,13.81704673,0.997955,3.28398,3.28398,1.83513,1.82916,1.84679,-0.603158,-0.59886,-0.611562
2,13.99648598,0.719836,3.21388,3.21388,1.78993,1.78392,1.8017,-0.770969,-0.766643,-0.779449
2,14.0637757,1.55419,3.1876,3.1876,1.77299,1.76698,1.7848,-0.157641,-0.153306,-0.166149
2,14.24321495,0.0981595,3.11751,3.11751,1.7279,1.72185,1.73981,-1.17418,-1.16982,-1.18276
2,14.24321495,2.43763,3.11751,3.11751,1.7279,1.72185,1.73981,0.511337,0.515698,0.502755
2,14.31050467,2.78119,3.09123,3.09123,1.71101,1.70495,1.72296,0.771028,0.775398,0.762419
2,14.4002243,2.87935,3.05619,3.05619,1.68852,1.68244,1.70052,0.857957,0.862339,0.849312
2,14.4002243,4.05726,3.05619,3.05619,1.68852,1.68244,1.70052,1.70661,1.71099,1.69797
2,14.44508411,0.196319,3.03867,3.03867,1.67728,1.67119,1.6893,-1.06699,-1.0626,-1.07565
2,14.44508411,1.01431,3.03867,3.03867,1.67728,1.67119,1.6893,-0.477647,-0.473258,-0.486309
2,14.44508411,1.37423,3.03867,3.03867,1.67728,1.67119,1.6893,-0.218336,-0.213947,-0.226999
2,14.53480374,2.73211,3.00364,3.00364,1.65482,1.64871,1.66689,0.776154,0.780554,0.767456
2,14.64695327,1.22699,2.95985,2.95985,1.62678,1.62066,1.63891,-0.288037,-0.283622,-0.296777
2,14.87125234,1.79959,2.87228,2.87228,1.57084,1.56468,1.58309,0.164806,0.169248,0.155984
2,14.98340187,0.179959,2.82851,2.82851,1.54295,1.53676,1.55525,-0.981993,-0.977539,-0.990855
2,15.02826168,1.79959,2.811,2.811,1.5318,1.52561,1.54412,0.192934,0.197393,0.184057
2,15.0955514,1.86503,2.78474,2.78474,1.5151,1.5089,1.52746,0.252114,0.25658,0.243213
2,15.25256075,3.68098,2.72348,2.72348,1.47622,1.46999,1.48864,1.58847,1.59295,1.57952
2,15.27499065,0.572597,2.71473,2.71473,1.47067,1.46445,1.4831,-0.647035,-0.642551,-0.655994
2,15.29742056,1.68507,2.70598,2.70598,1.46513,1.4589,1.47757,0.158464,0.162951,0.149498
2,15.38714019,1.86503,2.67098,2.67098,1.44298,1.43674,1.45546,0.304076,0.308571,0.295083
2,15.47685981,0.883436,2.63599,2.63599,1.42087,1.41462,1.43339,-0.387209,-0.382706,-0.396228
2,15.52171963,2.81391,2.6185,2.6185,1.40984,1.40358,1.42237,1.01159,1.0161,1.00256
2,15.90302804,1.66871,2.46988,2.46988,1.31652,1.31023,1.32919,0.253745,0.258278,0.244615
2,16.08246729,1.81595,2.4,2.4,1.27294,1.26664,1.28567,0.391224,0.395765,0.382056
2,16.26190654,2.56851,2.33017,2.33017,1.22961,1.2233,1.24238,0.96464,0.969185,0.955439
2,16.30676636,1.97955,2.31272,2.31272,1.21881,1.2125,1.23159,0.548089,0.552635,0.538881
3,0,0.620408,6.75342,6.75342,6.09575,nan,6.54046,-3.94483,nan,-4.26522
3,2.018691589,4.5551,7.5383,7.5383,5.65285,nan,6.05883,-0.790899,nan,-1.08339
3,2.041121495,2.61224,7.53935,7.53935,5.64793,nan,6.05348,-2.18713,nan,-2.47931
3,3.005607477,5.24082,7.41074,7.41074,5.43633,nan,5.82337,-0.140861,nan,-0.419712
3,3.857943925,3.72245,7.14059,7.14059,5.24933,nan,5.62002,-1.10007,nan,-1.36714
3,4.014953271,2.1551,7.08487,7.08487,5.21488,nan,5.58256,-2.20448,nan,-2.46938
3,4.014953271,3.2,7.08487,7.08487,5.21488,nan,5.58256,-1.45166,nan,-1.71656
3,4.037383178,5.01224,7.07683,7.07683,5.20996,nan,5.57721,-0.142449,nan,-0.407039
3,4.351401869,3.82041,6.9624,6.9624,5.14107,nan,5.50229,-0.951497,nan,-1.21175
3,5.001869159,3.11837,6.71829,6.71829,4.99836,nan,5.3471,-1.35448,nan,-1.60574
3,5.136448598,5.8449,6.66704,6.66704,4.96883,nan,5.31499,0.63118,nan,0.381782
3,5.226168224,1.94286,6.63278,6.63278,4.94915,nan,5.29359,-2.16595,nan,-2.4141
3,5.45046729,4.81633,6.54682,6.54682,4.89994,nan,5.24007,-0.0602406,nan,-0.305297
3,5.876635514,3.59184,6.38262,6.38262,4.80644,nan,5.1384,-0.875087,nan,-1.11425
3,5.943925234,4.70204,6.35661,6.35661,4.79168,nan,5.12234,-0.0645812,nan,-0.302816
3,6.011214953,4.3102,6.33058,6.33058,4.77692,nan,5.10629,-0.336252,nan,-0.573557
3,6.03364486,6.33469,6.3219,6.3219,4.77199,nan,5.10094,1.12588,nan,0.888885
3,6.347663551,4.60408,6.20021,6.20021,4.7031,nan,5.02602,-0.071341,nan,-0.303995
3,6.841121495,5.12653,6.00847,6.00847,4.59484,nan,4.90829,0.383067,nan,0.157235
3,6.908411215,6.12245,5.98228,5.98228,4.58008,nan,4.89224,1.11123,nan,0.886332
3,6.998130841,4.19592,5.94736,5.94736,4.5604,nan,4.87083,-0.262595,nan,-0.486256
3,7.020560748,6.17143,5.93863,5.93863,4.55547,nan,4.86548,1.16425,nan,0.940898
3,7.042990654,5.40408,5.9299,5.9299,4.55055,nan,4.86013,0.614942,nan,0.391902
3,7.155140187,7.77143,5.88622,5.88622,4.52595,nan,4.83337,2.33827,nan,2.11678
3,7.244859813,4.76735,5.85127,5.85127,4.50627,nan,4.81197,0.188102,nan,-0.0321477
3,7.289719626,6.85714,5.83379,5.83379,4.49642,nan,4.80126,1.70083,nan,1.4812
3,7.334579439,5.81224,5.81631,5.81631,4.48658,nan,4.79056,0.955102,nan,0.736093
3,7.334579439,4.44082,5.81631,5.81631,4.48658,nan,4.79056,-0.032973,nan,-0.251982
3,7.379439252,4.01633,5.79882,5.79882,4.47674,nan,4.77986,-0.331715,nan,-0.550104
3,7.446728972,6.23673,5.77259,5.77259,4.46198,nan,4.76381,1.27866,nan,1.0612
3,7.648598131,4.81633,5.69388,5.69388,4.41769,nan,4.71564,0.287206,nan,0.0725389
3,7.693457944,6.44898,5.67638,5.67638,4.40785,nan,4.70494,1.47058,nan,1.25653
3,7.85046729,4.76735,5.61513,5.61513,4.3734,nan,4.66748,0.283825,nan,0.0719497
3,7.962616822,6.80816,5.57137,5.57137,4.3488,nan,4.64073,1.7719,nan,1.56158
3,8.007476636,5.74694,5.55387,5.55387,4.33896,nan,4.63002,1.01441,nan,0.804706
3,8.007476636,3.6898,5.55387,5.55387,4.33896,nan,4.63002,-0.467702,nan,-0.677406
3,8.007476636,5.3551,5.55387,5.55387,4.33896,nan,4.63002,0.732103,nan,0.522399
3,8.142056075,8.26122,5.50134,5.50134,4.30943,nan,4.59791,2.84715,nan,2.63931
3,8.231775701,4.5551,5.46632,5.46632,4.28975,nan,4.57651,0.191179,nan,-0.0154233
3,8.321495327,5.48571,5.4313,5.4313,4.27007,nan,4.5551,0.875839,nan,0.670478
3,8.343925234,4.32653,5.42254,5.42254,4.26515,nan,4.54975,0.044226,nan,-0.160825
3,8.456074766,5.9102,5.37875,5.37875,4.24054,nan,4.523,1.20294,nan,0.999443
3,8.747663551,4.75102,5.26488,5.26488,4.17657,nan,4.45343,0.413873,nan,0.214404
3,8.882242991,3.98367,5.21232,5.21232,4.14705,nan,4.42132,-0.117707,nan,-0.315315
3,8.94953271,6.66122,5.18604,5.18604,4.13229,nan,4.40527,1.82203,nan,1.62535
3,9.01682243,4.8,5.15975,5.15975,4.11752,nan,4.38922,0.491704,nan,0.295957
3,9.039252336,5.9102,5.15099,5.15099,4.1126,nan,4.38387,1.29512,nan,1.09968
3,9.039252336,4.60408,5.15099,5.15099,4.1126,nan,4.38387,0.354095,nan,0.158659
3,9.151401869,7.72245,5.10718,5.10718,4.088,nan,4.35711,2.61852,nan,2.42463
3,9.218691589,3.80408,5.0809,5.0809,4.07324,nan,4.34106,-0.19392,nan,-0.386876
3,9.285981308,5.06122,5.05461,5.05461,4.05848,nan,4.325,0.722451,nan,0.530426
3,9.330841121,6.22041,5.03708,5.03708,4.04864,nan,4.3143,1.5647,nan,1.37329
3,9.353271028,5.32245,5.02832,5.02832,4.04372,nan,4.30895,0.921291,nan,0.730196
3,9.375700935,4.39184,5.01956,5.01956,4.03879,nan,4.3036,0.254356,nan,0.0635723
3,9.487850467,6.26939,4.97574,4.97574,4.01419,nan,4.27684,1.6248,nan,1.43557
3,9.66728972,4.34286,4.90563,4.90563,3.97483,nan,4.23404,0.265154,nan,0.0784026
3,9.846728972,4.71837,4.83552,4.83552,3.93546,nan,4.19123,0.564059,nan,0.379789
3,9.958878505,5.02857,4.79169,4.79169,3.91086,nan,4.16447,0.805277,nan,0.622558
3,10.00373832,6.92245,4.77416,4.77416,3.90102,nan,4.15377,2.17685,nan,1.99475
3,10.02616822,4.35918,4.7654,4.7654,3.8961,nan,4.14842,0.333638,nan,0.151849
3,10.02616822,5.51837,4.7654,4.7654,3.8961,nan,4.14842,1.1688,nan,0.987008
3,10.11588785,7.24898,4.73034,4.73034,3.87642,nan,4.12702,2.42983,nan,2.24928
3,10.22803738,3.80408,4.68651,4.68651,3.85182,nan,4.10026,-0.0343923,nan,-0.213389
3,10.2953271,5.1102,4.66022,4.66022,3.83706,nan,4.08421,0.917266,nan,0.7392
3,10.34018692,5.20816,4.64269,4.64269,3.82722,nan,4.07351,0.994933,nan,0.817487
3,10.38504673,3.15102,4.62516,4.62516,3.81738,nan,4.0628,-0.48009,nan,-0.656914
3,10.45233645,4.63673,4.59886,4.59886,3.80261,nan,4.04675,0.600959,nan,0.425065
3,10.65420561,4.70204,4.51997,4.51997,3.75833,nan,3.99859,0.679914,nan,0.506813
3,10.69906542,4.13061,4.50244,4.50244,3.74849,nan,3.98789,0.275306,nan,0.102825
3,10.74392523,3.4449,4.48491,4.48491,3.73865,nan,3.97719,-0.211642,nan,-0.383502
3,10.85607477,6.07347,4.44108,4.44108,3.71405,nan,3.95044,1.69989,nan,1.52958
3,10.94579439,4.21224,4.40602,4.40602,3.69437,nan,3.92903,0.373113,nan,0.204045
3,10.99065421,5.42041,4.38848,4.38848,3.68453,nan,3.91833,1.25065,nan,1.0822
3,11.01308411,5.99184,4.37972,4.37972,3.67961,nan,3.91298,1.66589,nan,1.49775
3,11.03551402,4.81633,4.37095,4.37095,3.67469,nan,3.90763,0.822515,nan,0.654688
3,11.14766355,6.38367,4.32712,4.32712,3.65009,nan,3.88088,1.96947,nan,1.80319
3,11.23738318,2.48163,4.29206,4.29206,3.63041,nan,3.85948,-0.827663,nan,-0.992696
3,11.28224299,4.65306,4.27453,4.27453,3.62057,nan,3.84877,0.743878,nan,0.579465
3,11.3271028,3.65714,4.257,4.257,3.61073,nan,3.83807,0.033437,nan,-0.130355
3,11.37196262,2.13878,4.23946,4.23946,3.60089,nan,3.82737,-1.05341,nan,-1.21659
3,11.41682243,4.16327,4.22193,4.22193,3.59105,nan,3.81667,0.412262,nan,0.249711
3,11.6635514,2.67755,4.1255,4.1255,3.53694,nan,3.75782,-0.619163,nan,-0.7783
3,11.68598131,3.2,4.11674,4.11674,3.53202,nan,3.75247,-0.239209,nan,-0.398036
3,11.73084112,2.38367,4.09921,4.09921,3.52218,nan,3.74176,-0.82026,nan,-0.978466
3,11.86542056,3.36327,4.04661,4.04661,3.49266,nan,3.70966,-0.0932264,nan,-0.249569
3,11.93271028,4.94694,4.02031,4.02031,3.4779,nan,3.69361,1.0584,nan,0.902986
3,12,3.78776,3.99401,3.99401,3.46315,nan,3.67756,0.233872,nan,0.0793916
3,12.02242991,6.22041,3.98525,3.98525,3.45823,nan,3.67221,1.99007,nan,1.8359
3,12.04485981,3.08571,3.97648,3.97648,3.45331,nan,3.66686,-0.26484,nan,-0.418699
3,12.11214953,5.64898,3.95019,3.95019,3.43855,nan,3.65081,1.59255,nan,1.43962
3,12.22429907,2.51429,3.90636,3.90636,3.41395,nan,3.62406,-0.648184,nan,-0.79956
3,12.29158879,4.88163,3.88006,3.88006,3.3992,nan,3.60801,1.06805,nan,0.917609
3,12.31401869,5.19184,3.87129,3.87129,3.39428,nan,3.60266,1.29509,nan,1.14496
3,12.3364486,2.82449,3.86253,3.86253,3.38936,nan,3.59731,-0.406971,nan,-0.556794
3,12.3588785,2.30204,3.85376,3.85376,3.38444,nan,3.59196,-0.779837,nan,-0.929349
3,12.44859813,4.73469,3.8187,3.8187,3.36476,nan,3.57056,0.986996,nan,0.838725
3,12.65046729,2.36735,3.73981,3.73981,3.32049,nan,3.52241,-0.686715,nan,-0.832191
3,12.6728972,3.46122,3.73104,3.73104,3.31558,nan,3.51706,0.104936,nan,-0.0402289
3,12.74018692,3.05306,3.70475,3.70475,3.30082,nan,3.50101,-0.178503,nan,-0.322736
3,12.87476636,3.00408,3.65216,3.65216,3.27131,nan,3.46891,-0.192529,nan,-0.334899
3,12.94205607,4.08163,3.62586,3.62586,3.25655,nan,3.45287,0.594446,nan,0.453008
3,12.98691589,4.44082,3.60833,3.60833,3.24672,nan,3.44217,0.860314,nan,0.719498
3,13.00934579,4.57143,3.59957,3.59957,3.2418,nan,3.43682,0.95796,nan,0.817454
3,13.0317757,2.62857,3.5908,3.5908,3.23688,nan,3.43147,-0.438269,nan,-0.578464
3,13.16635514,4.60408,3.53821,3.53821,3.20737,nan,3.39937,1.00629,nan,0.867958
3,13.23364486,2.10612,3.51192,3.51192,3.19262,nan,3.38333,-0.782789,nan,-0.920188
3,13.30093458,3.55918,3.48563,3.48563,3.17787,nan,3.36728,0.274729,nan,0.138263
3,13.30093458,2.35102,3.48563,3.48563,3.17787,nan,3.36728,-0.595718,nan,-0.732184
3,13.32336449,3.13469,3.47686,3.47686,3.17295,nan,3.36193,-0.0275606,nan,-0.163716
3,13.3682243,2.93878,3.45934,3.45934,3.16311,nan,3.35123,-0.161628,nan,-0.297162
3,13.45794393,3.98367,3.42428,3.42428,3.14344,nan,3.32984,0.605363,nan,0.471072
3,13.65981308,5.33e-15,3.34541,3.34541,3.09919,nan,3.2817,-2.23287,nan,-2.36437
3,13.68224299,2.17143,3.33665,3.33665,3.09427,nan,3.27635,-0.66488,nan,-0.796063
3,13.74953271,1.69796,3.31036,3.31036,3.07952,nan,3.2603,-0.995373,nan,-1.12562
3,13.86168224,0.897959,3.26654,3.26654,3.05493,nan,3.23356,-1.55404,nan,-1.68273
3,13.92897196,3.57551,3.24026,3.24026,3.04018,nan,3.21752,0.385687,nan,0.257924
3,13.99626168,3.5102,3.21397,3.21397,3.02543,nan,3.20147,0.349262,nan,0.222432
3,14.01869159,1.50204,3.20521,3.20521,3.02052,nan,3.19612,-1.09402,nan,-1.22054
3,14.0411215,2.69388,3.19645,3.19645,3.0156,nan,3.19078,-0.231793,nan,-0.358002
3,14.13084112,5.30612,3.1614,3.1614,2.99594,nan,3.16939,1.66442,nan,1.53946
3,14.24299065,1.6,3.1176,3.1176,2.97136,nan,3.14265,-0.988024,nan,-1.11143
3,14.28785047,3.88571,3.10008,3.10008,2.96153,nan,3.13195,0.665851,nan,0.543064
3,14.33271028,2.77551,3.08256,3.08256,2.9517,nan,3.12126,-0.126936,nan,-0.249101
3,14.44485981,4.27755,3.03876,3.03876,2.92712,nan,3.09452,0.972948,nan,0.852338
3,14.64672897,2.25306,2.95993,2.95993,2.88288,nan,3.0464,-0.45377,nan,-0.571578
3,14.69158879,5.07755,2.94242,2.94242,2.87306,nan,3.03571,1.58828,nan,1.47109
3,14.93831776,2.93878,2.8461,2.8461,2.819,nan,2.9769,0.0862937,nan,-0.0274683
3,14.98317757,3.10204,2.8286,2.8286,2.80917,nan,2.96621,0.211002,nan,0.0978624
3,15.00560748,1.19184,2.81984,2.81984,2.80426,nan,2.96086,-1.16171,nan,-1.27453
3,15.05046729,1.51837,2.80233,2.80233,2.79443,nan,2.95017,-0.91937,nan,-1.03158
3,15.11775701,5.38776,2.77608,2.77608,2.7797,nan,2.93414,1.87903,nan,1.76776
3,15.25233645,1.76327,2.72357,2.72357,2.75022,nan,2.90207,-0.711073,nan,-0.820475
3,15.29719626,2.98776,2.70607,2.70607,2.7404,nan,2.89138,0.178215,nan,0.0694361
3,15.36448598,1.25714,2.67982,2.67982,2.72566,nan,2.87535,-1.05802,nan,-1.16587
3,15.4317757,3.96735,2.65357,2.65357,2.71093,nan,2.85931,0.905215,nan,0.798306
3,15.67850467,0.0163265,2.55737,2.55737,2.65691,nan,2.80054,-1.90246,nan,-2.00594
3,15.92523364,2.59592,2.46123,2.46123,2.6029,nan,2.74177,-0.00503171,nan,-0.105083
3,16.1271028,0.881633,2.38263,2.38263,2.55873,nan,2.6937,-1.2083,nan,-1.30554
3,16.21682243,1.24082,2.34771,2.34771,2.5391,nan,2.67234,-0.935377,nan,-1.03137
3,16.30654206,2.85714,2.3128,2.3128,2.51948,nan,2.65098,0.24328,nan,0.148533
3,16.35140187,0.914286,2.29536,2.29536,2.50966,nan,2.6403,-1.14942,nan,-1.24355
3,16.4635514,2.84082,2.25176,2.25176,2.48514,nan,2.61361,0.256257,nan,0.163696
3,16.66542056,2.74286,2.17333,2.17333,2.441,nan,2.56557,0.21748,nan,0.127729
3,16.97943925,0.163265,2.05154,2.05154,2.37238,nan,2.49087,-1.5916,nan,-1.67698
3,17.00186916,2.17143,2.04286,2.04286,2.36748,nan,2.48554,-0.141246,nan,-0.226309
3,17.11401869,2.23673,1.99944,1.99944,2.34298,nan,2.45887,-0.0765462,nan,-0.160045
3,17.20373832,0.555102,1.96473,1.96473,2.32339,nan,2.43754,-1.274,nan,-1.35625
3,17.29345794,0.457143,1.93006,1.93006,2.3038,nan,2.41622,-1.33046,nan,-1.41146
3,17.29345794,1.95918,1.93006,1.93006,2.3038,nan,2.41622,-0.248285,nan,-0.329281
3,17.31588785,3.2,1.9214,1.9214,2.2989,nan,2.41089,0.649215,nan,0.568532
3,17.42803738,2.67755,1.87811,1.87811,2.27442,nan,2.38424,0.290442,nan,0.211323
3,18.03364486,1.81224,1.64555,1.64555,2.14238,nan,2.24046,-0.237854,nan,-0.308517
3,18.12336449,4.5551,1.6113,1.6113,2.12284,nan,2.21918,1.75237,nan,1.68296
3,18.23551402,0.555102,1.5686,1.5686,2.09843,nan,2.19259,-1.11192,nan,-1.17976
3,18.37009346,1.30612,1.5175,1.5175,2.06915,nan,2.1607,-0.549736,nan,-0.615696
3,18.43738318,2.20408,1.49202,1.49202,2.05451,nan,2.14475,0.107762,nan,0.0427432
3,18.95327103,2.04082,1.29856,1.29856,1.94247,nan,2.02269,0.0708584,nan,0.0130579
3,19.13271028,2.57959,1.23224,1.23224,1.90357,nan,1.98031,0.487056,nan,0.431767
3,19.26728972,0.359184,1.1829,1.1829,1.87442,nan,1.94855,-1.09169,nan,-1.14509
3,19.44672897,1.63265,1.11773,1.11773,1.83561,nan,1.90624,-0.146221,nan,-0.197114
3,20.43364486,1.66531,0.776945,0.776945,1.62316,nan,1.67465,0.0303652,nan,-0.00672929
4,0,1.95122,6.75342,6.75342,1.28863,1.28142,1.46231,0.477374,0.48257,0.352246
4,0.993314231,2.05765,7.27151,7.27151,2.90044,2.89468,3.04154,-0.607205,-0.60306,-0.708865
4,1.107927412,5.62306,7.31954,7.31954,3.08688,3.08116,3.22495,1.82725,1.83137,1.72777
4,1.184336199,0.922395,7.34952,7.34952,3.21121,3.20551,3.34725,-1.64903,-1.64492,-1.74704
4,1.222540592,4.25721,7.36386,7.36386,3.27338,3.26769,3.4084,0.708816,0.712914,0.611537
4,1.910219675,7.34368,7.53013,7.53013,4.39295,4.38747,4.50951,2.12592,2.12987,2.04194
4,1.986628462,4.00887,7.53642,7.53642,4.51737,4.5119,4.63187,-0.366357,-0.362423,-0.448854
4,2.101241643,5.81818,7.54108,7.54108,4.70399,4.69856,4.81541,0.802742,0.806652,0.72247
4,2.17765043,4.00887,7.54107,7.54107,4.82841,4.82301,4.93777,-0.590455,-0.586562,-0.669243
4,2.215854823,2.80266,7.54015,7.54015,4.89062,4.88523,4.99894,-1.50431,-1.50043,-1.58236
4,2.215854823,4.47007,7.54015,7.54015,4.89062,4.88523,4.99894,-0.302995,-0.299111,-0.381041
4,2.521489971,3.051,7.51259,7.51259,5.38829,5.38299,5.48836,-1.68395,-1.68014,-1.75605
4,2.903533906,8.26608,7.43678,7.43678,6.01039,6.00521,6.1,1.62515,1.62889,1.56059
4,3.018147087,4.82483,7.40741,7.40741,6.19702,6.19187,6.28342,-0.988623,-0.984913,-1.05087
4,3.094555874,6.56319,7.38652,7.38652,6.32144,6.31632,6.40567,0.174174,0.177867,0.113489
4,3.132760267,6.17295,7.37572,7.37572,6.38365,6.37854,6.46678,-0.151806,-0.148121,-0.211698
4,3.209169054,4.15078,7.35349,7.35349,6.50807,6.50298,6.58896,-1.69836,-1.6947,-1.75664
4,3.209169054,4.66519,7.35349,7.35349,6.50807,6.50298,6.58896,-1.32775,-1.32408,-1.38602
4,3.209169054,6.03104,7.35349,7.35349,6.50807,6.50298,6.58896,-0.343687,-0.340018,-0.401966
4,3.896848138,8.26608,7.12689,7.12689,7.62585,7.62137,7.66168,0.461267,0.464495,0.435448
4,3.915950334,7.18404,7.12013,7.12013,7.65307,7.64897,7.68359,-0.337922,-0.334973,-0.359918
4,4.011461318,6.29712,7.08612,7.08612,7.74701,7.74524,7.75456,-1.0446,-1.04333,-1.05004
4,4.087870105,8.2306,7.05865,7.05865,7.7726,7.77242,7.76829,0.329977,0.330103,0.33308
4,4.106972302,7.55654,7.05174,7.05174,7.77339,7.77354,7.76695,-0.156233,-0.156339,-0.151595
4,4.183381089,7.73392,7.02401,7.02401,7.75991,7.76105,7.74749,-0.0187214,-0.0195421,-0.00977568
4,4.240687679,7.27273,7.00309,7.00309,7.73697,7.7386,7.72204,-0.334474,-0.33565,-0.323718
4,4.240687679,4.50554,7.00309,7.00309,7.73697,7.7386,7.72204,-2.32815,-2.32933,-2.31739
4,4.508118434,7.94678,6.90429,6.90429,7.56798,7.57053,7.55094,0.272915,0.271078,0.285197
4,4.508118434,6.38581,6.90429,6.90429,7.56798,7.57053,7.55094,-0.851723,-0.85356,-0.839441
4,4.699140401,7.50333,6.83278,6.83278,7.42856,7.43132,7.41294,0.0538644,0.0518777,0.0651189
4,4.890162369,8.54989,6.76068,6.76068,7.28672,7.28963,7.27291,0.910078,0.907984,0.920024
4,4.928366762,7.57428,6.7462,6.7462,7.25827,7.2612,7.24484,0.227677,0.225563,0.237352
4,5.023877746,6.40355,6.70993,6.70993,7.1871,7.1901,7.17462,-0.564525,-0.566688,-0.555533
4,5.062082139,7.25499,6.69539,6.69539,7.15862,7.16165,7.14652,0.0694326,0.0672502,0.0781498
4,5.11938873,8.08869,6.67355,6.67355,7.11589,7.11896,7.10436,0.700875,0.698663,0.709179
4,5.17669532,7.5388,6.65168,6.65168,7.07316,7.07627,7.06221,0.335483,0.333243,0.343374
4,5.214899713,6.7051,6.63709,6.63709,7.04467,7.04781,7.0341,-0.244649,-0.246909,-0.237035
4,5.23400191,6.26164,6.62978,6.62978,7.03042,7.03357,7.02005,-0.553885,-0.556155,-0.546409
4,5.520534862,6.29712,6.5199,6.5199,6.81672,6.82007,6.80922,-0.374361,-0.376775,-0.368958
4,5.539637058,5.10865,6.51255,6.51255,6.80248,6.80584,6.79517,-1.22036,-1.22278,-1.21509
4,5.711556829,6.52772,6.44634,6.44634,6.67425,6.67774,6.66867,-0.105574,-0.108085,-0.101554
4,5.902578797,7.60976,6.37259,6.37259,6.53178,6.5354,6.52812,0.776652,0.774044,0.779289
4,5.921680993,6.86475,6.36521,6.36521,6.51753,6.52116,6.51406,0.250157,0.24754,0.252657
4,6.036294174,7.41463,6.32088,6.32088,6.43205,6.43576,6.42973,0.707925,0.705249,0.709596
4,6.074498567,5.42794,6.30609,6.30609,6.40355,6.40729,6.40162,-0.702903,-0.705598,-0.701508
4,6.074498567,5.14412,6.30609,6.30609,6.40355,6.40729,6.40162,-0.907383,-0.910078,-0.905988
4,6.112702961,8.42572,6.2913,6.2913,6.37506,6.37883,6.37351,1.47744,1.47473,1.47856
4,6.189111748,5.39246,6.2617,6.2617,6.31807,6.32189,6.31728,-0.666877,-0.669628,-0.666309
4,6.227316141,6.95344,6.24689,6.24689,6.28958,6.29342,6.28917,0.47829,0.475521,0.478582
4,6.227316141,5.78271,6.24689,6.24689,6.28958,6.29342,6.28917,-0.365188,-0.367958,-0.364896
4,6.227316141,5.85366,6.24689,6.24689,6.28958,6.29342,6.28917,-0.314068,-0.316838,-0.313777
4,6.532951289,4.64745,6.12828,6.12828,6.06163,6.06568,6.06429,-1.01888,-1.0218,-1.02079
4,6.532951289,5.60532,6.12828,6.12828,6.06163,6.06568,6.06429,-0.328757,-0.331678,-0.330675
4,6.723973257,5.21508,6.05403,6.05403,5.91916,5.92335,5.92374,-0.507273,-0.510287,-0.510571
4,6.914995224,5.78271,5.97972,5.97972,5.77669,5.78101,5.78319,0.0043337,0.00122307,-0.000347986
4,6.914995224,5.56984,5.97972,5.97972,5.77669,5.78101,5.78319,-0.149026,-0.152137,-0.153708
4,7.029608405,6.03104,5.93511,5.93511,5.69121,5.6956,5.69886,0.24484,0.241674,0.23933
4,7.067812798,6.13747,5.92023,5.92023,5.66271,5.66714,5.67075,0.342049,0.338863,0.336262
4,7.067812798,5.78271,5.92023,5.92023,5.66271,5.66714,5.67075,0.0864494,0.0832634,0.0806627
4,7.106017192,7.84035,5.90535,5.90535,5.63422,5.63867,5.64264,1.58946,1.58625,1.58339
4,7.182425979,4.75388,5.87559,5.87559,5.57723,5.58174,5.58642,-0.593201,-0.596447,-0.599818
4,7.220630372,5.35698,5.86071,5.86071,5.54874,5.55327,5.55831,-0.138152,-0.141419,-0.145046
4,7.220630372,4.50554,5.86071,5.86071,5.54874,5.55327,5.55831,-0.751591,-0.754858,-0.758485
4,7.258834766,4.36364,5.84582,5.84582,5.52024,5.5248,5.5302,-0.833302,-0.836588,-0.840472
4,7.526265521,6.102,5.74158,5.74158,5.32078,5.32554,5.33342,0.562842,0.559415,0.553734
4,7.526265521,4.32816,5.74158,5.74158,5.32078,5.32554,5.33342,-0.715156,-0.718583,-0.724264
4,7.698185291,7.04213,5.67454,5.67454,5.19256,5.19744,5.20693,1.33256,1.32905,1.32221
4,7.908309456,6.91796,5.59256,5.59256,5.03584,5.04087,5.05232,1.35601,1.35239,1.34414
4,7.908309456,4.39911,5.59256,5.59256,5.03584,5.04087,5.05232,-0.458743,-0.462371,-0.470618
4,8.022922636,4.61197,5.54784,5.54784,4.95036,4.95548,4.96799,-0.243796,-0.247483,-0.2565
4,8.022922636,4.15078,5.54784,5.54784,4.95036,4.95548,4.96799,-0.576076,-0.579763,-0.58878
4,8.06112703,4.39911,5.53293,5.53293,4.92186,4.92701,4.93988,-0.376627,-0.380334,-0.389608
4,8.099331423,4.89579,5.51802,5.51802,4.89337,4.89854,4.91177,0.00174076,-0.00198541,-0.0115158
4,8.099331423,5.03769,5.51802,5.51802,4.89337,4.89854,4.91177,0.103981,0.100254,0.090724
4,8.213944604,4.18625,5.47328,5.47328,4.80789,4.81314,4.82744,-0.447872,-0.451656,-0.461958
4,8.213944604,3.08647,5.47328,5.47328,4.80789,4.81314,4.82744,-1.24023,-1.24401,-1.25432
4,8.213944604,3.33481,5.47328,5.47328,4.80789,4.81314,4.82744,-1.06131,-1.06509,-1.0754
4,8.2330468,4.5765,5.46582,5.46582,4.79364,4.79891,4.81339,-0.156448,-0.160241,-0.170672
4,8.519579752,4.77162,5.35396,5.35396,4.57994,4.58541,4.60256,0.138102,0.13416,0.1218
4,8.538681948,4.68293,5.3465,5.3465,4.56569,4.57117,4.58851,0.0844667,0.0805145,0.0680265
4,8.672397326,4.86031,5.29428,5.29428,4.46596,4.47154,4.49012,0.284116,0.280098,0.266709
4,8.901623687,6.03104,5.20475,5.20475,4.295,4.30074,4.32147,1.25077,1.24663,1.2317
4,9.016236867,2.55432,5.15998,5.15998,4.20953,4.21534,4.23714,-1.19253,-1.19672,-1.21242
4,9.054441261,4.70067,5.14506,5.14506,4.18103,4.18688,4.20903,0.37438,0.37017,0.354207
4,9.073543457,4.23947,5.1376,5.1376,4.16679,4.17264,4.19498,0.0523646,0.0481447,0.0320533
4,9.092645654,5.42794,5.13014,5.13014,4.15254,4.15841,4.18092,0.918887,0.914657,0.898437
4,9.092645654,4.32816,5.13014,5.13014,4.15254,4.15841,4.18092,0.126528,0.122299,0.106079
4,9.207258835,1.59645,5.08536,5.08536,4.06706,4.07302,4.0966,-1.78001,-1.78429,-1.80128
4,9.207258835,1.09978,5.08536,5.08536,4.06706,4.07302,4.0966,-2.13784,-2.14213,-2.15912
4,9.245463228,3.1929,5.07044,5.07044,4.03857,4.04455,4.06849,-0.609279,-0.613587,-0.630835
4,9.512893983,1.77384,4.96596,4.96596,3.83913,3.8453,3.87174,-1.48799,-1.49243,-1.51148
4,9.53199618,4.20399,4.95849,4.95849,3.82489,3.83107,3.85769,0.273133,0.26868,0.249503
4,9.70391595,7.29047,4.89132,4.89132,3.69669,3.70299,3.73121,2.58922,2.58468,2.56434
4,9.894937918,1.77384,4.81668,4.81668,3.55424,3.56068,3.59069,-1.28273,-1.28737,-1.30899
4,9.914040115,4.949,4.80921,4.80921,3.54,3.54645,3.57664,1.01514,1.0105,0.988749
4,10.04775549,1.63193,4.75696,4.75696,3.4403,3.44685,3.47828,-1.30288,-1.3076,-1.33024
4,10.04775549,3.22838,4.75696,4.75696,3.4403,3.44685,3.47828,-0.152684,-0.157399,-0.180045
4,10.12416428,2.09313,4.72711,4.72711,3.38334,3.38993,3.42208,-0.92956,-0.934313,-0.957473
4,10.12416428,3.58315,4.72711,4.72711,3.38334,3.38993,3.42208,0.143958,0.139205,0.116046
4,10.20057307,0.922395,4.69725,4.69725,3.32637,3.33302,3.36588,-1.732,-1.73679,-1.76046
4,10.20057307,1.20621,4.69725,4.69725,3.32637,3.33302,3.36588,-1.52752,-1.53231,-1.55598
4,10.20057307,1.59645,4.69725,4.69725,3.32637,3.33302,3.36588,-1.24636,-1.25115,-1.27482
4,10.27698185,1.41907,4.66739,4.66739,3.26941,3.27612,3.30969,-1.33312,-1.33795,-1.36214
4,10.50620821,2.62528,4.57781,4.57781,3.09856,3.10542,3.14113,-0.340987,-0.345927,-0.371654
4,10.67812798,4.23947,4.51062,4.51062,2.97046,2.97743,3.01473,0.914287,0.909262,0.882385
4,10.88825215,2.34146,4.4285,4.4285,2.81394,2.82106,2.86031,-0.340408,-0.345533,-0.373812
4,10.92645654,5.35698,4.41357,4.41357,2.7855,2.79263,2.83224,1.85268,1.84754,1.81901
4,11.04106972,0.851441,4.36878,4.36878,2.70017,2.70738,2.74804,-1.33196,-1.33715,-1.36645
4,11.06017192,3.40576,4.36132,4.36132,2.68595,2.69318,2.73401,0.518605,0.513399,0.483978
4,11.09837631,2.8204,4.34639,4.34639,2.65752,2.66477,2.70596,0.117351,0.112126,0.0824529
4,11.11747851,2.41242,4.33892,4.33892,2.6433,2.65057,2.69193,-0.166347,-0.171581,-0.20138
4,11.1938873,0.532151,4.30906,4.30906,2.58646,2.59377,2.63583,-1.48007,-1.48534,-1.51564
4,11.1938873,1.70288,4.30906,4.30906,2.58646,2.59377,2.63583,-0.636589,-0.641857,-0.672162
4,11.27029608,0.354767,4.2792,4.2792,2.52963,2.53699,2.57975,-1.56692,-1.57223,-1.60303
4,11.49952245,1.5255,4.18961,4.18961,2.35928,2.36679,2.41163,-0.600718,-0.606125,-0.638431
4,11.53772684,2.83814,4.17468,4.17468,2.33092,2.33845,2.38363,0.365437,0.360013,0.327459
4,11.72874881,4.96674,4.10002,4.10002,2.18924,2.19688,2.24376,2.00111,1.99561,1.96183
4,11.91977077,2.44789,4.02537,4.02537,2.04786,2.05561,2.10416,0.288214,0.282629,0.247652
4,12.03438395,0.141907,3.98058,3.98058,1.96322,1.97104,2.02056,-1.31221,-1.31783,-1.35351
4,12.03438395,2.02217,3.98058,3.98058,1.96322,1.97104,2.02056,0.0424715,0.0368429,0.00116342
4,12.07258835,0.922395,3.96565,3.96565,1.93505,1.94288,1.99272,-0.729589,-0.735232,-0.771142
4,12.11079274,1.38359,3.95072,3.95072,1.9069,1.91475,1.96491,-0.377027,-0.382684,-0.418823
4,12.11079274,3.01552,3.95072,3.95072,1.9069,1.91475,1.96491,0.798731,0.793074,0.756935
4,12.22540592,0.496674,3.90592,3.90592,1.82258,1.83049,1.88159,-0.95528,-0.960979,-0.997789
4,12.22540592,2.76718,3.90592,3.90592,1.82258,1.83049,1.88159,0.680557,0.674858,0.638048
4,12.53104107,0.567627,3.78648,3.78648,1.59912,1.60716,1.66056,-0.743158,-0.74895,-0.787423
4,12.53104107,2.44789,3.78648,3.78648,1.59912,1.60716,1.66056,0.61152,0.605727,0.567254
4,12.70296084,3.40576,3.7193,3.7193,1.47463,1.48272,1.53726,1.39133,1.3855,1.34621
4,12.913085,2.55432,3.63718,3.63718,1.32419,1.3323,1.38801,0.886276,0.88043,0.840299
4,13.04680038,2.92683,3.58493,3.58493,1.22974,1.23785,1.29411,1.2227,1.21686,1.17632
4,13.06590258,0,3.57747,3.57747,1.21635,1.22445,1.28078,-0.876343,-0.882182,-0.922768
4,13.10410697,0.354767,3.56254,3.56254,1.18964,1.19773,1.25419,-0.6015,-0.607334,-0.64801
4,13.12320917,1.24169,3.55507,3.55507,1.17633,1.18442,1.24093,0.0470895,0.0412595,0.000542419
4,13.21872015,1.0643,3.51775,3.51775,1.11022,1.11828,1.17501,-0.0330812,-0.038888,-0.0797655
4,13.5243553,2.18182,3.39833,3.39833,0.904921,0.91276,0.969387,0.919968,0.91432,0.873522
4,13.5243553,1.77384,3.39833,3.39833,0.904921,0.91276,0.969387,0.626028,0.620381,0.579582
4,13.69627507,3.051,3.33116,3.33116,0.794879,0.802499,0.858368,1.62547,1.61998,1.57973
4,13.92550143,2.5898,3.24161,3.24161,0.656276,0.66348,0.717363,1.39305,1.38786,1.34904
4,14.05921681,2.25277,3.18938,3.18938,0.580607,0.587493,0.639646,1.20475,1.19979,1.16221
4,14.0974212,0,3.17446,3.17446,0.55978,0.566565,0.618143,-0.403306,-0.408194,-0.445354
4,14.0974212,0.283814,3.17446,3.17446,0.55978,0.566565,0.618143,-0.198826,-0.203714,-0.240875
4,14.51766953,1.31264,3.01033,3.01033,0.357452,0.362875,0.405866,0.688185,0.684277,0.653304
4,14.7086915,6.40355,2.93574,2.93574,0.283346,0.288047,0.326046,4.40943,4.40604,4.37867
4,14.89971347,0.532151,2.86117,2.86117,0.22085,0.224819,0.257514,0.224283,0.221423,0.197868
4,15.05253104,1.70288,2.80153,2.80153,0.17893,0.182332,0.210775,1.09796,1.09551,1.07502
4,15.70200573,3.76053,2.54821,2.54821,0.0671158,0.0686274,0.0820215,2.661,2.65991,2.65026
4,15.8930277,0.0709534,2.47378,2.47378,0.0493659,0.0505152,0.0608488,0.0155532,0.0147252,0.00728008
4,16.04584527,1.91574,2.41426,2.41426,0.0384587,0.0393748,0.0477004,1.35253,1.35187,1.34587
4,16.10315186,0.86918,2.39195,2.39195,0.0349954,0.0358355,0.0435004,0.601006,0.6004,0.594878
4,16.52340019,1.5255,2.2285,2.2285,0.017357,0.0177943,0.0218887,1.08657,1.08626,1.08331
4,16.71442216,4.45233,2.15431,2.15431,0.0125728,0.0128942,0.0159463,3.19872,3.19848,3.19629
4,16.88634193,0.354767,2.08762,2.08762,0.00939309,0.00963857,0.0119719,0.248832,0.248655,0.246974
4,17.0582617,2.1286,2.02102,2.02102,0.00701099,0.00719979,0.00897777,1.52855,1.52841,1.52713
4,17.68863419,2.69623,1.77777,1.77777,0.00238687,0.00245217,0.00310663,1.94084,1.94079,1.94032
