parameter,value,CV,se_sa,rse_sa,P2.5_sa,P97.5_sa
alpha_pop,4.93e-05,
D_pop,0.326250395471019,,0.048454702247554,14.8519980114042,0.244986,0.434471
E_pop,5,
C_pop,10,
B_pop,7128.87872727687,,904.101970332004,12.6822464642677,5576.15,9113.97
ECLIPSE0_pop,9.99999999999999e-08,
BUD0_pop,0.033,
ep_pop,0.001,
Time0_pop,13.6718940565894,,5.3881626589422,39.4105062300808,0.00488071,14
omega_alpha,4.06290585368449,384143.761362883,3.07067050963673,75.5781851763082,1.29376,12.7591
omega_D,0.246944369399947,25.0757400039037,0.105854996364589,42.8659283148701,0.116416,0.523825
omega_B,0.0458413549672608,4.58654486117533,0.0795749467003713,173.587684651125,0.00764034,0.275044
omega_Time0,5.33314048845846,48.8101537575695,5.76491588489017,108.096081424559,1.28837,22.0762
a,0.00340010475821398,,0.102260549459955,3007.57055243411,9.06288e-05,0.127561
b,0.269078400473532,,0.017791696104881,6.61208631892068,0.236472,0.306181