parameter,value,CV,se_sa,rse_sa,P2.5_sa,P97.5_sa
alpha_pop,4.93e-05,
D_pop,0.323031606173125,,0.0446543859613338,13.8235346349985,0.247291,0.42197
E_pop,5,
C_pop,10,
B_pop,6948.03728439318,,25.6069517887016,0.368549429724859,6898.03,6998.41
ECLIPSE0_pop,9.99999999999999e-08,
BUD0_pop,0.033,
ep_pop,0.001,
Time0_pop,13.7857434527237,,4.68330816429047,33.9721116989537,0.0594676,14
omega_alpha,4.05597195888849,373481.748334893,3.97349064151051,97.9664228891615,1.05824,15.5455
omega_D,0.229904054767889,23.2975719257655,0.0990840952958666,43.0980199091755,0.108023,0.489304
omega_C,1.57424295432339,40.2825621826864,1.18099974945118,75.0201705656525,0.50409,4.91627
omega_B,0.00111433096117927,0.111433130714377,0.00257791013844709,231.341515963888,0.000149094,0.00832851
omega_Time0,5.51677084910138,46.8115431203083,3.86988900219423,70.1477206149425,1.85726,16.3869
a,6.82353895275175e-05,,0.101899773738795,149335.666498543,3.41e-07,0.0136542
b,0.269753228493044,,0.0177738879320587,6.58894354345679,0.237172,0.306811