parameter,value,CV,se_sa,rse_sa,P2.5_sa,P97.5_sa
alpha_pop,4.93e-05,
D_pop,0.94484883299553,,0.2975894644352,31.4959868756707,0.529966,1.68452
E_pop,5,
C_pop,10,
B_pop,9183.64842418328,,460.300980653616,5.01217990272261,8325.91,10129.8
ECLIPSE0_pop,9.99999999999999e-08,
BUD0_pop,0.033,
ep_pop,0.001,
Time0_pop,10.4623139846882,,5.68903945687537,54.3764932423304,0.00508639,13.9995
omega_alpha,11.3522581360792,9.65122531800128e+29,6.00422807598882,52.8901651461438,4.67144,27.5876
omega_D,0.583771835019986,63.7226264762919,0.213298887162613,36.5380572283537,0.30235,1.12713
omega_B,0.0176893238926978,1.76907077841366,0.0285624781726496,161.467325409991,0.00311891,0.100327
omega_Time0,6.87085489569221,77.9779751599525,6.88728009087346,100.239056062609,1.76087,26.8098
a,1.38631964332999,,0.0754202216638286,5.44031977233376,1.2464,1.54195
b,2.22044604925031e-16,,0.0189130471003351,8.517679187351e+15,3.35445e-21,1.4698e-11