id,time,y10,popPred_medianCOV,popPred,indivPred_SAEM,indivPred_mean,indivPred_mode,indWRes_SAEM,indWRes_mean,indWRes_mode
1,0,0.780488,7.55695,7.55695,3.3111,3.33767,3.33357,-1.82541,-1.84459,-1.84162
1,0,1.59645,7.55695,7.55695,3.3111,3.33767,3.33357,-1.23683,-1.256,-1.25304
1,0.667302193,5.67627,7.38533,7.38533,4.39332,4.42118,4.4144,0.925437,0.905345,0.910233
1,0.762631077,5.25055,7.35472,7.35472,4.54795,4.57599,4.56883,0.506813,0.48659,0.491754
1,1.029551954,3.22838,7.26461,7.26461,4.98091,5.00945,5.00123,-1.26416,-1.28475,-1.27881
1,1.18207817,7.3082,7.21093,7.21093,5.22832,5.25715,5.24831,1.50029,1.47949,1.48587
1,1.220209724,3.051,7.19732,7.19732,5.29017,5.31908,5.31008,-1.61519,-1.63604,-1.62956
1,1.258341277,5.32151,7.18364,7.18364,5.35203,5.381,5.37185,-0.0220136,-0.0429147,-0.0363171
1,1.258341277,5.74723,7.18364,7.18364,5.35203,5.381,5.37185,0.285073,0.264172,0.27077
1,1.315538608,5.88914,7.163,7.163,5.4448,5.47389,5.46451,0.320511,0.299532,0.306296
1,1.315538608,6.38581,7.163,7.163,5.4448,5.47389,5.46451,0.678779,0.6578,0.664564
1,1.410867493,4.15078,7.12833,7.12833,5.59944,5.6287,5.61894,-1.04497,-1.06608,-1.05904
1,1.448999047,3.37029,7.11436,7.11436,5.66129,5.69063,5.68071,-1.65258,-1.67374,-1.66659
1,1.468064824,8.17738,7.10737,7.10737,5.69221,5.72159,5.71159,1.79264,1.77145,1.77866
1,1.601525262,5.32151,7.05808,7.05808,5.9087,5.93833,5.92778,-0.423561,-0.444932,-0.437327
1,1.67778837,6.45676,7.0297,7.0297,6.0324,6.06218,6.05132,0.306104,0.284629,0.292463
1,1.754051478,4.15078,7.00118,7.00118,6.15611,6.18603,6.17484,-1.44652,-1.4681,-1.46003
1,1.754051478,4.61197,7.00118,7.00118,6.15611,6.18603,6.17484,-1.11384,-1.13542,-1.12735
1,1.754051478,8.15965,7.00118,7.00118,6.15611,6.18603,6.17484,1.44522,1.42364,1.4317
1,1.811248808,6.79379,6.97972,6.97972,6.24889,6.27891,6.26749,0.393057,0.371399,0.37964
1,1.982840801,3.29933,6.91497,6.91497,6.52723,6.55758,6.5454,-2.32839,-2.35028,-2.3415
1,1.982840801,6.38581,6.91497,6.91497,6.52723,6.55758,6.5454,-0.102009,-0.123901,-0.115119
1,2.020972355,5.14412,6.90051,6.90051,6.58908,6.6195,6.60715,-1.0423,-1.06424,-1.05533
1,2.020972355,6.66962,6.90051,6.90051,6.58908,6.6195,6.60715,0.058099,0.0361548,0.0450615
1,2.097235462,7.20177,6.87154,6.87154,6.71278,6.74335,6.73065,0.352725,0.330676,0.339839
1,2.135367016,5.1796,6.85703,6.85703,6.77464,6.80528,6.79239,-1.15055,-1.17266,-1.16336
1,2.230695901,6.31486,6.82067,6.82067,6.92927,6.96009,6.94672,-0.443198,-0.465429,-0.455782
1,2.249761678,7.80488,6.81338,6.81338,6.9602,6.99105,6.97758,0.609298,0.587041,0.596762
1,2.249761678,7.48559,6.81338,6.81338,6.9602,6.99105,6.97758,0.378983,0.356726,0.366447
1,2.326024786,5.46341,6.78421,6.78421,7.0839,7.1149,7.10099,-1.16891,-1.19127,-1.18124
1,2.326024786,7.27273,6.78421,6.78421,7.0839,7.1149,7.10099,0.136207,0.113845,0.123883
1,2.364156339,6.13747,6.7696,6.7696,7.14575,7.17683,7.16267,-0.727308,-0.749722,-0.73951
1,2.402287893,5.74723,6.75497,6.75497,7.20761,7.23875,7.22433,-1.05342,-1.07589,-1.06549
1,2.440419447,6.03104,6.74033,6.74033,7.26946,7.30068,7.28597,-0.893313,-0.915831,-0.90522
1,2.459485224,8.15965,6.73301,6.73301,7.30039,7.33164,7.31677,0.619814,0.59727,0.607995
1,2.592945663,7.59202,6.68167,6.68167,7.51686,7.54837,7.53172,0.0542114,0.0314855,0.0434976
1,2.66920877,8.12417,6.65227,6.65227,7.6363,7.66196,7.64673,0.351917,0.333404,0.344391
1,2.745471878,8.37251,6.62283,6.62283,7.71752,7.73074,7.72234,0.472466,0.462931,0.468985
1,2.745471878,7.41463,6.62283,6.62283,7.71752,7.73074,7.72234,-0.218479,-0.228015,-0.221961
1,2.764537655,5.67627,6.61547,6.61547,7.72997,7.74026,7.73363,-1.4814,-1.48882,-1.48404
1,2.802669209,5.8714,6.60073,6.60073,7.7462,7.75122,7.74789,-1.35236,-1.35598,-1.35358
1,2.974261201,5.92461,6.53433,6.53433,7.7187,7.71077,7.71637,-1.29414,-1.28841,-1.29246
1,2.974261201,7.62749,6.53433,6.53433,7.7187,7.71077,7.71637,-0.065793,-0.0600667,-0.0641121
1,2.974261201,6.68736,6.53433,6.53433,7.7187,7.71077,7.71637,-0.743943,-0.738217,-0.742262
1,3.012392755,6.102,6.51955,6.51955,7.69963,7.69055,7.69708,-1.15243,-1.14588,-1.15059
1,3.012392755,7.98226,6.51955,6.51955,7.69963,7.69055,7.69708,0.20387,0.210423,0.20571
1,3.088655863,6.77605,6.48998,6.48998,7.65514,7.64471,7.65248,-0.634115,-0.626594,-0.6322
1,3.16491897,6.31486,6.46039,6.46039,7.60562,7.59462,7.60313,-0.931073,-0.923135,-0.929277
1,3.203050524,7.48559,6.44558,6.44558,7.57978,7.56865,7.57743,-0.0679435,-0.0599158,-0.0662481
1,3.241182078,8.37251,6.43077,6.43077,7.55347,7.54229,7.55129,0.590796,0.598863,0.592372
1,3.241182078,8.2306,6.43077,6.43077,7.55347,7.54229,7.55129,0.488434,0.4965,0.49001
1,3.241182078,6.95344,6.43077,6.43077,7.55347,7.54229,7.55129,-0.432827,-0.42476,-0.431251
1,3.317445186,4.82483,6.40113,6.40113,7.49995,7.4888,7.49814,-1.92965,-1.92161,-1.92835
1,3.317445186,8.08869,6.40113,6.40113,7.49995,7.4888,7.49814,0.424682,0.432726,0.425983
1,3.317445186,7.7694,6.40113,6.40113,7.49995,7.4888,7.49814,0.194366,0.202411,0.195668
1,3.35557674,5.96009,6.3863,6.3863,7.47289,7.46179,7.47129,-1.09123,-1.08323,-1.09008
1,3.35557674,5.39246,6.3863,6.3863,7.47289,7.46179,7.47129,-1.50068,-1.49268,-1.49953
1,3.393708294,8.2306,6.37147,6.37147,7.4457,7.43469,7.44431,0.566177,0.57412,0.567175
1,3.393708294,6.95344,6.37147,6.37147,7.4457,7.43469,7.44431,-0.355083,-0.347141,-0.354086
1,3.469971401,7.55654,6.3418,6.3418,7.39106,7.38025,7.39012,0.119366,0.127164,0.120045
1,3.469971401,7.27273,6.3418,6.3418,7.39106,7.38025,7.39012,-0.0853591,-0.0775602,-0.0846798
1,3.508102955,9.15299,6.32696,6.32696,7.36366,7.35296,7.36295,1.29071,1.29842,1.29122
1,3.546234509,6.95344,6.31211,6.31211,7.33623,7.32564,7.33574,-0.276119,-0.268486,-0.275767
1,3.584366063,7.59202,6.29726,6.29726,7.30876,7.2983,7.30851,0.20432,0.211866,0.204507
1,3.698760724,8.33703,6.25268,6.25268,7.22628,7.2162,7.22672,0.801218,0.80849,0.800905
1,3.736892278,8.01774,6.23782,6.23782,7.19877,7.18882,7.19944,0.590748,0.597927,0.590268
1,3.775023832,5.49889,6.22295,6.22295,7.17126,7.16143,7.17215,-1.20633,-1.19925,-1.20698
1,3.775023832,7.00665,6.22295,6.22295,7.17126,7.16143,7.17215,-0.118734,-0.111649,-0.119382
1,3.813155386,4.75388,6.20808,6.20808,7.14373,7.13404,7.14486,-1.72388,-1.71689,-1.7247
1,3.889418494,8.58537,6.17833,6.17833,7.08868,7.07926,7.09028,1.07961,1.08641,1.07846
1,3.908484271,8.85144,6.17089,6.17089,7.07492,7.06556,7.07663,1.28147,1.28822,1.28023
1,3.965681602,7.37916,6.14857,6.14857,7.03363,7.02446,7.03569,0.249242,0.255853,0.247754
1,3.965681602,5.81818,6.14857,6.14857,7.03363,7.02446,7.03569,-0.876743,-0.870132,-0.878231
1,3.965681602,6.63415,6.14857,6.14857,7.03363,7.02446,7.03569,-0.28816,-0.281549,-0.289648
1,4.003813155,6.84701,6.13369,6.13369,7.0061,6.99707,7.00839,-0.114758,-0.108242,-0.116415
1,4.003813155,6.98891,6.13369,6.13369,7.0061,6.99707,7.00839,-0.0123962,-0.00588017,-0.0140525
1,4.061010486,8.03548,6.11136,6.11136,6.9648,6.95597,6.96745,0.772313,0.778687,0.770404
1,4.156339371,8.26608,6.07413,6.07413,6.89598,6.88747,6.89921,0.988299,0.994434,0.985969
1,4.194470925,7.96452,6.05924,6.05924,6.86845,6.86007,6.87191,0.790638,0.796678,0.78814
1,4.232602479,7.1663,6.04434,6.04434,6.84091,6.83267,6.84461,0.23471,0.240654,0.232043
1,4.232602479,7.69845,6.04434,6.04434,6.84091,6.83267,6.84461,0.618568,0.624513,0.615902
1,4.289799809,8.07095,6.022,6.022,6.79962,6.79158,6.80366,0.917058,0.922859,0.914139
1,4.308865586,6.13747,6.01455,6.01455,6.78585,6.77788,6.79001,-0.467699,-0.461946,-0.470701
1,4.308865586,6.66962,6.01455,6.01455,6.78585,6.77788,6.79001,-0.08384,-0.0780869,-0.0868427
1,4.327931363,8.26608,6.00709,6.00709,6.77209,6.76418,6.77637,1.07767,1.08337,1.07458
1,4.327931363,5.78271,6.00709,6.00709,6.77209,6.76418,6.77637,-0.713675,-0.70797,-0.716762
1,4.327931363,6.26164,6.00709,6.00709,6.77209,6.76418,6.77637,-0.368202,-0.362497,-0.371289
1,4.34699714,7.62749,5.99964,5.99964,6.75832,6.75048,6.76272,0.626965,0.632622,0.623794
1,4.385128694,6.77605,5.98474,5.98474,6.73079,6.72308,6.73542,0.0326504,0.0382117,0.0293112
1,4.423260248,6.91796,5.96984,5.96984,6.70326,6.69568,6.70812,0.154872,0.160338,0.151365
1,4.461391802,7.02439,5.95493,5.95493,6.67573,6.66828,6.68082,0.251503,0.256873,0.247827
1,4.499523356,7.52106,5.94002,5.94002,6.6482,6.64088,6.65352,0.62963,0.634904,0.625787
1,4.59485224,8.01774,5.90274,5.90274,6.57937,6.57239,6.58528,1.03755,1.04258,1.03328
1,4.652049571,7.66297,5.88037,5.88037,6.53807,6.53129,6.54433,0.81143,0.816321,0.806914
1,4.747378456,7.18404,5.84308,5.84308,6.46924,6.46279,6.47609,0.515606,0.520259,0.510669
1,4.766444233,4.36364,5.83563,5.83563,6.45548,6.44909,6.46244,-1.50892,-1.50431,-1.51394
1,4.804575786,4.75388,5.82071,5.82071,6.42794,6.42169,6.43514,-1.20756,-1.20305,-1.21275
1,4.880838894,8.01774,5.79087,5.79087,6.37288,6.36689,6.38054,1.18649,1.19081,1.18097
1,4.957102002,5.07317,5.76102,5.76102,6.31782,6.31209,6.32594,-0.897807,-0.893677,-0.903669
1,4.995233556,3.5122,5.7461,5.7461,6.29028,6.28469,6.29865,-2.00393,-1.9999,-2.00996
1,4.995233556,6.88248,5.7461,5.7461,6.29028,6.28469,6.29865,0.427173,0.431207,0.421142
1,4.995233556,7.02439,5.7461,5.7461,6.29028,6.28469,6.29865,0.529535,0.533569,0.523504
1,4.995233556,7.27273,5.7461,5.7461,6.29028,6.28469,6.29865,0.708669,0.712703,0.702638
1,4.995233556,6.17295,5.7461,5.7461,6.29028,6.28469,6.29865,-0.0846385,-0.0806049,-0.09067
1,5.03336511,7.52106,5.73117,5.73117,6.26275,6.25729,6.27135,0.907663,0.911601,0.901463
1,5.03336511,5.46341,5.73117,5.73117,6.26275,6.25729,6.27135,-0.576591,-0.572653,-0.58279
1,5.071496663,5.96009,5.71625,5.71625,6.23522,6.2299,6.24405,-0.198464,-0.194621,-0.204831
1,5.147759771,7.41463,5.6864,5.6864,6.18016,6.1751,6.18945,0.890468,0.89412,0.883765
1,5.147759771,5.28603,5.6864,5.6864,6.18016,6.1751,6.18945,-0.644967,-0.641314,-0.65167
1,5.224022879,5.07317,5.65654,5.65654,6.1251,6.1203,6.13486,-0.758792,-0.755329,-0.765831
1,5.300285987,7.94678,5.62668,5.62668,6.07004,6.0655,6.08026,1.35376,1.35704,1.34639
1,5.300285987,7.20177,5.62668,5.62668,6.07004,6.0655,6.08026,0.816361,0.819633,0.808986
1,5.319351764,2.44789,5.61921,5.61921,6.05627,6.0518,6.06661,-2.60285,-2.59962,-2.61031
1,5.319351764,6.56319,5.61921,5.61921,6.05627,6.0518,6.06661,0.36566,0.368885,0.358201
1,5.338417541,3.68958,5.61175,5.61175,6.04251,6.0381,6.05296,-1.69725,-1.69407,-1.70479
1,5.338417541,6.11973,5.61175,5.61175,6.04251,6.0381,6.05296,0.0557073,0.0588843,0.0481644
1,5.338417541,5.74723,5.61175,5.61175,6.04251,6.0381,6.05296,-0.212994,-0.209817,-0.220537
1,5.376549094,5.46341,5.59682,5.59682,6.01497,6.0107,6.02566,-0.397859,-0.394777,-0.40557
1,5.395614871,6.03104,5.58935,5.58935,6.00121,5.997,6.01202,0.0215195,0.0245537,0.0137246
1,5.452812202,6.97118,5.56695,5.56695,5.95991,nan,5.97107,0.729458,nan,0.721412
1,5.452812202,4.47007,5.56695,5.56695,5.95991,nan,5.97107,-1.07468,nan,-1.08272
1,5.510009533,7.23725,5.54455,5.54455,5.91862,nan,5.93012,0.951176,nan,0.942878
1,5.52907531,6.75831,5.53709,5.53709,5.90485,nan,5.91647,0.615633,nan,0.60725
1,5.605338418,7.62749,5.50722,5.50722,5.84979,nan,5.86188,1.28232,nan,1.2736
1,5.605338418,6.56319,5.50722,5.50722,5.84979,nan,5.86188,0.514603,nan,0.505885
1,5.643469971,5.32151,5.49228,5.49228,5.82226,nan,5.83458,-0.361208,nan,-0.370094
1,5.681601525,7.73392,5.47735,5.47735,5.79473,nan,5.80728,1.39881,nan,1.38976
1,5.681601525,5.56984,5.47735,5.47735,5.79473,nan,5.80728,-0.162215,nan,-0.171269
1,5.738798856,3.26386,5.45494,5.45494,5.75343,nan,5.76633,-1.79581,nan,-1.80512
1,5.757864633,6.35033,5.44747,5.44747,5.73966,nan,5.75268,0.440497,nan,0.431106
1,5.834127741,5.10865,5.4176,5.4176,5.6846,nan,5.69809,-0.415454,nan,-0.425182
1,5.872259295,6.45676,5.40266,5.40266,5.65707,nan,5.67079,0.576848,nan,0.566951
1,5.929456625,0.674058,5.38025,5.38025,5.61577,nan,5.62984,-3.56463,nan,-3.57478
1,5.929456625,5.90687,5.38025,5.38025,5.61577,nan,5.62984,0.209983,nan,0.199834
1,5.948522402,5.46341,5.37278,5.37278,5.602,nan,5.61619,-0.099969,nan,-0.110202
1,5.986653956,4.1153,5.35784,5.35784,5.57447,nan,5.58889,-1.05255,nan,-1.06295
1,6.02478551,5.1796,5.3429,5.3429,5.54694,nan,5.56159,-0.264974,nan,-0.275545
1,6.062917064,3.97339,5.32796,5.32796,5.51941,nan,5.5343,-1.11519,nan,-1.12593
1,6.081982841,3.77827,5.32049,5.32049,5.50564,nan,5.52065,-1.24601,nan,-1.25684
1,6.101048618,4.93126,5.31302,5.31302,5.49188,nan,5.507,-0.404389,nan,-0.415296
1,6.139180172,6.35033,5.29808,5.29808,5.46434,nan,5.4797,0.639094,nan,0.628018
1,6.139180172,6.102,5.29808,5.29808,5.46434,nan,5.4797,0.45996,nan,0.448884
1,6.234509056,5.97783,5.26073,5.26073,5.39552,nan,5.41145,0.420042,nan,0.408545
1,6.253574833,5.81818,5.25326,5.25326,5.38175,nan,5.3978,0.314814,nan,0.303233
1,6.253574833,5.00222,5.25326,5.25326,5.38175,nan,5.3978,-0.27377,nan,-0.28535
1,6.291706387,3.90244,5.23831,5.23831,5.35422,nan,5.37051,-1.04722,nan,-1.05897
1,6.291706387,3.6541,5.23831,5.23831,5.35422,nan,5.37051,-1.22635,nan,-1.2381
1,6.329837941,6.91796,5.22337,5.22337,5.32669,nan,5.34321,1.14784,nan,1.13592
1,6.329837941,4.15078,5.22337,5.22337,5.32669,nan,5.34321,-0.848224,nan,-0.860142
1,6.348903718,6.4745,5.2159,5.2159,5.31292,nan,5.32956,0.837888,nan,0.825886
1,6.367969495,6.03104,5.20843,5.20843,5.29915,nan,5.31591,0.527936,nan,0.51585
1,6.406101049,4.64745,5.19349,5.19349,5.27162,nan,5.28861,-0.450237,nan,-0.462492
1,6.406101049,4.43459,5.19349,5.19349,5.27162,nan,5.28861,-0.60378,nan,-0.616035
1,6.444232602,7.13082,5.17854,5.17854,5.24409,nan,5.26131,1.36096,nan,1.34854
1,6.444232602,2.98004,5.17854,5.17854,5.24409,nan,5.26131,-1.63313,nan,-1.64556
1,6.52049571,4.15078,5.14866,5.14866,5.18903,nan,5.20672,-0.748926,nan,-0.761687
1,6.52049571,4.96674,5.14866,5.14866,5.18903,nan,5.20672,-0.160343,nan,-0.173103
1,6.596758818,4.29268,5.11877,5.11877,5.13396,nan,5.15212,-0.606845,nan,-0.619942
1,6.615824595,5.25055,5.1113,5.1113,5.1202,nan,5.13847,0.0940306,nan,0.0808485
1,6.634890372,5.03769,5.10383,5.10383,5.10643,nan,5.12482,-0.0495831,nan,-0.0628494
1,6.673021926,5.60532,5.08888,5.08888,5.0789,nan,5.09753,0.379726,nan,0.366291
1,6.749285033,3.58315,5.05899,5.05899,5.02384,nan,5.04293,-1.03922,nan,-1.05299
1,6.787416587,4.5765,5.04405,5.04405,4.99631,nan,5.01563,-0.302823,nan,-0.316763
1,6.787416587,5.00222,5.04405,5.04405,4.99631,nan,5.01563,0.0042644,nan,-0.00967627
1,6.863679695,5.92461,5.01416,5.01416,4.94124,nan,4.96104,0.709338,nan,0.695061
1,6.882745472,4.77162,5.00668,5.00668,4.92748,nan,4.94739,-0.112426,nan,-0.126788
1,6.95900858,5.12639,4.97679,4.97679,4.87241,nan,4.89279,0.183199,nan,0.1685
1,6.978074357,2.60754,4.96932,4.96932,4.85865,nan,4.87914,-1.6238,nan,-1.63859
1,6.978074357,6.06652,4.96932,4.96932,4.85865,nan,4.87914,0.871279,nan,0.856496
1,6.978074357,4.00887,4.96932,4.96932,4.85865,nan,4.87914,-0.612974,nan,-0.627758
1,6.978074357,3.90244,4.96932,4.96932,4.85865,nan,4.87914,-0.689746,nan,-0.70453
1,6.978074357,3.68958,4.96932,4.96932,4.85865,nan,4.87914,-0.843289,nan,-0.858073
1,7.01620591,5.55211,4.95437,4.95437,4.83112,nan,4.85184,0.520075,nan,0.505123
1,7.01620591,3.49446,4.95437,4.95437,4.83112,nan,4.85184,-0.964179,nan,-0.97913
1,7.054337464,3.83149,4.93943,4.93943,4.80359,nan,4.82455,-0.70121,nan,-0.716329
1,7.092469018,5.33925,4.92448,4.92448,4.77606,nan,4.79725,0.406249,nan,0.390961
1,7.092469018,4.64745,4.92448,4.92448,4.77606,nan,4.79725,-0.0927674,nan,-0.108055
1,7.20686368,3.40576,4.87964,4.87964,4.69346,nan,4.71536,-0.928861,nan,-0.944653
1,7.244995234,3.22838,4.8647,4.8647,4.66593,nan,4.68806,-1.03696,nan,-1.05291
1,7.244995234,5.97783,4.8647,4.8647,4.66593,nan,4.68806,0.946315,nan,0.930355
1,7.283126787,3.86696,4.84975,4.84975,4.6384,nan,4.66076,-0.556466,nan,-0.572594
1,7.321258341,2.87361,4.8348,4.8348,4.61087,nan,4.63346,-1.25314,nan,-1.26944
1,7.321258341,5.32151,4.8348,4.8348,4.61087,nan,4.63346,0.512607,nan,0.496311
1,7.321258341,4.25721,4.8348,4.8348,4.61087,nan,4.63346,-0.25511,nan,-0.271407
1,7.321258341,3.97339,4.8348,4.8348,4.61087,nan,4.63346,-0.459835,nan,-0.476131
1,7.359389895,3.72506,4.81986,4.81986,4.58334,nan,4.60616,-0.61911,nan,-0.635575
1,7.359389895,4.7184,4.81986,4.81986,4.58334,nan,4.60616,0.097426,nan,0.0809615
1,7.397521449,4.07982,4.80491,4.80491,4.55581,nan,4.57887,-0.343345,nan,-0.359978
1,7.435653003,3.97339,4.78996,4.78996,4.52828,nan,4.55157,-0.400258,nan,-0.417059
1,7.473784557,3.29933,4.77502,4.77502,4.50075,nan,4.52427,-0.86662,nan,-0.88359
1,7.473784557,5.88914,4.77502,4.77502,4.50075,nan,4.52427,1.00149,nan,0.984522
1,7.511916111,3.86696,4.76007,4.76007,4.47322,nan,4.49698,-0.437312,nan,-0.45445
1,7.607244995,1.04656,4.7227,4.7227,4.40439,nan,4.42873,-2.42211,nan,-2.43967
1,7.607244995,2.55432,4.7227,4.7227,4.40439,nan,4.42873,-1.33452,nan,-1.35208
1,7.626310772,4.1153,4.71523,4.71523,4.39062,nan,4.41508,-0.1986,nan,-0.216244
1,7.626310772,3.97339,4.71523,4.71523,4.39062,nan,4.41508,-0.300963,nan,-0.318607
1,7.664442326,4.7184,4.70028,4.70028,4.36309,nan,4.38779,0.256298,nan,0.238486
1,7.740705434,3.58315,4.67038,4.67038,4.30803,nan,4.33319,-0.522884,nan,-0.541032
1,7.740705434,5.35698,4.67038,4.67038,4.30803,nan,4.33319,0.756645,nan,0.738497
1,7.778836988,3.22838,4.65544,4.65544,4.2805,nan,4.30589,-0.758931,nan,-0.777247
1,7.797902765,4.27494,4.64796,4.64796,4.26674,nan,4.29225,0.00591989,nan,-0.0124803
1,7.912297426,5.42794,4.60312,4.60312,4.18415,nan,4.21036,0.897188,nan,0.878284
1,7.931363203,4.86031,4.59564,4.59564,4.17038,nan,4.19671,0.497668,nan,0.47868
1,7.969494757,0.461197,4.5807,4.5807,4.14285,nan,4.16941,-2.65571,nan,-2.67486
1,7.969494757,3.44124,4.5807,4.5807,4.14285,nan,4.16941,-0.506097,nan,-0.525253
1,7.969494757,2.83814,4.5807,4.5807,4.14285,nan,4.16941,-0.941137,nan,-0.960293
1,7.988560534,1.54324,4.57322,4.57322,4.12909,nan,4.15576,-1.86526,nan,-1.8845
1,8.007626311,3.33481,4.56575,4.56575,4.11532,nan,4.14211,-0.563011,nan,-0.582335
1,8.026692088,4.55876,4.55827,4.55827,4.10156,nan,4.12847,0.329793,nan,0.310385
1,8.083889418,3.86696,4.53585,4.53585,4.06027,nan,4.08752,-0.139437,nan,-0.159097
1,8.083889418,2.55432,4.53585,4.53585,4.06027,nan,4.08752,-1.08629,nan,-1.10595
1,8.141086749,1.38359,4.51343,4.51343,4.01897,nan,4.04658,-1.90099,nan,-1.9209
1,8.160152526,1.84479,4.50596,4.50596,4.00521,nan,4.03293,-1.55838,nan,-1.57838
1,8.236415634,4.00887,4.47606,4.47606,3.95015,nan,3.97834,0.0423551,nan,0.0220232
1,8.236415634,2.16408,4.47606,4.47606,3.95015,nan,3.97834,-1.28835,nan,-1.30869
1,8.236415634,4.7184,4.47606,4.47606,3.95015,nan,3.97834,0.554167,nan,0.533835
1,8.312678742,2.98004,4.44616,4.44616,3.8951,nan,3.92375,-0.660058,nan,-0.680726
1,8.312678742,5.25055,4.44616,4.44616,3.8951,nan,3.92375,0.977739,nan,0.957071
1,8.331744519,1.20621,4.43869,4.43869,3.88133,nan,3.9101,-1.92966,nan,-1.95041
1,8.350810296,4.00887,4.43121,4.43121,3.86757,nan,3.89645,0.101926,nan,0.0810896
1,8.350810296,3.47672,4.43121,4.43121,3.86757,nan,3.89645,-0.281933,nan,-0.302769
1,8.369876072,2.80266,4.42374,4.42374,3.8538,nan,3.88281,-0.758225,nan,-0.779146
1,8.408007626,2.19956,4.40879,4.40879,3.82628,nan,3.85551,-1.17341,nan,-1.1945
1,8.465204957,2.30599,4.38637,4.38637,3.78499,nan,3.81457,-1.06685,nan,-1.08819
1,8.465204957,5.32151,4.38637,4.38637,3.78499,nan,3.81457,1.10835,nan,1.08701
1,8.503336511,2.44789,4.37142,4.37142,3.75746,nan,3.78728,-0.944634,nan,-0.966143
1,8.579599619,2.94457,4.34152,4.34152,3.70241,nan,3.73269,-0.546654,nan,-0.568499
1,8.598665396,2.23503,4.33405,4.33405,3.68864,nan,3.71904,-1.04854,nan,-1.07047
1,8.617731173,3.5122,4.32657,4.32657,3.67488,nan,3.7054,-0.11735,nan,-0.139363
1,8.617731173,2.76718,4.32657,4.32657,3.67488,nan,3.7054,-0.654752,nan,-0.676765
1,8.732125834,5.62306,4.28173,4.28173,3.5923,nan,3.62352,1.46485,nan,1.44234
1,8.751191611,3.08647,4.27425,4.27425,3.57854,nan,3.60987,-0.354945,nan,-0.377546
1,8.808388942,3.90244,4.25183,4.25183,3.53726,nan,3.56894,0.26342,nan,0.240566
1,8.88465205,6.66962,4.22194,4.22194,3.48221,nan,3.51436,2.29919,nan,2.276
1,8.903717827,7.02439,4.21446,4.21446,3.46845,nan,3.50071,2.56502,nan,2.54175
1,8.94184938,1.54324,4.19951,4.19951,3.44093,nan,3.47342,-1.36887,nan,-1.39231
1,8.979980934,2.55432,4.18456,4.18456,3.4134,nan,3.44613,-0.619684,nan,-0.643293
1,8.979980934,5.28603,4.18456,4.18456,3.4134,nan,3.44613,1.35079,nan,1.32718
1,9.037178265,1.17073,4.16214,4.16214,3.37212,nan,3.4052,-1.58794,nan,-1.6118
1,9.075309819,4.15078,4.14719,4.14719,3.3446,nan,3.37791,0.58152,nan,0.557491
1,9.151572927,3.68958,4.1173,4.1173,3.28956,nan,3.32334,0.288544,nan,0.264178
1,9.151572927,1.38359,4.1173,4.1173,3.28956,nan,3.32334,-1.37484,nan,-1.39921
1,9.208770257,1.11752,4.09487,4.09487,3.24829,nan,3.28242,-1.537,nan,-1.56162
1,9.246901811,1.72062,4.07992,4.07992,3.22077,nan,3.25513,-1.08211,nan,-1.1069
1,9.304099142,4.15078,4.0575,4.0575,3.1795,nan,3.21421,0.700612,nan,0.675578
1,9.304099142,2.94457,4.0575,4.0575,3.1795,nan,3.21421,-0.169467,nan,-0.194502
1,9.304099142,2.73171,4.0575,4.0575,3.1795,nan,3.21421,-0.323011,nan,-0.348045
1,9.304099142,1.88027,4.0575,4.0575,3.1795,nan,3.21421,-0.937184,nan,-0.962219
1,9.342230696,3.40576,4.04255,4.04255,3.15199,nan,3.18693,0.183057,nan,0.157854
1,9.342230696,2.51885,4.04255,4.04255,3.15199,nan,3.18693,-0.456708,nan,-0.48191
1,9.456625357,4.39911,3.99771,3.99771,3.06946,nan,3.10509,0.959127,nan,0.933421
1,9.475691134,1.91574,3.99023,3.99023,3.0557,nan,3.09145,-0.822292,nan,-0.848081
1,9.532888465,2.76718,3.96781,3.96781,3.01444,nan,3.05054,-0.178356,nan,-0.204396
1,9.571020019,1.0643,3.95286,3.95286,2.98694,nan,3.02327,-1.38686,nan,-1.41307
1,9.571020019,1.73836,3.95286,3.95286,2.98694,nan,3.02327,-0.900643,nan,-0.92685
1,9.609151573,0.248337,3.93792,3.93792,2.95944,nan,2.996,-1.95561,nan,-1.98198
1,9.666348904,2.02217,3.91549,3.91549,2.91818,nan,2.95509,-0.646324,nan,-0.672948
1,9.723546235,3.58315,3.89307,3.89307,2.87694,nan,2.91419,0.509413,nan,0.48254
1,9.742612011,4.54102,3.8856,3.8856,2.86319,nan,2.90056,1.21028,nan,1.18332
1,9.818875119,4.20399,3.8557,3.8557,2.80821,nan,2.84604,1.00683,nan,0.979538
1,9.87607245,4.96674,3.83328,3.83328,2.76698,nan,2.80515,1.58676,nan,1.55923
1,9.971401335,7.21951,3.79591,3.79591,2.69827,nan,2.73702,3.26132,nan,3.23337
1,9.990467112,3.1929,3.78844,3.78844,2.68454,nan,2.7234,0.366703,nan,0.33867
1,10.06673022,1.84479,3.75854,3.75854,2.62959,nan,2.66891,-0.566107,nan,-0.594469
1,10.06673022,2.94457,3.75854,3.75854,2.62959,nan,2.66891,0.227201,nan,0.198839
1,10.14299333,1.02882,3.72865,3.72865,2.57467,nan,2.61444,-1.11507,nan,-1.14376
1,10.21925643,1.41907,3.69875,3.69875,2.51976,nan,2.55999,-0.793968,nan,-0.822983
1,10.21925643,1.91574,3.69875,3.69875,2.51976,nan,2.55999,-0.4357,nan,-0.464715
1,10.29551954,2.62528,3.66886,3.66886,2.46488,nan,2.50555,0.115701,nan,0.0863631
1,10.3336511,0.31929,3.65391,3.65391,2.43744,nan,2.47834,-1.5279,nan,-1.5574
1,10.3336511,0.709534,3.65391,3.65391,2.43744,nan,2.47834,-1.2464,nan,-1.2759
1,10.3336511,1.84479,3.65391,3.65391,2.43744,nan,2.47834,-0.427502,nan,-0.457002
1,10.3336511,2.80266,3.65391,3.65391,2.43744,nan,2.47834,0.263443,nan,0.233944
1,10.37178265,2.30599,3.63897,3.63897,2.41002,nan,2.45114,-0.0750402,nan,-0.104701
1,10.4099142,2.73171,3.62402,3.62402,2.3826,nan,2.42394,0.251827,nan,0.222005
1,10.44804576,3.4235,3.60907,3.60907,2.35518,nan,2.39675,0.770618,nan,0.740636
1,10.44804576,2.02217,3.60907,3.60907,2.35518,nan,2.39675,-0.24021,nan,-0.270192
1,10.56244042,0,3.56424,3.56424,2.27299,nan,2.31521,-1.63958,nan,-1.67004
1,10.60057197,3.29933,3.54929,3.54929,2.24561,nan,2.28805,0.76009,nan,0.729474
1,10.60057197,1.73836,3.54929,3.54929,2.24561,nan,2.28805,-0.365895,nan,-0.396511
1,10.67683508,2.98004,3.5194,3.5194,2.19088,nan,2.23375,0.569254,nan,0.538325
1,10.71496663,1.73836,3.50445,3.50445,2.16353,nan,2.20662,-0.306689,nan,-0.337772
1,10.73403241,3.37029,3.49698,3.49698,2.14986,nan,2.19306,0.880338,nan,0.849177
1,10.81029552,3.1929,3.46709,3.46709,2.09521,nan,2.13883,0.791804,nan,0.760338
1,10.88655863,6.42129,3.4372,3.4372,2.04062,nan,2.08466,3.15993,nan,3.12816
1,10.9056244,3.051,3.42973,3.42973,2.02698,nan,2.07112,0.738659,nan,0.706816
1,10.94375596,0.390244,3.41478,3.41478,1.99971,nan,2.04407,-1.16097,nan,-1.19296
1,10.94375596,1.02882,3.41478,3.41478,1.99971,nan,2.04407,-0.700336,nan,-0.732328
1,10.96282173,1.27716,3.40731,3.40731,1.98609,nan,2.03054,-0.511373,nan,-0.543439
1,11.05815062,2.23503,3.36995,3.36995,1.91803,nan,1.96298,0.228665,nan,0.196238
1,11.05815062,1.95122,3.36995,3.36995,1.91803,nan,1.96298,0.0239405,nan,-0.00848653
1,11.09628217,0.177384,3.35501,3.35501,1.89084,nan,1.93599,-1.23598,nan,-1.26855
1,11.13441373,2.19956,3.34007,3.34007,1.86368,nan,1.90902,0.242282,nan,0.209573
1,11.22974261,2.53659,3.30271,3.30271,1.79587,nan,1.84169,0.534306,nan,0.501255
1,11.24880839,0.603104,3.29524,3.29524,1.78232,nan,1.82824,-0.850612,nan,-0.88373
1,11.30600572,4.38137,3.27282,3.27282,1.74174,nan,1.78793,1.90406,nan,1.87074
1,11.3250715,0,3.26535,3.26535,1.72823,nan,1.7745,-1.24663,nan,-1.28001
1,11.3250715,0.886918,3.26535,3.26535,1.72823,nan,1.7745,-0.606867,nan,-0.640246
1,11.3250715,2.80266,3.26535,3.26535,1.72823,nan,1.7745,0.775024,nan,0.741645
1,11.36320305,1.45455,3.25041,3.25041,1.70123,nan,1.74768,-0.177941,nan,-0.211447
1,11.4013346,1.0643,3.23547,3.23547,1.67426,nan,1.72088,-0.439986,nan,-0.473615
1,11.43946616,1.59645,3.22053,3.22053,1.64733,nan,1.69412,-0.0367018,nan,-0.0704519
1,11.55386082,0.957871,3.17571,3.17571,1.56678,nan,1.61405,-0.439229,nan,-0.473321
1,11.59199237,1.24169,3.16077,3.16077,1.54002,nan,1.58743,-0.2152,nan,-0.249399
1,11.59199237,4.39911,3.16077,3.16077,1.54002,nan,1.58743,2.06236,nan,2.02816
1,11.63012393,2.87361,3.14583,3.14583,1.51331,nan,1.56086,0.981235,nan,0.946933
1,11.74451859,2.55432,3.10101,3.10101,1.4335,nan,1.48144,0.808492,nan,0.77391
1,11.8207817,1.70288,3.07113,3.07113,1.38059,nan,1.42876,0.23248,nan,0.197736
1,11.87797903,6.31486,3.04873,3.04873,1.34109,nan,1.38941,3.58775,nan,3.5529
1,11.8970448,1.80931,3.04126,3.04126,1.32796,nan,1.37632,0.347213,nan,0.31233
1,11.93517636,0.425721,3.02632,3.02632,1.30177,nan,1.35021,-0.631922,nan,-0.666864
1,11.97330791,0.141907,3.01139,3.01139,1.27565,nan,1.32417,-0.817809,nan,-0.852804
1,11.97330791,0.993348,3.01139,3.01139,1.27565,nan,1.32417,-0.203636,nan,-0.23863
1,12.01143947,0.283814,2.99645,2.99645,1.24963,nan,1.2982,-0.696673,nan,-0.731713
1,12.04957102,0.815965,2.98152,2.98152,1.22369,nan,1.27232,-0.294107,nan,-0.329184
1,12.12583413,0.815965,2.95165,2.95165,1.17212,nan,1.22082,-0.256909,nan,-0.292035
1,12.16396568,1.09978,2.93672,2.93672,1.1465,nan,1.19521,-0.033701,nan,-0.0688397
1,12.27836034,1.88027,2.89192,2.89192,1.07035,nan,1.11903,0.584222,nan,0.549106
1,12.3164919,0.10643,2.87699,2.87699,1.04523,nan,1.09387,-0.677187,nan,-0.712273
1,12.3164919,0.851441,2.87699,2.87699,1.04523,nan,1.09387,-0.139785,nan,-0.174871
1,12.3164919,1.41907,2.87699,2.87699,1.04523,nan,1.09387,0.269665,nan,0.234578
1,12.43088656,1.34812,2.8322,2.8322,0.970754,nan,1.01917,0.272204,nan,0.237276
1,12.46901811,0.780488,2.81727,2.81727,0.946252,nan,0.994564,-0.119571,nan,-0.15442
1,12.58341277,0.266075,2.7725,2.7725,0.873833,nan,0.921701,-0.438396,nan,-0.472925
1,12.58341277,2.87361,2.7725,2.7725,0.873833,nan,0.921701,1.44251,nan,1.40798
1,12.60247855,4.87805,2.76503,2.76503,0.861933,nan,0.909709,2.89696,nan,2.8625
1,12.73593899,2.23503,2.7128,2.7128,0.780152,nan,0.827126,1.04946,nan,1.01557
1,12.8122021,1.56098,2.68296,2.68296,0.734721,nan,0.781107,0.596006,nan,0.562546
1,12.92659676,1.63193,2.63821,2.63821,0.668568,nan,0.713881,0.694906,nan,0.66222
1,12.96472831,4.32816,2.6233,2.6233,0.647091,nan,0.691994,2.65528,nan,2.62289
1,12.96472831,1.27716,2.6233,2.6233,0.647091,nan,0.691994,0.454492,nan,0.422102
1,13.04099142,0.674058,2.59347,2.59347,0.605061,nan,0.649063,0.0497696,nan,0.0180295
1,13.15538608,1.73836,2.54874,2.54874,0.544485,nan,0.586932,0.861182,nan,0.830564
1,13.19351764,1.9867,2.53383,2.53383,0.524992,nan,0.566866,1.05438,nan,1.02417
1,13.26978074,0.745011,2.50402,2.50402,0.487111,nan,0.527762,0.186032,nan,0.156709
1,13.3079123,0.0709534,2.48912,2.48912,0.468741,nan,0.508743,-0.286938,nan,-0.315792
1,13.34604385,0.567627,2.47422,2.47422,0.450763,nan,0.49009,0.0842987,nan,0.0559306
1,13.49857007,1.09978,2.41463,2.41463,0.382908,nan,0.419312,0.517103,nan,0.490844
1,13.53670162,0.709534,2.39974,2.39974,0.36699,nan,0.402612,0.247089,nan,0.221394
1,13.57483317,1.70288,2.38485,2.38485,0.351499,nan,0.386322,0.974799,nan,0.94968
1,13.61296473,4.1153,2.36996,2.36996,0.336439,nan,0.370448,2.72582,nan,2.70129
1,13.89895138,2.46563,2.25838,2.25838,0.237346,nan,0.264926,1.60734,nan,1.58744
1,13.99428027,4.89579,2.22122,2.22122,0.209684,nan,0.235085,3.38025,nan,3.36192
1,13.99428027,1.27716,2.22122,2.22122,0.209684,nan,0.235085,0.770009,nan,0.751686
1,14.0514776,1.91574,2.19894,2.19894,0.194329,nan,0.218435,1.24171,nan,1.22433
1,14.2993327,0.886918,2.10245,2.10245,0.137908,nan,0.156669,0.540287,nan,0.526753
1,14.2993327,0.638581,2.10245,2.10245,0.137908,nan,0.156669,0.361153,nan,0.347619
1,14.37559581,1.0643,2.07279,2.07279,0.123605,nan,0.140848,0.678557,nan,0.666119
1,14.45185891,1.27716,2.04315,2.04315,0.110603,nan,0.1264,0.841479,nan,0.830084
1,14.48999047,0.425721,2.02834,2.02834,0.104563,nan,0.119667,0.231662,nan,0.220767
1,14.56625357,0.709534,1.99873,1.99873,0.0933542,nan,0.107132,0.444472,nan,0.434534
1,14.60438513,1.84479,1.98393,1.98393,0.0881633,nan,0.101309,1.26711,nan,1.25763
1,14.60438513,1.9867,1.98393,1.98393,0.0881633,nan,0.101309,1.36948,nan,1.35999
1,14.90943756,1.27716,1.86576,1.86576,0.0552038,nan,0.0640449,0.88144,nan,0.875063
1,15.02383222,0.638581,1.82155,1.82155,0.046132,nan,0.053689,0.427354,nan,0.421903
1,15.36701621,0.10643,1.68937,1.68937,0.0266732,nan,0.0313024,0.0575314,nan,0.0541922
1,15.40514776,0.638581,1.67473,1.67473,0.0250811,nan,0.0294586,0.442539,nan,0.439381
1,15.55767398,0.496674,1.61629,1.61629,0.0195882,nan,0.0230803,0.344138,nan,0.341619
1,15.90085796,1.13525,1.48553,1.48553,0.0111803,nan,0.0132587,0.810834,nan,0.809334
1,15.97712107,0.567627,1.45664,1.45664,0.00986217,nan,0.0117134,0.402335,nan,0.401
1,16.01525262,0.674058,1.44222,1.44222,0.00926205,nan,0.0110088,0.47954,nan,0.47828
1,16.2821735,1.09978,1.34183,1.34183,0.0059668,nan,0.00712199,0.789004,nan,0.788171
1,16.32030505,1.31264,1.32757,1.32757,0.00560284,nan,0.00669143,0.94281,nan,0.942025
1,16.47283127,0.922395,1.27077,1.27077,0.00435445,nan,0.00521276,0.662214,nan,0.661595
1,16.54909438,0.141907,1.24253,1.24253,0.00383839,nan,0.00460021,0.0995935,nan,0.099044
1,16.62535748,0,1.2144,1.2144,0.00338332,nan,0.00405931,-0.0024405,nan,-0.00292812
1,16.89227836,0.851441,1.11691,1.11691,0.00217374,nan,0.00261871,0.612606,nan,0.612285
1,17.04480458,1.0643,1.06198,1.06198,0.00168764,nan,0.00203791,0.7665,nan,0.766247
1,17.57864633,0.425721,0.875386,0.875386,0.000695439,nan,0.000846461,0.306585,nan,0.306476
1,18.03622498,2.37694,0.724615,0.724615,0.000325117,nan,0.000398339,1.71433,nan,1.71428
1,19.04671115,1.56098,0.435947,0.435947,6.06134e-05,nan,7.534e-05,1.12594,nan,1.12593
2,0.000224299,0.556237,7.55691,7.55691,5.33318,5.33318,5.33826,-3.44578,-3.44577,-3.44944
2,0.045084112,2.87935,7.54875,7.54875,5.32185,5.32184,5.32697,-1.76186,-1.76186,-1.76556
2,0.067514019,2.97751,7.54443,7.54443,5.31618,5.31617,5.32132,-1.68697,-1.68696,-1.69068
2,0.134803738,4.05726,7.53057,7.53057,5.29918,5.29916,5.30438,-0.895841,-0.895825,-0.89959
2,0.157233645,3.27198,7.52566,7.52566,5.29351,5.29349,5.29873,-1.4582,-1.45818,-1.46196
2,0.269383178,3.40286,7.49921,7.49921,5.26518,5.26514,5.27049,-1.34335,-1.34332,-1.34719
2,0.426392523,2.01227,7.45748,7.45748,5.22551,5.22545,5.23096,-2.31782,-2.31778,-2.32175
2,0.426392523,4.13906,7.45748,7.45748,5.22551,5.22545,5.23096,-0.783696,-0.783651,-0.787627
2,0.51611215,4.90798,7.43161,7.43161,5.20285,5.20277,5.20837,-0.2127,-0.212646,-0.216687
2,0.650691589,3.81186,7.39056,7.39056,5.16885,5.16875,5.17449,-0.978839,-0.978772,-0.98291
2,0.650691589,3.5501,7.39056,7.39056,5.16885,5.16875,5.17449,-1.16765,-1.16759,-1.17173
2,0.673121495,2.86299,7.38349,7.38349,5.16318,5.16308,5.16884,-1.65921,-1.65914,-1.66329
2,0.762841121,3.09202,7.35465,7.35465,5.14051,5.1404,5.14625,-1.47764,-1.47757,-1.48178
2,0.807700935,5.51329,7.33992,7.33992,5.12918,5.12906,5.13496,0.277075,0.277158,0.272906
2,0.897420561,4.25358,7.30992,7.30992,5.10651,5.10638,5.11237,-0.615249,-0.615157,-0.619475
2,0.9198504669999999,3.01022,7.30232,7.30232,5.10084,5.10071,5.10672,-1.50803,-1.50794,-1.51227
2,0.9198504669999999,4.79346,7.30232,7.30232,5.10084,5.10071,5.10672,-0.221729,-0.221635,-0.225969
2,0.96471028,5.97137,7.287,7.287,5.08951,5.08937,5.09543,0.636116,0.636214,0.631848
2,0.96471028,4.98978,7.287,7.287,5.08951,5.08937,5.09543,-0.0719419,-0.0718439,-0.0762101
2,0.9871401869999999,3.51738,7.27928,7.27928,5.08384,5.0837,5.08978,-1.12994,-1.12984,-1.13422
2,0.9871401869999999,4.07362,7.27928,7.27928,5.08384,5.0837,5.08978,-0.728709,-0.728608,-0.732991
2,1.054429907,3.3865,7.25594,7.25594,5.06684,5.06669,5.07284,-1.21209,-1.21198,-1.21641
2,1.121719626,3.1411,7.23232,7.23232,5.04984,5.04968,5.05589,-1.37684,-1.37672,-1.3812
2,1.211439252,4.30266,7.20045,7.20045,5.02717,5.027,5.03331,-0.522618,-0.522496,-0.527041
2,1.278728972,5.20245,7.1763,7.1763,5.01017,5.01,5.01636,0.138698,0.138827,0.134234
2,1.323588785,5.48057,7.16009,7.16009,4.99884,4.99866,5.00507,0.34749,0.347623,0.342998
2,1.346018692,4.10634,7.15195,7.15195,4.99317,4.99299,4.99942,-0.639704,-0.639568,-0.64421
2,1.390878505,7.00204,7.13562,7.13562,4.98184,4.98165,4.98813,1.45724,1.45738,1.45271
2,1.413308411,5.10429,7.12743,7.12743,4.97617,4.97598,4.98248,0.0924181,0.0925605,0.0878702
2,1.435738318,7.62372,7.11923,7.11923,4.97051,4.97031,4.97683,1.91386,1.914,1.90929
2,1.480598131,5.79141,7.10276,7.10276,4.95917,4.95897,4.96554,0.600322,0.600471,0.595732
2,1.480598131,5.62781,7.10276,7.10276,4.95917,4.95897,4.96554,0.482312,0.482461,0.477722
2,1.503028037,4.76074,7.0945,7.0945,4.95351,4.9533,4.95989,-0.139052,-0.1389,-0.143656
2,1.660037383,6.11861,7.03632,7.03632,4.91384,4.91361,4.92036,0.869043,0.86921,0.864341
2,1.660037383,4.92434,7.03632,7.03632,4.91384,4.91361,4.92036,0.00757222,0.00773905,0.00286981
2,1.727327103,4.05726,7.01119,7.01119,4.89684,4.8966,4.90341,-0.605616,-0.605443,-0.610361
2,1.817046729,6.51125,6.97754,6.97754,4.87417,4.87392,4.88082,1.18088,1.18106,1.17608
2,1.884336449,5.07157,6.9522,6.9522,4.85717,4.85691,4.86388,0.154658,0.154847,0.149816
2,1.929196262,3.58282,6.93526,6.93526,4.84584,4.84557,4.85259,-0.911055,-0.910862,-0.915925
2,1.951626168,6.31493,6.92678,6.92678,4.84017,4.8399,4.84694,1.06379,1.06399,1.05891
2,1.974056075,5.62781,6.91829,6.91829,4.8345,4.83423,4.84129,0.572242,0.572439,0.567344
2,1.996485981,1.68507,6.9098,6.9098,4.82884,4.82856,4.83564,-2.2677,-2.2675,-2.27262
2,2.041345794,6.72393,6.89278,6.89278,4.8175,4.81722,4.82435,1.37517,1.37537,1.37023
2,2.131065421,4.97342,6.85867,6.85867,4.79484,4.79454,4.80176,0.128816,0.129029,0.123822
2,2.153495327,6.21677,6.85012,6.85012,4.78917,4.78887,4.79611,1.02978,1.02999,1.02477
2,2.175925234,6.49489,6.84157,6.84157,4.7835,4.7832,4.79046,1.23448,1.2347,1.22946
2,2.243214953,2.94479,6.81589,6.81589,4.7665,4.76619,4.77352,-1.31407,-1.31384,-1.31913
2,2.310504673,4.23722,6.79015,6.79015,4.7495,4.74918,4.75658,-0.369527,-0.369296,-0.374633
2,2.377794393,5.12065,6.76437,6.76437,4.7325,4.73217,4.73964,0.279988,0.280226,0.27484
2,2.422654206,3.58282,6.74716,6.74716,4.72117,4.72083,4.72834,-0.821128,-0.820886,-0.826304
2,2.422654206,7.80368,6.74716,6.74716,4.72117,4.72083,4.72834,2.22352,2.22376,2.21835
2,2.422654206,5.21881,6.74716,6.74716,4.72117,4.72083,4.72834,0.358969,0.359211,0.353793
2,2.512373832,4.95706,6.71268,6.71268,4.6985,4.69815,4.70575,0.186504,0.186755,0.181272
2,2.534803738,7.0184,6.70405,6.70405,4.69283,4.69248,4.70011,1.67751,1.67777,1.67227
2,2.534803738,5.62781,6.70405,6.70405,4.69283,4.69248,4.70011,0.674431,0.674685,0.669185
2,2.534803738,4.51534,6.70405,6.70405,4.69283,4.69248,4.70011,-0.128035,-0.127781,-0.133281
2,2.669383178,5.54601,6.6522,6.6522,4.65883,4.65846,4.66622,0.639952,0.640219,0.634622
2,2.669383178,5.05521,6.6522,6.6522,4.65883,4.65846,4.66622,0.285923,0.28619,0.280593
2,2.669383178,4.35174,6.6522,6.6522,4.65883,4.65846,4.66622,-0.221519,-0.221252,-0.226849
2,2.736672897,3.48466,6.62623,6.62623,4.64183,4.64146,4.64928,-0.834708,-0.834434,-0.840079
2,2.826392523,5.95501,6.59156,6.59156,4.61917,4.61878,4.62669,0.963589,0.963872,0.958162
2,2.91611215,3.10838,6.55685,6.55685,4.5965,4.5961,4.6041,-1.07343,-1.07314,-1.07891
2,2.91611215,5.75869,6.55685,6.55685,4.5965,4.5961,4.6041,0.838328,0.838619,0.832845
2,2.960971963,5.05521,6.53948,6.53948,4.58517,4.58476,4.59281,0.339061,0.339356,0.33355
2,2.960971963,3.69734,6.53948,6.53948,4.58517,4.58476,4.59281,-0.64042,-0.640124,-0.645931
2,2.983401869,5.66053,6.53079,6.53079,4.5795,4.57909,4.58716,0.779784,0.780082,0.774259
2,3.005831776,2.68303,6.5221,6.5221,4.57384,4.57342,4.58151,-1.36391,-1.36361,-1.36944
2,3.005831776,4.7771,6.5221,6.5221,4.57384,4.57342,4.58151,0.146619,0.146919,0.141081
2,3.050691589,3.41922,6.50471,6.50471,4.5625,4.56208,4.57022,-0.824687,-0.824383,-0.830253
2,3.050691589,6.26585,6.50471,6.50471,4.5625,4.56208,4.57022,1.22868,1.22899,1.22312
2,3.050691589,5.31697,6.50471,6.50471,4.5625,4.56208,4.57022,0.544226,0.54453,0.53866
2,3.095551402,4.07362,6.48731,6.48731,4.55117,4.55074,4.55892,-0.344473,-0.344164,-0.350067
2,3.140411215,5.90593,6.4699,6.4699,4.53984,4.5394,4.54763,0.98541,0.985724,0.979789
2,3.162841121,3.25562,6.46119,6.46119,4.53417,4.53373,4.54198,-0.92226,-0.921944,-0.927895
2,3.162841121,5.49693,6.46119,6.46119,4.53417,4.53373,4.54198,0.694474,0.694789,0.688838
2,3.252560748,5.39877,6.42635,6.42635,4.5115,4.51105,4.51939,0.640017,0.640342,0.634326
2,3.297420561,4.76074,6.40891,6.40891,4.50017,4.49972,4.5081,0.187954,0.188283,0.182235
2,3.319850467,5.67689,6.40019,6.40019,4.4945,4.49405,4.50245,0.852896,0.853227,0.847163
2,3.319850467,4.1227,6.40019,6.40019,4.4945,4.49405,4.50245,-0.268196,-0.267865,-0.273929
2,3.387140187,6.05317,6.37403,6.37403,4.4775,4.47704,4.48551,1.13658,1.13692,1.13081
2,3.409570093,6.51125,6.3653,6.3653,4.47184,4.47137,4.47986,1.4711,1.47144,1.46531
2,3.409570093,5.00613,6.3653,6.3653,4.47184,4.47137,4.47986,0.385407,0.385747,0.379617
2,3.432,6.87117,6.35658,6.35658,4.46617,4.4657,4.47422,1.73481,1.73515,1.729
2,3.432,3.3047,6.35658,6.35658,4.46617,4.4657,4.47422,-0.837807,-0.837465,-0.84361
2,3.454429907,3.97546,6.34785,6.34785,4.4605,4.46003,4.46857,-0.349879,-0.349535,-0.355697
2,3.454429907,4.4499,6.34785,6.34785,4.4605,4.46003,4.46857,-0.00765112,-0.00730673,-0.0134688
2,3.476859813,4.5317,6.33912,6.33912,4.45484,4.45436,4.46292,0.0554413,0.0557879,0.0496096
2,3.521719626,5.56237,6.32165,6.32165,4.4435,4.44302,4.45163,0.807078,0.807429,0.801218
2,3.521719626,3.45194,6.32165,6.32165,4.4435,4.44302,4.45163,-0.715248,-0.714897,-0.721107
2,3.544149533,7.31288,6.31292,6.31292,4.43784,4.43735,4.44598,2.07387,2.07422,2.068
2,3.633869159,4.90798,6.27797,6.27797,4.41517,4.41467,4.42339,0.355477,0.355839,0.349547
2,3.656299065,4.02454,6.26923,6.26923,4.4095,4.409,4.41774,-0.277688,-0.277324,-0.283632
2,3.678728972,4.56442,6.26049,6.26049,4.40384,4.40333,4.4121,0.115831,0.116198,0.109874
2,3.723588785,3.5501,6.24301,6.24301,4.3925,4.39199,4.4008,-0.607654,-0.607283,-0.613639
2,3.723588785,3.23926,6.24301,6.24301,4.3925,4.39199,4.4008,-0.831872,-0.831501,-0.837858
2,3.813308411,6.05317,6.20802,6.20802,4.36984,4.36931,4.37821,1.21424,1.21462,1.2082
2,3.903028037,4.22086,6.17302,6.17302,4.34717,4.34663,4.35562,-0.091114,-0.0907252,-0.0972113
2,3.925457944,3.53374,6.16427,6.16427,4.34151,4.34096,4.34998,-0.582667,-0.582276,-0.588779
2,3.925457944,3.41922,6.16427,6.16427,4.34151,4.34096,4.34998,-0.665274,-0.664883,-0.671385
2,3.94788785,3.9591,6.15552,6.15552,4.33584,4.33529,4.34433,-0.271755,-0.271361,-0.27788
2,3.970317757,3.20654,6.14676,6.14676,4.33017,4.32962,4.33868,-0.810512,-0.810117,-0.816651
2,3.992747664,5.12065,6.13801,6.13801,4.32451,4.32395,4.33304,0.574289,0.574687,0.568136
2,3.992747664,3.01022,6.13801,6.13801,4.32451,4.32395,4.33304,-0.948036,-0.947639,-0.954189
2,4.037607477,2.61759,6.1205,6.1205,4.31317,4.31262,4.32174,-1.22308,-1.22268,-1.22927
2,4.060037383,4.59714,6.11174,6.11174,4.30751,4.30695,4.31609,0.20892,0.209325,0.202726
2,4.08246729,5.51329,6.10298,6.10298,4.30184,4.30128,4.31045,0.873862,0.874269,0.867653
2,4.104897196,1.71779,6.09422,6.09422,4.29617,4.29561,4.3048,-1.85988,-1.85947,-1.8661
2,4.104897196,3.3047,6.09422,6.09422,4.29617,4.29561,4.3048,-0.715182,-0.714773,-0.721404
2,4.127327103,6.10225,6.08547,6.08547,4.29051,4.28994,4.29915,1.30687,1.30728,1.30064
2,4.172186916,4.10634,6.06794,6.06794,4.27917,4.2786,4.28786,-0.124672,-0.124256,-0.130936
2,4.239476636,2.71575,6.04166,6.04166,4.26217,4.26159,4.27092,-1.11549,-1.11507,-1.1218
2,4.261906542,4.40082,6.03289,6.03289,4.25651,4.25592,4.26527,0.104096,0.10452,0.0977751
2,4.261906542,4.97342,6.03289,6.03289,4.25651,4.25592,4.26527,0.51713,0.517554,0.510809
2,4.351626168,3.69734,5.99783,5.99783,4.23384,4.23324,4.24268,-0.386996,-0.386563,-0.393373
2,4.351626168,4.87526,5.99783,5.99783,4.23384,4.23324,4.24268,0.462674,0.463107,0.456297
2,4.418915888,5.88957,5.97153,5.97153,4.21684,4.21623,4.22574,1.2066,1.20704,1.20018
2,4.418915888,6.59305,5.97153,5.97153,4.21684,4.21623,4.22574,1.71404,1.71448,1.70762
2,4.418915888,2.97751,5.97153,5.97153,4.21684,4.21623,4.22574,-0.893977,-0.893537,-0.900395
2,4.486205607,4.30266,5.94523,5.94523,4.19984,4.19922,4.2088,0.0741642,0.0746107,0.067704
2,4.486205607,4.1227,5.94523,5.94523,4.19984,4.19922,4.2088,-0.0556465,-0.0552,-0.0621067
2,4.508635514,4.84254,5.93646,5.93646,4.19418,4.19355,4.20315,0.467684,0.468132,0.461209
2,4.531065421,5.52965,5.92769,5.92769,4.18851,4.18789,4.1975,0.967412,0.967863,0.960924
2,4.531065421,2.81391,5.92769,5.92769,4.18851,4.18789,4.1975,-0.991549,-0.991098,-0.998038
2,4.575925234,6.56033,5.91015,5.91015,4.17718,4.17655,4.18621,1.71905,1.7195,1.71253
2,4.66564486,1.43967,5.87506,5.87506,4.15451,4.15387,4.16362,-1.95831,-1.95784,-1.96488
2,4.66564486,3.07566,5.87506,5.87506,4.15451,4.15387,4.16362,-0.778209,-0.777745,-0.784781
2,4.66564486,4.0409,5.87506,5.87506,4.15451,4.15387,4.16362,-0.081952,-0.0814878,-0.0885241
2,4.66564486,3.8773,5.87506,5.87506,4.15451,4.15387,4.16362,-0.199962,-0.199498,-0.206534
2,4.732934579,3.45194,5.84873,5.84873,4.13751,4.13686,4.14668,-0.494525,-0.494054,-0.501139
2,4.755364486,3.94274,5.83996,5.83996,4.13185,4.13119,4.14103,-0.136408,-0.135935,-0.143036
2,4.800224299,4.80982,5.82241,5.82241,4.12051,4.11985,4.12974,0.497218,0.497695,0.490562
2,4.889943925,3.27198,5.7873,5.7873,4.09785,4.09717,4.10715,-0.595724,-0.595238,-0.602436
2,4.912373832,3.56646,5.77853,5.77853,4.09218,4.0915,4.10151,-0.379219,-0.378731,-0.385945
2,4.912373832,2.37219,5.77853,5.77853,4.09218,4.0915,4.10151,-1.24069,-1.2402,-1.24742
2,4.934803738,3.41922,5.76975,5.76975,4.08652,4.08583,4.09586,-0.481341,-0.48085,-0.48808
2,4.934803738,4.41718,5.76975,5.76975,4.08652,4.08583,4.09586,0.238518,0.239009,0.231779
2,4.957233645,4.64622,5.76097,5.76097,4.08085,4.08017,4.09021,0.407819,0.408312,0.401066
2,5.002093458,3.9591,5.74341,5.74341,4.06952,4.06883,4.07892,-0.0796468,-0.0791493,-0.086428
2,5.002093458,4.49898,5.74341,5.74341,4.06952,4.06883,4.07892,0.309785,0.310283,0.303004
2,5.024523364,3.59918,5.73463,5.73463,4.06385,4.06316,4.07327,-0.335181,-0.334681,-0.341976
2,5.024523364,4.13906,5.73463,5.73463,4.06385,4.06316,4.07327,0.0542512,0.0547509,0.047456
2,5.069383178,5.38241,5.71708,5.71708,4.05252,4.05182,4.06198,0.9593,0.959804,0.952477
2,5.114242991,1.91411,5.69952,5.69952,4.04118,4.04048,4.05068,-1.53433,-1.53382,-1.54118
2,5.114242991,6.11861,5.69952,5.69952,4.04118,4.04048,4.05068,1.49852,1.49903,1.49167
2,5.114242991,2.83027,5.69952,5.69952,4.04118,4.04048,4.05068,-0.873477,-0.872969,-0.880328
2,5.18153271,1.97955,5.67317,5.67317,4.02419,4.02347,4.03374,-1.47487,-1.47435,-1.48176
2,5.226392523,5.02249,5.65561,5.65561,4.01285,4.01213,4.02245,0.728289,0.728809,0.721369
2,5.271252336,3.82822,5.63805,5.63805,4.00152,4.00079,4.01115,-0.125007,-0.124483,-0.131956
2,5.293682243,4.90798,5.62927,5.62927,3.99585,3.99512,4.00551,0.657944,0.658471,0.650982
2,5.360971963,4.10634,5.60292,5.60292,3.97886,3.97812,3.98857,0.0919584,0.0924914,0.084954
2,5.360971963,2.73211,5.60292,5.60292,3.97886,3.97812,3.98857,-0.899323,-0.89879,-0.906328
2,5.405831776,5.18609,5.58535,5.58535,3.96752,3.96678,3.97727,0.878997,0.879534,0.871965
2,5.405831776,3.10838,5.58535,5.58535,3.96752,3.96678,3.97727,-0.619726,-0.619189,-0.626759
2,5.428261682,7.47648,5.57657,5.57657,3.96186,3.96111,3.97163,2.53522,2.53576,2.52817
2,5.428261682,4.51534,5.57657,5.57657,3.96186,3.96111,3.97163,0.399244,0.399784,0.392198
2,5.450691589,3.6319,5.56778,5.56778,3.95619,3.95544,3.96598,-0.233921,-0.233379,-0.240981
2,5.517981308,4.8589,5.54143,5.54143,3.93919,3.93843,3.94904,0.663414,0.663962,0.656312
2,5.517981308,6.08589,5.54143,5.54143,3.93919,3.93843,3.94904,1.54849,1.54904,1.54138
2,5.540411215,2.96115,5.53265,5.53265,3.93353,3.93276,3.94339,-0.701412,-0.700861,-0.708528
2,5.652560748,4.6953,5.48872,5.48872,3.9052,3.90442,3.91516,0.569927,0.570489,0.562742
2,5.652560748,4.51534,5.48872,5.48872,3.9052,3.90442,3.91516,0.440116,0.440678,0.432931
2,5.652560748,3.66462,5.48872,5.48872,3.9052,3.90442,3.91516,-0.173534,-0.172972,-0.18072
2,5.652560748,2.56851,5.48872,5.48872,3.9052,3.90442,3.91516,-0.964199,-0.963637,-0.971385
2,5.719850467,3.89366,5.46236,5.46236,3.8882,3.88741,3.89822,0.00394085,0.00450937,-0.00328632
2,5.719850467,3.2229,5.46236,5.46236,3.8882,3.88741,3.89822,-0.479899,-0.47933,-0.487126
2,5.876859813,3.59918,5.40086,5.40086,3.84854,3.84773,3.85869,-0.179867,-0.179283,-0.187191
2,5.921719626,1.86503,5.38328,5.38328,3.8372,3.83639,3.8474,-1.4226,-1.42201,-1.42995
2,5.966579439,2.66667,5.36571,5.36571,3.82587,3.82505,3.8361,-0.836174,-0.835582,-0.843554
2,5.989009346,4.80982,5.35692,5.35692,3.82021,3.81938,3.83046,0.71384,0.714435,0.706446
2,5.989009346,4.6135,5.35692,5.35692,3.82021,3.81938,3.83046,0.572229,0.572823,0.564835
2,5.989009346,4.0409,5.35692,5.35692,3.82021,3.81938,3.83046,0.159195,0.159789,0.151801
2,5.989009346,3.3047,5.35692,5.35692,3.82021,3.81938,3.83046,-0.371849,-0.371254,-0.379243
2,6.011439252,2.84663,5.34813,5.34813,3.81454,3.81371,3.82481,-0.698189,-0.697592,-0.705597
2,6.101158879,1.76687,5.31298,5.31298,3.79188,3.79104,3.80222,-1.46071,-1.4601,-1.46817
2,6.101158879,3.0593,5.31298,5.31298,3.79188,3.79104,3.80222,-0.528428,-0.527823,-0.535892
2,6.123588785,3.97546,5.30419,5.30419,3.78621,3.78537,3.79658,0.136513,0.137121,0.129035
2,6.146018692,3.59918,5.2954,5.2954,3.78054,3.7797,3.79093,-0.130822,-0.130212,-0.138314
2,6.235738318,1.91411,5.26025,5.26025,3.75788,3.75702,3.76834,-1.32997,-1.32936,-1.33752
2,6.235738318,5.56237,5.26025,5.26025,3.75788,3.75702,3.76834,1.30164,1.30226,1.29409
2,6.280598131,5.26789,5.24267,5.24267,3.74655,3.74568,3.75705,1.0974,1.09802,1.08982
2,6.280598131,4.22086,5.24267,5.24267,3.74655,3.74568,3.75705,0.342136,0.34276,0.334561
2,6.280598131,3.86094,5.24267,5.24267,3.74655,3.74568,3.75705,0.082515,0.0831383,0.0749399
2,6.370317757,2.96115,5.20751,5.20751,3.72389,3.72301,3.73446,-0.550191,-0.549559,-0.557821
2,6.392747664,4.58078,5.19872,5.19872,3.71822,3.71734,3.72882,0.622192,0.622826,0.614548
2,6.41517757,6.75665,5.18993,5.18993,3.71255,3.71167,3.72317,2.19581,2.19644,2.18815
2,6.437607477,4.76074,5.18114,5.18114,3.70689,3.706,3.71752,0.760177,0.760815,0.752504
2,6.460037383,5.88957,5.17235,5.17235,3.70122,3.70033,3.71188,1.57853,1.57917,1.57084
2,6.48246729,4.98978,5.16356,5.16356,3.69556,3.69467,3.70623,0.933564,0.934207,0.925864
2,6.504897196,4.25358,5.15477,5.15477,3.68989,3.689,3.70058,0.406607,0.407252,0.398893
2,6.527327103,1.93047,5.14598,5.14598,3.68423,3.68333,3.69494,-1.26504,-1.2644,-1.27277
2,6.527327103,5.61145,5.14598,5.14598,3.68423,3.68333,3.69494,1.39017,1.39082,1.38245
2,6.527327103,0.670757,5.14598,5.14598,3.68423,3.68333,3.69494,-2.17372,-2.17307,-2.18145
2,6.639476636,3.56646,5.10203,5.10203,3.6559,3.65499,3.66671,-0.0645131,-0.0638554,-0.0723097
2,6.639476636,3.3865,5.10203,5.10203,3.6559,3.65499,3.66671,-0.194324,-0.193666,-0.20212
2,6.639476636,3.25562,5.10203,5.10203,3.6559,3.65499,3.66671,-0.288732,-0.288074,-0.296528
2,6.661906542,2.71575,5.09324,5.09324,3.65023,3.64932,3.66106,-0.674077,-0.673417,-0.681887
2,6.818915888,3.99182,5.0317,5.0317,3.61057,3.60964,3.62154,0.275006,0.27568,0.267098
2,6.886205607,3.77914,5.00533,5.00533,3.59358,3.59263,3.6046,0.133853,0.134534,0.125904
2,6.886205607,3.20654,5.00533,5.00533,3.59358,3.59263,3.6046,-0.279181,-0.2785,-0.28713
2,6.931065421,2.01227,4.98775,4.98775,3.58225,3.5813,3.59331,-1.13248,-1.13179,-1.14046
2,6.953495327,4.25358,4.97895,4.97895,3.57658,3.57563,3.58766,0.488341,0.489028,0.48035
2,6.953495327,3.61554,4.97895,4.97895,3.57658,3.57563,3.58766,0.0281034,0.0287904,0.020112
2,6.99835514,1.76687,4.96137,4.96137,3.56525,3.56429,3.57637,-1.29723,-1.29654,-1.30525
2,6.99835514,2.19223,4.96137,4.96137,3.56525,3.56429,3.57637,-0.990408,-0.989717,-0.998427
2,7.06564486,3.01022,4.935,4.935,3.54825,3.54729,3.55943,-0.388099,-0.387402,-0.396161
2,7.088074766,4.54806,4.92621,4.92621,3.54259,3.54162,3.55378,0.725278,0.725979,0.717203
2,7.110504673,1.96319,4.91741,4.91741,3.53692,3.53595,3.54814,-1.13519,-1.13449,-1.14328
2,7.132934579,3.7955,4.90862,4.90862,3.53126,3.53028,3.54249,0.190607,0.191311,0.182503
2,7.177794393,2.42127,4.89104,4.89104,3.51993,3.51895,3.5312,-0.792502,-0.791793,-0.800633
2,7.200224299,3.17382,4.88225,4.88225,3.51426,3.51328,3.52556,-0.245571,-0.244859,-0.253716
2,7.222654206,4.1227,4.87345,4.87345,3.5086,3.50761,3.51991,0.442972,0.443686,0.434812
2,7.267514019,4.71166,4.85587,4.85587,3.49727,3.49627,3.50862,0.87598,0.876698,0.867792
2,7.334803738,3.3865,4.82949,4.82949,3.48027,3.47927,3.49168,-0.0676396,-0.066915,-0.0758692
2,7.379663551,3.92638,4.81191,4.81191,3.46894,3.46793,3.48039,0.329965,0.330694,0.321708
2,7.402093458,1.32515,4.80312,4.80312,3.46328,3.46226,3.47475,-1.5423,-1.54157,-1.55057
2,7.402093458,5.54601,4.80312,4.80312,3.46328,3.46226,3.47475,1.50235,1.50308,1.49408
2,7.424523364,5.85685,4.79433,4.79433,3.45761,3.4566,3.4691,1.73065,1.73139,1.72237
2,7.424523364,6.72393,4.79433,4.79433,3.45761,3.4566,3.4691,2.3561,2.35684,2.34782
2,7.446953271,4.7771,4.78553,4.78553,3.45195,3.45093,3.46345,0.955874,0.95661,0.947575
2,7.446953271,4.64622,4.78553,4.78553,3.45195,3.45093,3.46345,0.861467,0.862202,0.853167
2,7.469383178,3.68098,4.77674,4.77674,3.44628,3.44526,3.45781,0.169296,0.170034,0.160982
2,7.536672897,1.83231,4.75036,4.75036,3.42929,3.42826,3.44087,-1.15196,-1.15121,-1.16031
2,7.536672897,4.22086,4.75036,4.75036,3.42929,3.42826,3.44087,0.570986,0.571731,0.562631
2,7.536672897,5.00613,4.75036,4.75036,3.42929,3.42826,3.44087,1.13743,1.13818,1.12908
2,7.64882243,2.38855,4.7064,4.7064,3.40097,3.39992,3.41265,-0.730292,-0.729536,-0.738717
2,7.64882243,2.56851,4.7064,4.7064,3.40097,3.39992,3.41265,-0.600481,-0.599726,-0.608906
2,7.671252336,3.56646,4.69761,4.69761,3.3953,3.39425,3.407,0.123464,0.124222,0.115025
2,7.671252336,3.32106,4.69761,4.69761,3.3953,3.39425,3.407,-0.0535504,-0.0527925,-0.0619894
2,7.805831776,3.82822,4.64485,4.64485,3.36131,3.36024,3.37313,0.336796,0.337567,0.328273
2,7.895551402,3.3047,4.60968,4.60968,3.33866,3.33757,3.35055,-0.0244912,-0.0237112,-0.0330707
2,7.917981308,2.14315,4.60089,4.60089,3.33299,3.33191,3.34491,-0.858274,-0.857492,-0.866868
2,7.940411215,2.97751,4.5921,4.5921,3.32733,3.32624,3.33926,-0.252339,-0.251554,-0.260947
2,7.962841121,2.86299,4.5833,4.5833,3.32166,3.32057,3.33362,-0.33086,-0.330073,-0.339482
2,8.030130841,4.25358,4.55693,4.55693,3.30467,3.30357,3.31668,0.68448,0.685273,0.675816
2,8.030130841,3.7955,4.55693,4.55693,3.30467,3.30357,3.31668,0.354053,0.354846,0.345389
2,8.052560748,3.68098,4.54813,4.54813,3.29901,3.2979,3.31104,0.275532,0.276327,0.266854
2,8.052560748,2.07771,4.54813,4.54813,3.29901,3.2979,3.31104,-0.880963,-0.880168,-0.889642
2,8.097420561,1.94683,4.53055,4.53055,3.28768,3.28657,3.29975,-0.9672,-0.9664,-0.975906
2,8.142280374,3.40286,4.51296,4.51296,3.27635,3.27523,3.28846,0.0912576,0.0920626,0.0825235
2,8.16471028,4.1227,4.50417,4.50417,3.27069,3.26957,3.28281,0.614586,0.615393,0.605838
2,8.232,4.35174,4.47779,4.47779,3.2537,3.25257,3.26588,0.792056,0.79287,0.783266
2,8.232,1.25971,4.47779,4.47779,3.2537,3.25257,3.26588,-1.43833,-1.43751,-1.44712
2,8.254429907,3.3047,4.469,4.469,3.24803,3.2469,3.26024,0.0408789,0.0416953,0.032075
2,8.344149533,0.916155,4.43383,4.43383,3.22538,3.22423,3.23766,-1.66572,-1.6649,-1.67458
2,8.366579439,3.94274,4.42503,4.42503,3.21971,3.21857,3.23202,0.521543,0.522371,0.51267
2,8.389009346,3.58282,4.41624,4.41624,3.21405,3.2129,3.22637,0.266007,0.266837,0.25712
2,8.411439252,6.08589,4.40745,4.40745,3.20839,3.20723,3.22073,2.07564,2.07647,2.06674
2,8.411439252,2.47035,4.40745,4.40745,3.20839,3.20723,3.22073,-0.532374,-0.531542,-0.541275
2,8.456299065,3.69734,4.38986,4.38986,3.19706,3.1959,3.20944,0.360869,0.361706,0.35194
2,8.478728972,3.33742,4.38107,4.38107,3.1914,3.19024,3.2038,0.105333,0.106171,0.09639
2,8.501158879,4.33538,4.37227,4.37227,3.18574,3.18457,3.19815,0.829277,0.830118,0.82032
2,8.501158879,0.834356,4.37227,4.37227,3.18574,3.18457,3.19815,-1.69613,-1.69529,-1.70509
2,8.501158879,3.48466,4.37227,4.37227,3.18574,3.18457,3.19815,0.215626,0.216467,0.20667
2,8.523588785,4.02454,4.36348,4.36348,3.18007,3.1789,3.19251,0.609143,0.609987,0.600173
2,8.635738318,2.17587,4.31952,4.31952,3.15176,3.15057,3.16429,-0.703942,-0.703088,-0.712982
2,8.658168224,1.94683,4.31072,4.31072,3.14609,3.14491,3.15865,-0.865071,-0.864215,-0.874124
2,8.658168224,3.10838,4.31072,4.31072,3.14609,3.14491,3.15865,-0.0272018,-0.0263456,-0.0362554
2,8.703028037,1.75051,4.29314,4.29314,3.13477,3.13358,3.14736,-0.998513,-0.997652,-1.00759
2,8.725457944,1.14519,4.28434,4.28434,3.12911,3.12791,3.14172,-1.43106,-1.4302,-1.44016
2,8.792747664,2.56851,4.25796,4.25796,3.11212,3.11091,3.12479,-0.392126,-0.391257,-0.401263
2,8.904897196,6.90389,4.214,4.214,3.08381,3.08259,3.09657,2.75555,2.75643,2.74635
2,8.904897196,1.06339,4.214,4.214,3.08381,3.08259,3.09657,-1.45739,-1.45651,-1.4666
2,8.904897196,2.83027,4.214,4.214,3.08381,3.08259,3.09657,-0.182888,-0.182008,-0.192095
2,8.927327103,3.53374,4.20521,4.20521,3.07815,3.07692,3.09093,0.328638,0.32952,0.319417
2,8.972186916,2.30675,4.18762,4.18762,3.06682,3.06559,3.07964,-0.548267,-0.54738,-0.557515
2,8.972186916,3.27198,4.18762,4.18762,3.06682,3.06559,3.07964,0.147991,0.148877,0.138742
2,8.972186916,3.89366,4.18762,4.18762,3.06682,3.06559,3.07964,0.596428,0.597314,0.587179
2,9.017046729,3.04294,4.17003,4.17003,3.0555,3.05426,3.06836,-0.00905468,-0.00816352,-0.0183307
2,9.039476636,2.48671,4.16124,4.16124,3.04984,3.0486,3.06271,-0.406204,-0.40531,-0.415494
2,9.061906542,4.84254,4.15245,4.15245,3.04417,3.04293,3.05707,1.29722,1.29812,1.28792
2,9.106766355,1.57055,4.13486,4.13486,3.03285,3.0316,3.04579,-1.05481,-1.05391,-1.06414
2,9.106766355,3.61554,4.13486,4.13486,3.03285,3.0316,3.04579,0.420315,0.421215,0.410984
2,9.129196262,1.29243,4.12607,4.12607,3.02719,3.02594,3.04014,-1.25134,-1.25044,-1.26068
2,9.174056075,4.41718,4.10848,4.10848,3.01587,3.01461,3.02886,1.01081,1.01172,1.00144
2,9.196485981,3.43558,4.09969,4.09969,3.01021,3.00894,3.02322,0.306839,0.307749,0.297453
2,9.241345794,3.73006,4.0821,4.0821,2.99888,2.99762,3.01193,0.527424,0.528338,0.51801
2,9.286205607,2.55215,4.06452,4.06452,2.98756,2.98629,3.00065,-0.314079,-0.313161,-0.323521
2,9.286205607,3.27198,4.06452,4.06452,2.98756,2.98629,3.00065,0.205164,0.206082,0.195722
2,9.308635514,1.35787,4.05572,4.05572,2.9819,2.98062,2.99501,-1.17147,-1.17055,-1.18092
2,9.331065421,3.10838,4.04693,4.04693,2.97624,2.97496,2.98937,0.0953205,0.0962434,0.0858511
2,9.375925234,5.54601,4.02934,4.02934,2.96492,2.96363,2.97808,1.86183,1.86276,1.85233
2,9.39835514,4.26994,4.02055,4.02055,2.95926,2.95797,2.97244,0.945439,0.946369,0.935928
2,9.420785047,7.39468,4.01176,4.01176,2.9536,2.95231,2.9668,3.20351,3.20444,3.19398
2,9.443214953,2.38855,4.00297,4.00297,2.94794,2.94664,2.96116,-0.403506,-0.402572,-0.413045
2,9.443214953,2.84663,4.00297,4.00297,2.94794,2.94664,2.96116,-0.0730793,-0.0721451,-0.0826176
2,9.443214953,4.15542,4.00297,4.00297,2.94794,2.94664,2.96116,0.870998,0.871933,0.86146
2,9.510504673,4.89162,3.97659,3.97659,2.93096,2.92965,2.94424,1.41429,1.41523,1.40471
2,9.532934579,0.719836,3.96779,3.96779,2.9253,2.92399,2.9386,-1.59087,-1.58993,-1.60047
2,9.532934579,4.40082,3.96779,3.96779,2.9253,2.92399,2.9386,1.06434,1.06529,1.05475
2,9.645084112,3.41922,3.92383,3.92383,2.897,2.89567,2.91039,0.3767,0.377653,0.367037
2,9.645084112,2.68303,3.92383,3.92383,2.897,2.89567,2.91039,-0.154344,-0.15339,-0.164007
2,9.667514019,1.42331,3.91504,3.91504,2.89134,2.89001,2.90475,-1.05894,-1.05798,-1.06861
2,9.667514019,2.48671,3.91504,3.91504,2.89134,2.89001,2.90475,-0.291873,-0.290917,-0.30155
2,9.734803738,3.25562,3.88866,3.88866,2.87436,2.87302,2.88783,0.27502,0.275982,0.265302
2,9.846953271,2.42127,3.8447,3.8447,2.84606,2.84471,2.85963,-0.30642,-0.305447,-0.316207
2,9.869383178,2.78119,3.8359,3.8359,2.8404,2.83905,2.85399,-0.0427165,-0.0417412,-0.0525172
2,9.959102804,1.79959,3.80073,3.80073,2.81777,2.81641,2.83143,-0.734448,-0.733464,-0.744304
2,9.959102804,3.1411,3.80073,3.80073,2.81777,2.81641,2.83143,0.233231,0.234215,0.223376
2,10.00396262,2.61759,3.78315,3.78315,2.80645,2.80508,2.82016,-0.136237,-0.135249,-0.14612
2,10.02639252,2.35583,3.77436,3.77436,2.8008,2.79942,2.81452,-0.320971,-0.319981,-0.330868
2,10.07125234,2.04499,3.75677,3.75677,2.78948,2.7881,2.80324,-0.537028,-0.536032,-0.546952
2,10.13854206,2.53579,3.73039,3.73039,2.77251,2.77112,2.78633,-0.170756,-0.169754,-0.180721
2,10.16097196,3.01022,3.7216,3.7216,2.76685,2.76546,2.78069,0.175553,0.176557,0.165574
2,10.18340187,5.33e-15,3.71281,3.71281,2.7612,2.7598,2.77505,-1.99175,-1.99074,-2.00174
2,10.20583178,3.40286,3.70402,3.70402,2.75554,2.75414,2.76941,0.466938,0.467946,0.456931
2,10.2731215,2.35583,3.67764,3.67764,2.73857,2.73716,2.7525,-0.276084,-0.275069,-0.286132
2,10.2731215,3.9591,3.67764,3.67764,2.73857,2.73716,2.7525,0.880412,0.881427,0.870364
2,10.31798131,2.74847,3.66006,3.66006,2.72726,2.72584,2.74122,0.0152998,0.0163192,0.00522455
2,10.40770093,5.87321,3.62489,3.62489,2.70463,2.70321,2.71868,2.2856,2.28663,2.27547
2,10.40770093,2.30675,3.62489,3.62489,2.70463,2.70321,2.71868,-0.287007,-0.285979,-0.297137
2,10.40770093,3.7955,3.62489,3.62489,2.70463,2.70321,2.71868,0.786881,0.787909,0.776751
2,10.40770093,3.35378,3.62489,3.62489,2.70463,2.70321,2.71868,0.468255,0.469283,0.458125
2,10.40770093,3.01022,3.62489,3.62489,2.70463,2.70321,2.71868,0.220435,0.221463,0.210305
2,10.47499065,2.53579,3.59851,3.59851,2.68767,2.68623,2.70177,-0.109555,-0.108521,-0.119726
2,10.49742056,3.19018,3.58972,3.58972,2.68201,2.68057,2.69613,0.366563,0.3676,0.356378
2,10.51985047,4.46626,3.58093,3.58093,2.67636,2.67492,2.69049,1.29112,1.29216,1.28092
2,10.54228037,3.51738,3.57214,3.57214,2.6707,2.66926,2.68486,0.61074,0.611781,0.600528
2,10.632,1.86503,3.53697,3.53697,2.64808,2.64663,2.66232,-0.564843,-0.563793,-0.57511
2,10.65442991,1.01431,3.52818,3.52818,2.64243,2.64097,2.65668,-1.17441,-1.17336,-1.1847
2,10.92358879,2.53579,3.42269,3.42269,2.5746,2.5731,2.58907,-0.0279938,-0.0269155,-0.0384372
2,10.94601869,4.15542,3.4139,3.4139,2.56894,2.56745,2.58344,1.14438,1.14546,1.13392
2,11.03573832,0.327198,3.37874,3.37874,2.54634,2.54483,2.56091,-1.60074,-1.59965,-1.61125
2,11.03573832,1.50511,3.37874,3.37874,2.54634,2.54483,2.56091,-0.751073,-0.749984,-0.761584
2,11.03573832,2.38855,3.37874,3.37874,2.54634,2.54483,2.56091,-0.113821,-0.112731,-0.124332
2,11.08059813,1.66871,3.36116,3.36116,2.53504,2.53352,2.54965,-0.624912,-0.623818,-0.63545
2,11.14788785,1.42331,3.33479,3.33479,2.51809,2.51656,2.53275,-0.7897,-0.788599,-0.800278
2,11.17031776,2.19223,3.326,3.326,2.51244,2.51091,2.52712,-0.230979,-0.229876,-0.241571
2,11.19274766,1.79959,3.31721,3.31721,2.50679,2.50526,2.52149,-0.510128,-0.509023,-0.520733
2,11.26003738,2.58487,3.29084,3.29084,2.48984,2.4883,2.5046,0.0685427,0.0696546,0.0578974
2,11.28246729,1.47239,3.28205,3.28205,2.4842,2.48265,2.49897,-0.729849,-0.728735,-0.740508
2,11.3048972,3.25562,3.27326,3.27326,2.47855,2.477,2.49334,0.560531,0.561647,0.549859
2,11.39461682,2.91207,3.2381,3.2381,2.45596,2.4544,2.47083,0.329005,0.33013,0.318279
2,11.43947664,2.45399,3.22052,3.22052,2.44467,2.4431,2.45957,0.00672458,0.00785353,-0.00402824
2,11.46190654,2.06135,3.21174,3.21174,2.43902,2.43745,2.45394,-0.272426,-0.271295,-0.283192
2,11.48433645,1.93047,3.20295,3.20295,2.43337,2.4318,2.44832,-0.362761,-0.361628,-0.373541
2,11.52919626,2.71575,3.18537,3.18537,2.42208,2.4205,2.43706,0.211831,0.212968,0.201024
2,11.52919626,4.38446,3.18537,3.18537,2.42208,2.4205,2.43706,1.41553,1.41667,1.40472
2,11.64134579,0.359918,3.14143,3.14143,2.39386,2.39227,2.40893,-1.46715,-1.466,-1.47802
2,11.91050467,0.834356,3.03599,3.03599,2.32615,2.32453,2.34145,-1.07608,-1.07491,-1.08712
2,11.93293458,2.15951,3.0272,3.0272,2.32051,2.31888,2.33583,-0.116138,-0.114962,-0.127184
2,11.93293458,0.687117,3.0272,3.0272,2.32051,2.31888,2.33583,-1.17823,-1.17705,-1.18927
2,11.97779439,1.11247,3.00963,3.00963,2.30923,2.3076,2.32459,-0.863264,-0.862084,-0.874337
2,12.02265421,1.73415,2.99206,2.99206,2.29796,2.29632,2.31334,-0.406693,-0.405508,-0.417792
2,12.04508411,3.69734,2.98328,2.98328,2.29232,2.29067,2.30772,1.01349,1.01468,1.00238
2,12.11237383,1.96319,2.95692,2.95692,2.27541,2.27375,2.29087,-0.225213,-0.22402,-0.236365
2,12.17966355,1.45603,2.93057,2.93057,2.2585,2.25684,2.27401,-0.578847,-0.577647,-0.590038
2,12.24695327,2.84663,2.90422,2.90422,2.24159,2.23992,2.25716,0.43643,0.437636,0.4252
2,12.26938318,2.61759,2.89544,2.89544,2.23596,2.23429,2.25155,0.27528,0.276489,0.264037
2,12.38153271,3.28834,2.85152,2.85152,2.2078,2.20611,2.22347,0.779435,0.780655,0.768128
2,12.42639252,1.89775,2.83396,2.83396,2.19653,2.19484,2.21225,-0.215523,-0.214299,-0.226857
2,12.42639252,1.60327,2.83396,2.83396,2.19653,2.19484,2.21225,-0.427941,-0.426717,-0.439274
2,12.47125234,2.09407,2.8164,2.8164,2.18527,2.18357,2.20102,-0.0657888,-0.0645605,-0.0771485
2,12.47125234,1.06339,2.8164,2.8164,2.18527,2.18357,2.20102,-0.80925,-0.808022,-0.82061
2,12.51611215,3.32106,2.79884,2.79884,2.17402,2.17231,2.1898,0.827405,0.828638,0.81602
2,12.53854206,2.20859,2.79006,2.79006,2.16839,2.16667,2.18419,0.0289993,0.0302341,0.0176009
2,12.60583178,1.93047,2.76372,2.76372,2.1515,2.14978,2.16736,-0.159439,-0.158198,-0.170876
2,12.6955514,0.736196,2.72861,2.72861,2.129,2.12727,2.14493,-1.00468,-1.00343,-1.01617
2,12.91985047,1.79959,2.64085,2.64085,2.07278,2.07102,2.08888,-0.197062,-0.195791,-0.208677
2,12.91985047,0.916155,2.64085,2.64085,2.07278,2.07102,2.08888,-0.834315,-0.833044,-0.84593
2,12.98714019,4.33538,2.61453,2.61453,2.05593,2.05416,2.07208,1.64425,1.64552,1.63259
2,13.05442991,1.66871,2.58821,2.58821,2.03908,2.0373,2.05529,-0.26716,-0.265876,-0.27885
2,13.05442991,4.5317,2.58821,2.58821,2.03908,2.0373,2.05529,1.79801,1.79929,1.78632
2,13.18900935,0.458078,2.53559,2.53559,2.0054,2.00361,2.02171,-1.11614,-1.11484,-1.1279
2,13.23386916,2.38855,2.51806,2.51806,1.99418,1.99238,2.01053,0.28447,0.28577,0.27268
2,13.25629907,0.539877,2.50929,2.50929,1.98857,1.98677,2.00493,-1.04499,-1.04369,-1.0568
2,13.30115888,3.58282,2.49176,2.49176,1.97736,1.97555,1.99375,1.15808,1.15938,1.14625
2,13.3908785,2.02863,2.4567,2.4567,1.95494,1.95311,1.9714,0.0531584,0.0544741,0.0412834
2,13.41330841,3.76278,2.44794,2.44794,1.94933,1.9475,1.96581,1.3081,1.30942,1.29622
2,13.41330841,4.08998,2.44794,2.44794,1.94933,1.9475,1.96581,1.54412,1.54544,1.53224
2,13.45816822,2.65031,2.43041,2.43041,1.93813,1.93629,1.95464,0.51372,0.515042,0.501808
2,13.48059813,0.556237,2.42165,2.42165,1.93253,1.93069,1.94906,-0.992765,-0.99144,-1.00469
2,13.52545794,2.14315,2.40413,2.40413,1.92133,1.91949,1.93789,0.160008,0.161337,0.148061
2,13.74975701,1.40695,2.31658,2.31658,1.86538,1.86351,1.88211,-0.330682,-0.329333,-0.342747
2,13.81704673,0.997955,2.29032,2.29032,1.84862,1.84674,1.86539,-0.613614,-0.61226,-0.625714
2,13.99648598,0.719836,2.22036,2.22036,1.80396,1.80206,1.82086,-0.782017,-0.780648,-0.794209
2,14.0637757,1.55419,2.19415,2.19415,1.78723,1.78533,1.80418,-0.168101,-0.166726,-0.180326
2,14.24321495,0.0981595,2.12428,2.12428,1.74268,1.74075,1.75975,-1.18625,-1.18486,-1.19856
2,14.24321495,2.43763,2.12428,2.12428,1.74268,1.74075,1.75975,0.501291,0.502681,0.488977
2,14.31050467,2.78119,2.0981,2.0981,1.72599,1.72406,1.74311,0.761148,0.762544,0.748802
2,14.4002243,2.87935,2.06322,2.06322,1.70376,1.70182,1.72094,0.84799,0.849393,0.835601
2,14.4002243,4.05726,2.06322,2.06322,1.70376,1.70182,1.72094,1.69766,1.69906,1.68527
2,14.44508411,0.196319,2.04579,2.04579,1.69265,1.6907,1.70986,-1.07936,-1.07795,-1.09177
2,14.44508411,1.01431,2.04579,2.04579,1.69265,1.6907,1.70986,-0.489309,-0.487903,-0.50172
2,14.44508411,1.37423,2.04579,2.04579,1.69265,1.6907,1.70986,-0.229688,-0.228282,-0.242098
2,14.53480374,2.73211,2.01094,2.01094,1.67046,1.6685,1.68772,0.765803,0.767216,0.753351
2,14.64695327,1.22699,1.96742,1.96742,1.64275,1.64078,1.66008,-0.299898,-0.298477,-0.312402
2,14.87125234,1.79959,1.88053,1.88053,1.58746,1.58546,1.60492,0.153021,0.154459,0.140419
2,14.98340187,0.179959,1.83717,1.83717,1.55988,1.55787,1.57741,-0.995383,-0.993936,-1.00803
2,15.02826168,1.79959,1.81984,1.81984,1.54886,1.54685,1.56642,0.180861,0.18231,0.168195
2,15.0955514,1.86503,1.79387,1.79387,1.53235,1.53033,1.54995,0.239975,0.241429,0.227282
2,15.25256075,3.68098,1.73337,1.73337,1.4939,1.49187,1.51158,1.57762,1.57908,1.56486
2,15.27499065,0.572597,1.72474,1.72474,1.48841,1.48638,1.50611,-0.66061,-0.659144,-0.673372
2,15.29742056,1.68507,1.71612,1.71612,1.48293,1.4809,1.50064,0.14581,0.147278,0.13304
2,15.38714019,1.86503,1.68164,1.68164,1.46103,1.45899,1.47878,0.29142,0.292893,0.278618
2,15.47685981,0.883436,1.64723,1.64723,1.43917,1.43712,1.45696,-0.400868,-0.399389,-0.413701
2,15.52171963,2.81391,1.63005,1.63005,1.42825,1.4262,1.44606,0.999521,1.001,0.986673
2,15.90302804,1.66871,1.48471,1.48471,1.33592,1.33384,1.35389,0.240054,0.241557,0.227095
2,16.08246729,1.81595,1.41685,1.41685,1.29278,1.29069,1.31081,0.377378,0.378889,0.364377
2,16.26190654,2.56851,1.34941,1.34941,1.24988,1.24777,1.26795,0.951172,0.952691,0.938136
2,16.30676636,1.97955,1.33263,1.33263,1.23919,1.23708,1.25727,0.534047,0.535568,0.521004
3,0,0.620408,7.55695,7.55695,nan,6.05751,6.53097,nan,-3.92197,-4.26349
3,2.018691589,4.5551,6.90138,6.90138,nan,5.62043,6.05093,nan,-0.768461,-1.07899
3,2.041121495,2.61224,6.89287,6.89287,nan,5.61558,6.0456,nan,-2.16641,-2.4766
3,3.005607477,5.24082,6.52218,6.52218,nan,5.40676,5.81625,nan,-0.119698,-0.415081
3,3.857943925,3.72245,6.19061,6.19061,nan,5.22222,5.61357,nan,-1.08184,-1.36413
3,4.014953271,2.1551,6.12934,6.12934,nan,5.18823,5.57624,nan,-2.1879,-2.46778
3,4.014953271,3.2,6.12934,6.12934,nan,5.18823,5.57624,nan,-1.43418,-1.71406
3,4.037383178,5.01224,6.12059,6.12059,nan,5.18337,5.5709,nan,-0.123439,-0.402978
3,4.351401869,3.82041,5.99792,5.99792,nan,5.11538,5.49623,nan,-0.934109,-1.20883
3,5.001869159,3.11837,5.7435,5.7435,nan,4.97455,5.34155,nan,-1.33893,-1.60366
3,5.136448598,5.8449,5.69082,5.69082,nan,4.94541,5.30955,nan,0.648829,0.386165
3,5.226168224,1.94286,5.6557,5.6557,nan,4.92599,5.28822,nan,-2.15183,-2.41312
3,5.45046729,4.81633,5.56787,5.56787,nan,4.87743,5.23488,nan,-0.0440726,-0.301916
3,5.876635514,3.59184,5.40094,5.40094,nan,4.78516,5.13354,nan,-0.860783,-1.11208
3,5.943925234,4.70204,5.37458,5.37458,nan,4.77059,5.11754,nan,-0.0494456,-0.299711
3,6.011214953,4.3102,5.34822,5.34822,nan,4.75602,5.10154,nan,-0.321582,-0.570814
3,6.03364486,6.33469,5.33943,5.33943,nan,4.75116,5.0962,nan,1.14226,0.893367
3,6.347663551,4.60408,5.21639,5.21639,nan,4.68318,5.02153,nan,-0.0570536,-0.30112
3,6.841121495,5.12653,5.023,5.023,nan,4.57634,4.90419,nan,0.396871,0.160383
3,6.908411215,6.12245,4.99662,4.99662,nan,4.56177,4.88819,nan,1.12577,0.890315
3,6.998130841,4.19592,4.96146,4.96146,nan,4.54235,4.86685,nan,-0.249891,-0.483968
3,7.020560748,6.17143,4.95267,4.95267,nan,4.53749,4.86152,nan,1.17862,0.944883
3,7.042990654,5.40408,4.94388,4.94388,nan,4.53263,4.85619,nan,0.628605,0.395217
3,7.155140187,7.77143,4.89992,4.89992,nan,4.50835,4.82952,nan,2.35377,2.1221
3,7.244859813,4.76735,4.86475,4.86475,nan,4.48893,4.80818,nan,0.200832,-0.0294559
3,7.289719626,6.85714,4.84717,4.84717,nan,4.47922,4.79751,nan,1.71528,1.48568
3,7.334579439,5.81224,4.82958,4.82958,nan,4.4695,4.78685,nan,0.968565,0.739654
3,7.334579439,4.44082,4.82958,4.82958,nan,4.4695,4.78685,nan,-0.0206938,-0.249604
3,7.379439252,4.01633,4.812,4.812,nan,4.45979,4.77618,nan,-0.319887,-0.548109
3,7.446728972,6.23673,4.78562,4.78562,nan,4.44522,4.76018,nan,1.29228,1.06509
3,7.648598131,4.81633,4.70649,4.70649,nan,4.40152,4.71218,nan,0.299215,0.0751271
3,7.693457944,6.44898,4.6889,4.6889,nan,4.39181,4.70151,nan,1.48391,1.26051
3,7.85046729,4.76735,4.62736,4.62736,nan,4.35781,4.66417,nan,0.29541,0.0744225
3,7.962616822,6.80816,4.58339,4.58339,nan,4.33353,4.63751,nan,1.78504,1.56577
3,8.007476636,5.74694,4.56581,4.56581,nan,4.32382,4.62684,nan,1.02654,0.807967
3,8.007476636,3.6898,4.56581,4.56581,nan,4.32382,4.62684,nan,-0.457344,-0.675921
3,8.007476636,5.3551,4.56581,4.56581,nan,4.32382,4.62684,nan,0.743899,0.525322
3,8.142056075,8.26122,4.51305,4.51305,nan,4.29468,4.59484,nan,2.8612,2.64469
3,8.231775701,4.5551,4.47788,4.47788,nan,4.27526,4.5735,nan,0.20186,-0.0132726
3,8.321495327,5.48571,4.44271,4.44271,nan,4.25583,4.55217,nan,0.887154,0.673399
3,8.343925234,4.32653,4.43391,4.43391,nan,4.25098,4.54683,nan,0.0544981,-0.158912
3,8.456074766,5.9102,4.38995,4.38995,nan,4.2267,4.52017,nan,1.21437,1.00268
3,8.747663551,4.75102,4.27564,4.27564,nan,4.16357,4.45083,nan,0.423748,0.216538
3,8.882242991,3.98367,4.22288,4.22288,nan,4.13443,4.41883,nan,-0.108748,-0.313892
3,8.94953271,6.66122,4.1965,4.1965,nan,4.11987,4.40283,nan,1.83317,1.62906
3,9.01682243,4.8,4.17012,4.17012,nan,4.1053,4.38683,nan,0.501113,0.298036
3,9.039252336,5.9102,4.16133,4.16133,nan,4.10044,4.38149,nan,1.30544,1.10271
3,9.039252336,4.60408,4.16133,4.16133,nan,4.10044,4.38149,nan,0.363293,0.16056
3,9.151401869,7.72245,4.11736,4.11736,nan,4.07616,4.35483,nan,2.63019,2.42918
3,9.218691589,3.80408,4.09098,4.09098,nan,4.06159,4.33883,nan,-0.185751,-0.385729
3,9.285981308,5.06122,4.0646,4.0646,nan,4.04702,4.32282,nan,0.731577,0.532633
3,9.330841121,6.22041,4.04702,4.04702,nan,4.03731,4.31216,nan,1.57474,1.37649
3,9.353271028,5.32245,4.03823,4.03823,nan,4.03246,4.30682,nan,0.930516,0.732605
3,9.375700935,4.39184,4.02943,4.02943,nan,4.0276,4.30149,nan,0.262736,0.0651696
3,9.487850467,6.26939,3.98547,3.98547,nan,4.00332,4.27482,nan,1.63459,1.43875
3,9.66728972,4.34286,3.91513,3.91513,nan,3.96447,4.23216,nan,0.272941,0.0798526
3,9.846728972,4.71837,3.84478,3.84478,nan,3.92563,4.18949,nan,0.571831,0.381498
3,9.958878505,5.02857,3.80082,3.80082,nan,3.90135,4.16282,nan,0.813104,0.624495
3,10.00373832,6.92245,3.78324,3.78324,nan,3.89164,4.15215,nan,2.18623,1.99831
3,10.02616822,4.35918,3.77444,3.77444,nan,3.88678,4.14682,nan,0.34076,0.153184
3,10.02616822,5.51837,3.77444,3.77444,nan,3.88678,4.14682,nan,1.17692,0.989343
3,10.11588785,7.24898,3.73927,3.73927,nan,3.86736,4.12549,nan,2.43928,2.25308
3,10.22803738,3.80408,3.69531,3.69531,nan,3.84308,4.09882,nan,-0.028132,-0.212606
3,10.2953271,5.1102,3.66894,3.66894,nan,3.82851,4.08282,nan,0.924527,0.741087
3,10.34018692,5.20816,3.65135,3.65135,nan,3.8188,4.07215,nan,1.00219,0.819442
3,10.38504673,3.15102,3.63377,3.63377,nan,3.80909,4.06149,nan,-0.47469,-0.656752
3,10.45233645,4.63673,3.60739,3.60739,nan,3.79453,4.04549,nan,0.607514,0.426486
3,10.65420561,4.70204,3.52827,3.52827,nan,3.75083,3.99749,nan,0.686144,0.508217
3,10.69906542,4.13061,3.51069,3.51069,nan,3.74112,3.98682,nan,0.280958,0.10372
3,10.74392523,3.4449,3.4931,3.4931,nan,3.7314,3.97616,nan,-0.206667,-0.383215
3,10.85607477,6.07347,3.44915,3.44915,nan,3.70713,3.94949,nan,1.70692,1.5321
3,10.94579439,4.21224,3.41399,3.41399,nan,3.68771,3.92816,nan,0.378368,0.204922
3,10.99065421,5.42041,3.3964,3.3964,nan,3.678,3.91749,nan,1.25686,1.08411
3,11.01308411,5.99184,3.38761,3.38761,nan,3.67314,3.91216,nan,1.67256,1.50014
3,11.03551402,4.81633,3.37882,3.37882,nan,3.66829,3.90683,nan,0.828122,0.656054
3,11.14766355,6.38367,3.33487,3.33487,nan,3.64401,3.88016,nan,1.97621,1.80587
3,11.23738318,2.48163,3.29971,3.29971,nan,3.62459,3.85883,nan,-0.824453,-0.993418
3,11.28224299,4.65306,3.28214,3.28214,nan,3.61488,3.84816,nan,0.748877,0.580601
3,11.3271028,3.65714,3.26456,3.26456,nan,3.60517,3.8375,nan,0.0374912,-0.130095
3,11.37196262,2.13878,3.24698,3.24698,nan,3.59546,3.82683,nan,-1.05076,-1.21765
3,11.41682243,4.16327,3.2294,3.2294,nan,3.58575,3.81616,nan,0.416583,0.250376
3,11.6635514,2.67755,3.13273,3.13273,nan,3.53234,3.7575,nan,-0.616591,-0.779006
3,11.68598131,3.2,3.12394,3.12394,nan,3.52749,3.75217,nan,-0.236229,-0.398299
3,11.73084112,2.38367,3.10637,3.10637,nan,3.51778,3.7415,nan,-0.818069,-0.97945
3,11.86542056,3.36327,3.05365,3.05365,nan,3.48865,3.70951,nan,-0.0904442,-0.249757
3,11.93271028,4.94694,3.02729,3.02729,nan,3.47409,3.69351,nan,1.06242,0.904142
3,12,3.78776,3.00093,3.00093,nan,3.45952,3.67751,nan,0.236766,0.0795224
3,12.02242991,6.22041,2.99215,2.99215,nan,3.45467,3.67218,nan,1.99502,1.83813
3,12.04485981,3.08571,2.98336,2.98336,nan,3.44981,3.66685,nan,-0.262637,-0.419191
3,12.11214953,5.64898,2.95701,2.95701,nan,3.43525,3.65085,nan,1.59684,1.44132
3,12.22429907,2.51429,2.91309,2.91309,nan,3.41098,3.62419,nan,-0.646814,-0.800609
3,12.29158879,4.88163,2.88674,2.88674,nan,3.39641,3.60819,nan,1.07134,0.918579
3,12.31401869,5.19184,2.87796,2.87796,nan,3.39156,3.60286,nan,1.2986,1.14619
3,12.3364486,2.82449,2.86918,2.86918,nan,3.3867,3.59752,nan,-0.405545,-0.557616
3,12.3588785,2.30204,2.86039,2.86039,nan,3.38185,3.59219,nan,-0.778904,-0.93063
3,12.44859813,4.73469,2.82527,2.82527,nan,3.36243,3.57086,nan,0.989858,0.839512
3,12.65046729,2.36735,2.74625,2.74625,nan,3.31875,3.52287,nan,-0.686277,-0.83352
3,12.6728972,3.46122,2.73747,2.73747,nan,3.31389,3.51754,nan,0.106275,-0.0406222
3,12.74018692,3.05306,2.71114,2.71114,nan,3.29933,3.50154,nan,-0.177643,-0.323506
3,12.87476636,3.00408,2.65849,2.65849,nan,3.27021,3.46955,nan,-0.191966,-0.335759
3,12.94205607,4.08163,2.63216,2.63216,nan,3.25565,3.45356,nan,0.595811,0.453053
3,12.98691589,4.44082,2.61462,2.61462,nan,3.24594,3.44289,nan,0.861905,0.719837
3,13.00934579,4.57143,2.60585,2.60585,nan,3.24109,3.43756,nan,0.959621,0.817898
3,13.0317757,2.62857,2.59707,2.59707,nan,3.23623,3.43223,nan,-0.438327,-0.579705
3,13.16635514,4.60408,2.54445,2.54445,nan,3.20711,3.40024,nan,1.00768,0.868374
3,13.23364486,2.10612,2.51815,2.51815,nan,3.19255,3.38424,nan,-0.78368,-0.921953
3,13.30093458,3.55918,2.49185,2.49185,nan,3.17799,3.36825,nan,0.274965,0.137728
3,13.30093458,2.35102,2.49185,2.49185,nan,3.17799,3.36825,nan,-0.596524,-0.733762
3,13.32336449,3.13469,2.48308,2.48308,nan,3.17314,3.36292,nan,-0.0277331,-0.164626
3,13.3682243,2.93878,2.46555,2.46555,nan,3.16343,3.35225,nan,-0.162054,-0.298257
3,13.45794393,3.98367,2.4305,2.4305,nan,3.14402,3.33093,nan,0.605669,0.470847
3,13.65981308,5.33e-15,2.35168,2.35168,nan,3.10035,3.28295,nan,-2.23639,-2.3681
3,13.68224299,2.17143,2.34292,2.34292,nan,3.0955,3.27762,nan,-0.666562,-0.797933
3,13.74953271,1.69796,2.31666,2.31666,nan,3.08094,3.26163,nan,-0.997591,-1.12793
3,13.86168224,0.897959,2.27292,2.27292,nan,3.05668,3.23497,nan,-1.55716,-1.68577
3,13.92897196,3.57551,2.24668,2.24668,nan,3.04212,3.21898,nan,0.38475,0.257177
3,13.99626168,3.5102,2.22045,2.22045,nan,3.02757,3.20299,nan,0.348142,0.221605
3,14.01869159,1.50204,2.21171,2.21171,nan,3.02272,3.19766,nan,-1.09692,-1.22311
3,14.0411215,2.69388,2.20297,2.20297,nan,3.01786,3.19233,nan,-0.233703,-0.35955
3,14.13084112,5.30612,2.16802,2.16802,nan,2.99846,3.17101,nan,1.6646,1.54013
3,14.24299065,1.6,2.12437,2.12437,nan,2.9742,3.14436,nan,-0.991259,-1.114
3,14.28785047,3.88571,2.10691,2.10691,nan,2.9645,3.1337,nan,0.664504,0.542456
3,14.33271028,2.77551,2.08947,2.08947,nan,2.9548,3.12304,nan,-0.129326,-0.250684
3,14.44485981,4.27755,2.04587,2.04587,nan,2.93054,3.09639,nan,0.971643,0.852012
3,14.64672897,2.25306,1.96751,1.96751,nan,2.88689,3.04843,nan,-0.457202,-0.573724
3,14.69158879,5.07755,1.95011,1.95011,nan,2.87719,3.03777,nan,1.5872,1.47137
3,14.93831776,2.93878,1.85459,1.85459,nan,2.82385,2.97916,nan,0.0829031,-0.0291271
3,14.98317757,3.10204,1.83725,1.83725,nan,2.81415,2.9685,nan,0.207667,0.0963284
3,15.00560748,1.19184,1.82859,1.82859,nan,2.8093,2.96317,nan,-1.16673,-1.27772
3,15.05046729,1.51837,1.81127,1.81127,nan,2.7996,2.95252,nan,-0.924198,-1.0345
3,15.11775701,5.38776,1.78531,1.78531,nan,2.78506,2.93653,nan,1.87742,1.76815
3,15.25233645,1.76327,1.73346,1.73346,nan,2.75597,2.90457,nan,-0.71607,-0.823261
3,15.29719626,2.98776,1.7162,1.7162,nan,2.74627,2.89391,nan,0.174191,0.0676908
3,15.36448598,1.25714,1.69034,1.69034,nan,2.73173,2.87793,nan,-1.06367,-1.16913
3,15.4317757,3.96735,1.66452,1.66452,nan,2.71719,2.86195,nan,0.901784,0.797358
3,15.67850467,0.0163265,1.57012,1.57012,nan,2.66387,2.80337,nan,-1.90977,-2.01039
3,15.92523364,2.59592,1.47629,1.47629,nan,2.61058,2.7448,nan,-0.0105749,-0.107391
3,16.1271028,0.881633,1.40003,1.40003,nan,2.56698,2.69688,nan,-1.2157,-1.3094
3,16.21682243,1.24082,1.36631,1.36631,nan,2.54761,2.67559,nan,-0.942638,-1.03495
3,16.30654206,2.85714,1.33271,1.33271,nan,2.52824,2.6543,nan,0.237246,0.146315
3,16.35140187,0.914286,1.31596,1.31596,nan,2.51856,2.64366,nan,-1.15722,-1.24746
3,16.4635514,2.84082,1.27422,1.27422,nan,2.49435,2.61705,nan,0.249915,0.161407
3,16.66542056,2.74286,1.19966,1.19966,nan,2.45079,2.56917,nan,0.210674,0.125284
3,16.97943925,0.163265,1.08544,1.08544,nan,2.38307,2.49472,nan,-1.60122,-1.68176
3,17.00186916,2.17143,1.07738,1.07738,nan,2.37823,2.4894,nan,-0.149174,-0.229366
3,17.11401869,2.23673,1.03726,1.03726,nan,2.35405,2.46282,nan,-0.0846265,-0.163086
3,17.20373832,0.555102,1.00544,1.00544,nan,2.33472,2.44156,nan,-1.2837,-1.36077
3,17.29345794,0.457143,0.973863,0.973863,nan,2.31538,2.42031,nan,-1.34041,-1.4161
3,17.29345794,1.95918,0.973863,0.973863,nan,2.31538,2.42031,nan,-0.256939,-0.332625
3,17.31588785,3.2,0.966011,0.966011,nan,2.31055,2.415,nan,0.64159,0.566251
3,17.42803738,2.67755,0.927017,0.927017,nan,2.28639,2.38843,nan,0.282157,0.208551
3,18.03364486,1.81224,0.725436,0.725436,nan,2.15606,2.24512,nan,-0.248006,-0.312247
3,18.12336449,4.5551,0.6971,0.6971,nan,2.13677,2.22391,nan,1.74442,1.68157
3,18.23551402,0.555102,0.662327,0.662327,nan,2.11267,2.1974,nan,-1.12353,-1.18465
3,18.37009346,1.30612,0.621602,0.621602,nan,2.08377,2.16561,nan,-0.560944,-0.619979
3,18.43738318,2.20408,0.601673,0.601673,nan,2.06932,2.14972,nan,0.097206,0.0392117
3,18.95327103,2.04082,0.459512,0.459512,nan,1.95871,2.02805,nan,0.0592229,0.00920992
3,19.13271028,2.57959,0.414893,0.414893,nan,1.92031,1.9858,nan,0.475562,0.428323
3,19.26728972,0.359184,0.383191,0.383191,nan,1.89153,1.95414,nan,-1.10534,-1.1505
3,19.44672897,1.63265,0.343346,0.343346,nan,1.8532,1.91197,nan,-0.159092,-0.201479
3,20.43364486,1.66531,0.174419,0.174419,nan,1.64338,1.68108,nan,0.0158174,-0.0113763
4,0,1.95122,7.55695,7.55695,1.29046,1.27836,1.49541,0.476632,0.485353,0.328792
4,0.993314231,2.05765,7.27715,7.27715,2.92571,2.91947,3.05272,-0.626164,-0.621661,-0.717776
4,1.107927412,5.62306,7.23718,7.23718,3.10903,3.10283,3.23243,1.81346,1.81793,1.72444
4,1.184336199,0.922395,7.21012,7.21012,3.23127,3.22511,3.35226,-1.66547,-1.66102,-1.75275
4,1.222540592,4.25721,7.19648,7.19648,3.2924,3.28625,3.41218,0.695949,0.700383,0.609544
4,1.910219675,7.34368,6.94243,6.94243,4.39313,4.38728,4.49107,2.12833,2.13255,2.05768
4,1.986628462,4.00887,6.91353,6.91353,4.51546,4.50964,4.61096,-0.365418,-0.36122,-0.434311
4,2.101241643,5.81818,6.87002,6.87002,4.69894,4.69317,4.7908,0.807347,0.811509,0.741088
4,2.17765043,4.00887,6.84092,6.84092,4.82127,4.81553,4.91069,-0.586009,-0.581871,-0.650511
4,2.215854823,2.80266,6.82634,6.82634,4.88243,4.87671,4.97063,-1.50021,-1.49608,-1.56383
4,2.215854823,4.47007,6.82634,6.82634,4.88243,4.87671,4.97063,-0.29745,-0.293324,-0.361073
4,2.521489971,3.051,6.70917,6.70917,5.37173,5.36614,5.45016,-1.67402,-1.66999,-1.7306
4,2.903533906,8.26608,6.56172,6.56172,5.98336,5.97794,6.04945,1.6466,1.65051,1.59893
4,3.018147087,4.82483,6.51732,6.51732,6.16685,6.16148,6.22916,-0.968043,-0.964167,-1.01299
4,3.094555874,6.56319,6.48769,6.48769,6.28918,6.28384,6.34893,0.197657,0.201509,0.154557
4,3.132760267,6.17295,6.47287,6.47287,6.35034,6.34502,6.4088,-0.127959,-0.124119,-0.170126
4,3.209169054,4.15078,6.4432,6.4432,6.47267,6.46738,6.5285,-1.67486,-1.67104,-1.71513
4,3.209169054,4.66519,6.4432,6.4432,6.47267,6.46738,6.5285,-1.3038,-1.29998,-1.34407
4,3.209169054,6.03104,6.4432,6.4432,6.47267,6.46738,6.5285,-0.318559,-0.314743,-0.358834
4,3.896848138,8.26608,6.17544,6.17544,7.57359,7.56863,7.58809,0.499512,0.50309,0.489052
4,3.915950334,7.18404,6.16798,6.16798,7.60316,7.59847,7.6136,-0.302329,-0.298946,-0.309861
4,4.011461318,6.29712,6.13071,6.13071,7.71069,7.70852,7.70802,-1.01966,-1.0181,-1.01773
4,4.087870105,8.2306,6.10087,6.10087,7.74233,7.74205,7.73608,0.352207,0.352407,0.35671
4,4.106972302,7.55654,6.09341,6.09341,7.74385,7.74396,7.73728,-0.135114,-0.135191,-0.130372
4,4.183381089,7.73392,6.06357,6.06357,7.73127,7.73254,7.72445,0.00191584,0.00100003,0.00683368
4,4.240687679,7.27273,6.04119,6.04119,7.70791,7.70974,7.70142,-0.313916,-0.315229,-0.309232
4,4.240687679,4.50554,6.04119,6.04119,7.70791,7.70974,7.70142,-2.30998,-2.31129,-2.3053
4,4.508118434,7.94678,5.93666,5.93666,7.53743,7.54023,7.53299,0.295281,0.293265,0.298487
4,4.508118434,6.38581,5.93666,5.93666,7.53743,7.54023,7.53299,-0.830704,-0.832721,-0.827498
4,4.699140401,7.50333,5.86195,5.86195,7.3985,7.40153,7.39548,0.0756151,0.0734255,0.0777955
4,4.890162369,8.54989,5.78722,5.78722,7.25747,7.26069,7.25586,0.932265,0.929941,0.933424
4,4.928366762,7.57428,5.77227,5.77227,7.2292,7.23245,7.22787,0.248921,0.246571,0.249876
4,5.023877746,6.40355,5.73489,5.73489,7.15847,7.16181,7.15785,-0.54455,-0.546963,-0.544106
4,5.062082139,7.25499,5.71993,5.71993,7.13017,7.13355,7.12983,0.0900386,0.0876003,0.0902782
4,5.11938873,8.08869,5.6975,5.6975,7.08771,7.09114,7.0878,0.722043,0.719567,0.721976
4,5.17669532,7.5388,5.67507,5.67507,7.04525,7.04873,7.04576,0.356018,0.353505,0.355645
4,5.214899713,6.7051,5.66011,5.66011,7.01694,7.02046,7.01774,-0.22494,-0.227478,-0.225517
4,5.23400191,6.26164,5.65263,5.65263,7.00278,7.00632,7.00372,-0.534612,-0.537161,-0.53529
4,5.520534862,6.29712,5.54043,5.54043,6.79044,6.79423,6.7935,-0.355852,-0.358586,-0.358061
4,5.539637058,5.10865,5.53295,5.53295,6.77629,6.78009,6.77949,-1.20292,-1.20567,-1.20524
4,5.711556829,6.52772,5.46561,5.46561,6.64887,6.65284,6.65336,-0.0873957,-0.0902541,-0.0906276
4,5.902578797,7.60976,5.39078,5.39078,6.50731,6.51144,6.51321,0.795233,0.792251,0.79098
4,5.921680993,6.86475,5.3833,5.3833,6.49315,6.4973,6.49919,0.268043,0.265049,0.263687
4,6.036294174,7.41463,5.33839,5.33839,6.40821,6.41247,6.4151,0.725966,0.722898,0.720998
4,6.074498567,5.42794,5.32342,5.32342,6.3799,6.38419,6.38707,-0.686683,-0.689775,-0.691856
4,6.074498567,5.14412,5.32342,5.32342,6.3799,6.38419,6.38707,-0.891408,-0.8945,-0.89658
4,6.112702961,8.42572,5.30845,5.30845,6.35159,6.35591,6.35904,1.49614,1.49303,1.49077
4,6.189111748,5.39246,5.27852,5.27852,6.29496,6.29935,6.30298,-0.651005,-0.654169,-0.656789
4,6.227316141,6.95344,5.26355,5.26355,6.26665,6.27107,6.27495,0.495403,0.492215,0.489415
4,6.227316141,5.78271,5.26355,5.26355,6.26665,6.27107,6.27495,-0.349086,-0.352274,-0.355074
4,6.227316141,5.85366,5.26355,5.26355,6.26665,6.27107,6.27495,-0.297905,-0.301093,-0.303893
4,6.532951289,4.64745,5.14378,5.14378,6.04014,6.04484,6.05071,-1.0046,-1.00799,-1.01222
4,6.532951289,5.60532,5.14378,5.14378,6.04014,6.04484,6.05071,-0.313652,-0.31704,-0.321275
4,6.723973257,5.21508,5.06891,5.06891,5.89858,5.90345,5.91056,-0.493032,-0.496545,-0.501677
4,6.914995224,5.78271,4.99404,4.99404,5.75702,5.76205,5.77041,0.0185295,0.0148971,0.00886689
4,6.914995224,5.56984,4.99404,4.99404,5.75702,5.76205,5.77041,-0.135014,-0.138646,-0.144677
4,7.029608405,6.03104,4.94912,4.94912,5.67208,5.67722,5.68632,0.25893,0.255225,0.248658
4,7.067812798,6.13747,4.93415,4.93415,5.64377,5.64894,5.65829,0.356124,0.352395,0.345648
4,7.067812798,5.78271,4.93415,4.93415,5.64377,5.64894,5.65829,0.100218,0.0964892,0.0897426
4,7.106017192,7.84035,4.91917,4.91917,5.61546,5.62066,5.63026,1.60489,1.60114,1.59421
4,7.182425979,4.75388,4.88922,4.88922,5.55884,5.5641,5.5742,-0.580642,-0.584443,-0.591727
4,7.220630372,5.35698,4.87425,4.87425,5.53052,5.53583,5.54617,-0.12518,-0.129004,-0.136469
4,7.220630372,4.50554,4.87425,4.87425,5.53052,5.53583,5.54617,-0.739353,-0.743178,-0.750643
4,7.258834766,4.36364,4.85927,4.85927,5.50221,5.50755,5.51814,-0.821294,-0.825142,-0.832786
4,7.526265521,6.102,4.75444,4.75444,5.30403,5.30959,5.32194,0.5756,0.571587,0.562684
4,7.526265521,4.32816,4.75444,4.75444,5.30403,5.30959,5.32194,-0.703929,-0.707942,-0.716844
4,7.698185291,7.04213,4.68705,4.68705,5.17663,5.18234,5.1958,1.34565,1.34153,1.33182
4,7.908309456,6.91796,4.60468,4.60468,5.02091,5.02681,5.04164,1.3684,1.36415,1.35346
4,7.908309456,4.39911,4.60468,4.60468,5.02091,5.02681,5.04164,-0.448526,-0.452778,-0.463475
4,8.022922636,4.61197,4.55975,4.55975,4.93598,4.94197,4.95755,-0.233717,-0.238039,-0.249275
4,8.022922636,4.15078,4.55975,4.55975,4.93598,4.94197,4.95755,-0.566394,-0.570717,-0.581953
4,8.06112703,4.39911,4.54478,4.54478,4.90767,4.91369,4.92952,-0.366838,-0.371185,-0.3826
4,8.099331423,4.89579,4.5298,4.5298,4.87936,4.88542,4.90149,0.011852,0.00748129,-0.00411325
4,8.099331423,5.03769,4.5298,4.5298,4.87936,4.88542,4.90149,0.114214,0.109844,0.0982491
4,8.213944604,4.18625,4.48487,4.48487,4.79442,4.80058,4.8174,-0.43869,-0.443137,-0.455269
4,8.213944604,3.08647,4.48487,4.48487,4.79442,4.80058,4.8174,-1.232,-1.23644,-1.24858
4,8.213944604,3.33481,4.48487,4.48487,4.79442,4.80058,4.8174,-1.05286,-1.05731,-1.06944
4,8.2330468,4.5765,4.47738,4.47738,4.78026,4.78644,4.80339,-0.146982,-0.151442,-0.163663
4,8.519579752,4.77162,4.36505,4.36505,4.56792,4.57436,4.59317,0.146937,0.142292,0.128724
4,8.538681948,4.68293,4.35756,4.35756,4.55376,4.56022,4.57915,0.0931716,0.0885144,0.074857
4,8.672397326,4.86031,4.30514,4.30514,4.45467,4.46124,4.48105,0.292604,0.287861,0.273574
4,8.901623687,6.03104,4.21528,4.21528,4.28479,4.29158,4.31288,1.25963,1.25474,1.23937
4,9.016236867,2.55432,4.17035,4.17035,4.19986,4.20675,4.22879,-1.18698,-1.19195,-1.20785
4,9.054441261,4.70067,4.15537,4.15537,4.17155,4.17847,4.20076,0.381671,0.376676,0.360597
4,9.073543457,4.23947,4.14788,4.14788,4.15739,4.16433,4.18675,0.0592048,0.0541972,0.038028
4,9.092645654,5.42794,4.1404,4.1404,4.14324,4.1502,4.17273,0.9267,0.92168,0.905421
4,9.092645654,4.32816,4.1404,4.1404,4.14324,4.1502,4.17273,0.133392,0.128372,0.112113
4,9.207258835,1.59645,4.09547,4.09547,4.0583,4.06537,4.08865,-1.77582,-1.78091,-1.79771
4,9.207258835,1.09978,4.09547,4.09547,4.0583,4.06537,4.08865,-2.13409,-2.13918,-2.15598
4,9.245463228,3.1929,4.08049,4.08049,4.02999,4.03709,4.06062,-0.60382,-0.608939,-0.625916
4,9.512893983,1.77384,3.97565,3.97565,3.83182,3.83916,3.86444,-1.4845,-1.48979,-1.50802
4,9.53199618,4.20399,3.96816,3.96816,3.81767,3.82502,3.85042,0.278667,0.273362,0.255041
4,9.70391595,7.29047,3.90077,3.90077,3.69028,3.69779,3.72431,2.59694,2.59152,2.57239
4,9.894937918,1.77384,3.82589,3.82589,3.54875,3.55643,3.58419,-1.28031,-1.28585,-1.30587
4,9.914040115,4.949,3.8184,3.8184,3.5346,3.54229,3.57018,1.02026,1.01471,0.994593
4,10.04775549,1.63193,3.76598,3.76598,3.43553,3.44335,3.4721,-1.301,-1.30664,-1.32738
4,10.04775549,3.22838,3.76598,3.76598,3.43553,3.44335,3.4721,-0.149425,-0.155065,-0.175805
4,10.12416428,2.09313,3.73603,3.73603,3.37893,3.38682,3.41606,-0.927493,-0.933182,-0.95428
4,10.12416428,3.58315,3.73603,3.73603,3.37893,3.38682,3.41606,0.147311,0.141622,0.120524
4,10.20057307,0.922395,3.70608,3.70608,3.32233,3.33028,3.36003,-1.73115,-1.73689,-1.75835
4,10.20057307,1.20621,3.70608,3.70608,3.32233,3.33028,3.36003,-1.52643,-1.53217,-1.55362
4,10.20057307,1.59645,3.70608,3.70608,3.32233,3.33028,3.36003,-1.24493,-1.25067,-1.27213
4,10.27698185,1.41907,3.67613,3.67613,3.26573,3.27375,3.30399,-1.33206,-1.33785,-1.35966
4,10.50620821,2.62528,3.58628,3.58628,3.09596,3.10419,3.13592,-0.339522,-0.345454,-0.368341
4,10.67812798,4.23947,3.51889,3.51889,2.96867,2.97705,3.00989,0.916668,0.910627,0.886938
4,10.88825215,2.34146,3.43654,3.43654,2.81315,2.82171,2.8559,-0.340243,-0.34642,-0.371084
4,10.92645654,5.35698,3.42156,3.42156,2.78488,2.79348,2.82791,1.85535,1.84915,1.82431
4,11.04106972,0.851441,3.37665,3.37665,2.7001,2.70879,2.74396,-1.3335,-1.33977,-1.36514
4,11.06017192,3.40576,3.36916,3.36916,2.68597,2.69468,2.72997,0.519214,0.512929,0.487472
4,11.09837631,2.8204,3.35419,3.35419,2.65772,2.66646,2.702,0.117348,0.111041,0.0854073
4,11.11747851,2.41242,3.3467,3.3467,2.64359,2.65235,2.68801,-0.166755,-0.173074,-0.198795
4,11.1938873,0.532151,3.31676,3.31676,2.5871,2.59593,2.63207,-1.48231,-1.48867,-1.51475
4,11.1938873,1.70288,3.31676,3.31676,2.5871,2.59593,2.63207,-0.63782,-0.644186,-0.670257
4,11.27029608,0.354767,3.28682,3.28682,2.53063,2.53953,2.57615,-1.56953,-1.57594,-1.60236
4,11.49952245,1.5255,3.197,3.197,2.36137,2.37045,2.40852,-0.60294,-0.609493,-0.636952
4,11.53772684,2.83814,3.18203,3.18203,2.33318,2.3423,2.3806,0.364244,0.357667,0.330037
4,11.72874881,4.96674,3.10719,3.10719,2.19239,2.20166,2.24114,2.00123,1.99455,1.96607
4,11.91977077,2.44789,3.03236,3.03236,2.0519,2.06132,2.10194,0.285647,0.278851,0.249549
4,12.03438395,0.141907,2.98747,2.98747,1.96779,1.9773,2.01858,-1.31707,-1.32393,-1.35371
4,12.03438395,2.02217,2.98747,2.98747,1.96779,1.9773,2.01858,0.0392294,0.0323715,0.00259055
4,12.07258835,0.922395,2.9725,2.9725,1.93979,1.94933,1.99083,-0.733882,-0.74076,-0.770698
4,12.11079274,1.38359,2.95754,2.95754,1.91181,1.92137,1.96309,-0.381024,-0.387921,-0.418015
4,12.11079274,3.01552,2.95754,2.95754,1.91181,1.92137,1.96309,0.796143,0.789246,0.759151
4,12.22540592,0.496674,2.91266,2.91266,1.82802,1.83766,1.88001,-0.960345,-0.967299,-0.997851
4,12.22540592,2.76718,2.91266,2.91266,1.82802,1.83766,1.88001,0.677451,0.670498,0.639946
4,12.53104107,0.567627,2.793,2.793,1.60591,1.61572,1.65963,-0.748949,-0.756026,-0.787696
4,12.53104107,2.44789,2.793,2.793,1.60591,1.61572,1.65963,0.607351,0.600275,0.568604
4,12.70296084,3.40576,2.72571,2.72571,1.48215,1.49203,1.53668,1.38757,1.38044,1.34823
4,12.913085,2.55432,2.6435,2.6435,1.33256,1.34248,1.38787,0.881302,0.874142,0.841406
4,13.04680038,2.92683,2.5912,2.5912,1.2386,1.24853,1.29424,1.21777,1.21061,1.17764
4,13.06590258,0,2.58373,2.58373,1.22528,1.2352,1.28095,-0.883835,-0.890994,-0.923994
4,13.10410697,0.354767,2.56879,2.56879,1.1987,1.20862,1.25444,-0.608759,-0.615915,-0.648961
4,13.12320917,1.24169,2.56132,2.56132,1.18546,1.19537,1.24121,0.0405605,0.0334083,0.000341078
4,13.21872015,1.0643,2.52398,2.52398,1.11966,1.12954,1.17548,-0.0399307,-0.0470605,-0.0801964
4,13.5243553,2.18182,2.40456,2.40456,0.91516,0.924802,0.970407,0.913684,0.906729,0.873833
4,13.5243553,1.77384,2.40456,2.40456,0.91516,0.924802,0.970407,0.619392,0.612437,0.579541
4,13.69627507,3.051,2.33745,2.33745,0.805388,0.814783,0.859664,1.61984,1.61306,1.58068
4,13.92550143,2.5898,2.24803,2.24803,0.666888,0.675799,0.718969,1.38706,1.38064,1.34949
4,14.05921681,2.25277,2.19592,2.19592,0.591123,0.599662,0.641395,1.1986,1.19244,1.16234
4,14.0974212,0,2.18104,2.18104,0.570247,0.578667,0.619927,-0.411338,-0.417413,-0.447174
4,14.0974212,0.283814,2.18104,2.18104,0.570247,0.578667,0.619927,-0.206614,-0.212688,-0.24245
4,14.51766953,1.31264,2.01759,2.01759,0.36671,0.373513,0.407832,0.682331,0.677423,0.652668
4,14.7086915,6.40355,1.94348,1.94348,0.291709,0.297638,0.327969,4.40868,4.4044,4.38252
4,14.89971347,0.532151,1.86952,1.86952,0.228186,0.233219,0.259325,0.21926,0.21563,0.196799
4,15.05253104,1.70288,1.81047,1.81047,0.185404,0.189735,0.212456,1.09461,1.09149,1.0751
4,15.70200573,3.76053,1.56116,1.56116,0.0703314,0.0722906,0.0830125,2.66187,2.66046,2.65272
4,15.8930277,0.0709534,1.4885,1.4885,0.0518829,0.0533792,0.0616551,0.0137563,0.0126769,0.00670721
4,16.04584527,1.91574,1.43067,1.43067,0.0405097,0.0417062,0.0483759,1.35267,1.35181,1.347
4,16.10315186,0.86918,1.40906,1.40906,0.0368914,0.03799,0.044131,0.600358,0.599566,0.595136
4,16.52340019,1.5255,1.25203,1.25203,0.0184003,0.0189764,0.0222582,1.08712,1.08671,1.08434
4,16.71442216,4.45233,1.18169,1.18169,0.0133597,0.0137857,0.0162322,3.20198,3.20167,3.19991
4,16.88634193,0.354767,1.11906,1.11906,0.0100014,0.0103257,0.0121975,0.248691,0.248458,0.247107
4,17.0582617,2.1286,1.05716,1.05716,0.00748036,0.0077263,0.00915509,1.53004,1.52986,1.52883
4,17.68863419,2.69623,0.838262,0.838262,0.00256587,0.00265292,0.00317808,1.94303,1.94297,1.94259
