id,time,y10,popPred_medianCOV,popPred,indivPred_SAEM,indivPred_mean,indivPred_mode,indWRes_SAEM,indWRes_mean,indWRes_mode
1,0,0.780488,4.8986,4.8986,7.13029,7.05441,6.98233,-3.54895,-3.52173,-3.49565
1,0,1.59645,4.8986,4.8986,7.13029,7.05441,6.98233,-3.0929,-3.06371,-3.03574
1,0.667302193,5.67627,4.56706,4.56706,7.18144,7.13869,7.07918,-0.838808,-0.816963,-0.786378
1,0.762631077,5.25055,4.51969,4.51969,7.1786,7.14188,7.08497,-1.07465,-1.05638,-1.02791
1,1.029551954,3.22838,4.38707,4.38707,7.1564,7.13775,7.08906,-2.19214,-2.18404,-2.16283
1,1.18207817,7.3082,4.31129,4.31129,7.13435,7.12657,7.0831,0.0971438,0.101537,0.126153
1,1.220209724,3.051,4.29235,4.29235,7.1278,7.12277,7.08065,-2.27887,-2.27671,-2.25857
1,1.258341277,5.32151,4.2734,4.2734,7.12084,7.11857,7.07781,-1.0062,-1.00506,-0.984547
1,1.258341277,5.74723,4.2734,4.2734,7.12084,7.11857,7.07781,-0.768135,-0.766962,-0.745897
1,1.315538608,5.88914,4.24498,4.24498,7.10965,7.11152,7.07284,-0.682954,-0.683927,-0.663746
1,1.315538608,6.38581,4.24498,4.24498,7.10965,7.11152,7.07284,-0.405034,-0.406036,-0.385241
1,1.410867493,4.15078,4.19762,4.19762,7.08902,7.09779,7.06262,-1.64607,-1.65015,-1.63373
1,1.448999047,3.37029,4.17868,4.17868,7.0801,7.09161,7.05786,-2.07937,-2.08445,-2.06953
1,1.468064824,8.17738,4.1692,4.1692,7.07549,7.08838,7.05534,0.617779,0.610108,0.629799
1,1.601525262,5.32151,4.1029,4.1029,7.04071,7.06308,7.03506,-0.96579,-0.977109,-0.962929
1,1.67778837,6.45676,4.06501,4.06501,7.01889,7.04658,7.02143,-0.31618,-0.331231,-0.317561
1,1.754051478,4.15078,4.02712,4.02712,6.99574,7.02865,7.00635,-1.60233,-1.61781,-1.60732
1,1.754051478,4.61197,4.02712,4.02712,6.99574,7.02865,7.00635,-1.34257,-1.35855,-1.34773
1,1.754051478,8.15965,4.02712,4.02712,6.99574,7.02865,7.00635,0.655526,0.635792,0.649159
1,1.811248808,6.79379,3.99871,3.99871,6.97754,7.01429,6.99411,-0.1036,-0.124057,-0.112831
1,1.982840801,3.29933,3.91346,3.91346,6.91891,6.96673,6.95276,-2.04761,-2.06897,-2.06274
1,1.982840801,6.38581,3.91346,3.91346,6.91891,6.96673,6.95276,-0.301575,-0.327727,-0.320105
1,2.020972355,5.14412,3.89451,3.89451,6.9051,6.95529,6.94267,-0.996986,-1.02244,-1.01606
1,2.020972355,6.66962,3.89451,3.89451,6.9051,6.95529,6.94267,-0.133318,-0.161265,-0.154253
1,2.097235462,7.20177,3.85663,3.85663,6.87672,6.93151,6.92154,0.184334,0.152777,0.158508
1,2.135367016,5.1796,3.83768,3.83768,6.86215,6.91919,6.91051,-0.954944,-0.984078,-0.979656
1,2.230695901,6.31486,3.79033,3.79033,6.82469,6.88717,6.88165,-0.289989,-0.324354,-0.321325
1,2.249761678,7.80488,3.78085,3.78085,6.81703,6.88057,6.87566,0.562125,0.524042,0.526975
1,2.249761678,7.48559,3.78085,3.78085,6.81703,6.88057,6.87566,0.380436,0.343019,0.3459
1,2.326024786,5.46341,3.74297,3.74297,6.78585,6.85351,6.85102,-0.75388,-0.789356,-0.788053
1,2.326024786,7.27273,3.74297,3.74297,6.78585,6.85351,6.85102,0.277553,0.238047,0.239498
1,2.364156339,6.13747,3.72403,3.72403,6.76995,6.83962,6.8383,-0.36089,-0.399027,-0.398307
1,2.402287893,5.74723,3.70508,3.70508,6.75386,6.82548,6.82531,-0.574915,-0.61327,-0.613181
1,2.440419447,6.03104,3.68614,3.68614,6.73757,6.81112,6.81208,-0.403902,-0.444045,-0.444569
1,2.459485224,8.15965,3.67667,3.67667,6.72936,6.80385,6.80537,0.81804,0.772093,0.771158
1,2.592945663,7.59202,3.61037,3.61037,6.67067,6.75148,6.75675,0.528763,0.480119,0.476968
1,2.66920877,8.12417,3.57249,3.57249,6.63625,6.72046,6.72773,0.855638,0.803256,0.798756
1,2.745471878,8.37251,3.53461,3.53461,6.60125,6.6887,6.6979,1.02067,0.965321,0.959537
1,2.745471878,7.41463,3.53461,3.53461,6.60125,6.6887,6.6979,0.468704,0.416175,0.410685
1,2.764537655,5.67627,3.52514,3.52514,6.59241,6.68066,6.69031,-0.528185,-0.576081,-0.581293
1,2.802669209,5.8714,3.5062,3.5062,6.57464,6.66443,6.67501,-0.405867,-0.455291,-0.461076
1,2.974261201,5.92461,3.42097,3.42097,6.49316,6.5895,6.60392,-0.329709,-0.383397,-0.391379
1,2.974261201,7.62749,3.42097,3.42097,6.49316,6.5895,6.60392,0.657813,0.598545,0.589732
1,2.974261201,6.68736,3.42097,3.42097,6.49316,6.5895,6.60392,0.112619,0.0564313,0.0480769
1,3.012392755,6.102,3.40203,3.40203,6.47475,6.57245,6.58766,-0.2164,-0.271552,-0.280083
1,3.012392755,7.98226,3.40203,3.40203,6.47475,6.57245,6.58766,0.875173,0.81376,0.804261
1,3.088655863,6.77605,3.36416,3.36416,6.43763,6.53796,6.5547,0.196901,0.137709,0.127899
1,3.16491897,6.31486,3.32628,3.32628,6.40014,6.50298,6.52117,-0.0497273,-0.109032,-0.119448
1,3.203050524,7.48559,3.30734,3.30734,6.38126,6.48532,6.5042,0.644669,0.580338,0.568745
1,3.241182078,8.37251,3.28841,3.28841,6.3623,6.46754,6.48711,1.17481,1.10638,1.09375
1,3.241182078,8.2306,3.28841,3.28841,6.3623,6.46754,6.48711,1.09188,1.02396,1.01143
1,3.241182078,6.95344,3.28841,3.28841,6.3623,6.46754,6.48711,0.345475,0.282202,0.270525
1,3.317445186,4.82483,3.25054,3.25054,6.32415,6.43169,6.45256,-0.878225,-0.935224,-0.946201
1,3.317445186,8.08869,3.25054,3.25054,6.32415,6.43169,6.45256,1.03358,0.964414,0.951092
1,3.317445186,7.7694,3.25054,3.25054,6.32415,6.43169,6.45256,0.84656,0.778579,0.765488
1,3.35557674,5.96009,3.2316,3.2316,6.30496,6.41361,6.4351,-0.202241,-0.264243,-0.276414
1,3.35557674,5.39246,3.2316,3.2316,6.30496,6.41361,6.4351,-0.53511,-0.594969,-0.606719
1,3.393708294,8.2306,3.21267,3.21267,6.28571,6.39544,6.41754,1.14184,1.0704,1.05612
1,3.393708294,6.95344,3.21267,3.21267,6.28571,6.39544,6.41754,0.392021,0.325463,0.312163
1,3.469971401,7.55654,3.1748,3.1748,6.24701,6.35884,6.38211,0.770604,0.700106,0.685556
1,3.469971401,7.27273,3.1748,3.1748,6.24701,6.35884,6.38211,0.603592,0.534205,0.519884
1,3.508102955,9.15299,3.15587,3.15587,6.22756,6.34042,6.36425,1.72349,1.64587,1.62962
1,3.546234509,6.95344,3.13693,3.13693,6.20806,6.32191,6.34629,0.439646,0.369965,0.35517
1,3.584366063,7.59202,3.118,3.118,6.18851,6.30333,6.32824,0.828808,0.755786,0.74008
1,3.698760724,8.33703,3.06121,3.06121,6.12953,6.24717,6.27358,1.30822,1.22978,1.21232
1,3.736892278,8.01774,3.04228,3.04228,6.10978,6.22832,6.25521,1.13205,1.05417,1.03666
1,3.775023832,5.49889,3.02335,3.02335,6.08998,6.20941,6.23676,-0.351128,-0.419049,-0.43447
1,3.775023832,7.00665,3.02335,3.02335,6.08998,6.20941,6.23676,0.544541,0.470203,0.453325
1,3.813155386,4.75388,3.00442,3.00442,6.07014,6.19043,6.21824,-0.782847,-0.848221,-0.863198
1,3.889418494,8.58537,2.96657,2.96657,6.03034,6.15232,6.181,1.52328,1.4399,1.42047
1,3.908484271,8.85144,2.95711,2.95711,6.02036,6.14276,6.17165,1.68887,1.60395,1.58408
1,3.965681602,7.37916,2.92872,2.92872,5.99039,6.11401,6.14352,0.829976,0.750459,0.731653
1,3.965681602,5.81818,2.92872,2.92872,5.99039,6.11401,6.14352,-0.102919,-0.175478,-0.192638
1,3.965681602,6.63415,2.92872,2.92872,5.99039,6.11401,6.14352,0.384731,0.308534,0.290514
1,4.003813155,6.84701,2.9098,2.9098,5.97037,6.09478,6.12468,0.524549,0.446723,0.42819
1,4.003813155,6.98891,2.9098,2.9098,5.97037,6.09478,6.12468,0.609461,0.530997,0.512312
1,4.061010486,8.03548,2.88141,2.88141,5.94027,6.06585,6.09634,1.256,1.17174,1.15148
1,4.156339371,8.26608,2.83412,2.83412,5.88996,6.01743,6.04884,1.42877,1.34167,1.32041
1,4.194470925,7.96452,2.8152,2.8152,5.86979,5.99799,6.02975,1.26113,1.17473,1.15353
1,4.232602479,7.1663,2.79628,2.79628,5.8496,5.97852,6.01063,0.793699,0.71037,0.689821
1,4.232602479,7.69845,2.79628,2.79628,5.8496,5.97852,6.01063,1.11448,1.02863,1.00746
1,4.289799809,8.07095,2.76791,2.76791,5.81926,5.94925,5.98186,1.35984,1.27119,1.24917
1,4.308865586,6.13747,2.75845,2.75845,5.80913,5.93947,5.97225,0.198412,0.118699,0.0988525
1,4.308865586,6.66962,2.75845,2.75845,5.80913,5.93947,5.97225,0.519988,0.437719,0.417236
1,4.327931363,8.26608,2.749,2.749,5.799,5.92969,5.96263,1.49177,1.40148,1.37895
1,4.327931363,5.78271,2.749,2.749,5.799,5.92969,5.96263,-0.00985593,-0.0881694,-0.107711
1,4.327931363,6.26164,2.749,2.749,5.799,5.92969,5.96263,0.279742,0.19912,0.179002
1,4.34699714,7.62749,2.73954,2.73954,5.78887,5.9199,5.953,1.11246,1.02491,1.00302
1,4.385128694,6.77605,2.72063,2.72063,5.76858,5.9003,5.93371,0.61033,0.526264,0.505152
1,4.423260248,6.91796,2.70172,2.70172,5.74828,5.88067,5.91439,0.709487,0.624085,0.602551
1,4.461391802,7.02439,2.68281,2.68281,5.72795,5.86101,5.89504,0.787361,0.70079,0.678876
1,4.499523356,7.52106,2.66391,2.66391,5.70761,5.84132,5.87565,1.10274,1.01305,0.990265
1,4.59485224,8.01774,2.61665,2.61665,5.65667,5.792,5.82705,1.44028,1.34642,1.32236
1,4.652049571,7.66297,2.5883,2.5883,5.62606,5.76234,5.7978,1.2449,1.15185,1.1279
1,4.747378456,7.18404,2.54107,2.54107,5.57497,5.7128,5.74893,0.986546,0.894353,0.870446
1,4.766444233,4.36364,2.53162,2.53162,5.56475,5.70288,5.73914,-0.736893,-0.814618,-0.8348
1,4.804575786,4.75388,2.51273,2.51273,5.54428,5.68302,5.71954,-0.48554,-0.565861,-0.586772
1,4.880838894,8.01774,2.47496,2.47496,5.50332,5.64325,5.68027,1.54856,1.44967,1.4238
1,4.957102002,5.07317,2.4372,2.4372,5.46231,5.60342,5.64092,-0.240278,-0.32453,-0.346673
1,4.995233556,3.5122,2.41833,2.41833,5.44179,5.58348,5.62122,-1.19298,-1.26927,-1.28936
1,4.995233556,6.88248,2.41833,2.41833,5.44179,5.58348,5.62122,0.890713,0.796021,0.77108
1,4.995233556,7.02439,2.41833,2.41833,5.44179,5.58348,5.62122,0.978448,0.88298,0.857836
1,4.995233556,7.27273,2.41833,2.41833,5.44179,5.58348,5.62122,1.13198,1.03516,1.00966
1,4.995233556,6.17295,2.41833,2.41833,5.44179,5.58348,5.62122,0.452041,0.361222,0.337302
1,5.03336511,7.52106,2.39945,2.39945,5.42126,5.56353,5.6015,1.29989,1.20106,1.17498
1,5.03336511,5.46341,2.39945,2.39945,5.42126,5.56353,5.6015,0.0260935,-0.0614252,-0.084524
1,5.071496663,5.96009,2.38058,2.38058,5.40073,5.54356,5.58177,0.346723,0.255882,0.231858
1,5.147759771,7.41463,2.34286,2.34286,5.35963,5.50359,5.54225,1.27712,1.17694,1.15034
1,5.147759771,5.28603,2.34286,2.34286,5.35963,5.50359,5.54225,-0.0457366,-0.133987,-0.157413
1,5.224022879,5.07317,2.30514,2.30514,5.31849,5.46357,5.50267,-0.152857,-0.241038,-0.264529
1,5.300285987,7.94678,2.26745,2.26745,5.27733,5.42352,5.46304,1.66765,1.56182,1.53353
1,5.300285987,7.20177,2.26745,2.26745,5.27733,5.42352,5.46304,1.20223,1.10068,1.07354
1,5.319351764,2.44789,2.25803,2.25803,5.26704,5.41349,5.45313,-1.76232,-1.83676,-1.85668
1,5.319351764,6.56319,2.25803,2.25803,5.26704,5.41349,5.45313,0.810257,0.712073,0.685813
1,5.338417541,3.68958,2.24861,2.24861,5.25674,5.40347,5.44321,-0.980314,-1.06218,-1.08409
1,5.338417541,6.11973,2.24861,2.24861,5.25674,5.40347,5.44321,0.53983,0.443902,0.418226
1,5.338417541,5.74723,2.24861,2.24861,5.25674,5.40347,5.44321,0.306815,0.213043,0.187943
1,5.376549094,5.46341,2.22977,2.22977,5.23615,5.38342,5.42337,0.14235,0.0496412,0.0247888
1,5.395614871,6.03104,2.22035,2.22035,5.22585,5.37339,5.41344,0.504669,0.408355,0.382517
1,5.452812202,6.97118,2.19211,2.19211,5.19494,5.34328,5.38364,1.11548,1.01272,0.985099
1,5.452812202,4.47007,2.19211,2.19211,5.19494,5.34328,5.38364,-0.45522,-0.543235,-0.566896
1,5.510009533,7.23725,2.16388,2.16388,5.16401,5.31316,5.35383,1.30458,1.19928,1.17091
1,5.52907531,6.75831,2.15447,2.15447,5.1537,5.30312,5.34388,1.01036,0.907597,0.879896
1,5.605338418,7.62749,2.11686,2.11686,5.11245,5.26292,5.30408,1.58782,1.47854,1.44901
1,5.605338418,6.56319,2.11686,2.11686,5.11245,5.26292,5.30408,0.915896,0.813043,0.785249
1,5.643469971,5.32151,2.09806,2.09806,5.09182,5.24281,5.28417,0.145201,0.0492687,0.0233141
1,5.681601525,7.73392,2.07927,2.07927,5.07118,5.2227,5.26425,1.68553,1.57426,1.54413
1,5.681601525,5.56984,2.07927,2.07927,5.07118,5.2227,5.26425,0.315656,0.217622,0.191067
1,5.738798856,3.26386,2.05109,2.05109,5.04022,5.19252,5.23436,-1.1267,-1.21139,-1.23437
1,5.757864633,6.35033,2.04171,2.04171,5.0299,5.18245,5.22439,0.838073,0.734016,0.705769
1,5.834127741,5.10865,2.00417,2.00417,4.9886,5.14219,5.1845,0.0763988,-0.0211335,-0.0476658
1,5.872259295,6.45676,1.98542,1.98542,4.96794,5.12204,5.16454,0.948741,0.842129,0.813097
1,5.929456625,0.674058,1.9573,1.9573,4.93695,5.09182,5.1346,-2.72197,-2.79277,-2.81207
1,5.929456625,5.90687,1.9573,1.9573,4.93695,5.09182,5.1346,0.619319,0.515249,0.486868
1,5.948522402,5.46341,1.94794,1.94794,4.92662,5.08175,5.12461,0.342986,0.241435,0.213728
1,5.986653956,4.1153,1.92921,1.92921,4.90596,5.06159,5.10464,-0.505874,-0.599379,-0.624914
1,6.02478551,5.1796,1.91049,1.91049,4.88529,5.04143,5.08466,0.188557,0.0876311,0.0600442
1,6.062917064,3.97339,1.89178,1.89178,4.86462,5.02127,5.06468,-0.571759,-0.66545,-0.691082
1,6.081982841,3.77827,1.88243,1.88243,4.85429,5.01118,5.05469,-0.690772,-0.783469,-0.80884
1,6.101048618,4.93126,1.87308,1.87308,4.84395,5.0011,5.04469,0.0560917,-0.0444059,-0.0719235
1,6.139180172,6.35033,1.8544,1.8544,4.82327,4.98093,5.0247,0.982319,0.871911,0.841655
1,6.139180172,6.102,1.8544,1.8544,4.82327,4.98093,5.0247,0.82257,0.713793,0.683984
1,6.234509056,5.97783,1.80773,1.80773,4.77158,4.93048,4.9747,0.778584,0.669038,0.638957
1,6.253574833,5.81818,1.79841,1.79841,4.76124,4.92039,4.9647,0.682678,0.57388,0.543993
1,6.253574833,5.00222,1.79841,1.79841,4.76124,4.92039,4.9647,0.155649,0.0523042,0.0239153
1,6.291706387,3.90244,1.77977,1.77977,4.74055,4.90021,4.94469,-0.542073,-0.638625,-0.665168
1,6.291706387,3.6541,1.77977,1.77977,4.74055,4.90021,4.94469,-0.702691,-0.797574,-0.823658
1,6.329837941,6.91796,1.76114,1.76114,4.71987,4.88002,4.92467,1.42361,1.30611,1.27378
1,6.329837941,4.15078,1.76114,1.76114,4.71987,4.88002,4.92467,-0.368577,-0.467369,-0.494548
1,6.348903718,6.4745,1.75184,1.75184,4.70953,4.86992,4.91467,1.14388,1.02904,0.997439
1,6.367969495,6.03104,1.74253,1.74253,4.69918,4.85983,4.90466,0.863766,0.751615,0.720737
1,6.406101049,4.64745,1.72394,1.72394,4.67849,4.83964,4.88464,-0.0201605,-0.123496,-0.151967
1,6.406101049,4.43459,1.72394,1.72394,4.67849,4.83964,4.88464,-0.158398,-0.260278,-0.288348
1,6.444232602,7.13082,1.70536,1.70536,4.6578,4.81944,4.86462,1.60824,1.48723,1.45386
1,6.444232602,2.98004,1.70536,1.70536,4.6578,4.81944,4.86462,-1.09107,-1.18354,-1.20903
1,6.52049571,4.15078,1.66824,1.66824,4.61642,4.77904,4.82456,-0.303646,-0.405322,-0.433393
1,6.52049571,4.96674,1.66824,1.66824,4.61642,4.77904,4.82456,0.228446,0.121092,0.0914528
1,6.596758818,4.29268,1.6312,1.6312,4.57503,4.73864,4.7845,-0.184625,-0.288468,-0.317176
1,6.615824595,5.25055,1.62195,1.62195,4.56468,4.72853,4.77448,0.4488,0.337898,0.30723
1,6.634890372,5.03769,1.61271,1.61271,4.55433,4.71843,4.76446,0.316505,0.206793,0.176445
1,6.673021926,5.60532,1.59423,1.59423,4.53363,4.69822,4.74442,0.702709,0.588329,0.556669
1,6.749285033,3.58315,1.55735,1.55735,4.49223,4.6578,4.70433,-0.597739,-0.698864,-0.726889
1,6.787416587,4.5765,1.53894,1.53894,4.47153,4.63759,4.68429,0.0691124,-0.0397809,-0.0699766
1,6.787416587,5.00222,1.53894,1.53894,4.47153,4.63759,4.68429,0.349419,0.237443,0.206392
1,6.863679695,5.92461,1.50219,1.50219,4.43013,4.59715,4.64419,0.986751,0.866745,0.833429
1,6.882745472,4.77162,1.49302,1.49302,4.41977,4.58705,4.63417,0.232471,0.120595,0.0895275
1,6.95900858,5.12639,1.4564,1.4564,4.37836,4.54661,4.59406,0.495613,0.379833,0.347646
1,6.978074357,2.60754,1.44726,1.44726,4.36801,4.5365,4.58403,-1.16724,-1.26458,-1.29165
1,6.978074357,6.06652,1.44726,1.44726,4.36801,4.5365,4.58403,1.12616,1.00305,0.968813
1,6.978074357,4.00887,1.44726,1.44726,4.36801,4.5365,4.58403,-0.238119,-0.345901,-0.375872
1,6.978074357,3.90244,1.44726,1.44726,4.36801,4.5365,4.58403,-0.308685,-0.415674,-0.445425
1,6.978074357,3.68958,1.44726,1.44726,4.36801,4.5365,4.58403,-0.449817,-0.55522,-0.584531
1,7.01620591,5.55211,1.429,1.429,4.3473,4.51628,4.56398,0.799934,0.679984,0.646611
1,7.01620591,3.49446,1.429,1.429,4.3473,4.51628,4.56398,-0.56625,-0.670786,-0.69987
1,7.054337464,3.83149,1.41078,1.41078,4.32659,4.49605,4.54392,-0.32919,-0.436853,-0.466823
1,7.092469018,5.33925,1.39258,1.39258,4.30589,4.47583,4.52386,0.688027,0.568336,0.535
1,7.092469018,4.64745,1.39258,1.39258,4.30589,4.47583,4.52386,0.227418,0.112968,0.0810921
1,7.20686368,3.40576,1.3382,1.3382,4.24376,4.41515,4.46367,-0.560307,-0.667128,-0.696925
1,7.244995234,3.22838,1.32014,1.32014,4.22305,4.39492,4.44361,-0.666001,-0.772046,-0.80164
1,7.244995234,5.97783,1.32014,1.32014,4.22305,4.39492,4.44361,1.17495,1.04761,1.01207
1,7.283126787,3.86696,1.30212,1.30212,4.20234,4.37469,4.42354,-0.224874,-0.336487,-0.367651
1,7.321258341,2.87361,1.28414,1.28414,4.18162,4.35446,4.40348,-0.878286,-0.98274,-1.01192
1,7.321258341,5.32151,1.28414,1.28414,4.18162,4.35446,4.40348,0.765394,0.641762,0.607227
1,7.321258341,4.25721,1.28414,1.28414,4.18162,4.35446,4.40348,0.0507505,-0.0645431,-0.0967495
1,7.321258341,3.97339,1.28414,1.28414,4.18162,4.35446,4.40348,-0.139821,-0.252891,-0.284476
1,7.359389895,3.72506,1.2662,1.2662,4.16091,4.33423,4.38341,-0.293078,-0.404823,-0.436053
1,7.359389895,4.7184,1.2662,1.2662,4.16091,4.33423,4.38341,0.374867,0.255297,0.22188
1,7.397521449,4.07982,1.2483,1.2483,4.1402,4.314,4.36334,-0.0406565,-0.155835,-0.188039
1,7.435653003,3.97339,1.23044,1.23044,4.11949,4.29377,4.34327,-0.0985159,-0.213488,-0.245649
1,7.473784557,3.29933,1.21263,1.21263,4.09877,4.27354,4.3232,-0.539852,-0.650064,-0.680907
1,7.473784557,5.88914,1.21263,1.21263,4.09877,4.27354,4.3232,1.20901,1.07805,1.0414
1,7.511916111,3.86696,1.19487,1.19487,4.07806,4.2533,4.30313,-0.142755,-0.258152,-0.290461
1,7.607244995,1.04656,1.15069,1.15069,4.02627,4.20272,4.25295,-2.02223,-2.1162,-2.14254
1,7.607244995,2.55432,1.15069,1.15069,4.02627,4.20272,4.25295,-0.998966,-1.10525,-1.13504
1,7.626310772,4.1153,1.1419,1.1419,4.01592,4.1926,4.24291,0.0674956,-0.0518663,-0.0853292
1,7.626310772,3.97339,1.1419,1.1419,4.01592,4.1926,4.24291,-0.0288809,-0.147081,-0.180218
1,7.664442326,4.7184,1.12434,1.12434,3.9952,4.17237,4.22284,0.491868,0.366879,0.331823
1,7.740705434,3.58315,1.08942,1.08942,3.95377,4.13189,4.18269,-0.252796,-0.369719,-0.40254
1,7.740705434,5.35698,1.08942,1.08942,3.95377,4.13189,4.18269,0.957105,0.825412,0.788446
1,7.778836988,3.22838,1.07204,1.07204,3.93306,4.11166,4.16261,-0.481338,-0.595937,-0.628119
1,7.797902765,4.27494,1.06338,1.06338,3.9227,4.10154,4.15257,0.240779,0.117078,0.0823331
1,7.912297426,5.42794,1.01176,1.01176,3.86055,4.04082,4.09234,1.07605,0.940445,0.902313
1,7.931363203,4.86031,1.00322,1.00322,3.85019,4.0307,4.0823,0.69397,0.562855,0.525977
1,7.969494757,0.461197,0.986188,0.986188,3.82948,4.01047,4.06222,-2.31743,-2.41141,-2.43785
1,7.969494757,3.44124,0.986188,0.986188,3.82948,4.01047,4.06222,-0.267112,-0.386736,-0.420396
1,7.969494757,2.83814,0.986188,0.986188,3.82948,4.01047,4.06222,-0.682056,-0.796491,-0.82869
1,7.988560534,1.54324,0.977703,0.977703,3.81912,4.00035,4.05218,-1.56698,-1.67055,-1.6997
1,8.007626311,3.33481,0.969237,0.969237,3.80876,3.99023,4.04214,-0.326557,-0.445919,-0.479517
1,8.026692088,4.55876,0.96079,0.96079,3.7984,3.98011,4.0321,0.524276,0.393967,0.35728
1,8.083889418,3.86696,0.935574,0.935574,3.76733,3.94975,4.00198,0.0688494,-0.0564828,-0.0917883
1,8.083889418,2.55432,0.935574,0.935574,3.76733,3.94975,4.00198,-0.83821,-0.95206,-0.98413
1,8.141086749,1.38359,0.910548,0.910548,3.73625,3.91939,3.97186,-1.6293,-1.73376,-1.7632
1,8.160152526,1.84479,0.90225,0.90225,3.72589,3.90927,3.96182,-1.30368,-1.41251,-1.44318
1,8.236415634,4.00887,0.869289,0.869289,3.68446,3.86879,3.92166,0.225485,0.0961127,0.0596156
1,8.236415634,2.16408,0.869289,0.869289,3.68446,3.86879,3.92166,-1.05677,-1.16965,-1.20149
1,8.236415634,4.7184,0.869289,0.869289,3.68446,3.86879,3.92166,0.71866,0.582944,0.544657
1,8.312678742,2.98004,0.836714,0.836714,3.64303,3.82831,3.8815,-0.462174,-0.583666,-0.617964
1,8.312678742,5.25055,0.836714,0.836714,3.64303,3.82831,3.8815,1.12062,0.978606,0.938513
1,8.331744519,1.20621,0.828633,0.828633,3.63267,3.81819,3.87146,-1.69276,-1.7985,-1.82836
1,8.350810296,4.00887,0.820579,0.820579,3.62231,3.80807,3.86142,0.269869,0.138362,0.101223
1,8.350810296,3.47672,0.820579,0.820579,3.62231,3.80807,3.86142,-0.101645,-0.228315,-0.264088
1,8.369876072,2.80266,0.812551,0.812551,3.61195,3.79795,3.85138,-0.565414,-0.686286,-0.720428
1,8.408007626,2.19956,0.796577,0.796577,3.59124,3.77771,3.8313,-0.973733,-1.08974,-1.12252
1,8.465204957,2.30599,0.772824,0.772824,3.56016,3.74735,3.80117,-0.879469,-0.997409,-1.03075
1,8.465204957,5.32151,0.772824,0.772824,3.56016,3.74735,3.80117,1.23511,1.08931,1.04809
1,8.503336511,2.44789,0.757133,0.757133,3.53945,3.72711,3.78109,-0.766565,-0.886467,-0.920376
1,8.579599619,2.94457,0.726112,0.726112,3.49802,3.68662,3.74093,-0.389825,-0.515701,-0.551323
1,8.598665396,2.23503,0.718435,0.718435,3.48766,3.6765,3.73088,-0.882947,-1.00248,-1.03632
1,8.617731173,3.5122,0.71079,0.71079,3.4773,3.66638,3.72084,0.024613,-0.107308,-0.144653
1,8.617731173,2.76718,0.71079,0.71079,3.4773,3.66638,3.72084,-0.500918,-0.625805,-0.661158
1,8.732125834,5.62306,0.665612,0.665612,3.41516,3.60566,3.6606,1.56443,1.41009,1.36635
1,8.751191611,3.08647,0.658203,0.658203,3.4048,3.59554,3.65055,-0.225722,-0.356074,-0.393017
1,8.808388942,3.90244,0.636188,0.636188,3.37373,3.56518,3.62043,0.375743,0.236412,0.196906
1,8.88465205,6.66962,0.607351,0.607351,3.3323,3.5247,3.58027,2.3789,2.21091,2.16325
1,8.903717827,7.02439,0.600237,0.600237,3.32195,3.51458,3.57023,2.64115,2.46922,2.42043
1,8.94184938,1.54324,0.586126,0.586126,3.30123,3.49434,3.55014,-1.25596,-1.37463,-1.40831
1,8.979980934,2.55432,0.572173,0.572173,3.28052,3.4741,3.53006,-0.519597,-0.648959,-0.68569
1,8.979980934,5.28603,0.572173,0.572173,3.28052,3.4741,3.53006,1.43495,1.27843,1.23399
1,9.037178265,1.17073,0.551549,0.551549,3.24946,3.44374,3.49994,-1.4907,-1.60725,-1.64036
1,9.075309819,4.15078,0.538008,0.538008,3.22874,3.4235,3.47986,0.662212,0.515008,0.47318
1,9.151572927,3.68958,0.511438,0.511438,3.18732,3.38302,3.43969,0.361819,0.217717,0.176745
1,9.151572927,1.38359,0.511438,0.511438,3.18732,3.38302,3.43969,-1.29939,-1.42001,-1.4543
1,9.208770257,1.11752,0.491972,0.491972,3.15626,3.35267,3.40957,-1.47204,-1.5909,-1.62471
1,9.246901811,1.72062,0.47922,0.47922,3.13555,3.33243,3.38949,-1.02318,-1.14891,-1.18469
1,9.304099142,4.15078,0.460436,0.460436,3.10449,3.30207,3.35937,0.758336,0.606299,0.563021
1,9.304099142,2.94457,0.460436,0.460436,3.10449,3.30207,3.35937,-0.11591,-0.255395,-0.2951
1,9.304099142,2.73171,0.460436,0.460436,3.10449,3.30207,3.35937,-0.270189,-0.407458,-0.446533
1,9.304099142,1.88027,0.460436,0.460436,3.10449,3.30207,3.35937,-0.887303,-1.01571,-1.05227
1,9.342230696,3.40576,0.448146,0.448146,3.08378,3.28184,3.33929,0.233725,0.0886636,0.047359
1,9.342230696,2.51885,0.448146,0.448146,3.08378,3.28184,3.33929,-0.410086,-0.545868,-0.584531
1,9.456625357,4.39911,0.412425,0.412425,3.02167,3.22113,3.27905,1.00449,0.846511,0.801491
1,9.475691134,1.91574,0.406641,0.406641,3.01132,3.21101,3.26902,-0.799552,-0.931479,-0.969082
1,9.532888465,2.76718,0.389587,0.389587,2.98026,3.18066,3.2389,-0.155865,-0.298007,-0.338538
1,9.571020019,1.0643,0.378466,0.378466,2.95956,3.16042,3.21882,-1.3885,-1.51301,-1.54852
1,9.571020019,1.73836,0.378466,0.378466,2.95956,3.16042,3.21882,-0.894673,-1.02646,-1.06405
1,9.609151573,0.248337,0.367547,0.367547,2.93886,3.14019,3.19874,-1.97417,-2.09048,-2.12366
1,9.666348904,2.02217,0.351548,0.351548,2.90781,3.10984,3.16863,-0.651346,-0.788019,-0.827027
1,9.723546235,3.58315,0.336008,0.336008,2.87677,3.07949,3.13852,0.520719,0.365717,0.321458
1,9.742612011,4.54102,0.330931,0.330931,2.86642,3.06938,3.12848,1.23541,1.0694,1.02199
1,9.818875119,4.20399,0.311136,0.311136,2.82503,3.02892,3.08833,1.02048,0.85645,0.809583
1,9.87607245,4.96674,0.296832,0.296832,2.79399,2.99858,3.05822,1.61167,1.43773,1.38801
1,9.971401335,7.21951,0.274025,0.274025,2.74227,2.94801,3.00804,3.33408,3.13207,3.07428
1,9.990467112,3.1929,0.269618,0.269618,2.73193,2.9379,2.99801,0.343545,0.187124,0.142377
1,10.06673022,1.84479,0.252503,0.252503,2.69056,2.89745,2.95787,-0.632303,-0.774783,-0.815563
1,10.06673022,2.94457,0.252503,0.252503,2.69056,2.89745,2.95787,0.189894,0.0346791,-0.00974631
1,10.14299333,1.02882,0.236202,0.236202,2.6492,2.85701,2.91774,-1.21522,-1.34967,-1.38817
1,10.21925643,1.41907,0.220707,0.220707,2.60785,2.81657,2.87761,-0.894364,-1.03486,-1.07511
1,10.21925643,1.91574,0.220707,0.220707,2.60785,2.81657,2.87761,-0.520699,-0.667069,-0.709007
1,10.29551954,2.62528,0.206004,0.206004,2.56651,2.77614,2.83748,0.0443502,-0.112055,-0.156891
1,10.3336511,0.31929,0.198945,0.198945,2.54585,2.75593,2.81742,-1.6831,-1.81262,-1.84976
1,10.3336511,0.709534,0.198945,0.198945,2.54585,2.75593,2.81742,-1.38811,-1.52232,-1.5608
1,10.3336511,1.84479,0.198945,0.198945,2.54585,2.75593,2.81742,-0.529944,-0.677798,-0.720194
1,10.3336511,2.80266,0.198945,0.198945,2.54585,2.75593,2.81742,0.194131,0.0347668,-0.0109292
1,10.37178265,2.30599,0.192077,0.192077,2.52518,2.73571,2.79736,-0.165959,-0.320165,-0.364394
1,10.4099142,2.73171,0.1854,0.1854,2.50452,2.7155,2.7773,0.172281,0.0120915,-0.0338649
1,10.44804576,3.4235,0.17891,0.17891,2.48387,2.69529,2.75725,0.713693,0.544215,0.495581
1,10.44804576,2.02217,0.17891,0.17891,2.48387,2.69529,2.75725,-0.350674,-0.503046,-0.546771
1,10.56244042,0,0.160538,0.160538,2.42191,2.63468,2.69709,-1.84839,-1.9781,-2.01535
1,10.60057197,3.29933,0.154771,0.154771,2.40127,2.61448,2.67704,0.686498,0.514978,0.465707
1,10.60057197,1.73836,0.154771,0.154771,2.40127,2.61448,2.67704,-0.506741,-0.658802,-0.702483
1,10.67683508,2.98004,0.143755,0.143755,2.35999,2.57409,2.63695,0.475504,0.306207,0.25755
1,10.71496663,1.73836,0.138499,0.138499,2.33936,2.55389,2.61691,-0.46164,-0.616098,-0.660503
1,10.73403241,3.37029,0.135932,0.135932,2.32905,2.5438,2.60688,0.800438,0.62486,0.574378
1,10.81029552,3.1929,0.12607,0.12607,2.2878,2.50342,2.56681,0.698034,0.5229,0.472519
1,10.88655863,6.42129,0.11683,0.11683,2.24658,2.46306,2.52674,3.23007,3.01128,2.9483
1,10.9056244,3.051,0.114614,0.114614,2.23628,2.45297,2.51673,0.630881,0.455314,0.404774
1,10.94375596,0.390244,0.110292,0.110292,2.21568,2.43279,2.4967,-1.41583,-1.55755,-1.59835
1,10.94375596,1.02882,0.110292,0.110292,2.21568,2.43279,2.4967,-0.920536,-1.0706,-1.1138
1,10.96282173,1.27716,0.108186,0.108186,2.20538,2.42271,2.48668,-0.720521,-0.874219,-0.918482
1,11.05815062,2.23503,0.0981763,0.0981763,2.15391,2.37229,2.43663,0.0632274,-0.105157,-0.153683
1,11.05815062,1.95122,0.0981763,0.0981763,2.15391,2.37229,2.43663,-0.15798,-0.3226,-0.37004
1,11.09628217,0.177384,0.094409,0.094409,2.13334,2.35213,2.41662,-1.52698,-1.66879,-1.70967
1,11.13441373,2.19956,0.0907717,0.0907717,2.11277,2.33197,2.3966,0.0678652,-0.101769,-0.150681
1,11.22974261,2.53659,0.0822244,0.0822244,2.06138,2.2816,2.34659,0.373115,0.196747,0.145856
1,11.24880839,0.603104,0.0806051,0.0806051,2.05111,2.27153,2.33659,-1.13786,-1.28837,-1.33181
1,11.30600572,4.38137,0.07592,0.07592,2.02031,2.24132,2.3066,1.85994,1.6565,1.59776
1,11.3250715,0,0.0744145,0.0744145,2.01005,2.23126,2.2966,-1.58473,-1.72847,-1.76997
1,11.3250715,0.886918,0.0744145,0.0744145,2.01005,2.23126,2.2966,-0.885479,-1.04141,-1.08643
1,11.3250715,2.80266,0.0744145,0.0744145,2.01005,2.23126,2.2966,0.624896,0.442642,0.390014
1,11.36320305,1.45455,0.0714854,0.0714854,1.98953,2.21113,2.27662,-0.42248,-0.587028,-0.634557
1,11.4013346,1.0643,0.0686626,0.0686626,1.96903,2.19101,2.25663,-0.715641,-0.875593,-0.921808
1,11.43946616,1.59645,0.0659431,0.0659431,1.94853,2.1709,2.23666,-0.278955,-0.447124,-0.49573
1,11.55386082,0.957871,0.0583723,0.0583723,1.88711,2.11059,2.17676,-0.739908,-0.901536,-0.948295
1,11.59199237,1.24169,0.0560345,0.0560345,1.86666,2.0905,2.15681,-0.498463,-0.664918,-0.71309
1,11.59199237,4.39911,0.0560345,0.0560345,1.86666,2.0905,2.15681,2.01982,1.80845,1.74727
1,11.63012393,2.87361,0.0537846,0.0537846,1.84623,2.07042,2.13686,0.820778,0.630188,0.575012
1,11.74451859,2.55432,0.0475341,0.0475341,1.785,2.01023,2.07706,0.61768,0.428959,0.374266
1,11.8207817,1.70288,0.0437558,0.0437558,1.74427,1.97015,2.03723,-0.0333397,-0.211387,-0.263025
1,11.87797903,6.31486,0.0411112,0.0411112,1.71376,1.94011,2.00738,3.7158,3.46851,3.39675
1,11.8970448,1.80931,0.040264,0.040264,1.7036,1.9301,1.99743,0.0854409,-0.0958456,-0.148464
1,11.93517636,0.425721,0.0386194,0.0386194,1.6833,1.9101,1.97755,-1.01816,-1.17974,-1.22666
1,11.97330791,0.141907,0.0370392,0.0370392,1.66302,1.8901,1.95767,-1.23357,-1.39167,-1.43759
1,11.97330791,0.993348,0.0370392,0.0370392,1.66302,1.8901,1.95767,-0.543081,-0.71387,-0.763483
1,12.01143947,0.283814,0.035521,0.035521,1.64275,1.87012,1.93781,-1.1039,-1.26484,-1.31161
1,12.04957102,0.815965,0.0340626,0.0340626,1.62251,1.85015,1.91796,-0.656278,-0.825946,-0.875276
1,12.12583413,0.815965,0.0313167,0.0313167,1.5821,1.81025,1.87828,-0.625488,-0.796664,-0.846478
1,12.16396568,1.09978,0.030025,0.030025,1.56193,1.79033,1.85846,-0.377943,-0.554194,-0.60551
1,12.27836034,1.88027,0.0264515,0.0264515,1.50159,1.73064,1.79909,0.311243,0.120673,0.0651036
1,12.3164919,0.10643,0.0253547,0.0253547,1.48153,1.71077,1.77932,-1.13212,-1.29597,-1.34377
1,12.3164919,0.851441,0.0253547,0.0253547,1.48153,1.71077,1.77932,-0.51875,-0.694157,-0.745334
1,12.3164919,1.41907,0.0253547,0.0253547,1.48153,1.71077,1.77932,-0.0514246,-0.235634,-0.289379
1,12.43088656,1.34812,0.0223229,0.0223229,1.42156,1.65129,1.72012,-0.0607705,-0.246106,-0.300273
1,12.46901811,0.780488,0.0213931,0.0213931,1.40164,1.63151,1.70042,-0.514835,-0.69195,-0.743746
1,12.58341277,0.266075,0.0188247,0.0188247,1.34211,1.57228,1.64144,-0.896359,-1.06728,-1.11737
1,12.58341277,2.87361,0.0188247,0.0188247,1.34211,1.57228,1.64144,1.27578,1.0633,1.00104
1,12.60247855,4.87805,0.018427,0.018427,1.33222,1.56243,1.63162,2.95623,2.71137,2.63959
1,12.73593899,2.23503,0.0158648,0.0158648,1.26335,1.49366,1.56309,0.814875,0.609747,0.54946
1,12.8122021,1.56098,0.0145612,0.0145612,1.22426,1.45453,1.52405,0.283318,0.087838,0.0302904
1,12.92659676,1.63193,0.012801,0.012801,1.16606,1.39606,1.46571,0.393955,0.195587,0.137029
1,12.96472831,4.32816,0.0122622,0.0122622,1.14678,1.37665,1.44632,2.69476,2.4515,2.37962
1,12.96472831,1.27716,0.0122622,0.0122622,1.14678,1.37665,1.44632,0.110436,-0.0826314,-0.139681
1,13.04099142,0.674058,0.0112508,0.0112508,1.10843,1.33793,1.40764,-0.369147,-0.553216,-0.60772
1,13.15538608,1.73836,0.00988624,0.00988624,1.05143,1.28017,1.34989,0.586678,0.383698,0.323387
1,13.19351764,1.9867,0.00946879,0.00946879,1.03259,1.261,1.33072,0.816201,0.608701,0.54697
1,13.26978074,0.745011,0.00868551,0.00868551,0.995155,1.22283,1.2925,-0.214687,-0.402096,-0.457996
1,13.3079123,0.0709534,0.00831828,0.00831828,0.976572,1.20382,1.27346,-0.778513,-0.954891,-1.00757
1,13.34604385,0.567627,0.00796643,0.00796643,0.958082,1.18486,1.25446,-0.336197,-0.521115,-0.576428
1,13.49857007,1.09978,0.0067006,0.0067006,0.88513,1.10965,1.17898,0.186009,-0.00838688,-0.0669034
1,13.53670162,0.709534,0.00641668,0.00641668,0.867162,1.09101,1.16025,-0.136814,-0.324683,-0.381333
1,13.57483317,1.70288,0.0061447,0.0061447,0.849311,1.07244,1.14158,0.742029,0.537457,0.47566
1,13.61296473,4.1153,0.00588417,0.00588417,0.83158,1.05394,1.12297,2.85909,2.61401,2.53984
1,13.89895138,2.46563,0.00425018,0.00425018,0.702852,0.91784,0.985652,1.55253,1.33743,1.27125
1,13.99428027,4.89579,0.00381295,0.00381295,0.661815,0.873657,0.940894,3.74274,3.48902,3.41046
1,13.99428027,1.27716,0.00381295,0.00381295,0.661815,0.873657,0.940894,0.543953,0.350022,0.289977
1,14.0514776,1.91574,0.00357242,0.00357242,0.637693,0.847472,0.914318,1.13222,0.928822,0.865585
1,14.2993327,0.886918,0.0026931,0.0026931,0.537917,0.737167,0.8019,0.311985,0.131486,0.074219
1,14.2993327,0.638581,0.0026931,0.0026931,0.537917,0.737167,0.8019,0.0899873,-0.0865612,-0.142575
1,14.37559581,1.0643,0.00246873,0.00246873,0.508892,0.704375,0.768311,0.497815,0.316954,0.259167
1,14.45185891,1.27716,0.002263,0.002263,0.480713,0.672182,0.735248,0.715697,0.534291,0.475897
1,14.48999047,0.425721,0.00216664,0.00216664,0.46695,0.65632,0.718924,-0.0370963,-0.203946,-0.257861
1,14.56625357,0.709534,0.00198602,0.00198602,0.440095,0.625088,0.686711,0.243024,0.0748957,0.0201307
1,14.60438513,1.84479,0.00190143,0.00190143,0.427008,0.609727,0.67083,1.28032,1.09691,1.03691
1,14.60438513,1.9867,0.00190143,0.00190143,0.427008,0.609727,0.67083,1.40847,1.22294,1.16225
1,14.90943756,1.27716,0.00134212,0.00134212,0.330847,0.493467,0.549742,0.862179,0.703416,0.649569
1,15.02383222,0.638581,0.0011777,0.0011777,0.298808,0.453163,0.507331,0.310486,0.167039,0.117657
1,15.36701621,0.10643,0.000795631,0.000795631,0.215957,0.344148,0.391185,-0.100863,-0.216316,-0.257995
1,15.40514776,0.638581,0.000761698,0.000761698,0.207955,0.333184,0.379369,0.396859,0.278184,0.235109
1,15.55767398,0.496674,0.000639822,0.000639822,0.178248,0.291681,0.334379,0.294277,0.187448,0.147817
1,15.90085796,1.13525,0.000432164,0.000432164,0.123945,0.212001,0.246675,0.939408,0.850537,0.815942
1,15.97712107,0.567627,0.000396072,0.000396072,0.114017,0.196804,0.229718,0.421755,0.342104,0.310779
1,16.01525262,0.674058,0.000379172,0.000379172,0.109319,0.189534,0.221577,0.525313,0.447303,0.416469
1,16.2821735,1.09978,0.000279424,0.000279424,0.0809691,0.14451,0.170701,0.950233,0.88563,0.859227
1,16.32030505,1.31264,0.0002675,0.0002675,0.0775132,0.138874,0.164272,1.15237,1.08878,1.06267
1,16.47283127,0.922395,0.000224678,0.000224678,0.0649991,0.118165,0.140529,0.800898,0.747459,0.725141
1,16.54909438,0.141907,0.00020591,0.00020591,0.0594689,0.108855,0.129787,0.0770462,0.0307455,0.0112515
1,16.62535748,0,0.00018871,0.00018871,0.0543803,0.100197,0.119758,-0.0508483,-0.0932826,-0.111288
1,16.89227836,0.851441,0.000139058,0.000139058,0.0396175,0.0745373,0.0897952,0.760162,0.725053,0.709785
1,17.04480458,1.0643,0.000116795,0.000116795,0.0329877,0.062725,0.0758705,0.966295,0.93578,0.922346
1,17.57864633,0.425721,6.34185e-05,6.34185e-05,0.0172255,0.0337829,0.0413477,0.383317,0.3672,0.359853
1,18.03622498,2.37694,3.75735e-05,3.75735e-05,0.00979972,0.0196274,0.0242123,2.22282,2.21151,2.20625
1,19.04671115,1.56098,1.1826e-05,1.1826e-05,0.00278957,0.00579724,0.00724707,1.46416,1.46092,1.45935
2,0.000224299,0.556237,4.89849,4.89849,5.65942,5.66155,5.68394,-3.11246,-3.11336,-3.12267
2,0.045084112,2.87935,4.8762,4.8762,5.64625,5.64839,5.67082,-1.68894,-1.69002,-1.70134
2,0.067514019,2.97751,4.86506,4.86506,5.63967,5.64181,5.66426,-1.62566,-1.62675,-1.63818
2,0.134803738,4.05726,4.83162,4.83162,5.61992,5.62206,5.64458,-0.95542,-0.956599,-0.969007
2,0.157233645,3.27198,4.82048,4.82048,5.61334,5.61548,5.63801,-1.4321,-1.43322,-1.44498
2,0.269383178,3.40286,4.76476,4.76476,5.58043,5.58256,5.60521,-1.33465,-1.33578,-1.34776
2,0.426392523,2.01227,4.68675,4.68675,5.53435,5.53648,5.55929,-2.16494,-2.16596,-2.17687
2,0.426392523,4.13906,4.68675,4.68675,5.53435,5.53648,5.55929,-0.857654,-0.858849,-0.871621
2,0.51611215,4.90798,4.64217,4.64217,5.50803,5.51015,5.53304,-0.369445,-0.370705,-0.384246
2,0.650691589,3.81186,4.57531,4.57531,5.46853,5.47066,5.49368,-1.02252,-1.0237,-1.03641
2,0.650691589,3.5501,4.57531,4.57531,5.46853,5.47066,5.49368,-1.18409,-1.18524,-1.19772
2,0.673121495,2.86299,4.56416,4.56416,5.46195,5.46407,5.48712,-1.60479,-1.60588,-1.61777
2,0.762841121,3.09202,4.51959,4.51959,5.43562,5.43774,5.46088,-1.4495,-1.45062,-1.4628
2,0.807700935,5.51329,4.4973,4.4973,5.42246,5.42458,5.44776,0.0562276,0.0549076,0.0405034
2,0.897420561,4.25358,4.45272,4.45272,5.39613,5.39825,5.42151,-0.70842,-0.709639,-0.723002
2,0.9198504669999999,3.01022,4.44158,4.44158,5.38955,5.39166,5.41495,-1.47587,-1.47699,-1.48925
2,0.9198504669999999,4.79346,4.44158,4.44158,5.38955,5.39166,5.41495,-0.36975,-0.371014,-0.384892
2,0.96471028,5.97137,4.41929,4.41929,5.37638,5.3785,5.40183,0.369373,0.36801,0.353007
2,0.96471028,4.98978,4.41929,4.41929,5.37638,5.3785,5.40183,-0.240008,-0.241291,-0.255397
2,0.9871401869999999,3.51738,4.40815,4.40815,5.3698,5.37192,5.39527,-1.15047,-1.15163,-1.16442
2,0.9871401869999999,4.07362,4.40815,4.40815,5.3698,5.37192,5.39527,-0.805013,-0.80622,-0.819513
2,1.054429907,3.3865,4.37471,4.37471,5.35005,5.35217,5.37559,-1.22102,-1.22217,-1.2349
2,1.121719626,3.1411,4.34128,4.34128,5.33031,5.33242,5.35591,-1.36304,-1.36417,-1.37675
2,1.211439252,4.30266,4.29671,4.29671,5.30398,5.30609,5.32966,-0.624482,-0.625715,-0.639459
2,1.278728972,5.20245,4.26327,4.26327,5.28423,5.28634,5.30998,-0.0510651,-0.0523758,-0.0670346
2,1.323588785,5.48057,4.24098,4.24098,5.27107,5.27318,5.29686,0.130934,0.129598,0.114626
2,1.346018692,4.10634,4.22984,4.22984,5.26448,5.26659,5.2903,-0.724102,-0.725323,-0.739028
2,1.390878505,7.00204,4.20755,4.20755,5.25132,5.25343,5.27718,1.09552,1.09405,1.07756
2,1.413308411,5.10429,4.19641,4.19641,5.24474,5.24684,5.27062,-0.087919,-0.0892262,-0.103948
2,1.435738318,7.62372,4.18526,4.18526,5.23816,5.24026,5.26406,1.49402,1.4925,1.47536
2,1.480598131,5.79141,4.16298,4.16298,5.22499,5.2271,5.25093,0.355032,0.353665,0.338212
2,1.480598131,5.62781,4.16298,4.16298,5.22499,5.2271,5.25093,0.252488,0.251135,0.235837
2,1.503028037,4.76074,4.15183,4.15183,5.21841,5.22051,5.24437,-0.286989,-0.288271,-0.302769
2,1.660037383,6.11861,4.07383,4.07383,5.17233,5.17443,5.19845,0.595124,0.593723,0.577735
2,1.660037383,4.92434,4.07383,4.07383,5.17233,5.17443,5.19845,-0.155968,-0.157269,-0.172105
2,1.727327103,4.05726,4.0404,4.0404,5.15259,5.15469,5.17877,-0.689735,-0.690964,-0.705038
2,1.817046729,6.51125,3.99582,3.99582,5.12626,5.12836,5.15252,0.873611,0.87217,0.855601
2,1.884336449,5.07157,3.96239,3.96239,5.10651,5.10861,5.13284,-0.0220653,-0.0233863,-0.0386293
2,1.929196262,3.58282,3.94011,3.94011,5.09335,5.09544,5.11972,-0.954811,-0.956007,-0.969837
2,1.951626168,6.31493,3.92896,3.92896,5.08677,5.08886,5.11316,0.776657,0.775227,0.758678
2,1.974056075,5.62781,3.91782,3.91782,5.08018,5.08228,5.1066,0.346452,0.34508,0.329181
2,1.996485981,1.68507,3.90668,3.90668,5.0736,5.0757,5.10004,-2.14463,-2.14567,-2.15769
2,2.041345794,6.72393,3.88439,3.88439,5.06044,5.06253,5.08692,1.05373,1.05226,1.03519
2,2.131065421,4.97342,3.83982,3.83982,5.03411,5.0362,5.06068,-0.0385113,-0.0398328,-0.0552736
2,2.153495327,6.21677,3.82868,3.82868,5.02753,5.02962,5.05411,0.754921,0.753492,0.736778
2,2.175925234,6.49489,3.81753,3.81753,5.02094,5.02303,5.04755,0.936045,0.934591,0.917569
2,2.243214953,2.94479,3.78411,3.78411,5.0012,5.00329,5.02787,-1.30762,-1.30877,-1.3223
2,2.310504673,4.23722,3.75068,3.75068,4.98145,4.98354,5.00819,-0.473842,-0.475107,-0.490018
2,2.377794393,5.12065,3.71725,3.71725,4.9617,4.96379,4.98851,0.101331,0.0999875,0.0840975
2,2.422654206,3.58282,3.69497,3.69497,4.94854,4.95062,4.97539,-0.871391,-0.872603,-0.886974
2,2.422654206,7.80368,3.69497,3.69497,4.94854,4.95062,4.97539,1.82171,1.82013,1.80144
2,2.422654206,5.21881,3.69497,3.69497,4.94854,4.95062,4.97539,0.172447,0.171094,0.155048
2,2.512373832,4.95706,3.6504,3.6504,4.92221,4.92429,4.94914,0.02227,0.020936,0.00504775
2,2.534803738,7.0184,3.63925,3.63925,4.91563,4.91771,4.94258,1.34454,1.34303,1.32498
2,2.534803738,5.62781,3.63925,3.63925,4.91563,4.91771,4.94258,0.455378,0.453985,0.437377
2,2.534803738,4.51534,3.63925,3.63925,4.91563,4.91771,4.94258,-0.255951,-0.257248,-0.272708
2,2.669383178,5.54601,3.5724,3.5724,4.87614,4.87822,4.90322,0.429429,0.428038,0.411341
2,2.669383178,5.05521,3.5724,3.5724,4.87614,4.87822,4.90322,0.114799,0.113451,0.0972661
2,2.669383178,4.35174,3.5724,3.5724,4.87614,4.87822,4.90322,-0.33617,-0.337457,-0.352908
2,2.736672897,3.48466,3.53898,3.53898,4.85639,4.85847,4.88354,-0.880491,-0.881705,-0.896328
2,2.826392523,5.95501,3.49442,3.49442,4.83006,4.83214,4.8573,0.72333,0.721897,0.704565
2,2.91611215,3.10838,3.44985,3.44985,4.80373,4.80581,4.83105,-1.09197,-1.09316,-1.10759
2,2.91611215,5.75869,3.44985,3.44985,4.80373,4.80581,4.83105,0.615087,0.613668,0.596423
2,2.960971963,5.05521,3.42757,3.42757,4.79057,4.79264,4.81793,0.170604,0.169245,0.152691
2,2.960971963,3.69734,3.42757,3.42757,4.79057,4.79264,4.81793,-0.704756,-0.705996,-0.721101
2,2.983401869,5.66053,3.41643,3.41643,4.78399,4.78606,4.81137,0.565312,0.563899,0.546669
2,3.005831776,2.68303,3.40529,3.40529,4.77741,4.77948,4.80481,-1.35132,-1.35247,-1.36654
2,3.005831776,4.7771,3.40529,3.40529,4.77741,4.77948,4.80481,-0.000200262,-0.00153679,-0.0178502
2,3.050691589,3.41922,3.38301,3.38301,4.76424,4.76631,4.79169,-0.868573,-0.869792,-0.884703
2,3.050691589,6.26585,3.38301,3.38301,4.76424,4.76631,4.79169,0.969692,0.968223,0.950254
2,3.050691589,5.31697,3.38301,3.38301,4.76424,4.76631,4.79169,0.356937,0.355551,0.338601
2,3.095551402,4.07362,3.36073,3.36073,4.75108,4.75315,4.77857,-0.437861,-0.439139,-0.454808
2,3.140411215,5.90593,3.33845,3.33845,4.73791,4.73998,4.76545,0.755576,0.754135,0.73643
2,3.162841121,3.25562,3.32731,3.32731,4.73133,4.7334,4.75889,-0.955033,-0.956241,-0.971105
2,3.162841121,5.49693,3.32731,3.32731,4.73133,4.7334,4.75889,0.495472,0.494066,0.476774
2,3.252560748,5.39877,3.28276,3.28276,4.705,4.70707,4.73265,0.449765,0.448364,0.431059
2,3.297420561,4.76074,3.26048,3.26048,4.69184,4.69391,4.71953,0.0447031,0.0433571,0.0266911
2,3.319850467,5.67689,3.24934,3.24934,4.68526,4.68732,4.71296,0.643706,0.642278,0.624579
2,3.319850467,4.1227,3.24934,3.24934,4.68526,4.68732,4.71296,-0.365179,-0.366469,-0.382464
2,3.387140187,6.05317,3.21593,3.21593,4.66551,4.66758,4.69328,0.901956,0.900492,0.882286
2,3.409570093,6.51125,3.20479,3.20479,4.65893,4.66099,4.68672,1.2045,1.203,1.18425
2,3.409570093,5.00613,3.20479,3.20479,4.65893,4.66099,4.68672,0.225776,0.224404,0.207322
2,3.432,6.87117,3.19365,3.19365,4.65235,4.65441,4.68016,1.44345,1.44192,1.42274
2,3.432,3.3047,3.19365,3.19365,4.65235,4.65441,4.68016,-0.876713,-0.877934,-0.893163
2,3.454429907,3.97546,3.18251,3.18251,4.64577,4.64783,4.6736,-0.436259,-0.437541,-0.453539
2,3.454429907,4.4499,3.18251,3.18251,4.64577,4.64783,4.6736,-0.127479,-0.128803,-0.145327
2,3.476859813,4.5317,3.17138,3.17138,4.63919,4.64125,4.66704,-0.0699873,-0.0713197,-0.0879628
2,3.521719626,5.56237,3.1491,3.1491,4.62602,4.62808,4.65392,0.610207,0.608782,0.590933
2,3.521719626,3.45194,3.1491,3.1491,4.62602,4.62808,4.65392,-0.765131,-0.766369,-0.781867
2,3.544149533,7.31288,3.13797,3.13797,4.61944,4.6215,4.64736,1.75605,1.75447,1.73463
2,3.633869159,4.90798,3.09342,3.09342,4.59311,4.59517,4.62112,0.205641,0.204269,0.187002
2,3.656299065,4.02454,3.08229,3.08229,4.58653,4.58859,4.61456,-0.367202,-0.368496,-0.384799
2,3.678728972,4.56442,3.07115,3.07115,4.57995,4.582,4.608,-0.0101519,-0.0114948,-0.0284346
2,3.723588785,3.5501,3.04888,3.04888,4.56678,4.56884,4.59488,-0.66517,-0.666424,-0.682274
2,3.723588785,3.23926,3.04888,3.04888,4.56678,4.56884,4.59488,-0.868538,-0.869764,-0.885262
2,3.813308411,6.05317,3.00435,3.00435,4.54046,4.54251,4.56863,0.991439,0.989957,0.971146
2,3.903028037,4.22086,2.95981,2.95981,4.51413,4.51618,4.54239,-0.192548,-0.193869,-0.210708
2,3.925457944,3.53374,2.94868,2.94868,4.50755,4.5096,4.53583,-0.639639,-0.640898,-0.656977
2,3.925457944,3.41922,2.94868,2.94868,4.50755,4.5096,4.53583,-0.71486,-0.716109,-0.732056
2,3.94788785,3.9591,2.93755,2.93755,4.50096,4.50302,4.52927,-0.356078,-0.357376,-0.373972
2,3.970317757,3.20654,2.92642,2.92642,4.49438,4.49643,4.52271,-0.846655,-0.847887,-0.863644
2,3.992747664,5.12065,2.91529,2.91529,4.4878,4.48985,4.51615,0.416236,0.414831,0.396837
2,3.992747664,3.01022,2.91529,2.91529,4.4878,4.48985,4.51615,-0.971821,-0.973035,-0.988592
2,4.037607477,2.61759,2.89303,2.89303,4.47464,4.47669,4.50303,-1.22248,-1.22366,-1.23882
2,4.060037383,4.59714,2.8819,2.8819,4.46806,4.4701,4.49647,0.0850111,0.0836506,0.0661714
2,4.08246729,5.51329,2.87077,2.87077,4.46147,4.46352,4.48991,0.693016,0.691571,0.672997
2,4.104897196,1.71779,2.85964,2.85964,4.45489,4.45694,4.48335,-1.8042,-1.8053,-1.81949
2,4.104897196,3.3047,2.85964,2.85964,4.45489,4.45694,4.48335,-0.758163,-0.759408,-0.775442
2,4.127327103,6.10225,2.84851,2.84851,4.44831,4.45036,4.47679,1.0907,1.0892,1.06987
2,4.172186916,4.10634,2.82625,2.82625,4.43515,4.43719,4.46367,-0.217025,-0.218345,-0.2354
2,4.239476636,2.71575,2.79287,2.79287,4.4154,4.41744,4.44399,-1.12333,-1.12452,-1.14003
2,4.261906542,4.40082,2.78174,2.78174,4.40882,4.41086,4.43743,-0.00528997,-0.00664046,-0.0241597
2,4.261906542,4.97342,2.78174,2.78174,4.40882,4.41086,4.43743,0.373315,0.371913,0.353718
2,4.351626168,3.69734,2.73724,2.73724,4.38249,4.38453,4.41119,-0.453829,-0.455119,-0.471923
2,4.351626168,4.87526,2.73724,2.73724,4.38249,4.38453,4.41119,0.326397,0.325,0.306797
2,4.418915888,5.88957,2.70387,2.70387,4.36275,4.36479,4.3915,1.01268,1.01119,0.991686
2,4.418915888,6.59305,2.70387,2.70387,4.36275,4.36479,4.3915,1.47927,1.47772,1.45737
2,4.418915888,2.97751,2.70387,2.70387,4.36275,4.36479,4.3915,-0.918777,-0.920004,-0.936036
2,4.486205607,4.30266,2.67051,2.67051,4.343,4.34504,4.37182,-0.0267928,-0.028143,-0.0458465
2,4.486205607,4.1227,2.67051,2.67051,4.343,4.34504,4.37182,-0.146312,-0.147646,-0.165133
2,4.508635514,4.84254,2.65939,2.65939,4.33642,4.33846,4.36526,0.336286,0.334885,0.316503
2,4.531065421,5.52965,2.64827,2.64827,4.32984,4.33187,4.3587,0.797563,0.796099,0.776858
2,4.531065421,2.81391,2.64827,2.64827,4.32984,4.33187,4.3587,-1.0077,-1.00891,-1.02488
2,4.575925234,6.56033,2.62603,2.62603,4.31667,4.31871,4.34558,1.49277,1.49121,1.47066
2,4.66564486,1.43967,2.58156,2.58156,4.29035,4.29238,4.31934,-1.90002,-1.90112,-1.91558
2,4.66564486,3.07566,2.58156,2.58156,4.29035,4.29238,4.31934,-0.809606,-0.810851,-0.827306
2,4.66564486,4.0409,2.58156,2.58156,4.29035,4.29238,4.31934,-0.16626,-0.167593,-0.185222
2,4.66564486,3.8773,2.58156,2.58156,4.29035,4.29238,4.31934,-0.275302,-0.27662,-0.29405
2,4.732934579,3.45194,2.54822,2.54822,4.2706,4.27263,4.29966,-0.546381,-0.547663,-0.564662
2,4.755364486,3.94274,2.53711,2.53711,4.26402,4.26605,4.2931,-0.214521,-0.215848,-0.233477
2,4.800224299,4.80982,2.51488,2.51488,4.25086,4.25289,4.27998,0.373557,0.372148,0.353394
2,4.889943925,3.27198,2.47045,2.47045,4.22453,4.22656,4.25374,-0.637734,-0.639004,-0.655985
2,4.912373832,3.56646,2.45934,2.45934,4.21795,4.21998,4.24718,-0.436368,-0.437667,-0.455041
2,4.912373832,2.37219,2.45934,2.45934,4.21795,4.21998,4.24718,-1.2363,-1.23749,-1.25338
2,4.934803738,3.41922,2.44824,2.44824,4.21137,4.21339,4.24062,-0.530819,-0.532105,-0.549326
2,4.934803738,4.41718,2.44824,2.44824,4.21137,4.21339,4.24062,0.137916,0.136538,0.118078
2,4.957233645,4.64622,2.43713,2.43713,4.20478,4.20681,4.23406,0.29594,0.294539,0.275763
2,5.002093458,3.9591,2.41493,2.41493,4.19162,4.19365,4.22094,-0.156023,-0.157361,-0.175344
2,5.002093458,4.49898,2.41493,2.41493,4.19162,4.19365,4.22094,0.20624,0.204851,0.186195
2,5.024523364,3.59918,2.40383,2.40383,4.18504,4.18707,4.21438,-0.393291,-0.394597,-0.412161
2,5.024523364,4.13906,2.40383,2.40383,4.18504,4.18707,4.21438,-0.0308662,-0.0322224,-0.0504607
2,5.069383178,5.38241,2.38163,2.38163,4.17187,4.1739,4.20126,0.813378,0.811904,0.792045
2,5.114242991,1.91411,2.35943,2.35943,4.15871,4.16074,4.18814,-1.50954,-1.51069,-1.52625
2,5.114242991,6.11861,2.35943,2.35943,4.15871,4.16074,4.18814,1.31807,1.31652,1.29567
2,5.114242991,2.83027,2.35943,2.35943,4.15871,4.16074,4.18814,-0.893406,-0.894643,-0.91136
2,5.18153271,1.97955,2.32615,2.32615,4.13897,4.14099,4.16846,-1.45421,-1.45537,-1.4711
2,5.226392523,5.02249,2.30397,2.30397,4.1258,4.12783,4.15534,0.604403,0.602956,0.583316
2,5.271252336,3.82822,2.2818,2.2818,4.11264,4.11466,4.14222,-0.191882,-0.193219,-0.211406
2,5.293682243,4.90798,2.27071,2.27071,4.10606,4.10808,4.13566,0.541254,0.539815,0.520221
2,5.360971963,4.10634,2.23746,2.23746,4.08631,4.08833,4.11598,0.0135345,0.012168,-0.00649913
2,5.360971963,2.73211,2.23746,2.23746,4.08631,4.08833,4.11598,-0.915264,-0.916501,-0.933407
2,5.405831776,5.18609,2.21531,2.21531,4.07315,4.07517,4.10285,0.752882,0.751413,0.731294
2,5.405831776,3.10838,2.21531,2.21531,4.07315,4.07517,4.10285,-0.652644,-0.653919,-0.671366
2,5.428261682,7.47648,2.20423,2.20423,4.06657,4.06859,4.09629,2.30778,2.30609,2.28299
2,5.428261682,4.51534,2.20423,2.20423,4.06657,4.06859,4.09629,0.30372,0.302312,0.283023
2,5.450691589,3.6319,2.19316,2.19316,4.05999,4.06201,4.08973,-0.289854,-0.291179,-0.309361
2,5.517981308,4.8589,2.15995,2.15995,4.04024,4.04226,4.07005,0.555058,0.553614,0.533748
2,5.517981308,6.08589,2.15995,2.15995,4.04024,4.04226,4.07005,1.38698,1.38542,1.36396
2,5.540411215,2.96115,2.14888,2.14888,4.03366,4.03568,4.06349,-0.727512,-0.728777,-0.746212
2,5.652560748,4.6953,2.09358,2.09358,4.00075,4.00277,4.03069,0.472195,0.470761,0.450906
2,5.652560748,4.51534,2.09358,2.09358,4.00075,4.00277,4.03069,0.349847,0.34843,0.328811
2,5.652560748,3.66462,2.09358,2.09358,4.00075,4.00277,4.03069,-0.228525,-0.229862,-0.248366
2,5.652560748,2.56851,2.09358,2.09358,4.00075,4.00277,4.03069,-0.973736,-0.974968,-0.992037
2,5.719850467,3.89366,2.06042,2.06042,3.98101,3.98302,4.01101,-0.0594672,-0.060828,-0.0797283
2,5.719850467,3.2229,2.06042,2.06042,3.98101,3.98302,4.01101,-0.516115,-0.517412,-0.535429
2,5.876859813,3.59918,1.98316,1.98316,3.93494,3.93695,3.9651,-0.229314,-0.230653,-0.249387
2,5.921719626,1.86503,1.9611,1.9611,3.92178,3.92378,3.95198,-1.40599,-1.40717,-1.42364
2,5.966579439,2.66667,1.93907,1.93907,3.90862,3.91062,3.93886,-0.849773,-0.851026,-0.868636
2,5.989009346,4.80982,1.92805,1.92805,3.90203,3.90404,3.9323,0.621412,0.619953,0.599434
2,5.989009346,4.6135,1.92805,1.92805,3.90203,3.90404,3.9323,0.487024,0.485584,0.465328
2,5.989009346,4.0409,1.92805,1.92805,3.90203,3.90404,3.9323,0.095059,0.0936732,0.0741874
2,5.989009346,3.3047,1.92805,1.92805,3.90203,3.90404,3.9323,-0.408896,-0.410211,-0.428708
2,6.011439252,2.84663,1.91704,1.91704,3.89545,3.89746,3.92574,-0.718292,-0.719564,-0.737476
2,6.101158879,1.76687,1.87303,1.87303,3.86913,3.87113,3.8995,-1.44238,-1.44355,-1.46012
2,6.101158879,3.0593,1.87303,1.87303,3.86913,3.87113,3.8995,-0.555628,-0.556925,-0.575246
2,6.123588785,3.97546,1.86204,1.86204,3.86255,3.86455,3.89294,0.0775068,0.0761218,0.0565261
2,6.146018692,3.59918,1.85105,1.85105,3.85597,3.85797,3.88638,-0.176344,-0.177694,-0.196811
2,6.235738318,1.91411,1.80713,1.80713,3.82964,3.83164,3.86014,-1.3179,-1.31909,-1.33603
2,6.235738318,5.56237,1.80713,1.80713,3.82964,3.83164,3.86014,1.19213,1.19059,1.16865
2,6.280598131,5.26789,1.7852,1.7852,3.81648,3.81848,3.84702,0.999504,0.997988,0.976384
2,6.280598131,4.22086,1.7852,1.7852,3.81648,3.81848,3.84702,0.278473,0.277058,0.256892
2,6.280598131,3.86094,1.7852,1.7852,3.81648,3.81848,3.84702,0.0306185,0.0292379,0.00956657
2,6.370317757,2.96115,1.74139,1.74139,3.79015,3.79215,3.82078,-0.571944,-0.573242,-0.591802
2,6.392747664,4.58078,1.73045,1.73045,3.78357,3.78557,3.81422,0.550256,0.548801,0.527966
2,6.41517757,6.75665,1.71951,1.71951,3.77699,3.77899,3.80766,2.0576,2.05594,2.03205
2,6.437607477,4.76074,1.70858,1.70858,3.77041,3.77241,3.8011,0.684186,0.682712,0.661556
2,6.460037383,5.88957,1.69766,1.69766,3.76383,3.76583,3.79454,1.46929,1.46771,1.44494
2,6.48246729,4.98978,1.68674,1.68674,3.75725,3.75924,3.78798,0.852304,0.850806,0.829259
2,6.504897196,4.25358,1.67583,1.67583,3.75067,3.75266,3.78142,0.347929,0.346501,0.325946
2,6.527327103,1.93047,1.66492,1.66492,3.74409,3.74608,3.77486,-1.2553,-1.2565,-1.27384
2,6.527327103,5.61145,1.66492,1.66492,3.74409,3.74608,3.77486,1.2925,1.29094,1.26845
2,6.527327103,0.670757,1.66492,1.66492,3.74409,3.74608,3.77486,-2.12721,-2.12829,-2.14387
2,6.639476636,3.56646,1.61048,1.61048,3.71118,3.71317,3.74207,-0.100401,-0.101768,-0.121562
2,6.639476636,3.3865,1.61048,1.61048,3.71118,3.71317,3.74207,-0.225249,-0.226599,-0.246138
2,6.639476636,3.25562,1.61048,1.61048,3.71118,3.71317,3.74207,-0.316048,-0.317384,-0.33674
2,6.661906542,2.71575,1.59962,1.59962,3.7046,3.70659,3.73551,-0.686346,-0.68763,-0.706255
2,6.818915888,3.99182,1.52375,1.52375,3.65854,3.66052,3.68959,0.23208,0.230664,0.209993
2,6.886205607,3.77914,1.49135,1.49135,3.6388,3.64078,3.66991,0.097866,0.0964681,0.0759986
2,6.886205607,3.20654,1.49135,1.49135,3.6388,3.64078,3.66991,-0.301418,-0.302759,-0.322406
2,6.931065421,2.01227,1.4698,1.4698,3.62563,3.62762,3.6568,-1.12608,-1.12731,-1.1453
2,6.953495327,4.25358,1.45904,1.45904,3.61905,3.62104,3.65024,0.443088,0.44164,0.420382
2,6.953495327,3.61554,1.45904,1.45904,3.61905,3.62104,3.65024,-0.00245215,-0.00383678,-0.0241735
2,6.99835514,1.76687,1.43754,1.43754,3.60589,3.60788,3.63712,-1.28539,-1.28659,-1.30432
2,6.99835514,2.19223,1.43754,1.43754,3.60589,3.60788,3.63712,-0.988082,-0.989328,-1.00767
2,7.06564486,3.01022,1.40538,1.40538,3.58615,3.58813,3.61744,-0.40311,-0.40444,-0.424066
2,7.088074766,4.54806,1.39468,1.39468,3.57957,3.58155,3.61088,0.678194,0.676712,0.654808
2,7.110504673,1.96319,1.38399,1.38399,3.57299,3.57497,3.60432,-1.12781,-1.12904,-1.1472
2,7.132934579,3.7955,1.37331,1.37331,3.56641,3.56839,3.59776,0.160574,0.159164,0.138288
2,7.177794393,2.42127,1.35199,1.35199,3.55325,3.55523,3.58465,-0.794173,-0.795448,-0.814375
2,7.200224299,3.17382,1.34134,1.34134,3.54667,3.54865,3.57809,-0.261703,-0.263054,-0.28312
2,7.222654206,4.1227,1.33071,1.33071,3.54009,3.54207,3.57153,0.40913,0.407684,0.386185
2,7.267514019,4.71166,1.30949,1.30949,3.52693,3.52891,3.55841,0.832742,0.831235,0.808793
2,7.334803738,3.3865,1.27776,1.27776,3.50719,3.50916,3.53873,-0.0849494,-0.0863274,-0.106913
2,7.379663551,3.92638,1.25667,1.25667,3.49403,3.496,3.52562,0.304616,0.303182,0.281722
2,7.402093458,1.32515,1.24615,1.24615,3.48745,3.48942,3.51906,-1.52417,-1.52535,-1.54296
2,7.402093458,5.54601,1.24615,1.24615,3.48745,3.48942,3.51906,1.45106,1.44946,1.42554
2,7.424523364,5.85685,1.23565,1.23565,3.48087,3.48284,3.5125,1.67559,1.67396,1.64954
2,7.424523364,6.72393,1.23565,1.23565,3.48087,3.48284,3.5125,2.28707,2.28535,2.25963
2,7.446953271,4.7771,1.22516,1.22516,3.47429,3.47626,3.50594,0.9192,0.917678,0.894834
2,7.446953271,4.64622,1.22516,1.22516,3.47429,3.47626,3.50594,0.826857,0.825349,0.802701
2,7.469383178,3.68098,1.21469,1.21469,3.46771,3.46968,3.49938,0.150546,0.149133,0.127897
2,7.536672897,1.83231,1.18337,1.18337,3.44797,3.44994,3.47971,-1.14209,-1.14332,-1.16187
2,7.536672897,4.22086,1.18337,1.18337,3.44797,3.44994,3.47971,0.546346,0.544876,0.522718
2,7.536672897,5.00613,1.18337,1.18337,3.44797,3.44994,3.47971,1.10145,1.0999,1.07656
2,7.64882243,2.38855,1.13153,1.13153,3.41507,3.41704,3.44692,-0.727357,-0.728648,-0.748204
2,7.64882243,2.56851,1.13153,1.13153,3.41507,3.41704,3.44692,-0.599845,-0.601154,-0.620984
2,7.671252336,3.56646,1.12121,1.12121,3.40849,3.41046,3.44036,0.111985,0.110575,0.0891906
2,7.671252336,3.32106,1.12121,1.12121,3.40849,3.41046,3.44036,-0.0619778,-0.0633635,-0.0843738
2,7.805831776,3.82822,1.05978,1.05978,3.36901,3.37098,3.40101,0.326461,0.325018,0.303014
2,7.895551402,3.3047,1.01928,1.01928,3.3427,3.34466,3.37478,-0.0270629,-0.0284565,-0.0497964
2,7.917981308,2.14315,1.00921,1.00921,3.33612,3.33808,3.36822,-0.850133,-0.85141,-0.870982
2,7.940411215,2.97751,0.999168,0.999168,3.32954,3.3315,3.36166,-0.250987,-0.252349,-0.273251
2,7.962841121,2.86299,0.989153,0.989153,3.32296,3.32492,3.3551,-0.3281,-0.329452,-0.350211
2,8.030130841,4.25358,0.959268,0.959268,3.30322,3.30518,3.33543,0.67886,0.677364,0.654322
2,8.030130841,3.7955,0.959268,0.959268,3.30322,3.30518,3.33543,0.351644,0.350195,0.327871
2,8.052560748,3.68098,0.949362,0.949362,3.29665,3.2986,3.32887,0.274671,0.273232,0.251051
2,8.052560748,2.07771,0.949362,0.949362,3.29665,3.2986,3.32887,-0.87113,-0.872405,-0.892072
2,8.097420561,1.94683,0.929635,0.929635,3.28349,3.28545,3.31576,-0.956176,-0.95744,-0.976967
2,8.142280374,3.40286,0.910027,0.910027,3.27033,3.27229,3.30264,0.0948975,0.0934831,0.0715918
2,8.16471028,4.1227,0.900269,0.900269,3.26375,3.26571,3.29609,0.61533,0.613841,0.590775
2,8.232,4.35174,0.871186,0.871186,3.24402,3.24597,3.27641,0.794689,0.793174,0.769627
2,8.232,1.25971,0.871186,0.871186,3.24402,3.24597,3.27641,-1.42356,-1.42476,-1.44339
2,8.254429907,3.3047,0.861558,0.861558,3.23744,3.23939,3.26986,0.0482795,0.0468703,0.0249516
2,8.344149533,0.916155,0.823389,0.823389,3.21113,3.21308,3.24363,-1.65039,-1.65156,-1.6698
2,8.366579439,3.94274,0.813937,0.813937,3.20455,3.2065,3.23707,0.531115,0.529636,0.506508
2,8.389009346,3.58282,0.804521,0.804521,3.19797,3.19992,3.23052,0.277027,0.275583,0.252996
2,8.411439252,6.08589,0.795144,0.795144,3.19139,3.19334,3.22396,2.08454,2.08284,2.05618
2,8.411439252,2.47035,0.795144,0.795144,3.19139,3.19334,3.22396,-0.519278,-0.520608,-0.54144
2,8.456299065,3.69734,0.776505,0.776505,3.17824,3.18019,3.21085,0.374207,0.372748,0.349863
2,8.478728972,3.33742,0.767245,0.767245,3.17166,3.17361,3.20429,0.119552,0.11813,0.0957888
2,8.501158879,4.33538,0.758025,0.758025,3.16508,3.16703,3.19773,0.844446,0.842919,0.818922
2,8.501158879,0.834356,0.758025,0.758025,3.16508,3.16703,3.19773,-1.68177,-1.68294,-1.70125
2,8.501158879,3.48466,0.758025,0.758025,3.16508,3.16703,3.19773,0.230599,0.22916,0.206543
2,8.523588785,4.02454,0.748847,0.748847,3.1585,3.16045,3.19118,0.625203,0.623708,0.600176
2,8.635738318,2.17587,0.703598,0.703598,3.12562,3.12756,3.1584,-0.687296,-0.688605,-0.709305
2,8.658168224,1.94683,0.694681,0.694681,3.11904,3.12098,3.15184,-0.848693,-0.84998,-0.870339
2,8.658168224,3.10838,0.694681,0.694681,3.11904,3.12098,3.15184,-0.00771448,-0.00912121,-0.0313864
2,8.703028037,1.75051,0.676987,0.676987,3.10589,3.10783,3.13873,-0.982258,-0.983526,-1.00363
2,8.725457944,1.14519,0.668211,0.668211,3.09931,3.10125,3.13217,-1.41686,-1.41807,-1.43721
2,8.792747664,2.56851,0.642175,0.642175,3.07958,3.08152,3.11251,-0.3711,-0.372456,-0.394051
2,8.904897196,6.90389,0.599798,0.599798,3.0467,3.04864,3.07973,2.80761,2.80579,2.77677
2,8.904897196,1.06339,0.599798,0.599798,3.0467,3.04864,3.07973,-1.44362,-1.44483,-1.46409
2,8.904897196,2.83027,0.599798,0.599798,3.0467,3.04864,3.07973,-0.157538,-0.158926,-0.181138
2,8.927327103,3.53374,0.591481,0.591481,3.04012,3.04206,3.07317,0.359477,0.358014,0.334587
2,8.972186916,2.30675,0.575011,0.575011,3.02697,3.02891,3.06006,-0.525007,-0.526344,-0.547788
2,8.972186916,3.27198,0.575011,0.575011,3.02697,3.02891,3.06006,0.178605,0.177167,0.154102
2,8.972186916,3.89366,0.575011,0.575011,3.02697,3.02891,3.06006,0.631779,0.630276,0.606167
2,9.017046729,3.04294,0.558765,0.558765,3.01382,3.01575,3.04695,0.0212539,0.0198381,-0.0029182
2,9.039476636,2.48671,0.550728,0.550728,3.00724,3.00918,3.0404,-0.380001,-0.381359,-0.403214
2,9.061906542,4.84254,0.542748,0.542748,3.00067,3.0026,3.03384,1.34526,1.34366,1.31778
2,9.106766355,1.57055,0.526964,0.526964,2.98751,2.98945,3.02074,-1.03593,-1.0372,-1.05761
2,9.106766355,3.61554,0.526964,0.526964,2.98751,2.98945,3.02074,0.459147,0.457667,0.433787
2,9.129196262,1.29243,0.519162,0.519162,2.98094,2.98287,3.01418,-1.23506,-1.2363,-1.25627
2,9.174056075,4.41718,0.503738,0.503738,2.96779,2.96972,3.00107,1.0612,1.05963,1.03426
2,9.196485981,3.43558,0.496119,0.496119,2.96121,2.96315,2.99452,0.347487,0.346022,0.322291
2,9.241345794,3.73006,0.481066,0.481066,2.94806,2.95,2.98141,0.573395,0.571896,0.547581
2,9.286205607,2.55215,0.466267,0.466267,2.93492,2.93685,2.9683,-0.280938,-0.282314,-0.304685
2,9.286205607,3.27198,0.466267,0.466267,2.93492,2.93685,2.9683,0.247396,0.245944,0.222336
2,9.308635514,1.35787,0.458963,0.458963,2.92834,2.93027,2.96175,-1.15323,-1.15448,-1.17483
2,9.331065421,3.10838,0.451725,0.451725,2.92177,2.9237,2.9552,0.137105,0.135669,0.112264
2,9.375925234,5.54601,0.437444,0.437444,2.90862,2.91055,2.94209,1.93956,1.93786,1.91016
2,9.39835514,4.26994,0.430403,0.430403,2.90204,2.90397,2.93554,1.00646,1.00489,0.979357
2,9.420785047,7.39468,0.423429,0.423429,2.89547,2.8974,2.92899,3.31201,3.31012,3.27911
2,9.443214953,2.38855,0.416522,0.416522,2.8889,2.89082,2.92243,-0.368504,-0.36987,-0.392217
2,9.443214953,2.84663,0.416522,0.416522,2.8889,2.89082,2.92243,-0.0311325,-0.0325465,-0.0556911
2,9.443214953,4.15542,0.416522,0.416522,2.8889,2.89082,2.92243,0.932787,0.931233,0.905812
2,9.510504673,4.89162,0.396207,0.396207,2.86918,2.8711,2.90277,1.49172,1.49008,1.46325
2,9.532934579,0.719836,0.389573,0.389573,2.8626,2.86453,2.89622,-1.58125,-1.58244,-1.60202
2,9.532934579,4.40082,0.389573,0.389573,2.8626,2.86453,2.89622,1.13512,1.13354,1.10752
2,9.645084112,3.41922,0.357442,0.357442,2.82974,2.83166,2.86346,0.436083,0.434599,0.410096
2,9.645084112,2.68303,0.357442,0.357442,2.82974,2.83166,2.86346,-0.108535,-0.10994,-0.133144
2,9.667514019,1.42331,0.351226,0.351226,2.82317,2.82509,2.85691,-1.03609,-1.03736,-1.05837
2,9.667514019,2.48671,0.351226,0.351226,2.82317,2.82509,2.85691,-0.249027,-0.250413,-0.273308
2,9.734803738,3.25562,0.333004,0.333004,2.80345,2.80537,2.83726,0.335168,0.333697,0.309321
2,9.846953271,2.42127,0.304056,0.304056,2.77059,2.77251,2.8045,-0.259578,-0.260964,-0.284047
2,9.869383178,2.78119,0.298481,0.298481,2.76402,2.76594,2.79795,0.012759,0.0113329,-0.0124337
2,9.959102804,1.79959,0.276894,0.276894,2.73774,2.73966,2.77175,-0.698857,-0.700181,-0.722332
2,9.959102804,3.1411,0.276894,0.276894,2.73774,2.73966,2.77175,0.300476,0.299007,0.274433
2,10.00396262,2.61759,0.266529,0.266529,2.7246,2.72652,2.75866,-0.0797987,-0.0812132,-0.10492
2,10.02639252,2.35583,0.261453,0.261453,2.71803,2.71995,2.75211,-0.270221,-0.271608,-0.294878
2,10.07125234,2.04499,0.251513,0.251513,2.70489,2.70681,2.73901,-0.492809,-0.494165,-0.516946
2,10.13854206,2.53579,0.237131,0.237131,2.68519,2.6871,2.71936,-0.111738,-0.11315,-0.136942
2,10.16097196,3.01022,0.232477,0.232477,2.67862,2.68053,2.71282,0.248134,0.24667,0.221968
2,10.18340187,5.33e-15,0.227892,0.227892,2.67205,2.67396,2.70627,-2.00045,-2.00159,-2.0208
2,10.20583178,3.40286,0.223377,0.223377,2.66548,2.66739,2.69972,0.55232,0.550811,0.525305
2,10.2731215,2.35583,0.21024,0.21024,2.64578,2.64769,2.68008,-0.21751,-0.218908,-0.242604
2,10.2731215,3.9591,0.21024,0.21024,2.64578,2.64769,2.68008,0.985196,0.983623,0.956963
2,10.31798131,2.74847,0.201822,0.201822,2.63265,2.63455,2.66699,0.0869699,0.085527,0.0610248
2,10.40770093,5.87321,0.185782,0.185782,2.60638,2.60828,2.6408,2.45802,2.45623,2.42574
2,10.40770093,2.30675,0.185782,0.185782,2.60638,2.60828,2.6408,-0.22545,-0.226848,-0.250687
2,10.40770093,3.7955,0.185782,0.185782,2.60638,2.60828,2.6408,0.894716,0.893154,0.866535
2,10.40770093,3.35378,0.185782,0.185782,2.60638,2.60828,2.6408,0.562359,0.560846,0.535052
2,10.40770093,3.01022,0.185782,0.185782,2.60638,2.60828,2.6408,0.303859,0.302384,0.277231
2,10.47499065,2.53579,0.174435,0.174435,2.58669,2.58859,2.62117,-0.0383544,-0.0397811,-0.0641674
2,10.49742056,3.19018,0.170781,0.170781,2.58012,2.58202,2.61462,0.459948,0.458448,0.432792
2,10.51985047,4.46626,0.167188,0.167188,2.57356,2.57546,2.60808,1.42769,1.42605,1.39795
2,10.54228037,3.51738,0.163658,0.163658,2.56699,2.56889,2.60153,0.717255,0.715717,0.689359
2,10.632,1.86503,0.150148,0.150148,2.54074,2.54263,2.57536,-0.510981,-0.512341,-0.535735
2,10.65442991,1.01431,0.14692,0.14692,2.53417,2.53607,2.56881,-1.14993,-1.15119,-1.17301
2,10.92358879,2.53579,0.112559,0.112559,2.45544,2.45733,2.49032,0.0611604,0.0597135,0.0345174
2,10.94601869,4.15542,0.11004,0.11004,2.44888,2.45077,2.48378,1.2997,1.29807,1.26969
2,11.03573832,0.327198,0.100452,0.100452,2.42265,2.42454,2.45763,-1.59914,-1.60035,-1.62143
2,11.03573832,1.50511,0.100452,0.100452,2.42265,2.42454,2.45763,-0.700219,-0.701556,-0.724943
2,11.03573832,2.38855,0.100452,0.100452,2.42265,2.42454,2.45763,-0.0260254,-0.0274609,-0.0525748
2,11.08059813,1.66871,0.0959425,0.0959425,2.40954,2.41142,2.44455,-0.565937,-0.567294,-0.591078
2,11.14788785,1.42331,0.0895167,0.0895167,2.38987,2.39175,2.42494,-0.73951,-0.740842,-0.764258
2,11.17031776,2.19223,0.0874625,0.0874625,2.38331,2.3852,2.41841,-0.146273,-0.147693,-0.172664
2,11.19274766,1.79959,0.0854508,0.0854508,2.37676,2.37864,2.41187,-0.442041,-0.443417,-0.467653
2,11.26003738,2.58487,0.0796649,0.0796649,2.3571,2.35898,2.39227,0.174711,0.173243,0.14733
2,11.28246729,1.47239,0.077817,0.077817,2.35055,2.35242,2.38573,-0.673934,-0.675278,-0.69902
2,11.3048972,3.25562,0.0760083,0.0760083,2.34399,2.34587,2.3792,0.699986,0.69844,0.671106
2,11.39461682,2.91207,0.0691522,0.0691522,2.31779,2.31966,2.35307,0.457246,0.455735,0.428913
2,11.43947664,2.45399,0.0659422,0.0659422,2.30469,2.30656,2.34001,0.114992,0.113531,0.0875446
2,11.46190654,2.06135,0.0643895,0.0643895,2.29814,2.30001,2.33348,-0.182469,-0.183886,-0.209123
2,11.48433645,1.93047,0.0628707,0.0628707,2.29159,2.29346,2.32695,-0.278421,-0.279824,-0.304837
2,11.52919626,2.71575,0.0599326,0.0599326,2.27849,2.28037,2.31389,0.337466,0.335972,0.309288
2,11.52919626,4.38446,0.0599326,0.0599326,2.27849,2.28037,2.31389,1.62536,1.62367,1.59361
2,11.64134579,0.359918,0.0531387,0.0531387,2.24576,2.24763,2.28125,-1.45922,-1.46045,-1.48254
2,11.91050467,0.834356,0.039676,0.039676,2.16727,2.16913,2.20298,-1.03779,-1.03908,-1.06258
2,11.93293458,2.15951,0.0387143,0.0387143,2.16073,2.16259,2.19646,-0.000952714,-0.00240173,-0.0287011
2,11.93293458,0.687117,0.0387143,0.0387143,2.16073,2.16259,2.19646,-1.14793,-1.14921,-1.17244
2,11.97779439,1.11247,0.0368573,0.0368573,2.14766,2.14952,2.18342,-0.807234,-0.808564,-0.832758
2,12.02265421,1.73415,0.0350859,0.0350859,2.13459,2.13645,2.17039,-0.312586,-0.313989,-0.339563
2,12.04508411,3.69734,0.0342311,0.0342311,2.12806,2.12991,2.16387,1.22563,1.224,1.19426
2,12.11237383,1.96319,0.0317853,0.0317853,2.10846,2.11032,2.14433,-0.113636,-0.11507,-0.141288
2,12.17966355,1.45603,0.0295083,0.0295083,2.08887,2.09073,2.12479,-0.495798,-0.497176,-0.522442
2,12.24695327,2.84663,0.0273893,0.0273893,2.06929,2.07114,2.10526,0.609954,0.608412,0.580065
2,12.26938318,2.61759,0.0267163,0.0267163,2.06277,2.06462,2.09875,0.43558,0.434064,0.406162
2,12.38153271,3.28834,0.0235849,0.0235849,2.03015,2.032,2.06622,0.990364,0.988765,0.959204
2,12.42639252,1.89775,0.022435,0.022435,2.01711,2.01896,2.05321,-0.0940511,-0.0954905,-0.122143
2,12.42639252,1.60327,0.022435,0.022435,2.01711,2.01896,2.05321,-0.326087,-0.327492,-0.35351
2,12.47125234,2.09407,0.0213397,0.0213397,2.00408,2.00592,2.04021,0.0709853,0.0695212,0.0423615
2,12.47125234,1.06339,0.0213397,0.0213397,2.00408,2.00592,2.04021,-0.74199,-0.743334,-0.768264
2,12.51611215,3.32106,0.0202967,0.0202967,1.99104,1.99289,2.02721,1.05019,1.04858,1.01867
2,12.53854206,2.20859,0.019794,0.019794,1.98453,1.98637,2.02071,0.177011,0.175531,0.147997
2,12.60583178,1.93047,0.0183579,0.0183579,1.96499,1.96683,2.00122,-0.027316,-0.0287664,-0.0558191
2,12.6955514,0.736196,0.0166008,0.0166008,1.93896,1.94079,1.97525,-0.953696,-0.95501,-0.979604
2,12.91985047,1.79959,0.0128987,0.0128987,1.87395,1.87578,1.91039,-0.0592751,-0.0607223,-0.0880586
2,12.91985047,0.916155,0.0128987,0.0128987,1.87395,1.87578,1.91039,-0.763463,-0.764805,-0.790172
2,12.98714019,4.33538,0.011956,0.011956,1.85448,1.8563,1.89096,1.98066,1.97891,1.94577
2,13.05442991,1.66871,0.0110813,0.0110813,1.83501,1.83684,1.87153,-0.13298,-0.134416,-0.161701
2,13.05442991,4.5317,0.0110813,0.0110813,1.83501,1.83684,1.87153,2.15634,2.15456,2.12084
2,13.18900935,0.458078,0.00951721,0.00951721,1.79613,1.79794,1.83272,-1.07333,-1.07463,-1.09941
2,13.23386916,2.38855,0.009046,0.009046,1.78317,1.78499,1.8198,0.486122,0.484593,0.455351
2,13.25629907,0.539877,0.00881914,0.00881914,1.7767,1.77852,1.81334,-0.99371,-0.995019,-1.02009
2,13.30115888,3.58282,0.00838216,0.00838216,1.76376,1.76557,1.80042,1.46305,1.46137,1.42928
2,13.3908785,2.02863,0.00757154,0.00757154,1.7379,1.73971,1.77461,0.234326,0.232834,0.204126
2,13.41330841,3.76278,0.00738134,0.00738134,1.73144,1.73325,1.76816,1.63811,1.63641,1.60367
2,13.41330841,4.08998,0.00738134,0.00738134,1.73144,1.73325,1.76816,1.90197,1.90023,1.86674
2,13.45816822,2.65031,0.00701503,0.00701503,1.71852,1.72033,1.75526,0.752205,0.750637,0.720373
2,13.48059813,0.556237,0.0068387,0.0068387,1.71207,1.71387,1.74882,-0.933568,-0.934886,-0.960352
2,13.52545794,2.14315,0.00649912,0.00649912,1.69916,1.70096,1.73593,0.35899,0.35748,0.328265
2,13.74975701,1.40695,0.00503665,0.00503665,1.63476,1.63655,1.67163,-0.185177,-0.186605,-0.214491
2,13.81704673,0.997955,0.00466546,0.00466546,1.61548,1.61727,1.65237,-0.502768,-0.504149,-0.531181
2,13.99648598,0.719836,0.00380338,0.00380338,1.56418,1.56596,1.60113,-0.690367,-0.691718,-0.718371
2,14.0637757,1.55419,0.00352271,0.00352271,1.54498,1.54676,1.58195,0.0075404,0.00608653,-0.0226643
2,14.24321495,0.0981595,0.00287109,0.00287109,1.49392,1.49568,1.53093,-1.14793,-1.14922,-1.17473
2,14.24321495,2.43763,0.00287109,0.00287109,1.49392,1.49568,1.53093,0.776145,0.77458,0.743409
2,14.31050467,2.78119,0.002659,0.002659,1.47482,1.47658,1.51184,1.07613,1.07452,1.0424
2,14.4002243,2.87935,0.00240032,0.00240032,1.4494,1.45116,1.48643,1.18044,1.17882,1.14632
2,14.4002243,4.05726,0.00240032,0.00240032,1.4494,1.45116,1.48643,2.15283,2.15107,2.11569
2,14.44508411,0.196319,0.00228056,0.00228056,1.43671,1.43846,1.47374,-1.02506,-1.02636,-1.05238
2,14.44508411,1.01431,0.00228056,0.00228056,1.43671,1.43846,1.47374,-0.349069,-0.350464,-0.378489
2,14.44508411,1.37423,0.00228056,0.00228056,1.43671,1.43846,1.47374,-0.0516331,-0.0530725,-0.0819765
2,14.53480374,2.73211,0.00205861,0.00205861,1.41138,1.41312,1.4484,1.09378,1.09217,1.05981
2,14.64695327,1.22699,0.00181123,0.00181123,1.37979,1.38153,1.41681,-0.126877,-0.128301,-0.157129
2,14.87125234,1.79959,0.00140195,0.00140195,1.31692,1.31864,1.35391,0.402933,0.401438,0.37089
2,14.98340187,0.179959,0.00123338,0.00123338,1.28566,1.28737,1.32261,-0.925498,-0.926796,-0.953432
2,15.02826168,1.79959,0.00117176,0.00117176,1.27318,1.27489,1.31013,0.441084,0.439588,0.408843
2,15.0955514,1.86503,0.00108504,0.00108504,1.25451,1.25622,1.29143,0.512377,0.510873,0.479884
2,15.25256075,3.68098,0.000906827,0.000906827,1.21114,1.21283,1.24797,2.08053,2.0788,2.04305
2,15.27499065,0.572597,0.000883876,0.000883876,1.20496,1.20665,1.24179,-0.532967,-0.534312,-0.562229
2,15.29742056,1.68507,0.000861505,0.000861505,1.19879,1.20048,1.2356,0.41006,0.40858,0.377826
2,15.38714019,1.86503,0.000777538,0.000777538,1.17418,1.17586,1.21093,0.583802,0.582301,0.551003
2,15.47685981,0.883436,0.000701748,0.000701748,1.14966,1.15133,1.18635,-0.22545,-0.22683,-0.25571
2,15.52171963,2.81391,0.000666668,0.000666668,1.13745,1.13911,1.1741,1.42117,1.41956,1.38573
2,15.90302804,1.66871,0.000431092,0.000431092,1.03475,1.03637,1.071,0.542223,0.540761,0.509614
2,16.08246729,1.81595,0.000351118,0.000351118,0.987233,0.988831,1.02323,0.711743,0.710271,0.678695
2,16.26190654,2.56851,0.000285976,0.000285976,0.940303,0.941877,0.975998,1.40414,1.40259,1.36907
2,16.30676636,1.97955,0.000271674,0.000271674,0.92867,0.930237,0.964283,0.907187,0.90571,0.873712
3,0,0.620408,4.8986,4.8986,6.36334,6.34138,6.79786,-3.35609,-3.34763,-3.51912
3,2.018691589,4.5551,3.89565,3.89565,5.84922,5.82729,6.26893,-0.780107,-0.76792,-1.00719
3,2.041121495,2.61224,3.8845,3.8845,5.84351,5.82158,6.26305,-1.94852,-1.9379,-2.14628
3,3.005607477,5.24082,3.4054,3.4054,5.59787,5.57597,6.01023,-0.218605,-0.205474,-0.459273
3,3.857943925,3.72245,2.98219,2.98219,5.3808,5.35891,5.78678,-1.02923,-1.01705,-1.24918
3,4.014953271,2.1551,2.90427,2.90427,5.34081,5.31893,5.74562,-1.98217,-1.97128,-2.17823
3,4.014953271,3.2,2.90427,2.90427,5.34081,5.31893,5.74562,-1.33202,-1.32024,-1.54433
3,4.037383178,5.01224,2.89314,2.89314,5.3351,5.31322,5.73973,-0.200955,-0.187593,-0.441501
3,4.351401869,3.82041,2.73736,2.73736,5.25513,5.23325,5.65741,-0.897556,-0.885102,-1.12054
3,5.001869159,3.11837,2.41504,2.41504,5.08947,5.0676,5.48687,-1.24625,-1.23416,-1.4602
3,5.136448598,5.8449,2.34845,2.34845,5.05519,5.03333,5.45159,0.500406,0.514983,0.243016
3,5.226168224,1.94286,2.30408,2.30408,5.03234,5.01048,5.42806,-1.96057,-1.94945,-2.15661
3,5.45046729,4.81633,2.19327,2.19327,4.97522,4.95336,5.36926,-0.101204,-0.0874087,-0.343418
3,5.876635514,3.59184,1.98327,1.98327,4.86668,4.84484,5.25752,-0.817754,-0.804889,-1.04189
3,5.943925234,4.70204,1.95019,1.95019,4.84954,4.8277,5.23988,-0.0947224,-0.0808113,-0.336798
3,6.011214953,4.3102,1.91715,1.91715,4.83241,4.81057,5.22224,-0.33572,-0.322139,-0.571764
3,6.03364486,6.33469,1.90614,1.90614,4.82669,4.80485,5.21636,0.969842,0.985296,0.701359
3,6.347663551,4.60408,1.75244,1.75244,4.74672,4.72489,5.13403,-0.0922186,-0.0782152,-0.334107
3,6.841121495,5.12653,1.51305,1.51305,4.62105,4.59923,5.00465,0.329524,0.344248,0.0774831
3,6.908411215,6.12245,1.48068,1.48068,4.60391,4.58209,4.98701,0.991062,1.00676,0.722659
3,6.998130841,4.19592,1.43765,1.43765,4.58106,4.55924,4.96348,-0.251744,-0.237827,-0.489268
3,7.020560748,6.17143,1.42692,1.42692,4.57535,4.55353,4.9576,1.04365,1.05945,0.77402
3,7.042990654,5.40408,1.4162,1.4162,4.56964,4.54782,4.95172,0.545835,0.560922,0.288566
3,7.155140187,7.77143,1.36275,1.36275,4.54108,4.51926,4.92232,2.1171,2.1345,1.82096
3,7.244859813,4.76735,1.3202,1.3202,4.51823,4.49641,4.8988,0.163516,0.178093,-0.0841422
3,7.289719626,6.85714,1.29901,1.29901,4.5068,4.48499,4.88703,1.54389,1.56049,1.26206
3,7.334579439,5.81224,1.27786,1.27786,4.49538,4.47357,4.87527,0.865681,0.881305,0.600687
3,7.334579439,4.44082,1.27786,1.27786,4.49538,4.47357,4.87527,-0.0358684,-0.0215611,-0.278528
3,7.379439252,4.01633,1.25678,1.25678,4.48395,4.46214,4.86351,-0.307644,-0.293724,-0.543542
3,7.446728972,6.23673,1.22527,1.22527,4.46682,4.44501,4.84587,1.16573,1.18183,0.893389
3,7.648598131,4.81633,1.13163,1.13163,4.41541,4.3936,4.79294,0.264973,0.279794,0.0150727
3,7.693457944,6.44898,1.11103,1.11103,4.40398,4.38218,4.78118,1.35261,1.36904,1.07582
3,7.85046729,4.76735,1.03958,1.03958,4.364,4.3422,4.74001,0.267504,0.282377,0.0176784
3,7.962616822,6.80816,0.989254,0.989254,4.33544,4.31364,4.71061,1.64309,1.66002,1.35932
3,8.007476636,5.74694,0.969303,0.969303,4.32401,4.30221,4.69885,0.946246,0.96216,0.679744
3,8.007476636,3.6898,0.969303,0.969303,4.32401,4.30221,4.69885,-0.421753,-0.40786,-0.654427
3,8.007476636,5.3551,0.969303,0.969303,4.32401,4.30221,4.69885,0.685675,0.701204,0.425616
3,8.142056075,8.26122,0.910126,0.910126,4.28974,4.26794,4.66356,2.64717,2.66564,2.33873
3,8.231775701,4.5551,0.871283,0.871283,4.26689,4.2451,4.64004,0.192404,0.207259,-0.0553027
3,8.321495327,5.48571,0.832974,0.832974,4.24404,4.22225,4.61652,0.830203,0.846026,0.5668
3,8.343925234,4.32653,0.823485,0.823485,4.23833,4.21654,4.61064,0.0589958,0.0736796,-0.185338
3,8.456074766,5.9102,0.776598,0.776598,4.20977,4.18798,4.58123,1.1396,1.15591,0.868651
3,8.747663551,4.75102,0.659571,0.659571,4.13551,4.11373,4.50478,0.4146,0.429912,0.161769
3,8.882242991,3.98367,0.608253,0.608253,4.10124,4.07946,4.4695,-0.0793774,-0.0647707,-0.319926
3,8.94953271,6.66122,0.583302,0.583302,4.0841,4.06233,4.45186,1.74205,1.75941,1.45663
3,9.01682243,4.8,0.558847,0.558847,4.06697,4.04519,4.43422,0.496092,0.511595,0.241446
3,9.039252336,5.9102,0.550808,0.550808,4.06126,4.03948,4.42834,1.2518,1.26844,0.978537
3,9.039252336,4.60408,0.550808,0.550808,4.06126,4.03948,4.42834,0.367511,0.382827,0.116052
3,9.151401869,7.72245,0.511497,0.511497,4.0327,4.01092,4.39893,2.50301,2.52156,2.19899
3,9.218691589,3.80408,0.488637,0.488637,4.01556,3.99379,4.38129,-0.14363,-0.129038,-0.382362
3,9.285981308,5.06122,0.466341,0.466341,3.99842,3.97666,4.36365,0.722678,0.738592,0.462648
3,9.330841121,6.22041,0.451797,0.451797,3.987,3.96523,4.35189,1.51986,1.53699,1.24023
3,9.353271028,5.32245,0.444624,0.444624,3.98129,3.95952,4.34601,0.913038,0.929257,0.64837
3,9.375700935,4.39184,0.437515,0.437515,3.97558,3.95381,4.34013,0.283495,0.298769,0.0343506
3,9.487850467,6.26939,0.402978,0.402978,3.94702,3.92525,4.31072,1.58479,1.60206,1.30368
3,9.66728972,4.34286,0.351289,0.351289,3.90132,3.87956,4.26368,0.302262,0.317639,0.0528703
3,9.846728972,4.71837,0.304113,0.304113,3.85563,3.83387,4.21663,0.592492,0.608357,0.336095
3,9.958878505,5.02857,0.276947,0.276947,3.82707,3.80532,4.18723,0.826789,0.843041,0.564717
3,10.00373832,6.92245,0.266581,0.266581,3.81565,3.7939,4.17547,2.1396,2.15786,1.84528
3,10.02616822,4.35918,0.261504,0.261504,3.80994,3.78819,4.16959,0.378408,0.393994,0.127412
3,10.02616822,5.51837,0.261504,0.261504,3.80994,3.78819,4.16959,1.17704,1.19384,0.906406
3,10.11588785,7.24898,0.241903,0.241903,3.78709,3.76534,4.14607,2.38892,2.4076,2.08858
3,10.22803738,3.80408,0.218974,0.218974,3.75853,3.73679,4.11666,0.0314947,0.0466024,-0.210824
3,10.2953271,5.1102,0.20604,0.20604,3.7414,3.71965,4.09902,0.9476,0.964129,0.682827
3,10.34018692,5.20816,0.197754,0.197754,3.72998,3.70823,4.08726,1.02415,1.04081,0.757531
3,10.38504673,3.15102,0.189733,0.189733,3.71855,3.69681,4.0755,-0.393526,-0.379031,-0.62529
3,10.45233645,4.63673,0.178191,0.178191,3.70142,3.67968,4.05786,0.649331,0.665445,0.392009
3,10.65420561,4.70204,0.146953,0.146953,3.65002,3.62828,4.00494,0.733014,0.749313,0.4738
3,10.69906542,4.13061,0.14067,0.14067,3.63859,3.61686,3.99318,0.343098,0.358808,0.0934876
3,10.74392523,3.4449,0.134617,0.134617,3.62717,3.60544,3.98141,-0.127209,-0.112214,-0.365248
3,10.85607477,6.07347,0.12045,0.12045,3.59862,3.57689,3.95201,1.7307,1.7486,1.44718
3,10.94579439,4.21224,0.110065,0.110065,3.57577,3.55404,3.92849,0.445817,0.461752,0.193882
3,10.99065421,5.42041,0.105174,0.105174,3.56435,3.54262,3.91673,1.30114,1.31841,1.02827
3,11.01308411,5.99184,0.102801,0.102801,3.55864,3.53691,3.91085,1.70642,1.72433,1.42364
3,11.03551402,4.81633,0.100476,0.100476,3.55293,3.5312,3.90497,0.886391,0.903034,0.62373
3,11.14766355,6.38367,0.0895376,0.0895376,3.52438,3.50265,3.87557,2.01016,2.02858,1.72006
3,11.23738318,2.48163,0.081572,0.081572,3.50153,3.47981,3.85205,-0.718189,-0.703989,-0.94138
3,11.28224299,4.65306,0.0778354,0.0778354,3.49011,3.46839,3.84029,0.819592,0.836201,0.558776
3,11.3271028,3.65714,0.0742558,0.0742558,3.47869,3.45697,3.82853,0.125868,0.141407,-0.117925
3,11.37196262,2.13878,0.0708276,0.0708276,3.46727,3.44555,3.81677,-0.937795,-0.923905,-1.15551
3,11.41682243,4.16327,0.0675458,0.0675458,3.45585,3.43413,3.80501,0.499782,0.515929,0.246908
3,11.6635514,2.67755,0.0518823,0.0518823,3.39303,3.37132,3.74033,-0.507773,-0.493138,-0.735798
3,11.68598131,3.2,0.0506416,0.0506416,3.38732,3.36562,3.73445,-0.132998,-0.117769,-0.370172
3,11.73084112,2.38367,0.0482436,0.0482436,3.3759,3.3542,3.72269,-0.70505,-0.690708,-0.9282
3,11.86542056,3.36327,0.0416785,0.0416785,3.34164,3.31994,3.68741,0.0154011,0.0309107,-0.225257
3,11.93271028,4.94694,0.0387238,0.0387238,3.32452,3.30281,3.66977,1.15714,1.17447,0.888641
3,12,3.78776,0.0359701,0.0359701,3.30739,3.28569,3.65213,0.343035,0.359097,0.0944818
3,12.02242991,6.22041,0.0350946,0.0350946,3.30168,3.27998,3.64625,2.08515,2.10397,1.79406
3,12.04485981,3.08571,0.0342396,0.0342396,3.29597,3.27427,3.64038,-0.150267,-0.134972,-0.386733
3,12.11214953,5.64898,0.0317932,0.0317932,3.27884,3.25714,3.62274,1.69605,1.71428,1.41455
3,12.22429907,2.51429,0.0280858,0.0280858,3.25029,3.2286,3.59334,-0.527775,-0.51303,-0.75488
3,12.29158879,4.88163,0.0260659,0.0260659,3.23316,3.21147,3.5757,1.18356,1.20104,0.914746
3,12.31401869,5.19184,0.0254245,0.0254245,3.22745,3.20576,3.56982,1.41097,1.42882,1.13662
3,12.3364486,2.82449,0.0247984,0.0247984,3.22175,3.20005,3.56394,-0.285459,-0.270301,-0.518387
3,12.3588785,2.30204,0.0241873,0.0241873,3.21604,3.19435,3.55806,-0.65705,-0.642476,-0.880894
3,12.44859813,4.73469,0.0218862,0.0218862,3.1932,3.17151,3.53455,1.11,1.1274,0.843122
3,12.65046729,2.36735,0.0174622,0.0174622,3.14182,3.12014,3.48163,-0.559791,-0.544988,-0.785774
3,12.6728972,3.46122,0.0170283,0.0170283,3.13612,3.11443,3.47575,0.235087,0.251165,-0.0102508
3,12.74018692,3.05306,0.0157892,0.0157892,3.11899,3.09731,3.45812,-0.0477341,-0.0320895,-0.286121
3,12.87476636,3.00408,0.0135709,0.0135709,3.08474,3.06307,3.42285,-0.0585479,-0.042884,-0.296555
3,12.94205607,4.08163,0.0125798,0.0125798,3.06762,3.04595,3.40521,0.736947,0.753906,0.47963
3,12.98691589,4.44082,0.011959,0.011959,3.05621,3.03453,3.39345,1.00714,1.02454,0.743283
3,13.00934579,4.57143,0.0116601,0.0116601,3.0505,3.02883,3.38757,1.10676,1.12433,0.840503
3,13.0317757,2.62857,0.0113685,0.0113685,3.04479,3.02312,3.3817,-0.303004,-0.287691,-0.534923
3,13.16635514,4.60408,0.00976432,0.00976432,3.01055,2.98888,3.34642,1.16303,1.18074,0.895562
3,13.23364486,2.10612,0.00904831,0.00904831,2.99343,2.97176,3.32879,-0.648418,-0.633607,-0.87176
3,13.30093458,3.55918,0.00838431,0.00838431,2.97631,2.95465,3.31116,0.426492,0.443055,0.17707
3,13.30093458,2.35102,0.00838431,0.00838431,2.97631,2.95465,3.31116,-0.457525,-0.442389,-0.685451
3,13.32336449,3.13469,0.00817388,0.00817388,2.9706,2.94894,3.30528,0.120118,0.136193,-0.121834
3,13.3682243,2.93878,0.00776859,0.00776859,2.95919,2.93753,3.29352,-0.0149557,0.00091321,-0.253582
3,13.45794393,3.98367,0.00701683,0.00701683,2.93636,2.91471,3.27001,0.768604,0.785766,0.511019
3,13.65981308,5.33e-15,0.00557906,0.00557906,2.88502,2.86337,3.21711,-2.12542,-2.1129,-2.31252
3,13.68224299,2.17143,0.00543859,0.00543859,2.87931,2.85766,3.21123,-0.521726,-0.506594,-0.747755
3,13.74953271,1.69796,0.00503795,0.00503795,2.8622,2.84055,3.1936,-0.859173,-0.844573,-1.07695
3,13.86168224,0.897959,0.00443438,0.00443438,2.83367,2.81204,3.16422,-1.43157,-1.41787,-1.63536
3,13.92897196,3.57551,0.00410736,0.00410736,2.81656,2.79493,3.14659,0.562006,0.578971,0.309916
3,13.99626168,3.5102,0.00380436,0.00380436,2.79945,2.77782,3.12896,0.526996,0.543924,0.275826
3,14.01869159,1.50204,0.00370838,0.00370838,2.79375,2.77212,3.12308,-0.958166,-0.943659,-1.1733
3,14.0411215,2.69388,0.00361482,0.00361482,2.78805,2.76641,3.1172,-0.0698823,-0.0539175,-0.306535
3,14.13084112,5.30612,0.00326351,0.00326351,2.76523,2.74361,3.0937,1.88885,1.90805,1.60482
3,14.24299065,1.6,0.00287183,0.00287183,2.73672,2.7151,3.06432,-0.846844,-0.832099,-1.06447
3,14.28785047,3.88571,0.0027286,0.0027286,2.72532,2.7037,3.05257,0.865228,0.882796,0.606176
3,14.33271028,2.77551,0.0025925,0.0025925,2.71392,2.6923,3.04082,0.0459666,0.0622022,-0.193198
3,14.44485981,4.27755,0.00228114,0.00228114,2.68541,2.6638,3.01144,1.19075,1.20891,0.924002
3,14.64672897,2.25306,0.0018117,0.0018117,2.63411,2.61251,2.95857,-0.286102,-0.270327,-0.516902
3,14.69158879,5.07755,0.00172124,0.00172124,2.62271,2.60111,2.94682,1.84476,1.86407,1.56249
3,14.93831776,2.93878,0.00129857,0.00129857,2.56004,2.53845,2.88221,0.285985,0.302787,0.0416845
3,14.98317757,3.10204,0.00123369,0.00123369,2.54864,2.52706,2.87046,0.418235,0.43527,0.170795
3,15.00560748,1.19184,0.00120248,0.00120248,2.54295,2.52136,2.86459,-1.02156,-1.00691,-1.23422
3,15.05046729,1.51837,0.0011424,0.0011424,2.53156,2.50997,2.85284,-0.766733,-0.75165,-0.985494
3,15.11775701,5.38776,0.00105786,0.00105786,2.51447,2.49289,2.83522,2.17723,2.19723,1.88752
3,15.25233645,1.76327,0.00090706,0.00090706,2.4803,2.45874,2.79999,-0.54477,-0.529266,-0.768662
3,15.29719626,2.98776,0.000861727,0.000861727,2.46892,2.44735,2.78825,0.394534,0.41162,0.148052
3,15.36448598,1.25714,0.000797936,0.000797936,2.45184,2.43028,2.77063,-0.909672,-0.894749,-1.12464
3,15.4317757,3.96735,0.000738863,0.000738863,2.43476,2.41321,2.75302,1.16849,1.18691,0.90354
3,15.67850467,0.0163265,0.000557268,0.000557268,2.37217,2.35064,2.68846,-1.80494,-1.79144,-1.99801
3,15.92523364,2.59592,0.000420284,0.000420284,2.30962,2.28811,2.62391,0.220419,0.237386,-0.0210317
3,16.1271028,0.881633,0.000333645,0.000333645,2.25848,2.23698,2.57111,-1.0643,-1.04946,-1.27464
3,16.21682243,1.24082,0.000301109,0.000301109,2.23576,2.21427,2.54765,-0.770469,-0.755104,-0.987729
3,16.30654206,2.85714,0.000271744,0.000271744,2.21305,2.19156,2.5242,0.499673,0.517216,0.252099
3,16.35140187,0.914286,0.000258153,0.000258153,2.20169,2.18021,2.51247,-0.99963,-0.984623,-1.21121
3,16.4635514,2.84082,0.000227075,0.000227075,2.17331,2.15185,2.48316,0.519458,0.537076,0.271668
3,16.66542056,2.74286,0.000180257,0.000180257,2.12227,2.10082,2.43042,0.484909,0.502521,0.238294
3,16.97943925,0.163265,0.000125863,0.000125863,2.04296,2.02155,2.34842,-1.47805,-1.46373,-1.67727
3,17.00186916,2.17143,0.000122674,0.000122674,2.0373,2.0159,2.34257,0.10552,0.122565,-0.131422
3,17.11401869,2.23673,0.000107905,0.000107905,2.009,1.98762,2.3133,0.179558,0.196756,-0.0589318
3,17.20373832,0.555102,9.73797e-05,9.73797e-05,1.98638,1.96501,2.28989,-1.13057,-1.11561,-1.33769
3,17.29345794,0.457143,8.78816e-05,8.78816e-05,1.96378,1.94242,2.26649,-1.19226,-1.17738,-1.39775
3,17.29345794,1.95918,8.78816e-05,8.78816e-05,1.96378,1.94242,2.26649,-0.00363457,0.0132889,-0.237402
3,17.31588785,3.2,8.56554e-05,8.56554e-05,1.95813,1.93677,2.26065,0.983189,1.00182,0.725998
3,17.42803738,2.67755,7.53424e-05,7.53424e-05,1.92989,1.90855,2.23141,0.593271,0.611253,0.345605
3,18.03364486,1.81224,3.76846e-05,3.76846e-05,1.77782,1.75661,2.07375,0.0276529,0.0447721,-0.205121
3,18.12336449,4.5551,3.40086e-05,3.40086e-05,1.75536,1.73417,2.05043,2.25334,2.27434,1.96832
3,18.23551402,0.555102,2.99137e-05,2.99137e-05,1.72732,1.70616,2.02129,-0.945619,-0.930162,-1.15491
3,18.37009346,1.30612,2.56452e-05,2.56452e-05,1.69371,1.67259,1.98636,-0.313531,-0.296957,-0.537319
3,18.43738318,2.20408,2.37451e-05,2.37451e-05,1.67693,1.65582,1.9689,0.427015,0.444887,0.186031
3,18.95327103,2.04082,1.31602e-05,1.31602e-05,1.54876,1.52782,1.83534,0.402841,0.420715,0.1643
3,19.13271028,2.57959,1.07179e-05,1.07179e-05,1.50442,1.48355,1.78902,0.883492,0.902212,0.634537
3,19.26728972,0.359184,9.18851e-06,9.18851e-06,1.47126,1.45045,1.75433,-0.916356,-0.900781,-1.12296
3,19.44672897,1.63265,7.48328e-06,7.48328e-06,1.42719,1.40646,1.70816,0.169934,0.187402,-0.0610037
3,20.43364486,1.66531,2.42053e-06,2.42053e-06,1.18838,1.16828,1.45627,0.402531,0.420222,0.172466
4,0,1.95122,4.8986,4.8986,7.16745,6.90126,6.68733,-2.90924,-2.80311,-2.71542
4,0.993314231,2.05765,4.40508,4.40508,7.20689,7.08857,6.9288,-2.86547,-2.8185,-2.75406
4,1.107927412,5.62306,4.34813,4.34813,7.19381,7.0979,6.94824,-0.874746,-0.825819,-0.748395
4,1.184336199,0.922395,4.31017,4.31017,7.18307,7.10245,6.95999,-3.48867,-3.45955,-3.40744
4,1.222540592,4.25721,4.29119,4.29119,7.17711,7.10421,6.96548,-1.62762,-1.59357,-1.52799
4,1.910219675,7.34368,3.94954,3.94954,7.00842,7.07438,7.01639,0.188687,0.150994,0.184115
4,1.986628462,4.00887,3.91158,3.91158,6.98346,7.06378,7.01592,-1.67651,-1.71389,-1.69166
4,2.101241643,5.81818,3.85464,3.85464,6.94412,7.04522,7.01277,-0.636028,-0.689132,-0.672154
4,2.17765043,4.00887,3.81668,3.81668,6.91672,7.03111,7.00902,-1.64519,-1.69873,-1.68845
4,2.215854823,2.80266,3.7977,3.7977,6.90268,7.02355,7.00665,-2.32157,-2.37348,-2.36627
4,2.215854823,4.47007,3.7977,3.7977,6.90268,7.02355,7.00665,-1.37743,-1.43587,-1.42775
4,2.521489971,3.051,3.64587,3.64587,6.78333,6.95144,6.97582,-2.128,-2.20238,-2.21304
4,2.903533906,8.26608,3.4561,3.4561,6.61997,6.83543,6.90846,0.94751,0.813227,0.768469
4,3.018147087,4.82483,3.39918,3.39918,6.56862,6.79585,6.8824,-1.00676,-1.12296,-1.16642
4,3.094555874,6.56319,3.36123,3.36123,6.53389,6.76839,6.86362,0.0169518,-0.117094,-0.170495
4,3.132760267,6.17295,3.34225,3.34225,6.51639,6.75435,6.85382,-0.198895,-0.332047,-0.386621
4,3.209169054,4.15078,3.30431,3.30431,6.48115,6.72571,6.83344,-1.35237,-1.47303,-1.5251
4,3.209169054,4.66519,3.30431,3.30431,6.48115,6.72571,6.83344,-1.05384,-1.17875,-1.23265
4,3.209169054,6.03104,3.30431,3.30431,6.48115,6.72571,6.83344,-0.261205,-0.397394,-0.456163
4,3.896848138,8.26608,2.96288,2.96288,6.1524,6.44008,6.60912,1.25089,1.06224,0.954357
4,3.915950334,7.18404,2.9534,2.9534,6.14305,6.43159,6.60201,0.61641,0.437944,0.335371
4,4.011461318,6.29712,2.906,2.906,6.09616,6.38875,6.56584,0.119334,-0.0534698,-0.155171
4,4.087870105,8.2306,2.86809,2.86809,6.0585,6.35409,6.53624,1.29277,1.09721,0.980087
4,4.106972302,7.55654,2.85861,2.85861,6.04906,6.34538,6.52875,0.897721,0.708544,0.594777
4,4.183381089,7.73392,2.8207,2.8207,6.01126,6.31032,6.49847,1.02822,0.834565,0.716232
4,4.240687679,7.27273,2.79227,2.79227,5.98283,6.28384,6.47541,0.771241,0.580638,0.462856
4,4.240687679,4.50554,2.79227,2.79227,5.98283,6.28384,6.47541,-0.883287,-1.04415,-1.14355
4,4.508118434,7.94678,2.65964,2.65964,5.84951,6.15836,6.36444,1.26423,1.05803,0.92464
4,4.508118434,6.38581,2.65964,2.65964,5.84951,6.15836,6.36444,0.323279,0.13456,0.0124862
4,4.699140401,7.50333,2.56497,2.56497,5.75372,6.06714,6.28224,1.06089,0.854333,0.71704
4,4.890162369,8.54989,2.47034,2.47034,5.65757,5.97487,6.19806,1.76425,1.54038,1.38801
4,4.928366762,7.57428,2.45143,2.45143,5.6383,5.95631,6.18102,1.18232,0.968966,0.823126
4,5.023877746,6.40355,2.40415,2.40415,5.59008,5.90976,6.13813,0.498281,0.296556,0.157209
4,5.062082139,7.25499,2.38524,2.38524,5.57078,5.8911,6.12088,1.03289,0.820061,0.672451
4,5.11938873,8.08869,2.35689,2.35689,5.5418,5.86304,6.09489,1.56478,1.34051,1.18404
4,5.17669532,7.5388,2.32855,2.32855,5.51281,5.83493,6.06879,1.24701,1.02801,0.874366
4,5.214899713,6.7051,2.30965,2.30965,5.49347,5.81615,6.05132,0.746669,0.536954,0.389277
4,5.23400191,6.26164,2.30021,2.30021,5.4838,5.80676,6.04257,0.479638,0.274924,0.130508
4,5.520534862,6.29712,2.15869,2.15869,5.33849,5.6652,5.91006,0.59655,0.385275,0.232455
4,5.539637058,5.10865,2.14926,2.14926,5.32879,5.65572,5.90115,-0.13708,-0.333741,-0.47621
4,5.711556829,6.52772,2.06451,2.06451,5.24144,5.57028,5.8206,0.805393,0.587195,0.427005
4,5.902578797,7.60976,1.97051,1.97051,5.14428,5.47503,5.73044,1.55335,1.31705,1.14118
4,5.921680993,6.86475,1.96112,1.96112,5.13456,5.46549,5.72139,1.09077,0.86381,0.694669
4,6.036294174,7.41463,1.90484,1.90484,5.07621,5.40819,5.66698,1.47976,1.24312,1.06541
4,6.074498567,5.42794,1.8861,1.8861,5.05676,5.38907,5.6488,0.235179,0.0241111,-0.134797
4,6.074498567,5.14412,1.8861,1.8861,5.05676,5.38907,5.6488,0.0553562,-0.151942,-0.308011
4,6.112702961,8.42572,1.86737,1.86737,5.0373,5.36994,5.63061,2.14959,1.89782,1.70781
4,6.189111748,5.39246,1.82994,1.82994,4.99837,5.33166,5.59416,0.250635,0.0378521,-0.12352
4,6.227316141,6.95344,1.81125,1.81125,4.97891,5.31251,5.57592,1.25736,1.02283,0.844535
4,6.227316141,5.78271,1.81125,1.81125,4.97891,5.31251,5.57592,0.51185,0.293083,0.126779
4,6.227316141,5.85366,1.81125,1.81125,4.97891,5.31251,5.57592,0.557033,0.33731,0.170279
4,6.532951289,4.64745,1.66219,1.66219,4.8231,5.15905,5.42941,-0.112995,-0.322027,-0.483825
4,6.532951289,5.60532,1.66219,1.66219,4.8231,5.15905,5.42941,0.503187,0.280901,0.108845
4,6.723973257,5.21508,1.56958,1.56958,4.72567,5.06297,5.33745,0.316849,0.0963376,-0.076156
4,6.914995224,5.78271,1.47752,1.47752,4.6282,4.96678,5.24526,0.752267,0.519984,0.336437
4,6.914995224,5.56984,1.47752,1.47752,4.6282,4.96678,5.24526,0.613569,0.38433,0.203188
4,7.029608405,6.03104,1.42259,1.42259,4.5697,4.90902,5.18985,0.955903,0.717742,0.528442
4,7.067812798,6.13747,1.40434,1.40434,4.5502,4.88976,5.17137,1.03963,0.799145,0.607631
4,7.067812798,5.78271,1.40434,1.40434,4.5502,4.88976,5.17137,0.807261,0.57192,0.3845
4,7.106017192,7.84035,1.38613,1.38613,4.5307,4.8705,5.15288,2.17057,1.90455,1.69229
4,7.182425979,4.75388,1.34979,1.34979,4.4917,4.83197,5.11588,0.172395,-0.050206,-0.228493
4,7.220630372,5.35698,1.33167,1.33167,4.4722,4.8127,5.09738,0.582545,0.350365,0.164057
4,7.220630372,4.50554,1.33167,1.33167,4.4722,4.8127,5.09738,0.0219558,-0.197726,-0.374005
4,7.258834766,4.36364,1.31359,1.31359,4.45269,4.79343,5.07887,-0.0587109,-0.277019,-0.452521
4,7.526265521,6.102,1.1882,1.1882,4.31615,4.65848,4.94915,1.18822,0.9387,0.735538
4,7.526265521,4.32816,1.1882,1.1882,4.31615,4.65848,4.94915,0.00799336,-0.214803,-0.396206
4,7.698185291,7.04213,1.10886,1.10886,4.22835,4.57168,4.86566,1.88335,1.61578,1.39619
4,7.908309456,6.91796,1.01355,1.01355,4.12104,4.46556,4.76354,1.88584,1.61538,1.39133
4,7.908309456,4.39911,1.01355,1.01355,4.12104,4.46556,4.76354,0.187492,-0.0437662,-0.235344
4,8.022922636,4.61197,0.962459,0.962459,4.0625,4.40766,4.7078,0.371978,0.135105,-0.0621099
4,8.022922636,4.15078,0.962459,0.962459,4.0625,4.40766,4.7078,0.0597586,-0.169865,-0.361046
4,8.06112703,4.39911,0.945587,0.945587,4.04299,4.38836,4.68921,0.241411,0.00712228,-0.188265
4,8.099331423,4.89579,0.928798,0.928798,4.02348,4.36905,4.67063,0.592123,0.349214,0.146302
4,8.099331423,5.03769,0.928798,0.928798,4.02348,4.36905,4.67063,0.68845,0.443295,0.238508
4,8.213944604,4.18625,0.878962,0.878962,3.96494,4.31114,4.61486,0.150839,-0.0831234,-0.279522
4,8.213944604,3.08647,0.878962,0.878962,3.96494,4.31114,4.61486,-0.598719,-0.815113,-0.996764
4,8.213944604,3.33481,0.878962,0.878962,3.96494,4.31114,4.61486,-0.429464,-0.649825,-0.834806
4,8.2330468,4.5765,0.870737,0.870737,3.95518,4.30149,4.60556,0.423748,0.183159,-0.0189659
4,8.519579752,4.77162,0.750485,0.750485,3.80882,4.15668,4.46607,0.663377,0.413615,0.201259
4,8.538681948,4.68293,0.742695,0.742695,3.79907,4.14703,4.45676,0.609407,0.360692,0.14906
4,8.672397326,4.86031,0.689049,0.689049,3.73076,4.07944,4.39164,0.78255,0.528015,0.310247
4,8.901623687,6.03104,0.601017,0.601017,3.61368,3.96357,4.27997,1.68868,1.40923,1.16794
4,9.016236867,2.55432,0.559057,0.559057,3.55514,3.90562,4.22412,-0.702053,-0.924787,-1.11797
4,9.054441261,4.70067,0.545398,0.545398,3.53562,3.88631,4.20551,0.818396,0.558068,0.331941
4,9.073543457,4.23947,0.538631,0.538631,3.52587,3.87665,4.1962,0.501627,0.2488,0.0290251
4,9.092645654,5.42794,0.531907,0.531907,3.51611,3.867,4.18689,1.34486,1.07114,0.833023
4,9.092645654,4.32816,0.531907,0.531907,3.51611,3.867,4.18689,0.57123,0.316456,0.094824
4,9.207258835,1.59645,0.492482,0.492482,3.45757,3.80905,4.13103,-1.31469,-1.52448,-1.70779
4,9.207258835,1.09978,0.492482,0.492482,3.45757,3.80905,4.13103,-1.66555,-1.86669,-2.04245
4,9.245463228,3.1929,0.479698,0.479698,3.43806,3.78974,4.11241,-0.17342,-0.411776,-0.620353
4,9.512893983,1.77384,0.395498,0.395498,3.30148,3.65454,3.98207,-1.09137,-1.30999,-1.50324
4,9.53199618,4.20399,0.389849,0.389849,3.29172,3.64488,3.97275,0.652199,0.389712,0.157515
4,9.70391595,7.29047,0.34129,0.34129,3.20393,3.55796,3.88895,2.94032,2.61776,2.33059
4,9.894937918,1.77384,0.292216,0.292216,3.1064,3.46139,3.79583,-0.96569,-1.19176,-1.39444
4,9.914040115,4.949,0.287594,0.287594,3.09665,3.45174,3.78651,1.34334,1.05811,0.802221
4,10.04775549,1.63193,0.256685,0.256685,3.02838,3.38414,3.72133,-1.01785,-1.24433,-1.4485
4,10.04775549,3.22838,0.256685,0.256685,3.02838,3.38414,3.72133,0.145774,-0.110612,-0.34174
4,10.12416428,2.09313,0.240152,0.240152,2.98938,3.34552,3.68408,-0.655155,-0.891869,-1.10585
4,10.12416428,3.58315,0.240152,0.240152,2.98938,3.34552,3.68408,0.434039,0.169227,-0.0701527
4,10.20057307,0.922395,0.224429,0.224429,2.95038,3.30689,3.64682,-1.48675,-1.70285,-1.89872
4,10.20057307,1.20621,0.224429,0.224429,2.95038,3.30689,3.64682,-1.27868,-1.50017,-1.70092
4,10.20057307,1.59645,0.224429,0.224429,2.95038,3.30689,3.64682,-0.992589,-1.22148,-1.42895
4,10.27698185,1.41907,0.209506,0.209506,2.91139,3.26827,3.60957,-1.09723,-1.32429,-1.53066
4,10.50620821,2.62528,0.169366,0.169366,2.79443,3.15241,3.49782,-0.125465,-0.380716,-0.614588
4,10.67812798,4.23947,0.143574,0.143574,2.70674,3.06553,3.41401,1.14446,0.853306,0.584935
4,10.88825215,2.34146,0.116631,0.116631,2.59961,2.95937,3.31158,-0.194338,-0.452691,-0.692555
4,10.92645654,5.35698,0.112235,0.112235,2.58014,2.94006,3.29296,2.09355,1.77325,1.47548
4,11.04106972,0.851441,0.0999068,0.0999068,2.52174,2.88217,3.23709,-1.26496,-1.49637,-1.71235
4,11.06017192,3.40576,0.0979732,0.0979732,2.51201,2.87252,3.22778,0.677368,0.393213,0.12784
4,11.09837631,2.8204,0.0942059,0.0942059,2.49255,2.85323,3.20916,0.248845,-0.0242416,-0.27961
4,11.11747851,2.41242,0.0923713,0.0923713,2.48283,2.84358,3.19985,-0.0534826,-0.31863,-0.566736
4,11.1938873,0.532151,0.0853499,0.0853499,2.44392,2.80499,3.16261,-1.45656,-1.68452,-1.89839
4,11.1938873,1.70288,0.0853499,0.0853499,2.44392,2.80499,3.16261,-0.564589,-0.816832,-1.05348
4,11.27029608,0.354767,0.078815,0.078815,2.40502,2.76641,3.12537,-1.5668,-1.79261,-2.00501
4,11.49952245,1.5255,0.0618615,0.0618615,2.28843,2.6507,3.01367,-0.588358,-0.843764,-1.08588
4,11.53772684,2.83814,0.0593886,0.0593886,2.26901,2.63143,2.99505,0.439574,0.155236,-0.114654
4,11.72874881,4.96674,0.048353,0.048353,2.17199,2.53507,2.90199,2.17514,1.83968,1.51919
4,11.91977077,2.44789,0.039276,0.039276,2.07512,2.43877,2.80895,0.292368,0.00695388,-0.26752
4,12.03438395,0.141907,0.0346364,0.0346364,2.01709,2.38103,2.75315,-1.47756,-1.71432,-1.94292
4,12.03438395,2.02217,0.0346364,0.0346364,2.01709,2.38103,2.75315,0.00400893,-0.274748,-0.543888
4,12.07258835,0.922395,0.0332103,0.0332103,1.99776,2.36179,2.73455,-0.848653,-1.10369,-1.35025
4,12.11079274,1.38359,0.0318408,0.0318408,1.97844,2.34255,2.71595,-0.470168,-0.736409,-0.994152
4,12.11079274,3.01552,0.0318408,0.0318408,1.97844,2.34255,2.71595,0.819718,0.51679,0.223531
4,12.22540592,0.496674,0.0280513,0.0280513,1.92053,2.28487,2.66016,-1.13069,-1.37941,-1.62118
4,12.22540592,2.76718,0.0280513,0.0280513,1.92053,2.28487,2.66016,0.672329,0.372061,0.0801965
4,12.53104107,0.567627,0.0199608,0.0199608,1.76661,2.13125,2.51148,-0.964103,-1.22089,-1.47329
4,12.53104107,2.44789,0.0199608,0.0199608,1.76661,2.13125,2.51148,0.547817,0.247242,-0.0481931
4,12.70296084,3.40576,0.0164634,0.0164634,1.68043,2.04501,2.42791,1.39719,1.06983,0.745944
4,12.913085,2.55432,0.0129975,0.0129975,1.5756,1.93982,2.32586,0.799481,0.487223,0.175675
4,13.04680038,2.92683,0.0111772,0.0111772,1.50924,1.87303,2.26097,1.1644,0.840051,0.514609
4,13.06590258,0,0.0109386,0.0109386,1.49978,1.8635,2.2517,-1.23288,-1.48666,-1.7415
4,13.10410697,0.354767,0.0104764,0.0104764,1.48089,1.84444,2.23318,-0.927185,-1.19027,-1.45491
4,13.12320917,1.24169,0.0102526,0.0102526,1.47146,1.83492,2.22392,-0.189332,-0.474371,-0.761334
4,13.21872015,1.0643,0.0092025,0.0092025,1.4244,1.78736,2.17762,-0.297891,-0.580427,-0.866106
4,13.5243553,2.18182,0.00650728,0.00650728,1.27525,1.6358,2.02973,0.759498,0.443802,0.119716
4,13.5243553,1.77384,0.00650728,0.00650728,1.27525,1.6358,2.02973,0.417704,0.112196,-0.201431
4,13.69627507,3.051,0.00535251,0.00535251,1.19254,1.55107,1.94674,1.56801,1.22774,0.87504
4,13.92550143,2.5898,0.00412363,0.00412363,1.08395,1.43885,1.83638,1.28246,0.950971,0.60239
4,14.05921681,2.25277,0.00354106,0.00354106,1.02169,1.37388,1.77218,1.05414,0.730172,0.386266
4,14.0974212,0,0.00339021,0.00339021,1.00406,1.35539,1.75387,-0.86107,-1.1278,-1.41176
4,14.0974212,0.283814,0.00339021,0.00339021,1.00406,1.35539,1.75387,-0.617675,-0.891644,-1.1833
4,14.51766953,1.31264,0.00209927,0.00209927,0.816011,1.15477,1.55349,0.433004,0.133628,-0.197102
4,14.7086915,6.40355,0.00168796,0.00168796,0.73481,1.06567,1.46321,4.97836,4.55323,4.07361
4,14.89971347,0.532151,0.00135711,0.00135711,0.656906,0.978259,1.3736,-0.110329,-0.38344,-0.699084
4,15.05253104,1.70288,0.00113971,0.00113971,0.597273,0.909772,1.30249,0.98304,0.685802,0.334656
4,15.70200573,3.76053,0.000542494,0.000542494,0.375991,0.637871,1.00835,3.07078,2.76632,2.35935
4,15.8930277,0.0709534,0.000436051,0.000436051,0.322151,0.565479,0.925259,-0.229049,-0.44097,-0.737712
4,16.04584527,1.91574,0.000366136,0.000366136,0.283009,0.510607,0.860275,1.49419,1.25923,0.916652
4,16.10315186,0.86918,0.000342911,0.000342911,0.269235,0.490776,0.836289,0.549743,0.339725,0.0286259
4,16.52340019,1.5255,0.000212051,0.000212051,0.182928,0.358831,0.667914,1.24021,1.06019,0.75767
4,16.71442216,4.45233,0.000170432,0.000170432,0.151789,0.307169,0.596513,3.9843,3.78492,3.42859
4,16.88634193,0.354767,0.000140006,0.000140006,0.127673,0.265257,0.535471,0.210874,0.0820509,-0.161574
4,17.0582617,2.1286,0.000115011,0.000115011,0.106929,0.227658,0.47777,1.88096,1.74866,1.48386
4,17.68863419,2.69623,5.59206e-05,5.59206e-05,0.0542207,0.124088,0.298308,2.47045,2.38924,2.19133
