id,time,y10,popPred_medianCOV,popPred,indivPred_SAEM,indivPred_mean,indivPred_mode,indWRes_SAEM,indWRes_mean,indWRes_mode
1,0,0.780488,6.77045,6.77045,3.42688,3.42892,3.42495,-1.90752,-1.90899,-1.90614
1,0,1.59645,6.77045,6.77045,3.42688,3.42892,3.42495,-1.31937,-1.32084,-1.31799
1,0.667302193,5.67627,7.17015,7.17015,4.48066,4.48266,4.4777,0.861798,0.86036,0.863937
1,0.762631077,5.25055,7.22154,7.22154,4.63122,4.63321,4.62811,0.446415,0.444982,0.448662
1,1.029551954,3.22838,7.35367,7.35367,5.05279,5.05476,5.04926,-1.31504,-1.31646,-1.31249
1,1.18207817,7.3082,7.41962,7.41962,5.29369,5.29565,5.28991,1.45207,1.45065,1.45479
1,1.220209724,3.051,7.43483,7.43483,5.35391,5.35587,5.35008,-1.65995,-1.66136,-1.65718
1,1.258341277,5.32151,7.4495,7.4495,5.41414,5.41609,5.41024,-0.066769,-0.0681781,-0.0639607
1,1.258341277,5.74723,7.4495,7.4495,5.41414,5.41609,5.41024,0.240091,0.238682,0.2429
1,1.315538608,5.88914,7.47042,7.47042,5.50448,5.50643,5.50049,0.277263,0.275856,0.280136
1,1.315538608,6.38581,7.47042,7.47042,5.50448,5.50643,5.50049,0.635266,0.63386,0.63814
1,1.410867493,4.15078,7.50229,7.50229,5.65504,5.65698,5.6509,-1.08428,-1.08568,-1.08129
1,1.448999047,3.37029,7.51393,7.51393,5.71526,5.71721,5.71106,-1.69026,-1.69166,-1.68724
1,1.468064824,8.17738,7.5195,7.5195,5.74538,5.74732,5.74115,1.753,1.7516,1.75605
1,1.601525262,5.32151,7.55379,7.55379,5.95616,5.95809,5.95172,-0.457461,-0.458853,-0.454255
1,1.67778837,6.45676,7.56952,7.56952,6.07661,6.07854,6.07204,0.274013,0.272624,0.27731
1,1.754051478,4.15078,7.58234,7.58234,6.19706,6.19898,6.19236,-1.47497,-1.47635,-1.47158
1,1.754051478,4.61197,7.58234,7.58234,6.19706,6.19898,6.19236,-1.14254,-1.14392,-1.13914
1,1.754051478,8.15965,7.58234,7.58234,6.19706,6.19898,6.19236,1.41463,1.41325,1.41803
1,1.811248808,6.79379,7.59003,7.59003,6.2874,6.28932,6.28259,0.365008,0.363626,0.368473
1,1.982840801,3.29933,7.60316,7.60316,6.55841,6.56032,6.55329,-2.34915,-2.35052,-2.34545
1,1.982840801,6.38581,7.60316,7.60316,6.55841,6.56032,6.55329,-0.124413,-0.125786,-0.120717
1,2.020972355,5.14412,7.60409,7.60409,6.61864,6.62054,6.61344,-1.06283,-1.0642,-1.05908
1,2.020972355,6.66962,7.60409,7.60409,6.61864,6.62054,6.61344,0.0367504,0.035379,0.0405003
1,2.097235462,7.20177,7.60382,7.60382,6.73909,6.74099,6.73373,0.333505,0.332137,0.33737
1,2.135367016,5.1796,7.60265,7.60265,6.79931,6.80121,6.79387,-1.16749,-1.16886,-1.16357
1,2.230695901,6.31486,7.59685,7.59685,6.94987,6.95176,6.9442,-0.457723,-0.459084,-0.453632
1,2.249761678,7.80488,7.59521,7.59521,6.97999,6.98187,6.97426,0.594583,0.593223,0.59871
1,2.249761678,7.48559,7.59521,7.59521,6.97999,6.98187,6.97426,0.364438,0.363077,0.368565
1,2.326024786,5.46341,7.58714,7.58714,7.10044,7.10232,7.09449,-1.17997,-1.18133,-1.17568
1,2.326024786,7.27273,7.58714,7.58714,7.10044,7.10232,7.09449,0.124187,0.12283,0.128474
1,2.364156339,6.13747,7.58224,7.58224,7.16066,7.16254,7.15459,-0.737517,-0.738872,-0.733139
1,2.402287893,5.74723,7.57678,7.57678,7.22089,7.22276,7.21467,-1.06222,-1.06357,-1.05773
1,2.440419447,6.03104,7.57079,7.57079,7.28111,7.28299,7.27473,-0.901053,-0.902404,-0.896454
1,2.459485224,8.15965,7.5676,7.5676,7.31122,7.3131,7.30475,0.611543,0.610193,0.616209
1,2.592945663,7.59202,7.54196,7.54196,7.52201,7.52387,7.51441,0.0504642,0.0491215,0.0559396
1,2.66920877,8.12417,7.52492,7.52492,7.63575,7.63723,7.62796,0.352055,0.350986,0.357671
1,2.745471878,8.37251,7.50636,7.50636,7.70824,7.70897,7.70382,0.478804,0.478275,0.481988
1,2.745471878,7.41463,7.50636,7.50636,7.70824,7.70897,7.70382,-0.211631,-0.212161,-0.208448
1,2.764537655,5.67627,7.5015,7.5015,7.71916,7.71974,7.71561,-1.47252,-1.47293,-1.46996
1,2.802669209,5.8714,7.49153,7.49153,7.73369,7.73397,7.73172,-1.34234,-1.34254,-1.34093
1,2.974261201,5.92461,7.44308,7.44308,7.71534,7.71485,7.71804,-1.29076,-1.29041,-1.2927
1,2.974261201,7.62749,7.44308,7.44308,7.71534,7.71485,7.71804,-0.0633195,-0.062969,-0.0652619
1,2.974261201,6.68736,7.44308,7.44308,7.71534,7.71485,7.71804,-0.740969,-0.740619,-0.742912
1,3.012392755,6.102,7.43161,7.43161,7.69952,7.69894,7.70282,-1.1515,-1.15108,-1.15388
1,3.012392755,7.98226,7.43161,7.43161,7.69952,7.69894,7.70282,0.2038,0.204216,0.20142
1,3.088655863,6.77605,7.40802,7.40802,7.66077,7.66006,7.665,-0.637708,-0.637197,-0.640754
1,3.16491897,6.31486,7.38363,7.38363,7.61556,7.61477,7.62043,-0.937548,-0.936977,-0.941061
1,3.203050524,7.48559,7.37118,7.37118,7.59133,7.59051,7.59646,-0.076222,-0.0756302,-0.079917
1,3.241182078,8.37251,7.35856,7.35856,7.56634,7.56549,7.57168,0.581086,0.581695,0.577235
1,3.241182078,8.2306,7.35856,7.35856,7.56634,7.56549,7.57168,0.478799,0.479408,0.474948
1,3.241182078,6.95344,7.35856,7.35856,7.56634,7.56549,7.57168,-0.441781,-0.441173,-0.445632
1,3.317445186,4.82483,7.33288,7.33288,7.51468,7.5138,7.52038,-1.93885,-1.93822,-1.94296
1,3.317445186,8.08869,7.33288,7.33288,7.51468,7.5138,7.52038,0.413746,0.41438,0.40964
1,3.317445186,7.7694,7.33288,7.33288,7.51468,7.5138,7.52038,0.183601,0.184235,0.179494
1,3.35557674,5.96009,7.31983,7.31983,7.48826,7.48737,7.49411,-1.10151,-1.10087,-1.10572
1,3.35557674,5.39246,7.31983,7.31983,7.48826,7.48737,7.49411,-1.51066,-1.51002,-1.51487
1,3.393708294,8.2306,7.30667,7.30667,7.46156,7.46066,7.46754,0.554322,0.554972,0.550011
1,3.393708294,6.95344,7.30667,7.30667,7.46156,7.46066,7.46754,-0.366258,-0.365609,-0.37057
1,3.469971401,7.55654,7.27998,7.27998,7.40757,7.40666,7.4138,0.107375,0.108036,0.102891
1,3.469971401,7.27273,7.27998,7.27998,7.40757,7.40666,7.4138,-0.0971984,-0.0965374,-0.101683
1,3.508102955,9.15299,7.26648,7.26648,7.38037,7.37945,7.38671,1.27771,1.27837,1.27314
1,3.546234509,6.95344,7.25289,7.25289,7.35308,7.35215,7.35952,-0.288063,-0.287394,-0.292702
1,3.584366063,7.59202,7.2392,7.2392,7.32571,7.32478,7.33225,0.191954,0.192627,0.187242
1,3.698760724,8.33703,7.19766,7.19766,7.24333,7.24239,7.25016,0.788339,0.78902,0.783419
1,3.736892278,8.01774,7.18366,7.18366,7.21581,7.21487,7.22273,0.578029,0.578712,0.573041
1,3.775023832,5.49889,7.1696,7.1696,7.18828,7.18733,7.19529,-1.21771,-1.21703,-1.22277
1,3.775023832,7.00665,7.1696,7.1696,7.18828,7.18733,7.19529,-0.130917,-0.130232,-0.135971
1,3.813155386,4.75388,7.15548,7.15548,7.16073,7.15978,7.16783,-1.73486,-1.73417,-1.73998
1,3.889418494,8.58537,7.12706,7.12706,7.10561,7.10465,7.11289,1.06661,1.06731,1.06136
1,3.908484271,8.85144,7.11992,7.11992,7.09182,7.09086,7.09915,1.26834,1.26903,1.26305
1,3.965681602,7.37916,7.09843,7.09843,7.05046,7.04949,7.05792,0.236926,0.237621,0.231545
1,3.965681602,5.81818,7.09843,7.09843,7.05046,7.04949,7.05792,-0.888229,-0.887533,-0.893609
1,3.965681602,6.63415,7.09843,7.09843,7.05046,7.04949,7.05792,-0.30008,-0.299384,-0.30546
1,4.003813155,6.84701,7.08405,7.08405,7.02288,7.02191,7.03044,-0.126771,-0.126073,-0.132217
1,4.003813155,6.98891,7.08405,7.08405,7.02288,7.02191,7.03044,-0.0244845,-0.0237867,-0.0299298
1,4.061010486,8.03548,7.06239,7.06239,6.98151,6.98054,6.9892,0.759701,0.760402,0.754159
1,4.156339371,8.26608,7.02611,7.02611,6.91255,6.91157,6.92046,0.975623,0.976328,0.969919
1,4.194470925,7.96452,7.01153,7.01153,6.88497,6.88398,6.89297,0.778147,0.778854,0.772378
1,4.232602479,7.1663,6.99692,6.99692,6.85738,6.8564,6.86547,0.222667,0.223377,0.216835
1,4.232602479,7.69845,6.99692,6.99692,6.85738,6.8564,6.86547,0.606243,0.606952,0.60041
1,4.289799809,8.07095,6.97495,6.97495,6.816,6.81501,6.82423,0.904571,0.905284,0.898642
1,4.308865586,6.13747,6.96761,6.96761,6.80221,6.80122,6.81048,-0.479143,-0.47843,-0.485105
1,4.308865586,6.66962,6.96761,6.96761,6.80221,6.80122,6.81048,-0.0955681,-0.0948548,-0.10153
1,4.327931363,8.26608,6.96026,6.96026,6.78842,6.78742,6.79673,1.0651,1.06581,1.05911
1,4.327931363,5.78271,6.96026,6.96026,6.78842,6.78742,6.79673,-0.724918,-0.724204,-0.730912
1,4.327931363,6.26164,6.96026,6.96026,6.78842,6.78742,6.79673,-0.3797,-0.378986,-0.385694
1,4.34699714,7.62749,6.95291,6.95291,6.77462,6.77363,6.78298,0.614752,0.615467,0.608726
1,4.385128694,6.77605,6.93819,6.93819,6.74704,6.74604,6.75549,0.0209156,0.0216329,0.0148253
1,4.423260248,6.91796,6.92344,6.92344,6.71945,6.71845,6.72799,0.143087,0.143806,0.136932
1,4.461391802,7.02439,6.90866,6.90866,6.69186,6.69086,6.70049,0.239686,0.240408,0.233467
1,4.499523356,7.52106,6.89387,6.89387,6.66428,6.66327,6.67299,0.617575,0.618298,0.611291
1,4.59485224,8.01774,6.85679,6.85679,6.59531,6.5943,6.60425,1.02529,1.02602,1.01885
1,4.652049571,7.66297,6.83448,6.83448,6.55393,6.55291,6.563,0.7994,0.800131,0.792859
1,4.747378456,7.18404,6.79722,6.79722,6.48496,6.48394,6.49426,0.503894,0.50463,0.497192
1,4.766444233,4.36364,6.78976,6.78976,6.47117,6.47015,6.48051,-1.51911,-1.51838,-1.52585
1,4.804575786,4.75388,6.77482,6.77482,6.44358,6.44256,6.45301,-1.21794,-1.2172,-1.22474
1,4.880838894,8.01774,6.7449,6.7449,6.38841,6.38738,6.39802,1.17443,1.17517,1.1675
1,4.957102002,5.07317,6.71492,6.71492,6.33323,6.3322,6.34302,-0.908256,-0.907509,-0.915312
1,4.995233556,3.5122,6.69992,6.69992,6.30565,6.30461,6.31553,-2.01353,-2.01278,-2.02065
1,4.995233556,6.88248,6.69992,6.69992,6.30565,6.30461,6.31553,0.415785,0.416533,0.408664
1,4.995233556,7.02439,6.69992,6.69992,6.30565,6.30461,6.31553,0.518072,0.51882,0.510951
1,4.995233556,7.27273,6.69992,6.69992,6.30565,6.30461,6.31553,0.697074,0.697822,0.689953
1,4.995233556,6.17295,6.69992,6.69992,6.30565,6.30461,6.31553,-0.0956486,-0.0949003,-0.10277
1,5.03336511,7.52106,6.6849,6.6849,6.27806,6.27702,6.28803,0.89596,0.89671,0.888775
1,5.03336511,5.46341,6.6849,6.6849,6.27806,6.27702,6.28803,-0.587198,-0.586447,-0.594383
1,5.071496663,5.96009,6.66988,6.66988,6.25047,6.24943,6.26053,-0.209309,-0.208557,-0.216559
1,5.147759771,7.41463,6.63979,6.63979,6.1953,6.19425,6.20554,0.878899,0.879655,0.871521
1,5.147759771,5.28603,6.63979,6.63979,6.1953,6.19425,6.20554,-0.655402,-0.654646,-0.66278
1,5.224022879,5.07317,6.60967,6.60967,6.14013,6.13907,6.15054,-0.769063,-0.768303,-0.77657
1,5.300285987,7.94678,6.57951,6.57951,6.08495,6.08389,6.09554,1.34201,1.34278,1.33438
1,5.300285987,7.20177,6.57951,6.57951,6.08495,6.08389,6.09554,0.805006,0.805772,0.797372
1,5.319351764,2.44789,6.57197,6.57197,6.07116,6.0701,6.0818,-2.61166,-2.61089,-2.61932
1,5.319351764,6.56319,6.57197,6.57197,6.07116,6.0701,6.0818,0.354658,0.355425,0.346992
1,5.338417541,3.68958,6.56442,6.56442,6.05737,6.0563,6.06805,-1.70671,-1.70594,-1.7144
1,5.338417541,6.11973,6.56442,6.56442,6.05737,6.0563,6.06805,0.044954,0.0457219,0.0372558
1,5.338417541,5.74723,6.56442,6.56442,6.05737,6.0563,6.06805,-0.223549,-0.222781,-0.231247
1,5.376549094,5.46341,6.54932,6.54932,6.02978,6.02871,6.04055,-0.408238,-0.407468,-0.416
1,5.395614871,6.03104,6.54177,6.54177,6.01599,6.01492,6.0268,0.0108508,0.0116227,0.00305703
1,5.452812202,6.97118,6.5191,6.5191,5.97461,5.97353,5.98555,0.718328,0.719102,0.710437
1,5.452812202,4.47007,6.5191,6.5191,5.97461,5.97353,5.98555,-1.08448,-1.0837,-1.09237
1,5.510009533,7.23725,6.49642,6.49642,5.93323,5.93215,5.94431,0.939942,0.94072,0.931955
1,5.52907531,6.75831,6.48886,6.48886,5.91943,5.91835,5.93056,0.604667,0.605446,0.596648
1,5.605338418,7.62749,6.45859,6.45859,5.86426,5.86317,5.87556,1.27094,1.27173,1.26279
1,5.605338418,6.56319,6.45859,6.45859,5.86426,5.86317,5.87556,0.503792,0.504575,0.495644
1,5.643469971,5.32151,6.44344,6.44344,5.83667,5.83558,5.84807,-0.371332,-0.370548,-0.379545
1,5.681601525,7.73392,6.42829,6.42829,5.80909,5.808,5.82057,1.38743,1.38821,1.37915
1,5.681601525,5.56984,6.42829,6.42829,5.80909,5.808,5.82057,-0.172445,-0.171659,-0.180723
1,5.738798856,3.26386,6.40556,6.40556,5.7677,5.76661,5.77932,-1.80478,-1.80399,-1.81315
1,5.757864633,6.35033,6.39798,6.39798,5.75391,5.75282,5.76557,0.429902,0.430691,0.421495
1,5.834127741,5.10865,6.36765,6.36765,5.69874,5.69764,5.71058,-0.425337,-0.424545,-0.433873
1,5.872259295,6.45676,6.35247,6.35247,5.67115,5.67005,5.68308,0.566272,0.567066,0.557671
1,5.929456625,0.674058,6.32971,6.32971,5.62977,5.62866,5.64184,-3.57209,-3.57129,-3.58078
1,5.929456625,5.90687,6.32971,6.32971,5.62977,5.62866,5.64184,0.199738,0.200535,0.19104
1,5.948522402,5.46341,6.32212,6.32212,5.61598,5.61487,5.62809,-0.109966,-0.109167,-0.118696
1,5.986653956,4.1153,6.30693,6.30693,5.58839,5.58728,5.60059,-1.06181,-1.061,-1.0706
1,6.02478551,5.1796,6.29174,6.29174,5.5608,5.55969,5.57309,-0.27477,-0.273968,-0.283628
1,6.062917064,3.97339,6.27655,6.27655,5.53321,5.5321,5.54559,-1.12432,-1.12352,-1.13325
1,6.081982841,3.77827,6.26895,6.26895,5.51942,5.5183,5.53184,-1.25502,-1.25422,-1.26398
1,6.101048618,4.93126,6.26135,6.26135,5.50563,5.50451,5.5181,-0.414003,-0.413197,-0.422989
1,6.139180172,6.35033,6.24615,6.24615,5.47804,5.47692,5.4906,0.628749,0.629557,0.619699
1,6.139180172,6.102,6.24615,6.24615,5.47804,5.47692,5.4906,0.449747,0.450555,0.440697
1,6.234509056,5.97783,6.20814,6.20814,5.40907,5.40795,5.42185,0.409958,0.41077,0.400747
1,6.253574833,5.81818,6.20053,6.20053,5.39528,5.39415,5.4081,0.304828,0.305641,0.295584
1,6.253574833,5.00222,6.20053,6.20053,5.39528,5.39415,5.4081,-0.283321,-0.282508,-0.292565
1,6.291706387,3.90244,6.18532,6.18532,5.36769,5.36656,5.38061,-1.05616,-1.05534,-1.06547
1,6.291706387,3.6541,6.18532,6.18532,5.36769,5.36656,5.38061,-1.23516,-1.23435,-1.24447
1,6.329837941,6.91796,6.17011,6.17011,5.34011,5.33897,5.35311,1.13732,1.13814,1.12795
1,6.329837941,4.15078,6.17011,6.17011,5.34011,5.33897,5.35311,-0.857272,-0.856455,-0.866645
1,6.348903718,6.4745,6.1625,6.1625,5.32631,5.32518,5.33936,0.827616,0.828433,0.818211
1,6.367969495,6.03104,6.15489,6.15489,nan,5.31138,5.32561,nan,0.518731,0.508475
1,6.406101049,4.64745,6.13967,6.13967,nan,5.28379,5.29812,nan,-0.458679,-0.469001
1,6.406101049,4.43459,6.13967,6.13967,nan,5.28379,5.29812,nan,-0.612109,-0.622431
1,6.444232602,7.13082,6.12445,6.12445,nan,5.25621,5.27062,nan,1.35123,1.34084
1,6.444232602,2.98004,6.12445,6.12445,nan,5.25621,5.27062,nan,-1.64066,-1.65105
1,6.52049571,4.15078,6.094,6.094,nan,5.20103,5.21562,nan,-0.757022,-0.767544
1,6.52049571,4.96674,6.094,6.094,nan,5.20103,5.21562,nan,-0.168873,-0.179395
1,6.596758818,4.29268,6.06353,6.06353,nan,5.14585,5.16063,nan,-0.614962,-0.625617
1,6.615824595,5.25055,6.05592,6.05592,nan,5.13205,5.14688,nan,0.0854171,0.0747287
1,6.634890372,5.03769,6.0483,6.0483,nan,5.11826,5.13313,nan,-0.0580699,-0.0687914
1,6.673021926,5.60532,6.03307,6.03307,nan,5.09067,5.10563,nan,0.370963,0.360176
1,6.749285033,3.58315,6.00259,6.00259,nan,5.03549,5.05064,nan,-1.04685,-1.05777
1,6.787416587,4.5765,5.98735,5.98735,nan,5.0079,5.02314,nan,-0.310956,-0.321943
1,6.787416587,5.00222,5.98735,5.98735,nan,5.0079,5.02314,nan,-0.00409551,-0.0150826
1,6.863679695,5.92461,5.95686,5.95686,nan,4.95272,4.96815,nan,0.700542,0.689421
1,6.882745472,4.77162,5.94924,5.94924,nan,4.93892,4.9544,nan,-0.120595,-0.131748
1,6.95900858,5.12639,5.91875,5.91875,nan,4.88375,4.8994,nan,0.174895,0.163609
1,6.978074357,2.60754,5.91112,5.91112,nan,4.86995,4.88566,nan,-1.63075,-1.64207
1,6.978074357,6.06652,5.91112,5.91112,nan,4.86995,4.88566,nan,0.862488,0.851168
1,6.978074357,4.00887,5.91112,5.91112,nan,4.86995,4.88566,nan,-0.62067,-0.63199
1,6.978074357,3.90244,5.91112,5.91112,nan,4.86995,4.88566,nan,-0.697385,-0.708705
1,6.978074357,3.68958,5.91112,5.91112,nan,4.86995,4.88566,nan,-0.850815,-0.862135
1,7.01620591,5.55211,5.89587,5.89587,nan,4.84236,4.85816,nan,0.511585,0.500199
1,7.01620591,3.49446,5.89587,5.89587,nan,4.84236,4.85816,nan,-0.971573,-0.982959
1,7.054337464,3.83149,5.88062,5.88062,nan,4.81477,4.83066,nan,-0.708756,-0.720208
1,7.092469018,5.33925,5.86537,5.86537,nan,4.78718,4.80316,nan,0.397927,0.386409
1,7.092469018,4.64745,5.86537,5.86537,nan,4.78718,4.80316,nan,-0.100721,-0.112239
1,7.20686368,3.40576,5.8196,5.8196,nan,4.70442,4.72067,nan,-0.936071,-0.947788
1,7.244995234,3.22838,5.80434,5.80434,nan,4.67683,4.69318,nan,-1.04404,-1.05583
1,7.244995234,5.97783,5.80434,5.80434,nan,4.67683,4.69318,nan,0.937762,0.925979
1,7.283126787,3.86696,5.78909,5.78909,nan,4.64924,4.66568,nan,-0.563867,-0.575717
1,7.321258341,2.87361,5.77383,5.77383,nan,4.62165,4.63818,nan,-1.25999,-1.2719
1,7.321258341,5.32151,5.77383,5.77383,nan,4.62165,4.63818,nan,0.504458,0.492542
1,7.321258341,4.25721,5.77383,5.77383,nan,4.62165,4.63818,nan,-0.262692,-0.274608
1,7.321258341,3.97339,5.77383,5.77383,nan,4.62165,4.63818,nan,-0.467266,-0.479182
1,7.359389895,3.72506,5.75857,5.75857,nan,4.59406,4.61069,nan,-0.626382,-0.638364
1,7.359389895,4.7184,5.75857,5.75857,nan,4.59406,4.61069,nan,0.0896256,0.0776436
1,7.397521449,4.07982,5.7433,5.7433,nan,4.56647,4.58319,nan,-0.350779,-0.362827
1,7.435653003,3.97339,5.72804,5.72804,nan,4.53888,4.55569,nan,-0.407607,-0.419722
1,7.473784557,3.29933,5.71278,5.71278,nan,4.5113,4.52819,nan,-0.873584,-0.885765
1,7.473784557,5.88914,5.71278,5.71278,nan,4.5113,4.52819,nan,0.99315,0.980969
1,7.511916111,3.86696,5.69751,5.69751,nan,4.48371,4.5007,nan,-0.444551,-0.456798
1,7.607244995,1.04656,5.65935,5.65935,nan,4.41474,4.43196,nan,-2.42779,-2.4402
1,7.607244995,2.55432,5.65935,5.65935,nan,4.41474,4.43196,nan,-1.34099,-1.3534
1,7.626310772,4.1153,5.65172,5.65172,nan,4.40094,4.41821,nan,-0.205892,-0.218338
1,7.626310772,3.97339,5.65172,5.65172,nan,4.40094,4.41821,nan,-0.308178,-0.320624
1,7.664442326,4.7184,5.63645,5.63645,nan,4.37335,4.39071,nan,0.248713,0.236201
1,7.740705434,3.58315,5.60591,5.60591,nan,4.31818,4.33572,nan,-0.52981,-0.542455
1,7.740705434,5.35698,5.60591,5.60591,nan,4.31818,4.33572,nan,0.748775,0.73613
1,7.778836988,3.22838,5.59064,5.59064,nan,4.29059,4.30822,nan,-0.765641,-0.778352
1,7.797902765,4.27494,5.58301,5.58301,nan,4.27679,4.29448,nan,-0.00133302,-0.0140778
1,7.912297426,5.42794,5.5372,5.5372,nan,4.19403,4.21199,nan,0.889404,0.876459
1,7.931363203,4.86031,5.52956,5.52956,nan,4.18024,4.19824,nan,0.490199,0.477222
1,7.969494757,0.461197,5.51429,5.51429,nan,4.15265,4.17074,nan,-2.6608,-2.67385
1,7.969494757,3.44124,5.51429,5.51429,nan,4.15265,4.17074,nan,-0.512783,-0.525827
1,7.969494757,2.83814,5.51429,5.51429,nan,4.15265,4.17074,nan,-0.947501,-0.960545
1,7.988560534,1.54324,5.50665,5.50665,nan,4.13885,4.157,nan,-1.87093,-1.884
1,8.007626311,3.33481,5.49901,5.49901,nan,4.12506,4.14325,nan,-0.569612,-0.582723
1,8.026692088,4.55876,5.49138,5.49138,nan,4.11127,4.1295,nan,0.322553,0.30941
1,8.083889418,3.86696,5.46847,5.46847,nan,4.06988,4.08826,nan,-0.146267,-0.15951
1,8.083889418,2.55432,5.46847,5.46847,nan,4.06988,4.08826,nan,-1.09242,-1.10566
1,8.141086749,1.38359,5.44555,5.44555,nan,4.0285,4.04701,nan,-1.90646,-1.9198
1,8.160152526,1.84479,5.43792,5.43792,nan,4.01471,4.03327,nan,-1.56408,-1.57746
1,8.236415634,4.00887,5.40737,5.40737,nan,3.95954,3.97828,nan,0.0355593,0.0220505
1,8.236415634,2.16408,5.40737,5.40737,nan,3.95954,3.97828,nan,-1.29417,-1.30768
1,8.236415634,4.7184,5.40737,5.40737,nan,3.95954,3.97828,nan,0.546993,0.533484
1,8.312678742,2.98004,5.37681,5.37681,nan,3.90436,3.92329,nan,-0.666251,-0.679892
1,8.312678742,5.25055,5.37681,5.37681,nan,3.90436,3.92329,nan,0.970337,0.956696
1,8.331744519,1.20621,5.36917,5.36917,nan,3.89057,3.90954,nan,-1.93489,-1.94857
1,8.350810296,4.00887,5.36154,5.36154,nan,3.87678,3.89579,nan,0.0952134,0.0815043
1,8.350810296,3.47672,5.36154,5.36154,nan,3.87678,3.89579,nan,-0.288362,-0.302071
1,8.369876072,2.80266,5.3539,5.3539,nan,3.86298,3.88205,nan,-0.764281,-0.778024
1,8.408007626,2.19956,5.33862,5.33862,nan,3.8354,3.85455,nan,-1.17912,-1.19293
1,8.465204957,2.30599,5.3157,5.3157,nan,3.79402,3.81331,nan,-1.07258,-1.08648
1,8.465204957,5.32151,5.3157,5.3157,nan,3.79402,3.81331,nan,1.10102,1.08711
1,8.503336511,2.44789,5.30042,5.30042,nan,3.76643,3.78582,nan,-0.950406,-0.96438
1,8.579599619,2.94457,5.26987,5.26987,nan,3.71126,3.73084,nan,-0.552636,-0.566743
1,8.598665396,2.23503,5.26223,5.26223,nan,3.69747,3.71709,nan,-1.05413,-1.06827
1,8.617731173,3.5122,5.25459,5.25459,nan,3.68368,3.70334,nan,-0.123606,-0.13778
1,8.617731173,2.76718,5.25459,5.25459,nan,3.68368,3.70334,nan,-0.660612,-0.674785
1,8.732125834,5.62306,5.20875,5.20875,nan,3.60093,3.62087,nan,1.45756,1.44318
1,8.751191611,3.08647,5.20111,5.20111,nan,3.58714,3.60712,nan,-0.360879,-0.375284
1,8.808388942,3.90244,5.17818,5.17818,nan,3.54576,3.56589,nan,0.257092,0.242587
1,8.88465205,6.66962,5.14762,5.14762,nan,3.4906,3.51091,nan,2.29145,2.27681
1,8.903717827,7.02439,5.13998,5.13998,nan,3.47681,3.49716,nan,2.5571,2.54243
1,8.94184938,1.54324,5.1247,5.1247,nan,3.44923,3.46968,nan,-1.37384,-1.38858
1,8.979980934,2.55432,5.10942,5.10942,nan,3.42165,3.44219,nan,-0.625171,-0.639974
1,8.979980934,5.28603,5.10942,5.10942,nan,3.42165,3.44219,nan,1.34385,1.32905
1,9.037178265,1.17073,5.08649,5.08649,nan,3.38028,3.40096,nan,-1.59265,-1.60755
1,9.075309819,4.15078,5.07121,5.07121,nan,3.35271,3.37347,nan,0.575251,0.560283
1,9.151572927,3.68958,5.04065,5.04065,nan,3.29755,3.3185,nan,0.282574,0.267474
1,9.151572927,1.38359,5.04065,5.04065,nan,3.29755,3.3185,nan,-1.37959,-1.39469
1,9.208770257,1.11752,5.01772,5.01772,nan,3.25619,3.27728,nan,-1.54156,-1.55676
1,9.246901811,1.72062,5.00244,5.00244,nan,3.22862,3.24979,nan,-1.08697,-1.10223
1,9.304099142,4.15078,4.97951,4.97951,nan,3.18726,3.20857,nan,0.694506,0.679144
1,9.304099142,2.94457,4.97951,4.97951,nan,3.18726,3.20857,nan,-0.174931,-0.190294
1,9.304099142,2.73171,4.97951,4.97951,nan,3.18726,3.20857,nan,-0.328361,-0.343724
1,9.304099142,1.88027,4.97951,4.97951,nan,3.18726,3.20857,nan,-0.942082,-0.957444
1,9.342230696,3.40576,4.96423,4.96423,nan,3.15969,3.18109,nan,0.177374,0.161946
1,9.342230696,2.51885,4.96423,4.96423,nan,3.15969,3.18109,nan,-0.461918,-0.477347
1,9.456625357,4.39911,4.91838,4.91838,nan,3.07698,3.09866,nan,0.952996,0.937371
1,9.475691134,1.91574,4.91074,4.91074,nan,3.0632,3.08492,nan,-0.827087,-0.842745
1,9.532888465,2.76718,4.88781,4.88781,nan,3.02185,3.04371,nan,-0.183564,-0.19932
1,9.571020019,1.0643,4.87253,4.87253,nan,2.99429,3.01624,nan,-1.39114,-1.40696
1,9.571020019,1.73836,4.87253,4.87253,nan,2.99429,3.01624,nan,-0.905277,-0.921097
1,9.609151573,0.248337,4.85724,4.85724,nan,2.96673,2.98877,nan,-1.95942,-1.97531
1,9.666348904,2.02217,4.83431,4.83431,nan,2.92539,2.94757,nan,-0.651042,-0.667025
1,9.723546235,3.58315,4.81139,4.81139,nan,2.88406,2.90637,nan,0.503906,0.487824
1,9.742612011,4.54102,4.80375,4.80375,nan,2.87028,2.89264,nan,1.20427,1.18816
1,9.818875119,4.20399,4.77318,4.77318,nan,2.81518,2.83772,nan,1.00106,0.984813
1,9.87607245,4.96674,4.75025,4.75025,nan,2.77386,2.79653,nan,1.58063,1.56429
1,9.971401335,7.21951,4.71203,4.71203,nan,2.70501,2.72791,nan,3.25406,3.23756
1,9.990467112,3.1929,4.70439,4.70439,nan,2.69125,2.71419,nan,0.361596,0.345061
1,10.06673022,1.84479,4.67382,4.67382,nan,2.63619,2.6593,nan,-0.570442,-0.587104
1,10.06673022,2.94457,4.67382,4.67382,nan,2.63619,2.6593,nan,0.222281,0.205618
1,10.14299333,1.02882,4.64325,4.64325,nan,2.58114,2.60444,nan,-1.11892,-1.1357
1,10.21925643,1.41907,4.61268,4.61268,nan,2.52612,2.54959,nan,-0.797964,-0.814881
1,10.21925643,1.91574,4.61268,4.61268,nan,2.52612,2.54959,nan,-0.43996,-0.456877
1,10.29551954,2.62528,4.58211,4.58211,nan,2.47112,2.49476,nan,0.111119,0.0940777
1,10.3336511,0.31929,4.56682,4.56682,nan,2.44362,2.46735,nan,-1.53122,-1.54833
1,10.3336511,0.709534,4.56682,4.56682,nan,2.44362,2.46735,nan,-1.24994,-1.26704
1,10.3336511,1.84479,4.56682,4.56682,nan,2.44362,2.46735,nan,-0.431641,-0.448745
1,10.3336511,2.80266,4.56682,4.56682,nan,2.44362,2.46735,nan,0.258794,0.241691
1,10.37178265,2.30599,4.55153,4.55153,nan,2.41614,2.43995,nan,-0.0793972,-0.0965622
1,10.4099142,2.73171,4.53625,4.53625,nan,2.38866,2.41256,nan,0.24727,0.230044
1,10.44804576,3.4235,4.52096,4.52096,nan,2.36119,2.38517,nan,0.76572,0.748433
1,10.44804576,2.02217,4.52096,4.52096,nan,2.36119,2.38517,nan,-0.244361,-0.261649
1,10.56244042,0,4.4751,4.4751,nan,2.27882,2.30305,nan,-1.64258,-1.66004
1,10.60057197,3.29933,4.45982,4.45982,nan,2.25138,2.27569,nan,0.75537,0.737842
1,10.60057197,1.73836,4.45982,4.45982,nan,2.25138,2.27569,nan,-0.369785,-0.387313
1,10.67683508,2.98004,4.42925,4.42925,nan,2.19653,2.22101,nan,0.564759,0.547113
1,10.71496663,1.73836,4.41396,4.41396,nan,2.16912,2.19368,nan,-0.310495,-0.328199
1,10.73403241,3.37029,4.40632,4.40632,nan,2.15542,2.18002,nan,0.875678,0.857945
1,10.81029552,3.1929,4.37574,4.37574,nan,2.10066,2.12542,nan,0.787295,0.769448
1,10.88655863,6.42129,4.34517,4.34517,nan,2.04594,2.07086,nan,3.15375,3.1358
1,10.9056244,3.051,4.33753,4.33753,nan,2.03228,2.05723,nan,0.734296,0.71631
1,10.94375596,0.390244,4.32224,4.32224,nan,2.00495,2.02998,nan,-1.16388,-1.18193
1,10.94375596,1.02882,4.32224,4.32224,nan,2.00495,2.02998,nan,-0.703594,-0.721636
1,10.96282173,1.27716,4.3146,4.3146,nan,1.9913,2.01636,nan,-0.514749,-0.532818
1,11.05815062,2.23503,4.27638,4.27638,nan,1.92309,1.94834,nan,0.224852,0.206652
1,11.05815062,1.95122,4.27638,4.27638,nan,1.92309,1.94834,nan,0.0202786,0.00207841
1,11.09628217,0.177384,4.2611,4.2611,nan,1.89584,1.92116,nan,-1.23866,-1.25692
1,11.13441373,2.19956,4.24581,4.24581,nan,1.86861,1.894,nan,0.238547,0.220245
1,11.22974261,2.53659,4.20759,4.20759,nan,1.80065,1.82621,nan,0.530464,0.512042
1,11.24880839,0.603104,4.19995,4.19995,nan,1.78708,1.81267,nan,-0.853409,-0.871855
1,11.30600572,4.38137,4.17702,4.17702,nan,1.7464,1.77209,nan,1.89929,1.88078
1,11.3250715,0,4.16938,4.16938,nan,1.73286,1.75857,nan,-1.24905,-1.26758
1,11.3250715,0.886918,4.16938,4.16938,nan,1.73286,1.75857,nan,-0.609755,-0.628291
1,11.3250715,2.80266,4.16938,4.16938,nan,1.73286,1.75857,nan,0.771116,0.75258
1,11.36320305,1.45455,4.15409,4.15409,nan,1.7058,1.73157,nan,-0.181102,-0.19968
1,11.4013346,1.0643,4.1388,4.1388,nan,1.67877,1.7046,nan,-0.442907,-0.461528
1,11.43946616,1.59645,4.12352,4.12352,nan,1.65177,1.67766,nan,-0.0398749,-0.0585358
1,11.55386082,0.957871,4.07766,4.07766,nan,1.57103,1.59707,nan,-0.441969,-0.460738
1,11.59199237,1.24169,4.06237,4.06237,nan,1.54421,1.57029,nan,-0.21806,-0.236861
1,11.59199237,4.39911,4.06237,4.06237,nan,1.54421,1.57029,nan,2.05782,2.03902
1,11.63012393,2.87361,4.04709,4.04709,nan,1.51743,1.54356,nan,0.977538,0.958707
1,11.74451859,2.55432,4.00123,4.00123,nan,1.43743,1.46366,nan,0.805062,0.786155
1,11.8207817,1.70288,3.97066,3.97066,nan,1.38439,1.41067,nan,0.22957,0.210625
1,11.87797903,6.31486,3.94773,3.94773,nan,1.34479,1.3711,nan,3.58243,3.56347
1,11.8970448,1.80931,3.94008,3.94008,nan,1.33163,1.35795,nan,0.344313,0.325344
1,11.93517636,0.425721,3.9248,3.9248,nan,1.30537,1.3317,nan,-0.634052,-0.653028
1,11.97330791,0.141907,3.90951,3.90951,nan,1.27919,1.30552,nan,-0.819753,-0.838733
1,11.97330791,0.993348,3.90951,3.90951,nan,1.27919,1.30552,nan,-0.206032,-0.225013
1,12.01143947,0.283814,3.89423,3.89423,nan,1.25309,1.27942,nan,-0.698657,-0.717637
1,12.04957102,0.815965,3.87894,3.87894,nan,1.22709,1.25341,nan,-0.296339,-0.315315
1,12.12583413,0.815965,3.84837,3.84837,nan,1.17538,1.20168,nan,-0.25907,-0.278023
1,12.16396568,1.09978,3.83308,3.83308,nan,1.14969,1.17596,nan,-0.0359778,-0.0549131
1,12.27836034,1.88027,3.78723,3.78723,nan,1.07334,1.09949,nan,0.581637,0.562788
1,12.3164919,0.10643,3.77194,3.77194,nan,1.04814,1.07424,nan,-0.67879,-0.697599
1,12.3164919,0.851441,3.77194,3.77194,nan,1.04814,1.07424,nan,-0.141784,-0.160594
1,12.3164919,1.41907,3.77194,3.77194,nan,1.04814,1.07424,nan,0.267363,0.248553
1,12.43088656,1.34812,3.72609,3.72609,nan,0.97346,0.999338,nan,0.270052,0.2514
1,12.46901811,0.780488,3.7108,3.7108,nan,0.948888,0.974674,nan,-0.121383,-0.13997
1,12.58341277,0.266075,3.66495,3.66495,nan,0.876258,0.901707,nan,-0.439821,-0.458164
1,12.58341277,2.87361,3.66495,3.66495,nan,0.876258,0.901707,nan,1.4397,1.42135
1,12.60247855,4.87805,3.65731,3.65731,nan,0.864323,0.889706,nan,2.8931,2.87481
1,12.73593899,2.23503,3.60381,3.60381,nan,0.782294,0.807136,nan,1.04714,1.02923
1,12.8122021,1.56098,3.57324,3.57324,nan,0.736721,0.761187,nan,0.594124,0.576489
1,12.92659676,1.63193,3.52739,3.52739,nan,0.670356,0.69416,nan,0.693104,0.675946
1,12.96472831,4.32816,3.51211,3.51211,nan,0.648809,0.672365,nan,2.65208,2.6351
1,12.96472831,1.27716,3.51211,3.51211,nan,0.648809,0.672365,nan,0.452918,0.435938
1,13.04099142,0.674058,3.48154,3.48154,nan,0.60664,0.629661,nan,0.0485945,0.0320009
1,13.15538608,1.73836,3.4357,3.4357,nan,0.545862,0.567976,nan,0.859554,0.843615
1,13.19351764,1.9867,3.42041,3.42041,nan,0.526303,0.548087,nan,1.05265,1.03695
1,13.26978074,0.745011,3.38985,3.38985,nan,0.488292,0.50938,nan,0.185044,0.169844
1,13.3079123,0.0709534,3.37457,3.37457,nan,0.469859,0.490579,nan,-0.287532,-0.302467
1,13.34604385,0.567627,3.35929,3.35929,nan,0.451818,0.47216,nan,0.0834755,0.0688132
1,13.49857007,1.09978,3.29816,3.29816,nan,0.383729,0.402447,nan,0.51613,0.502638
1,13.53670162,0.709534,3.28288,3.28288,nan,0.367756,0.386044,nan,0.246355,0.233173
1,13.57483317,1.70288,3.2676,3.2676,nan,0.352212,0.370062,nan,0.973566,0.9607
1,13.61296473,4.1153,3.25232,3.25232,nan,0.337101,0.354506,nan,2.72333,2.71079
1,13.89895138,2.46563,3.13774,3.13774,nan,0.23768,0.251631,nan,1.60591,1.59586
1,13.99428027,4.89579,3.09955,3.09955,nan,0.209935,0.22273,nan,3.37757,3.36835
1,13.99428027,1.27716,3.09955,3.09955,nan,0.209935,0.22273,nan,0.769259,0.760036
1,14.0514776,1.91574,3.07663,3.07663,nan,0.194537,0.206649,nan,1.24065,1.23192
1,14.2993327,0.886918,2.97735,2.97735,nan,0.137962,0.147294,nan,0.539849,0.533122
1,14.2993327,0.638581,2.97735,2.97735,nan,0.137962,0.147294,nan,0.360847,0.35412
1,14.37559581,1.0643,2.94681,2.94681,nan,0.123623,0.132177,nan,0.678043,0.671877
1,14.45185891,1.27716,2.91627,2.91627,nan,0.110591,0.118407,nan,0.840866,0.835233
1,14.48999047,0.425721,2.901,2.901,nan,0.104539,0.112001,nan,0.231508,0.22613
1,14.56625357,0.709534,2.87047,2.87047,nan,0.0933091,0.100097,nan,0.444176,0.439284
1,14.60438513,1.84479,2.8552,2.8552,nan,0.0881094,0.0945773,nan,1.26622,1.26156
1,14.60438513,1.9867,2.8552,2.8552,nan,0.0881094,0.0945773,nan,1.36851,1.36384
1,14.90943756,1.27716,2.73309,2.73309,nan,0.0551123,0.0594164,nan,0.880856,0.877753
1,15.02383222,0.638581,2.68732,2.68732,nan,0.0460368,0.0497019,nan,0.427107,0.424465
1,15.36701621,0.10643,2.55006,2.55006,nan,0.0265858,0.0288071,nan,0.057552,0.0559508
1,15.40514776,0.638581,2.53481,2.53481,nan,0.0249956,0.0270937,nan,0.442273,0.440761
1,15.55767398,0.496674,2.47385,2.47385,nan,0.0195109,0.021177,nan,0.34394,0.342739
1,15.90085796,1.13525,2.3368,2.3368,nan,0.0111223,0.0121046,nan,0.810277,0.809569
1,15.97712107,0.567627,2.30637,2.30637,nan,0.00981013,0.0106825,nan,0.402076,0.401447
1,16.01525262,0.674058,2.29116,2.29116,nan,0.00921269,0.0100346,nan,0.479222,0.478629
1,16.2821735,1.09978,2.18476,2.18476,nan,0.00592795,0.00646852,nan,0.788449,0.78806
1,16.32030505,1.31264,2.16958,2.16958,nan,0.00556537,0.00607442,nan,0.942141,0.941774
1,16.47283127,0.922395,2.10887,2.10887,nan,0.00432275,0.00472272,nan,0.661748,0.66146
1,16.54909438,0.141907,2.07854,2.07854,nan,0.00380929,0.00416368,nan,0.099541,0.0992856
1,16.62535748,0,2.04823,2.04823,nan,0.00335657,0.00367053,nan,-0.00241942,-0.00264573
1,16.89227836,0.851441,1.9423,1.9423,nan,0.00215462,0.00235995,nan,0.612167,0.612019
1,17.04480458,1.0643,1.88189,1.88189,nan,0.00167207,0.00183306,nan,0.765945,0.765829
1,17.57864633,0.425721,1.67148,1.67148,nan,0.000687948,0.000756397,nan,0.306364,0.306315
1,18.03622498,2.37694,1.49286,1.49286,nan,0.000321135,0.000353982,nan,1.71307,1.71305
1,19.04671115,1.56098,1.10873,1.10873,nan,5.96132e-05,6.61378e-05,nan,1.12511,1.12511
2,0.000224299,0.556237,6.7706,6.7706,nan,5.35372,5.36095,nan,-3.45803,-3.46325
2,0.045084112,2.87935,6.79902,6.79902,nan,5.34225,5.34953,nan,-1.77527,-1.78051
2,0.067514019,2.97751,6.81318,6.81318,nan,5.33652,5.34382,nan,-1.70038,-1.70564
2,0.134803738,4.05726,6.85537,6.85537,nan,5.31932,5.32668,nan,-0.909697,-0.915001
2,0.157233645,3.27198,6.86934,6.86934,nan,5.31359,5.32097,nan,-1.47159,-1.47691
2,0.269383178,3.40286,6.93844,6.93844,nan,5.28493,5.29241,nan,-1.3566,-1.36199
2,0.426392523,2.01227,7.0327,7.0327,nan,5.2448,5.25243,nan,-2.33002,-2.33552
2,0.426392523,4.13906,7.0327,7.0327,nan,5.2448,5.25243,nan,-0.797022,-0.802523
2,0.51611215,4.90798,7.08502,7.08502,nan,5.22187,5.22959,nan,-0.226259,-0.231821
2,0.650691589,3.81186,7.16101,7.16101,nan,5.18748,5.19532,nan,-0.99155,-0.997203
2,0.650691589,3.5501,7.16101,7.16101,nan,5.18748,5.19532,nan,-1.18023,-1.18588
2,0.673121495,2.86299,7.17334,7.17334,nan,5.18175,5.18961,nan,-1.67137,-1.67704
2,0.762841121,3.09202,7.22165,7.22165,nan,5.15882,5.16677,nan,-1.48975,-1.49548
2,0.807700935,5.51329,7.24514,7.24514,nan,5.14736,5.15535,nan,0.263768,0.258008
2,0.897420561,4.25358,7.29064,7.29064,nan,5.12443,5.1325,nan,-0.627709,-0.633529
2,0.9198504669999999,3.01022,7.30169,7.30169,nan,5.11869,5.12679,nan,-1.51979,-1.52562
2,0.9198504669999999,4.79346,7.30169,7.30169,nan,5.11869,5.12679,nan,-0.234432,-0.240268
2,0.96471028,5.97137,7.32337,7.32337,nan,5.10723,5.11537,nan,0.622874,0.617008
2,0.96471028,4.98978,7.32337,7.32337,nan,5.10723,5.11537,nan,-0.0846615,-0.0905275
2,0.9871401869999999,3.51738,7.33399,7.33399,nan,5.1015,5.10966,nan,-1.14183,-1.14771
2,0.9871401869999999,4.07362,7.33399,7.33399,nan,5.1015,5.10966,nan,-0.740896,-0.746777
2,1.054429907,3.3865,7.36495,7.36495,nan,5.0843,5.09252,nan,-1.22378,-1.2297
2,1.121719626,3.1411,7.39446,7.39446,nan,5.0671,5.07539,nan,-1.38826,-1.39424
2,1.211439252,4.30266,7.43138,7.43138,nan,5.04417,5.05254,nan,-0.534486,-0.540519
2,1.278728972,5.20245,7.4571,7.4571,nan,5.02698,5.03541,nan,0.126484,0.120405
2,1.323588785,5.48057,7.47326,7.47326,nan,5.01551,5.02399,nan,0.335216,0.329106
2,1.346018692,4.10634,7.48103,7.48103,nan,5.00978,5.01828,nan,-0.651202,-0.657327
2,1.390878505,7.00204,7.49593,7.49593,nan,4.99832,5.00686,nan,1.44429,1.43814
2,1.413308411,5.10429,7.50305,7.50305,nan,4.99258,5.00114,nan,0.0805212,0.0743512
2,1.435738318,7.62372,7.50995,7.50995,nan,4.98685,4.99543,nan,1.90066,1.89448
2,1.480598131,5.79141,7.52308,7.52308,nan,4.97539,4.98401,nan,0.588192,0.581976
2,1.480598131,5.62781,7.52308,7.52308,nan,4.97539,4.98401,nan,0.470269,0.464054
2,1.503028037,4.76074,7.5293,7.5293,nan,4.96965,4.9783,nan,-0.150589,-0.15682
2,1.660037383,6.11861,7.56611,7.56611,nan,4.92953,4.93832,nan,0.857091,0.850755
2,1.660037383,4.92434,7.56611,7.56611,nan,4.92953,4.93832,nan,-0.0037437,-0.0100802
2,1.727327103,4.05726,7.57818,7.57818,nan,4.91233,4.92119,nan,-0.616338,-0.62272
2,1.817046729,6.51125,7.59072,7.59072,nan,4.8894,4.89834,nan,1.16903,1.16259
2,1.884336449,5.07157,7.59744,7.59744,nan,4.87221,4.88121,nan,0.143705,0.137216
2,1.929196262,3.58282,7.60065,7.60065,nan,4.86074,4.86979,nan,-0.921127,-0.927646
2,1.951626168,6.31493,7.60188,7.60188,nan,4.85501,4.86408,nan,1.05231,1.04578
2,1.974056075,5.62781,7.60285,7.60285,nan,4.84928,4.85836,nan,0.561169,0.554619
2,1.996485981,1.68507,7.60358,7.60358,nan,4.84355,4.85265,nan,-2.27663,-2.2832
2,2.041345794,6.72393,7.60429,7.60429,nan,4.83208,4.84123,nan,1.36365,1.35705
2,2.131065421,4.97342,7.60281,7.60281,nan,4.80915,4.81839,nan,0.118401,0.111745
2,2.153495327,6.21677,7.60186,7.60186,nan,4.80342,4.81268,nan,1.01874,1.01207
2,2.175925234,6.49489,7.60068,7.60068,nan,4.79769,4.80696,nan,1.22334,1.21666
2,2.243214953,2.94479,7.59579,7.59579,nan,4.78049,4.78983,nan,-1.32318,-1.32991
2,2.310504673,4.23722,7.58898,7.58898,nan,4.76329,4.7727,nan,-0.379196,-0.385974
2,2.377794393,5.12065,7.58035,7.58035,nan,4.7461,4.75556,nan,0.269981,0.263158
2,2.422654206,3.58282,7.57365,7.57365,nan,4.73463,4.74414,nan,-0.830228,-0.837081
2,2.422654206,7.80368,7.57365,7.57365,nan,4.73463,4.74414,nan,2.21218,2.20532
2,2.422654206,5.21881,7.57365,7.57365,nan,4.73463,4.74414,nan,0.348998,0.342145
2,2.512373832,4.95706,7.55812,7.55812,nan,4.7117,4.7213,nan,0.176849,0.169935
2,2.534803738,7.0184,7.55382,7.55382,nan,4.70597,4.71559,nan,1.66681,1.65988
2,2.534803738,5.62781,7.55382,7.55382,nan,4.70597,4.71559,nan,0.664464,0.657534
2,2.534803738,4.51534,7.55382,7.55382,nan,4.70597,4.71559,nan,-0.13741,-0.14434
2,2.669383178,5.54601,7.52488,7.52488,nan,4.67158,4.68132,nan,0.630293,0.623272
2,2.669383178,5.05521,7.52488,7.52488,nan,4.67158,4.68132,nan,0.276525,0.269504
2,2.669383178,4.35174,7.52488,7.52488,nan,4.67158,4.68132,nan,-0.230542,-0.237563
2,2.736672897,3.48466,7.50857,7.50857,nan,4.65438,4.66419,nan,-0.843136,-0.850203
2,2.826392523,5.95501,7.48517,7.48517,nan,4.63145,4.64134,nan,0.954022,0.946894
2,2.91611215,3.10838,7.46011,7.46011,nan,4.60853,4.6185,nan,-1.0813,-1.08849
2,2.91611215,5.75869,7.46011,7.46011,nan,4.60853,4.6185,nan,0.829042,0.821853
2,2.960971963,5.05521,7.44703,7.44703,nan,4.59706,4.60708,nan,0.330238,0.323019
2,2.960971963,3.69734,7.44703,7.44703,nan,4.59706,4.60708,nan,-0.648519,-0.655739
2,2.983401869,5.66053,7.44035,7.44035,nan,4.59133,4.60137,nan,0.770684,0.763449
2,3.005831776,2.68303,7.4336,7.4336,nan,4.5856,4.59565,nan,-1.37138,-1.37863
2,3.005831776,4.7771,7.4336,7.4336,nan,4.5856,4.59565,nan,0.138033,0.130783
2,3.050691589,3.41922,7.41987,7.41987,nan,4.57413,4.58423,nan,-0.832461,-0.839741
2,3.050691589,6.26585,7.41987,7.41987,nan,4.57413,4.58423,nan,1.21939,1.21211
2,3.050691589,5.31697,7.41987,7.41987,nan,4.57413,4.58423,nan,0.535442,0.528161
2,3.095551402,4.07362,7.40584,7.40584,nan,4.56267,4.57281,nan,-0.352507,-0.359818
2,3.140411215,5.90593,7.39155,7.39155,nan,4.5512,4.56139,nan,0.97649,0.969148
2,3.162841121,3.25562,7.38431,7.38431,nan,4.54547,4.55568,nan,-0.929725,-0.937081
2,3.162841121,5.49693,7.38431,7.38431,nan,4.54547,4.55568,nan,0.685815,0.678458
2,3.252560748,5.39877,7.35477,7.35477,nan,4.52254,4.53283,nan,0.631589,0.624171
2,3.297420561,4.76074,7.33968,7.33968,nan,4.51108,4.52141,nan,0.179954,0.172506
2,3.319850467,5.67689,7.33206,7.33206,nan,4.50535,4.5157,nan,0.844452,0.836989
2,3.319850467,4.1227,7.33206,7.33206,nan,4.50535,4.5157,nan,-0.275813,-0.283276
2,3.387140187,6.05317,7.30894,7.30894,nan,4.48815,4.49857,nan,1.12807,1.12056
2,3.409570093,6.51125,7.30115,7.30115,nan,4.48242,4.49286,nan,1.46238,1.45486
2,3.409570093,5.00613,7.30115,7.30115,nan,4.48242,4.49286,nan,0.377496,0.369973
2,3.432,6.87117,7.29332,7.29332,nan,4.47669,4.48714,nan,1.72595,1.71841
2,3.432,3.3047,7.29332,7.29332,nan,4.47669,4.48714,nan,-0.844767,-0.852306
2,3.454429907,3.97546,7.28546,7.28546,nan,4.47095,4.48143,nan,-0.357153,-0.364707
2,3.454429907,4.4499,7.28546,7.28546,nan,4.47095,4.48143,nan,-0.015177,-0.0227312
2,3.476859813,4.5317,7.27755,7.27755,nan,4.46522,4.47572,nan,0.0479161,0.0403466
2,3.521719626,5.56237,7.26164,7.26164,nan,4.45376,4.4643,nan,0.799092,0.791492
2,3.521719626,3.45194,7.26164,7.26164,nan,4.45376,4.4643,nan,-0.72211,-0.72971
2,3.544149533,7.31288,7.25363,7.25363,nan,4.44802,4.45859,nan,2.065,2.05738
2,3.633869159,4.90798,7.22131,7.22131,nan,4.4251,4.43575,nan,0.34806,0.340384
2,3.656299065,4.02454,7.21316,7.21316,nan,4.41936,4.43003,nan,-0.28459,-0.292281
2,3.678728972,4.56442,7.20498,7.20498,nan,4.41363,4.42432,nan,0.108686,0.10098
2,3.723588785,3.5501,7.18855,7.18855,nan,4.40217,4.4129,nan,-0.614171,-0.621908
2,3.723588785,3.23926,7.18855,7.18855,nan,4.40217,4.4129,nan,-0.838224,-0.845961
2,3.813308411,6.05317,7.15542,7.15542,nan,4.37924,4.39006,nan,1.20657,1.19877
2,3.903028037,4.22086,7.12197,7.12197,nan,4.35631,4.36721,nan,-0.0976345,-0.105493
2,3.925457944,3.53374,7.11356,7.11356,nan,4.35058,4.3615,nan,-0.588778,-0.596652
2,3.925457944,3.41922,7.11356,7.11356,nan,4.35058,4.3615,nan,-0.671324,-0.679197
2,3.94788785,3.9591,7.10513,7.10513,nan,4.34485,4.35579,nan,-0.278047,-0.285936
2,3.970317757,3.20654,7.09669,7.09669,nan,4.33912,4.35008,nan,-0.81636,-0.824264
2,3.992747664,5.12065,7.08823,7.08823,nan,4.33338,4.34437,nan,0.567467,0.559547
2,3.992747664,3.01022,7.08823,7.08823,nan,4.33338,4.34437,nan,-0.953735,-0.961654
2,4.037607477,2.61759,7.07127,7.07127,nan,4.32192,4.33295,nan,-1.22849,-1.23644
2,4.060037383,4.59714,7.06276,7.06276,nan,4.31619,4.32724,nan,0.202509,0.194544
2,4.08246729,5.51329,7.05425,7.05425,nan,4.31046,4.32153,nan,0.867007,0.859027
2,4.104897196,1.71779,7.04572,7.04572,nan,4.30472,4.31582,nan,-1.86467,-1.87266
2,4.104897196,3.3047,7.04572,7.04572,nan,4.30472,4.31582,nan,-0.720816,-0.728811
2,4.127327103,6.10225,7.03717,7.03717,nan,4.29899,4.3101,nan,1.29979,1.29178
2,4.172186916,4.10634,7.02005,7.02005,nan,4.28753,4.29868,nan,-0.1306,-0.138641
2,4.239476636,2.71575,6.99428,6.99428,nan,4.27033,4.28155,nan,-1.12055,-1.12863
2,4.261906542,4.40082,6.98567,6.98567,nan,4.2646,4.27584,nan,0.098187,0.0900852
2,4.261906542,4.97342,6.98567,6.98567,nan,4.2646,4.27584,nan,0.510916,0.502814
2,4.351626168,3.69734,6.95112,6.95112,nan,4.24167,4.253,nan,-0.392354,-0.400516
2,4.351626168,4.87526,6.95112,6.95112,nan,4.24167,4.253,nan,0.456689,0.448526
2,4.418915888,5.88957,6.92512,6.92512,nan,4.22447,4.23586,nan,1.2002,1.192
2,4.418915888,6.59305,6.92512,6.92512,nan,4.22447,4.23586,nan,1.70727,1.69906
2,4.418915888,2.97751,6.92512,6.92512,nan,4.22447,4.23586,nan,-0.898818,-0.907027
2,4.486205607,4.30266,6.89904,6.89904,nan,4.20728,4.21873,nan,0.0687496,0.0604957
2,4.486205607,4.1227,6.89904,6.89904,nan,4.20728,4.21873,nan,-0.0609652,-0.0692191
2,4.508635514,4.84254,6.89033,6.89033,nan,4.20155,4.21302,nan,0.462026,0.453757
2,4.531065421,5.52965,6.88161,6.88161,nan,4.19582,4.20731,nan,0.961432,0.953148
2,4.531065421,2.81391,6.88161,6.88161,nan,4.19582,4.20731,nan,-0.996083,-1.00437
2,4.575925234,6.56033,6.86416,6.86416,nan,4.18435,4.19589,nan,1.71261,1.70429
2,4.66564486,1.43967,6.82918,6.82918,nan,4.16142,4.17304,nan,-1.96184,-1.97022
2,4.66564486,3.07566,6.82918,6.82918,nan,4.16142,4.17304,nan,-0.782617,-0.790993
2,4.66564486,4.0409,6.82918,6.82918,nan,4.16142,4.17304,nan,-0.0868737,-0.0952499
2,4.66564486,3.8773,6.82918,6.82918,nan,4.16142,4.17304,nan,-0.204796,-0.213173
2,4.732934579,3.45194,6.80288,6.80288,nan,4.14423,4.15591,nan,-0.499,-0.507422
2,4.755364486,3.94274,6.7941,6.7941,nan,4.1385,4.1502,nan,-0.141101,-0.149538
2,4.800224299,4.80982,6.77653,6.77653,nan,4.12703,4.13878,nan,0.492152,0.483684
2,4.889943925,3.27198,6.74132,6.74132,nan,4.1041,4.11594,nan,-0.599794,-0.608323
2,4.912373832,3.56646,6.73251,6.73251,nan,4.09837,4.11023,nan,-0.383402,-0.391946
2,4.912373832,2.37219,6.73251,6.73251,nan,4.09837,4.11023,nan,-1.24424,-1.25278
2,4.934803738,3.41922,6.72369,6.72369,nan,4.09264,4.10452,nan,-0.485401,-0.49396
2,4.934803738,4.41718,6.72369,6.72369,nan,4.09264,4.10452,nan,0.233927,0.225368
2,4.957233645,4.64622,6.71487,6.71487,nan,4.08691,4.0988,nan,0.40315,0.394576
2,5.002093458,3.9591,6.69722,6.69722,nan,4.07545,4.08738,nan,-0.0838618,-0.0924665
2,5.002093458,4.49898,6.69722,6.69722,nan,4.07545,4.08738,nan,0.305283,0.296678
2,5.024523364,3.59918,6.68839,6.68839,nan,4.06971,4.08167,nan,-0.33916,-0.34778
2,5.024523364,4.13906,6.68839,6.68839,nan,4.06971,4.08167,nan,0.0499846,0.0413647
2,5.069383178,5.38241,6.67071,6.67071,nan,4.05825,4.07025,nan,0.954459,0.945809
2,5.114242991,1.91411,6.65302,6.65302,nan,4.04679,4.05883,nan,-1.53724,-1.54592
2,5.114242991,6.11861,6.65302,6.65302,nan,4.04679,4.05883,nan,1.49337,1.48469
2,5.114242991,2.83027,6.65302,6.65302,nan,4.04679,4.05883,nan,-0.87687,-0.885551
2,5.18153271,1.97955,6.62646,6.62646,nan,4.02959,4.0417,nan,-1.47767,-1.4864
2,5.226392523,5.02249,6.60873,6.60873,nan,4.01813,4.03028,nan,0.72395,0.715194
2,5.271252336,3.82822,6.591,6.591,nan,4.00666,4.01885,nan,-0.128622,-0.137409
2,5.293682243,4.90798,6.58212,6.58212,nan,4.00093,4.01314,nan,0.653799,0.644997
2,5.360971963,4.10634,6.55549,6.55549,nan,3.98374,3.99601,nan,0.0883726,0.0795245
2,5.360971963,2.73211,6.55549,6.55549,nan,3.98374,3.99601,nan,-0.902177,-0.911025
2,5.405831776,5.18609,6.53772,6.53772,nan,3.97227,3.98459,nan,0.874925,0.866046
2,5.405831776,3.10838,6.53772,6.53772,nan,3.97227,3.98459,nan,-0.622692,-0.631571
2,5.428261682,7.47648,6.52883,6.52883,nan,3.96654,3.97888,nan,2.52997,2.52108
2,5.428261682,4.51534,6.52883,6.52883,nan,3.96654,3.97888,nan,0.395573,0.38668
2,5.450691589,3.6319,6.51994,6.51994,nan,3.96081,3.97317,nan,-0.237077,-0.245986
2,5.517981308,4.8589,6.49326,6.49326,nan,3.94361,3.95604,nan,0.659736,0.650782
2,5.517981308,6.08589,6.49326,6.49326,nan,3.94361,3.95604,nan,1.54416,1.5352
2,5.540411215,2.96115,6.48436,6.48436,nan,3.93788,3.95033,nan,-0.704035,-0.713004
2,5.652560748,4.6953,6.43983,6.43983,nan,3.90923,3.92177,nan,0.566601,0.557556
2,5.652560748,4.51534,6.43983,6.43983,nan,3.90923,3.92177,nan,0.436887,0.427841
2,5.652560748,3.66462,6.43983,6.43983,nan,3.90923,3.92177,nan,-0.176311,-0.185356
2,5.652560748,2.56851,6.43983,6.43983,nan,3.90923,3.92177,nan,-0.966392,-0.975438
2,5.719850467,3.89366,6.41309,6.41309,nan,3.89203,3.90464,nan,0.00117464,-0.00791615
2,5.719850467,3.2229,6.41309,6.41309,nan,3.89203,3.90464,nan,-0.482308,-0.491399
2,5.876859813,3.59918,6.35064,6.35064,nan,3.85191,3.86467,nan,-0.182167,-0.191364
2,5.921719626,1.86503,6.33279,6.33279,nan,3.84045,3.85325,nan,-1.42388,-1.43311
2,5.966579439,2.66667,6.31492,6.31492,nan,3.82898,3.84183,nan,-0.837801,-0.847059
2,5.989009346,4.80982,6.30599,6.30599,nan,3.82325,3.83612,nan,0.711117,0.701843
2,5.989009346,4.6135,6.30599,6.30599,nan,3.82325,3.83612,nan,0.569609,0.560336
2,5.989009346,4.0409,6.30599,6.30599,nan,3.82325,3.83612,nan,0.15688,0.147607
2,5.989009346,3.3047,6.30599,6.30599,nan,3.82325,3.83612,nan,-0.373771,-0.383045
2,6.011439252,2.84663,6.29706,6.29706,nan,3.81752,3.83041,nan,-0.699823,-0.709112
2,6.101158879,1.76687,6.26131,6.26131,nan,3.7946,3.80757,nan,-1.46159,-1.47094
2,6.101158879,3.0593,6.26131,6.26131,nan,3.7946,3.80757,nan,-0.529999,-0.539348
2,6.123588785,3.97546,6.25237,6.25237,nan,3.78886,3.80186,nan,0.134499,0.125134
2,6.146018692,3.59918,6.24343,6.24343,nan,3.78313,3.79615,nan,-0.132592,-0.141972
2,6.235738318,1.91411,6.20765,6.20765,nan,3.76021,3.7733,nan,-1.33067,-1.34011
2,6.235738318,5.56237,6.20765,6.20765,nan,3.76021,3.7733,nan,1.299,1.28956
2,6.280598131,5.26789,6.18975,6.18975,nan,3.74875,3.76188,nan,1.09501,1.08553
2,6.280598131,4.22086,6.18975,6.18975,nan,3.74875,3.76188,nan,0.3403,0.33083
2,6.280598131,3.86094,6.18975,6.18975,nan,3.74875,3.76188,nan,0.0808707,0.0714003
2,6.370317757,2.96115,6.15395,6.15395,nan,3.72582,3.73904,nan,-0.551179,-0.56071
2,6.392747664,4.58078,6.145,6.145,nan,3.72009,3.73333,nan,0.620386,0.610839
2,6.41517757,6.75665,6.13605,6.13605,nan,3.71436,3.72762,nan,2.19289,2.18333
2,6.437607477,4.76074,6.12709,6.12709,nan,3.70863,3.72191,nan,0.758363,0.748786
2,6.460037383,5.88957,6.11814,6.11814,nan,3.7029,3.7162,nan,1.57616,1.56657
2,6.48246729,4.98978,6.10918,6.10918,nan,3.69716,3.71049,nan,0.931716,0.922109
2,6.504897196,4.25358,6.10022,6.10022,nan,3.69143,3.70478,nan,0.405196,0.395573
2,6.527327103,1.93047,6.09127,6.09127,nan,3.6857,3.69907,nan,-1.26517,-1.27481
2,6.527327103,5.61145,6.09127,6.09127,nan,3.6857,3.69907,nan,1.38808,1.37845
2,6.527327103,0.670757,6.09127,6.09127,nan,3.6857,3.69907,nan,-2.17318,-2.18282
2,6.639476636,3.56646,6.04647,6.04647,nan,3.65705,3.67052,nan,-0.0652933,-0.0750066
2,6.639476636,3.3865,6.04647,6.04647,nan,3.65705,3.67052,nan,-0.195008,-0.204722
2,6.639476636,3.25562,6.04647,6.04647,nan,3.65705,3.67052,nan,-0.289346,-0.29906
2,6.661906542,2.71575,6.03751,6.03751,nan,3.65132,3.66481,nan,-0.67436,-0.684088
2,6.818915888,3.99182,5.97476,5.97476,nan,3.6112,3.62484,nan,0.274353,0.264518
2,6.886205607,3.77914,5.94786,5.94786,nan,3.594,3.60771,nan,0.133447,0.123566
2,6.886205607,3.20654,5.94786,5.94786,nan,3.594,3.60771,nan,-0.279283,-0.289164
2,6.931065421,2.01227,5.92992,5.92992,nan,3.58254,3.59629,nan,-1.13186,-1.14177
2,6.953495327,4.25358,5.92095,5.92095,nan,3.57681,3.59058,nan,0.487815,0.477888
2,6.953495327,3.61554,5.92095,5.92095,nan,3.57681,3.59058,nan,0.0279164,0.0179899
2,6.99835514,1.76687,5.90301,5.90301,nan,3.56535,3.57916,nan,-1.29635,-1.3063
2,6.99835514,2.19223,5.90301,5.90301,nan,3.56535,3.57916,nan,-0.989749,-0.999706
2,7.06564486,3.01022,5.8761,5.8761,nan,3.54816,3.56204,nan,-0.387744,-0.397746
2,7.088074766,4.54806,5.86713,5.86713,nan,3.54243,3.55633,nan,0.724859,0.714842
2,7.110504673,1.96319,5.85815,5.85815,nan,3.5367,3.55062,nan,-1.13419,-1.14422
2,7.132934579,3.7955,5.84918,5.84918,nan,3.53097,3.54491,nan,0.190677,0.180629
2,7.177794393,2.42127,5.83123,5.83123,nan,3.51951,3.53349,nan,-0.791612,-0.80169
2,7.200224299,3.17382,5.82226,5.82226,nan,3.51378,3.52778,nan,-0.245038,-0.25513
2,7.222654206,4.1227,5.81328,5.81328,nan,3.50805,3.52207,nan,0.443044,0.432936
2,7.267514019,4.71166,5.79533,5.79533,nan,3.49658,3.51065,nan,0.875826,0.865688
2,7.334803738,3.3865,5.76841,5.76841,nan,3.47939,3.49352,nan,-0.0669554,-0.0771386
2,7.379663551,3.92638,5.75045,5.75045,nan,3.46793,3.4821,nan,0.33045,0.320237
2,7.402093458,1.32515,5.74147,5.74147,nan,3.4622,3.47639,nan,-1.54039,-1.55062
2,7.402093458,5.54601,5.74147,5.74147,nan,3.4622,3.47639,nan,1.50201,1.49179
2,7.424523364,5.85685,5.7325,5.7325,nan,3.45647,3.47068,nan,1.7302,1.71995
2,7.424523364,6.72393,5.7325,5.7325,nan,3.45647,3.47068,nan,2.35519,2.34494
2,7.446953271,4.7771,5.72352,5.72352,nan,3.45074,3.46497,nan,0.956039,0.94578
2,7.446953271,4.64622,5.72352,5.72352,nan,3.45074,3.46497,nan,0.861701,0.851442
2,7.469383178,3.68098,5.71454,5.71454,nan,3.44501,3.45926,nan,0.170088,0.159814
2,7.536672897,1.83231,5.6876,5.6876,nan,3.42782,3.44214,nan,-1.15005,-1.16037
2,7.536672897,4.22086,5.6876,5.6876,nan,3.42782,3.44214,nan,0.571623,0.561304
2,7.536672897,5.00613,5.6876,5.6876,nan,3.42782,3.44214,nan,1.13765,1.12733
2,7.64882243,2.38855,5.6427,5.6427,nan,3.39917,3.41359,nan,-0.728458,-0.738853
2,7.64882243,2.56851,5.6427,5.6427,nan,3.39917,3.41359,nan,-0.598744,-0.609139
2,7.671252336,3.56646,5.63372,5.63372,nan,3.39344,3.40788,nan,0.124714,0.114304
2,7.671252336,3.32106,5.63372,5.63372,nan,3.39344,3.40788,nan,-0.0521695,-0.0625794
2,7.805831776,3.82822,5.57983,5.57983,nan,3.35906,3.37363,nan,0.338171,0.327671
2,7.895551402,3.3047,5.5439,5.5439,nan,3.33614,3.35079,nan,-0.0226614,-0.0332221
2,7.917981308,2.14315,5.53492,5.53492,nan,3.33041,3.34509,nan,-0.855782,-0.866358
2,7.940411215,2.97751,5.52594,5.52594,nan,3.32468,3.33938,nan,-0.250247,-0.260838
2,7.962841121,2.86299,5.51695,5.51695,nan,3.31895,3.33367,nan,-0.328663,-0.339269
2,8.030130841,4.25358,5.49,5.49,nan,3.30177,3.31654,nan,0.686069,0.675418
2,8.030130841,3.7955,5.49,5.49,nan,3.30177,3.31654,nan,0.355886,0.345234
2,8.052560748,3.68098,5.48102,5.48102,nan,3.29604,3.31083,nan,0.277469,0.266803
2,8.052560748,2.07771,5.48102,5.48102,nan,3.29604,3.31083,nan,-0.878172,-0.888838
2,8.097420561,1.94683,5.46305,5.46305,nan,3.28458,3.29942,nan,-0.96425,-0.974947
2,8.142280374,3.40286,5.44508,5.44508,nan,3.27312,3.288,nan,0.0935199,0.0827933
2,8.16471028,4.1227,5.43609,5.43609,nan,3.26739,3.28229,nan,0.616509,0.605767
2,8.232,4.35174,5.40913,5.40913,nan,3.2502,3.26517,nan,0.793989,0.783202
2,8.232,1.25971,5.40913,5.40913,nan,3.2502,3.26517,nan,-1.43475,-1.44553
2,8.254429907,3.3047,5.40015,5.40015,nan,3.24447,3.25946,nan,0.0434139,0.0326122
2,8.344149533,0.916155,5.3642,5.3642,nan,3.22156,3.23663,nan,-1.66174,-1.6726
2,8.366579439,3.94274,5.35522,5.35522,nan,3.21583,3.23092,nan,0.523959,0.513082
2,8.389009346,3.58282,5.34623,5.34623,nan,3.2101,3.22521,nan,0.268659,0.257767
2,8.411439252,6.08589,5.33724,5.33724,nan,3.20437,3.2195,nan,2.077,2.0661
2,8.411439252,2.47035,5.33724,5.33724,nan,3.20437,3.2195,nan,-0.529086,-0.539993
2,8.456299065,3.69734,5.31927,5.31927,nan,3.19291,3.20809,nan,0.363592,0.352655
2,8.478728972,3.33742,5.31028,5.31028,nan,3.18719,3.20238,nan,0.108291,0.0973393
2,8.501158879,4.33538,5.3013,5.3013,nan,3.18146,3.19667,nan,0.831748,0.820781
2,8.501158879,0.834356,5.3013,5.3013,nan,3.18146,3.19667,nan,-1.6918,-1.70276
2,8.501158879,3.48466,5.3013,5.3013,nan,3.18146,3.19667,nan,0.218551,0.207584
2,8.523588785,4.02454,5.29231,5.29231,nan,3.17573,3.19096,nan,0.611824,0.600842
2,8.635738318,2.17587,5.24737,5.24737,nan,3.14709,3.16243,nan,-0.700056,-0.711113
2,8.658168224,1.94683,5.23838,5.23838,nan,3.14136,3.15672,nan,-0.861019,-0.872091
2,8.658168224,3.10838,5.23838,5.23838,nan,3.14136,3.15672,nan,-0.0237685,-0.0348405
2,8.703028037,1.75051,5.22041,5.22041,nan,3.1299,3.14531,nan,-0.994269,-1.00537
2,8.725457944,1.14519,5.21142,5.21142,nan,3.12418,3.1396,nan,-1.42645,-1.43757
2,8.792747664,2.56851,5.18445,5.18445,nan,3.10699,3.12248,nan,-0.388141,-0.399303
2,8.904897196,6.90389,5.13951,5.13951,nan,3.07835,3.09394,nan,2.75745,2.74621
2,8.904897196,1.06339,5.13951,5.13951,nan,3.07835,3.09394,nan,-1.45239,-1.46362
2,8.904897196,2.83027,5.13951,5.13951,nan,3.07835,3.09394,nan,-0.178822,-0.190059
2,8.927327103,3.53374,5.13052,5.13052,nan,3.07263,3.08824,nan,0.332374,0.321122
2,8.972186916,2.30675,5.11254,5.11254,nan,3.06117,3.07682,nan,-0.543789,-0.555071
2,8.972186916,3.27198,5.11254,5.11254,nan,3.06117,3.07682,nan,0.151954,0.140672
2,8.972186916,3.89366,5.11254,5.11254,nan,3.06117,3.07682,nan,0.60006,0.588778
2,9.017046729,3.04294,5.09456,5.09456,nan,3.04972,3.06541,nan,-0.0048813,-0.0161929
2,9.039476636,2.48671,5.08557,5.08557,nan,3.04399,3.0597,nan,-0.40169,-0.413017
2,9.061906542,4.84254,5.07658,5.07658,nan,3.03826,3.054,nan,1.30052,1.28918
2,9.106766355,1.57055,5.0586,5.0586,nan,3.02681,3.04259,nan,-1.04967,-1.06104
2,9.106766355,3.61554,5.0586,5.0586,nan,3.02681,3.04259,nan,0.42436,0.412988
2,9.129196262,1.29243,5.04962,5.04962,nan,3.02108,3.03688,nan,-1.24601,-1.2574
2,9.174056075,4.41718,5.03164,5.03164,nan,3.00963,3.02547,nan,1.01456,1.00315
2,9.196485981,3.43558,5.02265,5.02265,nan,3.0039,3.01976,nan,0.311157,0.299725
2,9.241345794,3.73006,5.00467,5.00467,nan,2.99245,3.00835,nan,0.531673,0.520211
2,9.286205607,2.55215,4.98669,4.98669,nan,2.981,2.99694,nan,-0.309115,-0.320607
2,9.286205607,3.27198,4.98669,4.98669,nan,2.981,2.99694,nan,0.209745,0.198253
2,9.308635514,1.35787,4.9777,4.9777,nan,2.97527,2.99123,nan,-1.16582,-1.17733
2,9.331065421,3.10838,4.96871,4.96871,nan,2.96954,2.98553,nan,0.100077,0.0885548
2,9.375925234,5.54601,4.95073,4.95073,nan,2.95809,2.97412,nan,1.86538,1.85383
2,9.39835514,4.26994,4.94173,4.94173,nan,2.95237,2.96841,nan,0.94971,0.938142
2,9.420785047,7.39468,4.93274,4.93274,nan,2.94664,2.96271,nan,3.20616,3.19458
2,9.443214953,2.38855,4.92375,4.92375,nan,2.94091,2.957,nan,-0.398146,-0.409743
2,9.443214953,2.84663,4.92375,4.92375,nan,2.94091,2.957,nan,-0.0679627,-0.0795602
2,9.443214953,4.15542,4.92375,4.92375,nan,2.94091,2.957,nan,0.875418,0.863821
2,9.510504673,4.89162,4.89678,4.89678,nan,2.92374,2.93989,nan,1.41845,1.40681
2,9.532934579,0.719836,4.88779,4.88779,nan,2.91801,2.93418,nan,-1.58445,-1.59611
2,9.532934579,4.40082,4.88779,4.88779,nan,2.91801,2.93418,nan,1.06881,1.05715
2,9.645084112,3.41922,4.84284,4.84284,nan,2.88939,2.90566,nan,0.381908,0.370175
2,9.645084112,2.68303,4.84284,4.84284,nan,2.88939,2.90566,nan,-0.148744,-0.160476
2,9.667514019,1.42331,4.83385,4.83385,nan,2.88366,2.89996,nan,-1.05262,-1.06437
2,9.667514019,2.48671,4.83385,4.83385,nan,2.88366,2.89996,nan,-0.286124,-0.297872
2,9.734803738,3.25562,4.80688,4.80688,nan,2.86649,2.88285,nan,0.280491,0.268698
2,9.846953271,2.42127,4.76192,4.76192,nan,2.83787,2.85433,nan,-0.300284,-0.312151
2,9.869383178,2.78119,4.75293,4.75293,nan,2.83214,2.84863,nan,-0.0367287,-0.0486108
2,9.959102804,1.79959,4.71696,4.71696,nan,2.80925,2.82581,nan,-0.727762,-0.739704
2,9.959102804,3.1411,4.71696,4.71696,nan,2.80925,2.82581,nan,0.239204,0.227262
2,10.00396262,2.61759,4.69898,4.69898,nan,2.7978,2.81441,nan,-0.129898,-0.14187
2,10.02639252,2.35583,4.68999,4.68999,nan,2.79208,2.80871,nan,-0.314449,-0.326436
2,10.07125234,2.04499,4.67201,4.67201,nan,2.78063,2.7973,nan,-0.530252,-0.542268
2,10.13854206,2.53579,4.64503,4.64503,nan,2.76346,2.7802,nan,-0.164109,-0.176171
2,10.16097196,3.01022,4.63604,4.63604,nan,2.75774,2.7745,nan,0.181991,0.169915
2,10.18340187,5.33e-15,4.62705,4.62705,nan,2.75202,2.76879,nan,-1.98366,-1.99575
2,10.20583178,3.40286,4.61806,4.61806,nan,2.7463,2.76309,nan,0.473254,0.461148
2,10.2731215,2.35583,4.59109,4.59109,nan,2.72913,2.74599,nan,-0.269078,-0.281228
2,10.2731215,3.9591,4.59109,4.59109,nan,2.72913,2.74599,nan,0.886564,0.874413
2,10.31798131,2.74847,4.5731,4.5731,nan,2.71769,2.73459,nan,0.0221848,0.0100041
2,10.40770093,5.87321,4.53714,4.53714,nan,2.6948,2.71179,nan,2.291,2.27876
2,10.40770093,2.30675,4.53714,4.53714,nan,2.6948,2.71179,nan,-0.279711,-0.291951
2,10.40770093,3.7955,4.53714,4.53714,nan,2.6948,2.71179,nan,0.793384,0.781144
2,10.40770093,3.35378,4.53714,4.53714,nan,2.6948,2.71179,nan,0.474993,0.462753
2,10.40770093,3.01022,4.53714,4.53714,nan,2.6948,2.71179,nan,0.227356,0.215116
2,10.47499065,2.53579,4.51016,4.51016,nan,2.67764,2.69469,nan,-0.10225,-0.114534
2,10.49742056,3.19018,4.50117,4.50117,nan,2.67192,2.68899,nan,0.373564,0.361264
2,10.51985047,4.46626,4.49218,4.49218,nan,2.6662,2.68329,nan,1.29748,1.28517
2,10.54228037,3.51738,4.48319,4.48319,nan,2.66048,2.67759,nan,0.617655,0.605326
2,10.632,1.86503,4.44722,4.44722,nan,2.63761,2.65479,nan,-0.556873,-0.569261
2,10.65442991,1.01431,4.43823,4.43823,nan,2.63189,2.64909,nan,-1.16595,-1.17835
2,10.92358879,2.53579,4.33033,4.33033,nan,2.56327,2.58073,nan,-0.0198121,-0.0323915
2,10.94601869,4.15542,4.32133,4.32133,nan,2.55756,2.57503,nan,1.15174,1.13915
2,11.03573832,0.327198,4.28537,4.28537,nan,2.53469,2.55225,nan,-1.59117,-1.60382
2,11.03573832,1.50511,4.28537,4.28537,nan,2.53469,2.55225,nan,-0.742124,-0.754776
2,11.03573832,2.38855,4.28537,4.28537,nan,2.53469,2.55225,nan,-0.105342,-0.117994
2,11.08059813,1.66871,4.26738,4.26738,nan,2.52326,2.54086,nan,-0.615962,-0.628644
2,11.14788785,1.42331,4.24041,4.24041,nan,2.50612,2.52377,nan,-0.780488,-0.793214
2,11.17031776,2.19223,4.23142,4.23142,nan,2.5004,2.51808,nan,-0.222133,-0.234874
2,11.19274766,1.79959,4.22242,4.22242,nan,2.49469,2.51239,nan,-0.501029,-0.513784
2,11.26003738,2.58487,4.19545,4.19545,nan,2.47755,2.49531,nan,0.0773549,0.0645558
2,11.28246729,1.47239,4.18646,4.18646,nan,2.47184,2.48961,nan,-0.720401,-0.733214
2,11.3048972,3.25562,4.17746,4.17746,nan,2.46612,2.48392,nan,0.569073,0.556245
2,11.39461682,2.91207,4.1415,4.1415,nan,2.44327,2.46115,nan,0.337905,0.325019
2,11.43947664,2.45399,4.12351,4.12351,nan,2.43185,2.44977,nan,0.0159554,0.00303995
2,11.46190654,2.06135,4.11452,4.11452,nan,2.42614,2.44408,nan,-0.262942,-0.275872
2,11.48433645,1.93047,4.10553,4.10553,nan,2.42043,2.43839,nan,-0.353164,-0.366109
2,11.52919626,2.71575,4.08755,4.08755,nan,2.40901,2.42701,nan,0.221096,0.208123
2,11.52919626,4.38446,4.08755,4.08755,nan,2.40901,2.42701,nan,1.42391,1.41093
2,11.64134579,0.359918,4.04259,4.04259,nan,2.38046,2.39856,nan,-1.45641,-1.46946
2,11.91050467,0.834356,3.93469,3.93469,nan,2.31199,2.33032,nan,-1.06508,-1.0783
2,11.93293458,2.15951,3.9257,3.9257,nan,2.30628,2.32464,nan,-0.105795,-0.119027
2,11.93293458,0.687117,3.9257,3.9257,nan,2.30628,2.32464,nan,-1.1671,-1.18033
2,11.97779439,1.11247,3.90771,3.90771,nan,2.29488,2.31327,nan,-0.852277,-0.865538
2,12.02265421,1.73415,3.88973,3.88973,nan,2.28347,2.30191,nan,-0.39595,-0.409239
2,12.04508411,3.69734,3.88074,3.88074,nan,2.27777,2.29622,nan,1.02323,1.00993
2,12.11237383,1.96319,3.85377,3.85377,nan,2.26066,2.27918,nan,-0.21442,-0.227765
2,12.17966355,1.45603,3.82679,3.82679,nan,2.24356,2.26214,nan,-0.567654,-0.581042
2,12.24695327,2.84663,3.79982,3.79982,nan,2.22647,2.2451,nan,0.447012,0.433582
2,12.26938318,2.61759,3.79083,3.79083,nan,2.22077,2.23942,nan,0.286027,0.272583
2,12.38153271,3.28834,3.74587,3.74587,nan,2.19229,2.21103,nan,0.790041,0.776527
2,12.42639252,1.89775,3.72789,3.72789,nan,2.1809,2.19968,nan,-0.204091,-0.217634
2,12.42639252,1.60327,3.72789,3.72789,nan,2.1809,2.19968,nan,-0.416352,-0.429894
2,12.47125234,2.09407,3.70991,3.70991,nan,2.16951,2.18833,nan,-0.0543758,-0.0679459
2,12.47125234,1.06339,3.70991,3.70991,nan,2.16951,2.18833,nan,-0.797288,-0.810858
2,12.51611215,3.32106,3.69193,3.69193,nan,2.15812,2.17699,nan,0.838251,0.824653
2,12.53854206,2.20859,3.68293,3.68293,nan,2.15243,2.17131,nan,0.0404801,0.0268683
2,12.60583178,1.93047,3.65596,3.65596,nan,2.13536,2.1543,nan,-0.147682,-0.161335
2,12.6955514,0.736196,3.62,3.62,nan,2.1126,2.13162,nan,-0.992114,-1.00582
2,12.91985047,1.79959,3.5301,3.5301,nan,2.05575,2.07496,nan,-0.184639,-0.198483
2,12.91985047,0.916155,3.5301,3.5301,nan,2.05575,2.07496,nan,-0.821421,-0.835265
2,12.98714019,4.33538,3.50313,3.50313,nan,2.03871,2.05797,nan,1.65545,1.64156
2,13.05442991,1.66871,3.47616,3.47616,nan,2.02167,2.04099,nan,-0.254414,-0.268337
2,13.05442991,4.5317,3.47616,3.47616,nan,2.02167,2.04099,nan,1.80923,1.79531
2,13.18900935,0.458078,3.42222,3.42222,nan,1.98762,2.00704,nan,-1.1025,-1.1165
2,13.23386916,2.38855,3.40424,3.40424,nan,1.97627,1.99574,nan,0.297168,0.283139
2,13.25629907,0.539877,3.39525,3.39525,nan,1.9706,1.99008,nan,-1.03127,-1.04531
2,13.30115888,3.58282,3.37727,3.37727,nan,1.95926,1.97878,nan,1.17027,1.1562
2,13.3908785,2.02863,3.34132,3.34132,nan,1.93659,1.95618,nan,0.0663416,0.0522217
2,13.41330841,3.76278,3.33233,3.33233,nan,1.93093,1.95053,nan,1.3204,1.30627
2,13.41330841,4.08998,3.33233,3.33233,nan,1.93093,1.95053,nan,1.55625,1.54212
2,13.45816822,2.65031,3.31435,3.31435,nan,1.9196,1.93924,nan,0.526697,0.512538
2,13.48059813,0.556237,3.30536,3.30536,nan,1.91393,1.93359,nan,-0.978631,-0.992802
2,13.52545794,2.14315,3.28739,3.28739,nan,1.90261,1.92231,nan,0.17338,0.159183
2,13.74975701,1.40695,3.19751,3.19751,nan,1.84605,1.86592,nan,-0.316505,-0.330827
2,13.81704673,0.997955,3.17055,3.17055,nan,1.82911,1.84903,nan,-0.599097,-0.613455
2,13.99648598,0.719836,3.09866,3.09866,nan,1.78397,1.80402,nan,-0.767026,-0.781481
2,14.0637757,1.55419,3.07171,3.07171,nan,1.76706,1.78716,nan,-0.153433,-0.167924
2,14.24321495,0.0981595,2.99983,2.99983,nan,1.72202,1.74226,nan,-1.17048,-1.18507
2,14.24321495,2.43763,2.99983,2.99983,nan,1.72202,1.74226,nan,0.515809,0.501225
2,14.31050467,2.78119,2.97288,2.97288,nan,1.70516,1.72544,nan,0.775602,0.760985
2,14.4002243,2.87935,2.93695,2.93695,nan,1.68269,1.70303,nan,0.862549,0.847887
2,14.4002243,4.05726,2.93695,2.93695,nan,1.68269,1.70303,nan,1.71159,1.69693
2,14.44508411,0.196319,2.91898,2.91898,nan,1.67147,1.69184,nan,-1.06329,-1.07798
2,14.44508411,1.01431,2.91898,2.91898,nan,1.67147,1.69184,nan,-0.473679,-0.488362
2,14.44508411,1.37423,2.91898,2.91898,nan,1.67147,1.69184,nan,-0.214249,-0.228933
2,14.53480374,2.73211,2.88306,2.88306,nan,1.64904,1.66947,nan,0.780675,0.765948
2,14.64695327,1.22699,2.83816,2.83816,nan,1.62104,1.64155,nan,-0.284033,-0.298811
2,14.87125234,1.79959,2.74837,2.74837,nan,1.56519,1.58583,nan,0.168959,0.154083
2,14.98340187,0.179959,2.70349,2.70349,nan,1.53733,1.55803,nan,-0.978396,-0.993319
2,15.02826168,1.79959,2.68554,2.68554,nan,1.5262,1.54693,nan,0.197058,0.182118
2,15.0955514,1.86503,2.65862,2.65862,nan,1.50953,1.53029,nan,0.256247,0.24128
2,15.25256075,3.68098,2.59582,2.59582,nan,1.4707,1.49155,nan,1.59317,1.57815
2,15.27499065,0.572597,2.58685,2.58685,nan,1.46516,1.48602,nan,-0.643364,-0.658398
2,15.29742056,1.68507,2.57788,2.57788,nan,1.45963,1.4805,nan,0.162499,0.147457
2,15.38714019,1.86503,2.54201,2.54201,nan,1.43752,1.45843,nan,0.308153,0.29308
2,15.47685981,0.883436,2.50615,2.50615,nan,1.41545,1.4364,nan,-0.383475,-0.398577
2,15.52171963,2.81391,2.48822,2.48822,nan,1.40443,1.4254,nan,1.01595,1.00084
2,15.90302804,1.66871,2.33594,2.33594,nan,1.31126,1.33238,nan,0.25765,0.242431
2,16.08246729,1.81595,2.26435,2.26435,nan,1.26776,1.28892,nan,0.395136,0.379883
2,16.26190654,2.56851,2.19284,2.19284,nan,1.22451,1.2457,nan,0.968757,0.95348
2,16.30676636,1.97955,2.17497,2.17497,nan,1.21374,1.23494,nan,0.552,0.536719
3,0,0.620408,6.77045,6.77045,6.22121,6.15759,6.54082,-4.03707,-3.99121,-4.26744
3,2.018691589,4.5551,7.60405,7.60405,5.77062,5.70945,6.05922,-0.876149,-0.83206,-1.08417
3,2.041121495,2.61224,7.60429,7.60429,5.76562,5.70448,6.05387,-2.27296,-2.22889,-2.48073
3,3.005607477,5.24082,7.43367,7.43367,5.55033,5.49037,5.82378,-0.223101,-0.179877,-0.420198
3,3.857943925,3.72245,7.13881,7.13881,5.36009,5.30115,5.62044,-1.18041,-1.13793,-1.36807
3,4.014953271,2.1551,7.07984,7.07984,5.32504,5.2663,5.58298,-2.2849,-2.24256,-2.47082
3,4.014953271,3.2,7.07984,7.07984,5.32504,5.2663,5.58298,-1.53173,-1.48939,-1.71766
3,4.037383178,5.01224,7.07135,7.07135,5.32004,5.26132,5.57763,-0.221856,-0.179534,-0.40753
3,4.351401869,3.82041,6.95121,6.95121,5.24995,5.19161,5.50271,-1.03041,-0.988366,-1.21261
3,5.001869159,3.11837,6.69731,6.69731,nan,5.04722,5.34754,nan,-1.39032,-1.60679
3,5.136448598,5.8449,6.64426,6.64426,nan,5.01734,5.31543,nan,0.596505,0.381642
3,5.226168224,1.94286,6.60882,6.60882,nan,4.99742,5.29403,nan,-2.20174,-2.41553
3,5.45046729,4.81633,6.52003,6.52003,nan,4.94763,5.24052,nan,-0.0946449,-0.305756
3,5.876635514,3.59184,6.35073,6.35073,nan,4.85303,5.13885,nan,-0.909069,-1.11509
3,5.943925234,4.70204,6.32395,6.32395,nan,4.83809,5.12279,nan,-0.0980645,-0.303279
3,6.011214953,4.3102,6.29715,6.29715,nan,4.82315,5.10674,nan,-0.369734,-0.574145
3,6.03364486,6.33469,6.28821,6.28821,nan,4.81817,5.10139,nan,1.09311,0.888968
3,6.347663551,4.60408,6.16299,6.16299,nan,4.74847,5.02648,nan,-0.104072,-0.304462
3,6.841121495,5.12653,5.96588,5.96588,nan,4.63892,4.90875,nan,0.351468,0.156974
3,6.908411215,6.12245,5.93898,5.93898,nan,4.62399,4.8927,nan,1.08009,0.886405
3,6.998130841,4.19592,5.9031,5.9031,nan,4.60407,4.8713,nan,-0.294197,-0.486814
3,7.020560748,6.17143,5.89413,5.89413,nan,4.59909,4.86595,nan,1.13334,0.940994
3,7.042990654,5.40408,5.88516,5.88516,nan,4.59411,4.8606,nan,0.583827,0.391746
3,7.155140187,7.77143,5.8403,5.8403,nan,4.56922,4.83384,nan,2.30816,2.11742
3,7.244859813,4.76735,5.8044,5.8044,nan,4.5493,4.81244,nan,0.157168,-0.0325007
3,7.289719626,6.85714,5.78645,5.78645,nan,4.53934,4.80173,nan,1.67068,1.48154
3,7.334579439,5.81224,5.7685,5.7685,nan,4.52938,4.79103,nan,0.924689,0.736092
3,7.334579439,4.44082,5.7685,5.7685,nan,4.52938,4.79103,nan,-0.0638398,-0.252437
3,7.379439252,4.01633,5.75054,5.75054,nan,4.51943,4.78033,nan,-0.362635,-0.550696
3,7.446728972,6.23673,5.72361,5.72361,nan,4.50449,4.76428,nan,1.24861,1.06135
3,7.648598131,4.81633,5.64279,5.64279,nan,4.45968,4.71612,nan,0.257074,0.0722294
3,7.693457944,6.44898,5.62483,5.62483,nan,4.44972,4.70542,nan,1.44107,1.25676
3,7.85046729,4.76735,5.56196,5.56196,nan,4.41487,4.66796,nan,0.254069,0.0716375
3,7.962616822,6.80816,5.51704,5.51704,nan,4.38997,4.64121,nan,1.74304,1.56195
3,8.007476636,5.74694,5.49907,5.49907,nan,4.38001,4.6305,nan,0.985283,0.804728
3,8.007476636,3.6898,5.49907,5.49907,nan,4.38001,4.6305,nan,-0.497509,-0.678065
3,8.007476636,5.3551,5.49907,5.49907,nan,4.38001,4.6305,nan,0.702847,0.522291
3,8.142056075,8.26122,5.44517,5.44517,nan,4.35014,4.5984,nan,2.81912,2.64017
3,8.231775701,4.5551,5.40922,5.40922,nan,4.33022,4.577,nan,0.162094,-0.015781
3,8.321495327,5.48571,5.37328,5.37328,nan,4.31031,4.55559,nan,0.847237,0.670434
3,8.343925234,4.32653,5.36429,5.36429,nan,4.30533,4.55024,nan,0.0152835,-0.161251
3,8.456074766,5.9102,5.31936,5.31936,nan,4.28043,4.52349,nan,1.17474,0.999548
3,8.747663551,4.75102,5.20252,5.20252,nan,4.21571,4.45393,nan,0.385856,0.214147
3,8.882242991,3.98367,5.14859,5.14859,nan,4.18583,4.42182,nan,-0.145716,-0.315817
3,8.94953271,6.66122,5.12162,5.12162,nan,4.1709,4.40577,nan,1.79503,1.62574
3,9.01682243,4.8,5.09465,5.09465,nan,4.15596,4.38972,nan,0.464226,0.295734
3,9.039252336,5.9102,5.08566,5.08566,nan,4.15098,4.38436,nan,1.26805,1.09983
3,9.039252336,4.60408,5.08566,5.08566,nan,4.15098,4.38436,nan,0.326597,0.158372
3,9.151401869,7.72245,5.04072,5.04072,nan,4.12609,4.35761,nan,2.59227,2.42538
3,9.218691589,3.80408,5.01375,5.01375,nan,4.11115,4.34156,nan,-0.221335,-0.387414
3,9.285981308,5.06122,4.98678,4.98678,nan,4.09621,4.32551,nan,0.695583,0.530307
3,9.330841121,6.22041,4.9688,4.9688,nan,4.08625,4.3148,nan,1.5383,1.37356
3,9.353271028,5.32245,4.95981,4.95981,nan,4.08128,4.30945,nan,0.89464,0.730169
3,9.375700935,4.39184,4.95082,4.95082,nan,4.0763,4.3041,nan,0.227442,0.0632388
3,9.487850467,6.26939,4.90586,4.90586,nan,4.0514,4.27735,nan,1.59873,1.43587
3,9.66728972,4.34286,4.83394,4.83394,nan,4.01157,4.23454,nan,0.238791,0.078073
3,9.846728972,4.71837,4.76201,4.76201,nan,3.97174,4.19174,nan,0.538169,0.379596
3,9.958878505,5.02857,4.71705,4.71705,nan,3.94685,4.16498,nan,0.779708,0.622475
3,10.00373832,6.92245,4.69907,4.69907,nan,3.93689,4.15428,nan,2.152,1.9953
3,10.02616822,4.35918,4.69008,4.69008,nan,3.93191,4.14893,nan,0.307978,0.15155
3,10.02616822,5.51837,4.69008,4.69008,nan,3.93191,4.14893,nan,1.14352,0.987092
3,10.11588785,7.24898,4.65412,4.65412,nan,3.912,4.12753,nan,2.4053,2.24995
3,10.22803738,3.80408,4.60916,4.60916,nan,3.8871,4.10078,nan,-0.0598427,-0.213858
3,10.2953271,5.1102,4.58218,4.58218,nan,3.87217,4.08472,nan,0.892379,0.739168
3,10.34018692,5.20816,4.5642,4.5642,nan,3.86221,4.07402,nan,0.970165,0.81749
3,10.38504673,3.15102,4.54622,4.54622,nan,3.85225,4.06332,nan,-0.50545,-0.657589
3,10.45233645,4.63673,4.51924,4.51924,nan,3.83732,4.04727,nan,0.576221,0.424887
3,10.65420561,4.70204,4.43832,4.43832,nan,3.79251,3.99912,nan,0.655591,0.50667
3,10.69906542,4.13061,4.42033,4.42033,nan,3.78255,3.98841,nan,0.250881,0.102496
3,10.74392523,3.4449,4.40235,4.40235,nan,3.7726,3.97771,nan,-0.236206,-0.384055
3,10.85607477,6.07347,4.35739,4.35739,nan,3.7477,3.95096,nan,1.67642,1.52991
3,10.94579439,4.21224,4.32142,4.32142,nan,3.72779,3.92956,nan,0.349196,0.20376
3,10.99065421,5.42041,4.30344,4.30344,nan,3.71783,3.91886,nan,1.22722,1.08232
3,11.01308411,5.99184,4.29445,4.29445,nan,3.71286,3.91351,nan,1.64269,1.49806
3,11.03551402,4.81633,4.28546,4.28546,nan,3.70788,3.90816,nan,0.798973,0.65461
3,11.14766355,6.38367,4.2405,4.2405,nan,3.68299,3.88141,nan,1.94666,1.80364
3,11.23738318,2.48163,4.20453,4.20453,nan,3.66307,3.86001,nan,-0.851583,-0.993534
3,11.28224299,4.65306,4.18655,4.18655,nan,3.65312,3.8493,nan,0.720763,0.579349
3,11.3271028,3.65714,4.16856,4.16856,nan,3.64316,3.8386,nan,0.01008,-0.130798
3,11.37196262,2.13878,4.15058,4.15058,nan,3.6332,3.8279,nan,-1.07719,-1.21753
3,11.41682243,4.16327,4.1326,4.1326,nan,3.62325,3.8172,nan,0.389247,0.249442
3,11.6635514,2.67755,4.03369,4.03369,nan,3.56849,3.75835,nan,-0.642189,-0.779043
3,11.68598131,3.2,4.02469,4.02469,nan,3.56351,3.753,nan,-0.262018,-0.398604
3,11.73084112,2.38367,4.00671,4.00671,nan,3.55355,3.7423,nan,-0.843252,-0.979301
3,11.86542056,3.36327,3.95276,3.95276,nan,3.52369,3.7102,nan,-0.115632,-0.250072
3,11.93271028,4.94694,3.92579,3.92579,nan,3.50875,3.69415,nan,1.03665,0.903012
3,12,3.78776,3.89881,3.89881,nan,3.49382,3.6781,nan,0.211869,0.0790389
3,12.02242991,6.22041,3.88982,3.88982,nan,3.48884,3.67275,nan,1.96892,1.83636
3,12.04485981,3.08571,3.88083,3.88083,nan,3.48386,3.6674,nan,-0.286988,-0.419281
3,12.11214953,5.64898,3.85386,3.85386,nan,3.46893,3.65135,nan,1.57138,1.43989
3,12.22429907,2.51429,3.8089,3.8089,nan,3.44404,3.6246,nan,-0.670172,-0.800319
3,12.29158879,4.88163,3.78193,3.78193,nan,3.42911,3.60855,nan,1.04698,0.917638
3,12.31401869,5.19184,3.77293,3.77293,nan,3.42413,3.6032,nan,1.27416,1.14509
3,12.3364486,2.82449,3.76394,3.76394,nan,3.41916,3.59785,nan,-0.428637,-0.557442
3,12.3588785,2.30204,3.75495,3.75495,nan,3.41418,3.5925,nan,-0.801632,-0.930169
3,12.44859813,4.73469,3.71899,3.71899,nan,3.39427,3.57111,nan,0.96618,0.838717
3,12.65046729,2.36735,3.63807,3.63807,nan,3.34948,3.52296,nan,-0.70792,-0.832968
3,12.6728972,3.46122,3.62908,3.62908,nan,3.3445,3.51761,nan,0.0841362,-0.0406433
3,12.74018692,3.05306,3.60211,3.60211,nan,3.32957,3.50156,nan,-0.199306,-0.323281
3,12.87476636,3.00408,3.54817,3.54817,nan,3.29971,3.46947,nan,-0.213087,-0.335451
3,12.94205607,4.08163,3.5212,3.5212,nan,3.28478,3.45342,nan,0.574376,0.452817
3,12.98691589,4.44082,3.50322,3.50322,nan,3.27482,3.44272,nan,0.84045,0.719429
3,13.00934579,4.57143,3.49423,3.49423,nan,3.26985,3.43737,nan,0.938183,0.81743
3,13.0317757,2.62857,3.48524,3.48524,nan,3.26487,3.43202,nan,-0.458645,-0.579129
3,13.16635514,4.60408,3.4313,3.4313,nan,3.23501,3.39993,nan,0.986829,0.867956
3,13.23364486,2.10612,3.40433,3.40433,nan,3.22008,3.38388,nan,-0.802944,-0.921012
3,13.30093458,3.55918,3.37736,3.37736,nan,3.20515,3.36784,nan,0.255186,0.137924
3,13.30093458,2.35102,3.37736,3.37736,nan,3.20515,3.36784,nan,-0.61566,-0.732923
3,13.32336449,3.13469,3.36837,3.36837,nan,3.20018,3.36249,nan,-0.0472001,-0.164194
3,13.3682243,2.93878,3.3504,3.3504,nan,3.19022,3.35179,nan,-0.181245,-0.297702
3,13.45794393,3.98367,3.31444,3.31444,nan,3.17032,3.3304,nan,0.586266,0.470884
3,13.65981308,5.33e-15,3.23355,3.23355,nan,3.12554,3.28226,nan,-2.2529,-2.36586
3,13.68224299,2.17143,3.22456,3.22456,nan,3.12056,3.27691,nan,-0.684139,-0.796834
3,13.74953271,1.69796,3.1976,3.1976,nan,3.10564,3.26087,nan,-1.01466,-1.12655
3,13.86168224,0.897959,3.15267,3.15267,nan,3.08076,3.23413,nan,-1.57337,-1.68391
3,13.92897196,3.57551,3.12571,3.12571,nan,3.06584,3.21808,nan,0.367374,0.257634
3,13.99626168,3.5102,3.09875,3.09875,nan,3.05091,3.20204,nan,0.331059,0.222125
3,14.01869159,1.50204,3.08977,3.08977,nan,3.04594,3.19669,nan,-1.11284,-1.22151
3,14.0411215,2.69388,3.08078,3.08078,nan,3.04096,3.19135,nan,-0.250179,-0.358576
3,14.13084112,5.30612,3.04484,3.04484,nan,3.02106,3.16996,nan,1.64707,1.53975
3,14.24299065,1.6,2.99992,2.99992,nan,2.99619,3.14322,nan,-1.00638,-1.11235
3,14.28785047,3.88571,2.98195,2.98195,nan,2.98624,3.13252,nan,0.648341,0.542901
3,14.33271028,2.77551,2.96399,2.96399,nan,2.97629,3.12183,nan,-0.144726,-0.249628
3,14.44485981,4.27755,2.91907,2.91907,nan,2.95143,3.0951,nan,0.955874,0.852316
3,14.64672897,2.25306,2.83825,2.83825,nan,2.90667,3.04698,nan,-0.471119,-0.572256
3,14.69158879,5.07755,2.82029,2.82029,nan,2.89672,3.03629,nan,1.57195,1.47135
3,14.93831776,2.93878,2.72153,2.72153,nan,2.84202,2.97748,nan,0.0697411,-0.0278994
3,14.98317757,3.10204,2.70358,2.70358,nan,2.83208,2.96679,nan,0.194591,0.0974884
3,15.00560748,1.19184,2.69461,2.69461,nan,2.8271,2.96145,nan,-1.1787,-1.27554
3,15.05046729,1.51837,2.67666,2.67666,nan,2.81716,2.95076,nan,-0.936173,-1.03247
3,15.11775701,5.38776,2.64974,2.64974,nan,2.80225,2.93472,nan,1.86364,1.76815
3,15.25233645,1.76327,2.59591,2.59591,nan,2.77242,2.90265,nan,-0.727401,-0.821273
3,15.29719626,2.98776,2.57797,2.57797,nan,2.76248,2.89196,nan,0.16238,0.0690459
3,15.36448598,1.25714,2.55107,2.55107,nan,2.74757,2.87593,nan,-1.0743,-1.16683
3,15.4317757,3.96735,2.52417,2.52417,nan,2.73266,2.8599,nan,0.889968,0.798249
3,15.67850467,0.0163265,2.42558,2.42558,nan,2.67799,2.80113,nan,-1.91853,-2.00729
3,15.92523364,2.59592,2.32707,2.32707,nan,2.62334,2.74237,nan,-0.0197669,-0.105559
3,16.1271028,0.881633,2.24656,2.24656,nan,2.57864,2.6943,nan,-1.22321,-1.30657
3,16.21682243,1.24082,2.2108,2.2108,nan,2.55878,2.67294,nan,-0.949988,-1.03228
3,16.30654206,2.85714,2.17506,2.17506,nan,2.53892,2.65158,nan,0.229379,0.14817
3,16.35140187,0.914286,2.1572,2.1572,nan,2.52899,2.6409,nan,-1.16388,-1.24455
3,16.4635514,2.84082,2.11256,2.11256,nan,2.50417,2.61421,nan,0.242659,0.163338
3,16.66542056,2.74286,2.03231,2.03231,nan,2.4595,2.56617,nan,0.204246,0.127353
3,16.97943925,0.163265,1.90777,1.90777,nan,2.39005,2.49148,nan,-1.60507,-1.67818
3,17.00186916,2.17143,1.89889,1.89889,nan,2.38509,2.48615,nan,-0.154008,-0.226851
3,17.11401869,2.23673,1.85452,1.85452,nan,2.3603,2.45948,nan,-0.089066,-0.160558
3,17.20373832,0.555102,1.81907,1.81907,nan,2.34047,2.43816,nan,-1.2869,-1.35731
3,17.29345794,0.457143,1.78367,1.78367,nan,2.32065,2.41683,nan,-1.34322,-1.41255
3,17.29345794,1.95918,1.78367,1.78367,nan,2.32065,2.41683,nan,-0.260544,-0.329873
3,17.31588785,3.2,1.77483,1.77483,nan,2.31569,2.4115,nan,0.637411,0.568352
3,17.42803738,2.67755,1.73066,1.73066,nan,2.29092,2.38485,nan,0.278684,0.210977
3,18.03364486,1.81224,1.49386,1.49386,nan,2.15728,2.24108,nan,-0.248705,-0.309106
3,18.12336449,4.5551,1.45909,1.45909,nan,2.13751,2.2198,nan,1.74261,1.68329
3,18.23551402,0.555102,1.41577,1.41577,nan,2.1128,2.19321,nan,-1.12279,-1.18075
3,18.37009346,1.30612,1.36401,1.36401,nan,2.08316,2.16132,nan,-0.560092,-0.616429
3,18.43738318,2.20408,1.33823,1.33823,nan,2.06835,2.14538,nan,0.0978354,0.0423117
3,18.95327103,2.04082,1.14339,1.14339,nan,1.95495,2.02332,nan,0.0618959,0.0126087
3,19.13271028,2.57959,1.07704,1.07704,nan,1.91557,1.98094,nan,0.478626,0.431508
3,19.26728972,0.359184,1.02786,1.02786,nan,1.88607,1.94918,nan,-1.10058,-1.14607
3,19.44672897,1.63265,0.963199,0.963199,nan,1.84678,1.90688,nan,-0.154343,-0.197664
3,20.43364486,1.66531,0.632667,0.632667,nan,1.63173,1.67529,nan,0.0242039,-0.00719688
4,0,1.95122,6.77045,6.77045,1.43099,1.41979,1.59377,0.374984,0.383055,0.257653
4,0.993314231,2.05765,7.33689,7.33689,2.97564,2.96537,3.11067,-0.661687,-0.654287,-0.759017
4,1.107927412,5.62306,7.38854,7.38854,3.15362,3.14319,3.28678,1.77998,1.7875,1.68399
4,1.184336199,0.922395,7.42053,7.42053,3.2723,3.26176,3.40422,-1.69381,-1.68622,-1.7889
4,1.222540592,4.25721,7.43574,7.43574,3.33165,3.32106,3.46294,0.667146,0.674779,0.572511
4,1.910219675,7.34368,7.59942,7.59942,4.40026,4.38871,4.52016,2.12162,2.12995,2.0352
4,1.986628462,4.00887,7.60329,7.60329,4.51901,4.50736,4.63764,-0.36771,-0.359311,-0.453222
4,2.101241643,5.81818,7.60372,7.60372,4.69714,4.68533,4.81387,0.80805,0.816565,0.723913
4,2.17765043,4.00887,7.60058,7.60058,4.81589,4.80397,4.93135,-0.581703,-0.573113,-0.664923
4,2.215854823,2.80266,7.59801,7.59801,4.87527,4.8633,4.99009,-1.49394,-1.48531,-1.5767
4,2.215854823,4.47007,7.59801,7.59801,4.87527,4.8633,4.99009,-0.29207,-0.283441,-0.374831
4,2.521489971,3.051,7.55639,7.55639,5.35029,5.33789,5.45999,-1.65733,-1.6484,-1.73641
4,2.903533906,8.26608,7.46372,7.46372,5.94406,5.93114,6.04728,1.67371,1.68303,1.59931
4,3.018147087,4.82483,7.42986,7.42986,6.12219,6.10911,6.22342,-0.93514,-0.92571,-1.0081
4,3.094555874,6.56319,7.40616,7.40616,6.24095,6.22776,6.34082,0.232274,0.24178,0.160288
4,3.132760267,6.17295,7.39401,7.39401,6.30033,6.28709,6.39951,-0.091814,-0.0822698,-0.163303
4,3.209169054,4.15078,7.36916,7.36916,6.41908,6.40573,6.51686,-1.635,-1.62538,-1.70548
4,3.209169054,4.66519,7.36916,7.36916,6.41908,6.40573,6.51686,-1.26421,-1.25459,-1.33469
4,3.209169054,6.03104,7.36916,7.36916,6.41908,6.40573,6.51686,-0.2797,-0.270079,-0.350177
4,3.896848138,8.26608,7.12428,7.12428,7.48788,7.47358,7.56131,0.560925,0.571231,0.507995
4,3.915950334,7.18404,7.11712,7.11712,7.51757,7.50324,7.58759,-0.240411,-0.230086,-0.290884
4,4.011461318,6.29712,7.08116,7.08116,7.65177,7.64124,7.68807,-0.976433,-0.968842,-1.0026
4,4.087870105,8.2306,7.05219,7.05219,7.7106,7.70549,7.72267,0.374818,0.378496,0.366114
4,4.106972302,7.55654,7.04493,7.04493,7.71853,7.71457,7.7259,-0.116759,-0.113905,-0.122076
4,4.183381089,7.73392,7.01577,7.01577,7.72924,7.72889,7.72233,0.00337463,0.00363165,0.0083541
4,4.240687679,7.27273,6.99382,6.99382,7.72038,7.72187,7.70642,-0.322666,-0.323742,-0.312607
4,4.240687679,4.50554,6.99382,6.99382,7.72038,7.72187,7.70642,-2.31726,-2.31833,-2.3072
4,4.508118434,7.94678,6.89053,6.89053,7.58415,7.5891,7.55801,0.261385,0.25782,0.280226
4,4.508118434,6.38581,6.89053,6.89053,7.58415,7.5891,7.55801,-0.863769,-0.867335,-0.844928
4,4.699140401,7.50333,6.81609,6.81609,7.45052,7.45582,7.42379,0.0380631,0.0342453,0.0573291
4,4.890162369,8.54989,6.74124,6.74124,7.30993,7.31513,7.28425,0.893766,0.890017,0.912273
4,4.928366762,7.57428,6.72622,6.72622,7.28152,7.28668,7.25613,0.211021,0.2073,0.229326
4,5.023877746,6.40355,6.68864,6.68864,7.21032,7.21537,7.18567,-0.58152,-0.585162,-0.563755
4,5.062082139,7.25499,6.67359,6.67359,7.18179,7.18679,7.15745,0.0527654,0.0491577,0.0703049
4,5.11938873,8.08869,6.65099,6.65099,7.13896,7.14389,7.1151,0.68457,0.681015,0.701766
4,5.17669532,7.5388,6.62837,6.62837,7.0961,7.10096,7.07273,0.319098,0.315597,0.335946
4,5.214899713,6.7051,6.61327,6.61327,7.06753,7.07233,7.04448,-0.261237,-0.264701,-0.244623
4,5.23400191,6.26164,6.60572,6.60572,7.05323,7.05801,7.03035,-0.570582,-0.574028,-0.554085
4,5.520534862,6.29712,6.49225,6.49225,6.83878,6.84317,6.81836,-0.390431,-0.393596,-0.37571
4,5.539637058,5.10865,6.48467,6.48467,6.82448,6.82884,6.80422,-1.23678,-1.23992,-1.22217
4,5.711556829,6.52772,6.41639,6.41639,6.69578,6.69991,6.67701,-0.121142,-0.124118,-0.107611
4,5.902578797,7.60976,6.34041,6.34041,6.55278,6.55665,6.53566,0.76187,0.759083,0.774211
4,5.921680993,6.86475,6.3328,6.3328,6.53848,6.54232,6.52152,0.235172,0.232404,0.247394
4,6.036294174,7.41463,6.28716,6.28716,6.45268,6.45636,6.43671,0.693379,0.690724,0.704887
4,6.074498567,5.42794,6.27193,6.27193,6.42408,6.42771,6.40844,-0.718021,-0.720638,-0.70675
4,6.074498567,5.14412,6.27193,6.27193,6.42408,6.42771,6.40844,-0.922594,-0.925211,-0.911324
4,6.112702961,8.42572,6.25671,6.25671,6.39548,6.39906,6.38017,1.4634,1.46082,1.47443
4,6.189111748,5.39246,6.22624,6.22624,6.33828,6.34175,6.32363,-0.681747,-0.68425,-0.671191
4,6.227316141,6.95344,6.21101,6.21101,6.30968,6.3131,6.29536,0.464023,0.461557,0.474341
4,6.227316141,5.78271,6.21101,6.21101,6.30968,6.3131,6.29536,-0.379843,-0.382309,-0.369525
4,6.227316141,5.85366,6.21101,6.21101,6.30968,6.3131,6.29536,-0.3287,-0.331165,-0.318381
4,6.532951289,4.64745,6.08902,6.08902,6.08088,6.08388,6.0692,-1.03322,-1.03538,-1.0248
4,6.532951289,5.60532,6.08902,6.08902,6.08088,6.08388,6.0692,-0.342781,-0.344944,-0.334366
4,6.723973257,5.21508,6.01271,6.01271,5.93788,5.94062,5.92785,-0.520995,-0.52297,-0.513769
4,6.914995224,5.78271,5.93635,5.93635,5.79487,5.79735,5.7865,-0.00877205,-0.0105585,-0.00273712
4,6.914995224,5.56984,5.93635,5.93635,5.79487,5.79735,5.7865,-0.162202,-0.163989,-0.156167
4,7.029608405,6.03104,5.89051,5.89051,5.70907,5.71139,5.70169,0.232076,0.230402,0.237396
4,7.067812798,6.13747,5.87523,5.87523,5.68047,5.68274,5.67342,0.329406,0.32777,0.334488
4,7.067812798,5.78271,5.87523,5.87523,5.68047,5.68274,5.67342,0.0736896,0.0720536,0.0787711
4,7.106017192,7.84035,5.85995,5.85995,5.65187,5.65409,5.64515,1.57746,1.57586,1.58231
4,7.182425979,4.75388,5.82938,5.82938,5.59467,5.59678,5.58861,-0.606044,-0.607567,-0.601677
4,7.220630372,5.35698,5.81409,5.81409,5.56607,5.56813,5.56034,-0.15071,-0.152195,-0.146581
4,7.220630372,4.50554,5.81409,5.81409,5.56607,5.56813,5.56034,-0.764431,-0.765916,-0.760302
4,7.258834766,4.36364,5.79881,5.79881,5.53747,5.53948,5.53207,-0.846102,-0.84755,-0.842211
4,7.526265521,6.102,5.69177,5.69177,5.33727,5.33891,5.33418,0.551217,0.550033,0.55344
4,7.526265521,4.32816,5.69177,5.69177,5.33727,5.33891,5.33418,-0.727368,-0.728552,-0.725144
4,7.698185291,7.04213,5.62294,5.62294,5.20857,5.20997,5.20697,1.32163,1.32062,1.32279
4,7.908309456,6.91796,5.53879,5.53879,5.05127,5.05238,5.05149,1.34552,1.34471,1.34536
4,7.908309456,4.39911,5.53879,5.53879,5.05127,5.05238,5.05149,-0.470073,-0.470879,-0.470231
4,8.022922636,4.61197,5.49289,5.49289,4.96547,4.96643,4.96668,-0.254798,-0.255491,-0.25567
4,8.022922636,4.15078,5.49289,5.49289,4.96547,4.96643,4.96668,-0.587229,-0.587923,-0.588102
4,8.06112703,4.39911,5.47758,5.47758,4.93686,4.93778,4.93841,-0.387613,-0.388269,-0.388724
4,8.099331423,4.89579,5.46228,5.46228,4.90826,4.90912,4.91014,-0.00899376,-0.00961319,-0.0103432
4,8.099331423,5.03769,5.46228,5.46228,4.90826,4.90912,4.91014,0.093293,0.0926736,0.0919436
4,8.213944604,4.18625,5.41637,5.41637,4.82246,4.82317,4.82533,-0.458582,-0.459089,-0.460646
4,8.213944604,3.08647,5.41637,5.41637,4.82246,4.82317,4.82533,-1.2513,-1.25181,-1.25337
4,8.213944604,3.33481,5.41637,5.41637,4.82246,4.82317,4.82533,-1.0723,-1.07281,-1.07437
4,8.2330468,4.5765,5.40872,5.40872,4.80816,4.80884,4.81119,-0.166986,-0.167474,-0.16917
4,8.519579752,4.77162,5.29392,5.29392,4.59366,4.59395,4.59917,0.12827,0.128067,0.1243
4,8.538681948,4.68293,5.28626,5.28626,4.57936,4.57962,4.58504,0.0746484,0.0744641,0.0705589
4,8.672397326,4.86031,5.23268,5.23268,4.47927,4.47934,4.4861,0.274658,0.274606,0.269735
4,8.901623687,6.03104,5.14082,5.14082,4.30767,4.30743,4.31648,1.24221,1.24238,1.23586
4,9.016236867,2.55432,5.09489,5.09489,4.22188,4.22147,4.23168,-1.20197,-1.20169,-1.20904
4,9.054441261,4.70067,5.07958,5.07958,4.19328,4.19282,4.20341,0.365727,0.366053,0.358424
4,9.073543457,4.23947,5.07192,5.07192,4.17898,4.1785,4.18927,0.043602,0.0439467,0.0361798
4,9.092645654,5.42794,5.06426,5.06426,4.16468,4.16417,4.17514,0.910561,0.910925,0.903019
4,9.092645654,4.32816,5.06426,5.06426,4.16468,4.16417,4.17514,0.117838,0.118202,0.110297
4,9.207258835,1.59645,5.01833,5.01833,4.07888,4.07822,4.09034,-1.78934,-1.78886,-1.7976
4,9.207258835,1.09978,5.01833,5.01833,4.07888,4.07822,4.09034,-2.14734,-2.14687,-2.1556
4,9.245463228,3.1929,5.00302,5.00302,4.05028,4.04957,4.06207,-0.617999,-0.617486,-0.626495
4,9.512893983,1.77384,4.89583,4.89583,3.8501,3.84902,3.8642,-1.49658,-1.4958,-1.50674
4,9.53199618,4.20399,4.88817,4.88817,3.8358,3.8347,3.85007,0.265389,0.266187,0.255109
4,9.70391595,7.29047,4.81926,4.81926,3.70712,3.70578,3.72287,2.58288,2.58385,2.57153
4,9.894937918,1.77384,4.74269,4.74269,3.56416,3.56255,3.58155,-1.29047,-1.28931,-1.30301
4,9.914040115,4.949,4.73503,4.73503,3.54986,3.54823,3.56742,1.0085,1.00968,0.995845
4,10.04775549,1.63193,4.68143,4.68143,3.44979,3.44798,3.46851,-1.31032,-1.30901,-1.32381
4,10.04775549,3.22838,4.68143,4.68143,3.44979,3.44798,3.46851,-0.159592,-0.158286,-0.173084
4,10.12416428,2.09313,4.6508,4.6508,3.39261,3.3907,3.41199,-0.93667,-0.93529,-0.950639
4,10.12416428,3.58315,4.6508,4.6508,3.39261,3.3907,3.41199,0.13734,0.13872,0.123372
4,10.20057307,0.922395,4.62017,4.62017,3.33543,3.33342,3.35547,-1.73932,-1.73787,-1.75377
4,10.20057307,1.20621,4.62017,4.62017,3.33543,3.33342,3.35547,-1.53475,-1.5333,-1.54919
4,10.20057307,1.59645,4.62017,4.62017,3.33543,3.33342,3.35547,-1.25346,-1.25201,-1.2679
4,10.27698185,1.41907,4.58954,4.58954,3.27826,3.27614,3.29896,-1.34011,-1.33858,-1.35503
4,10.50620821,2.62528,4.49765,4.49765,3.10677,3.10434,3.12944,-0.347059,-0.345307,-0.363404
4,10.67812798,4.23947,4.42873,4.42873,2.97818,2.97552,3.00234,0.909137,0.911057,0.891726
4,10.88825215,2.34146,4.34449,4.34449,2.82108,2.81813,2.84704,-0.345707,-0.343584,-0.364419
4,10.92645654,5.35698,4.32918,4.32918,2.79252,2.78952,2.81881,1.84847,1.85063,1.82952
4,11.04106972,0.851441,4.28323,4.28323,2.70687,2.70372,2.73414,-1.3374,-1.33513,-1.35705
4,11.06017192,3.40576,4.27557,4.27557,2.6926,2.68942,2.72003,0.514048,0.51634,0.494277
4,11.09837631,2.8204,4.26026,4.26026,2.66406,2.66083,2.69182,0.112687,0.115016,0.0926806
4,11.11747851,2.41242,4.2526,4.2526,2.6498,2.64654,2.67771,-0.171103,-0.168755,-0.191226
4,11.1938873,0.532151,4.22197,4.22197,2.59273,2.58937,2.6213,-1.48527,-1.48285,-1.50586
4,11.1938873,1.70288,4.22197,4.22197,2.59273,2.58937,2.6213,-0.641405,-0.638981,-0.661997
4,11.27029608,0.354767,4.19134,4.19134,2.53569,2.53222,2.5649,-1.57201,-1.56951,-1.59307
4,11.49952245,1.5255,4.09944,4.09944,2.36469,2.36092,2.39585,-0.604894,-0.602176,-0.62735
4,11.53772684,2.83814,4.08413,4.08413,2.33622,2.3324,2.3677,0.361781,0.364537,0.339095
4,11.72874881,4.96674,4.00755,4.00755,2.194,2.18992,2.22706,1.9986,2.00154,1.97477
4,11.91977077,2.44789,3.93097,3.93097,2.05208,2.04775,2.0867,0.285303,0.288423,0.260348
4,12.03438395,0.141907,3.88503,3.88503,1.96712,1.96264,2.00266,-1.31562,-1.31239,-1.34123
4,12.03438395,2.02217,3.88503,3.88503,1.96712,1.96264,2.00266,0.0396814,0.0429093,0.0140664
4,12.07258835,0.922395,3.86971,3.86971,1.93884,1.93431,1.97468,-0.732656,-0.729393,-0.758488
4,12.11079274,1.38359,3.8544,3.8544,1.91058,1.906,1.94672,-0.379854,-0.376556,-0.405902
4,12.11079274,3.01552,3.8544,3.8544,1.91058,1.906,1.94672,0.796443,0.799741,0.770395
4,12.22540592,0.496674,3.80846,3.80846,1.82595,1.82123,1.86297,-0.958142,-0.954739,-0.984825
4,12.22540592,2.76718,3.80846,3.80846,1.82595,1.82123,1.86297,0.678446,0.681849,0.651763
4,12.53104107,0.567627,3.68594,3.68594,1.60162,1.59654,1.64085,-0.745301,-0.74164,-0.773584
4,12.53104107,2.44789,3.68594,3.68594,1.60162,1.59654,1.64085,0.609998,0.613659,0.581715
4,12.70296084,3.40576,3.61703,3.61703,1.47665,1.47138,1.51701,1.39051,1.39431,1.36142
4,12.913085,2.55432,3.53281,3.53281,1.32562,1.32016,1.36717,0.885649,0.889586,0.855703
4,13.04680038,2.92683,3.47921,3.47921,1.23081,1.22524,1.27297,1.2225,1.22651,1.19211
4,13.06590258,0,3.47156,3.47156,1.21736,1.21178,1.2596,-0.877477,-0.873455,-0.907922
4,13.10410697,0.354767,3.45625,3.45625,1.19055,1.18494,1.23293,-0.602434,-0.598393,-0.632984
4,13.12320917,1.24169,3.44859,3.44859,1.17719,1.17157,1.21964,0.0464907,0.0505403,0.0158915
4,13.21872015,1.0643,3.41031,3.41031,1.11083,1.10515,1.15357,-0.0335342,-0.0294444,-0.0643429
4,13.5243553,2.18182,3.28783,3.28783,0.904753,0.899004,0.947759,0.920511,0.924655,0.889512
4,13.5243553,1.77384,3.28783,3.28783,0.904753,0.899004,0.947759,0.626437,0.630581,0.595438
4,13.69627507,3.051,3.21894,3.21894,0.794315,0.788607,0.836902,1.62662,1.63074,1.59592
4,13.92550143,2.5898,3.1271,3.1271,0.655256,0.649719,0.696487,1.39442,1.39841,1.3647
4,14.05921681,2.25277,3.07353,3.07353,0.579368,0.573999,0.619338,1.20619,1.21006,1.17738
4,14.0974212,0,3.05823,3.05823,0.558486,0.553174,0.59803,-0.402557,-0.398729,-0.431061
4,14.0974212,0.283814,3.05823,3.05823,0.558486,0.553174,0.59803,-0.197984,-0.194155,-0.226488
4,14.51766953,1.31264,2.88992,2.88992,0.355793,0.351374,0.388812,0.689696,0.692881,0.665896
4,14.7086915,6.40355,2.81344,2.81344,0.281674,0.277781,0.310848,4.41266,4.41546,4.39163
4,14.89971347,0.532151,2.73698,2.73698,0.21925,0.215918,0.24433,0.225539,0.227941,0.207462
4,15.05253104,1.70288,2.67583,2.67583,0.177434,0.174545,0.199231,1.09955,1.10163,1.08384
4,15.70200573,3.76053,2.41619,2.41619,0.0662262,0.0648865,0.0764532,2.66286,2.66383,2.65549
4,15.8930277,0.0709534,2.33993,2.33993,0.0486424,0.0476115,0.0565279,0.0160818,0.0168249,0.010398
4,16.04584527,1.91574,2.27896,2.27896,0.0378527,0.0370237,0.0442042,1.35359,1.35418,1.34901
4,16.10315186,0.86918,2.25611,2.25611,0.0344296,0.0336669,0.0402767,0.601689,0.602239,0.597475
4,16.52340019,1.5255,2.08876,2.08876,0.0170286,0.0166199,0.0201495,1.08731,1.0876,1.08506
4,16.71442216,4.45233,2.01285,2.01285,0.0123178,0.0120127,0.0146448,3.20037,3.20059,3.19869
4,16.88634193,0.354767,1.94465,1.94465,0.00919038,0.00895928,0.0109727,0.249092,0.249259,0.247808
4,17.0582617,2.1286,1.87657,1.87657,0.0068512,0.00667583,0.00821268,1.52936,1.52949,1.52838
4,17.68863419,2.69623,1.62837,1.62837,0.00232336,0.00225901,0.00282312,1.94177,1.94182,1.94141
