parameter,value,CV,se_sa,rse_sa,P2.5_sa,P97.5_sa
alpha_pop,4.93e-05,
D_pop,0.983812208713722,,0.305419073423921,31.0444483935851,0.555889,1.74115
E_pop,5,
C_pop,10,
B_pop,6933.26723527687,,1.24426978856981,0.0179463699630513,6930.83,6935.71
ECLIPSE0_pop,9.99999999999999e-08,
BUD0_pop,0.033,
ep_pop,0.001,
Time0_pop,11.5073687700491,,4.95763950240021,43.0823031873606,0.112691,13.9947
omega_alpha,12.2926867562242,6.50356746762057e+34,6.48474716526042,52.7528870934336,5.06733,29.8205
omega_D,0.578890051369117,63.0951129882884,0.208381484671719,35.9967292889006,0.302337,1.10841
omega_B,4.56540502588305e-05,0.00456540501413968,5.78851023851272e-05,126.790727343914,9.72927e-06,0.000214229
omega_Time0,4.43243356321449,62.9703788143574,3.6322892159705,81.9479675028968,1.32746,14.8001
a,1.39481364842847,,0.0720836544323028,5.16797742218245,1.26071,1.54319
b,2.22044604925031e-16,,0.0178050308705957,8.0186730394135e+15,3.38969e-21,1.45452e-11