parameter,value,CV,se_sa,rse_sa,P2.5_sa,P97.5_sa
alpha_pop,4.93e-05,
D_pop,1.24183371122369,,1.02303418164488,82.380931714021,0.370419,4.16326
E_pop,5,
C_pop,10,
B_pop,48408.1029198488,,10950.4638496827,22.6211381755938,31559.7,74251.1
ECLIPSE0_pop,9.99999999999999e-08,
BUD0_pop,0.033,
ep_pop,0.001,
Time0_pop,13.0529186818803,,5.45568710819988,41.7966834940395,0.00823287,14
omega_D,0.795692960610048,93.9942337862172,0.593069755455476,74.5350009130126,0.256034,2.47283
omega_B,0.0547328301393534,5.47738462811025,0.065754352202014,120.136948947458,0.0121693,0.246167
omega_Time0,7.94136011370585,69.1642434044973,6.4057033431608,80.6625471133756,2.40717,26.1989
a,1.44034493175899,,0.250836408752019,17.4150235281274,1.0314,2.01144
b,0.000158091008791926,,0.0558445699888036,35324.3175659055,1.37044e-06,0.018237