parameter,value,CV,se_sa,rse_sa,P2.5_sa,P97.5_sa
alpha_pop,4.93e-05,
D_pop,0.326035875093639,,0.049421686704831,15.1583584753171,0.243428,0.436676
E_pop,5,
C_pop,10,
B_pop,5419.47981183861,,717.325466968242,13.2360575530013,4194.95,7001.46
ECLIPSE0_pop,9.99999999999999e-08,
BUD0_pop,0.033,
ep_pop,0.001,
Time0_pop,13.5652377801122,,4.92220102503234,36.2854017365527,0.0450338,14
omega_alpha,4.15009260485433,549522.217304446,2.94553455696505,70.9751525428536,1.38507,12.4349
omega_D,0.251760498261341,25.5803037359743,0.106943451698794,42.4782491444631,0.11935,0.531073
omega_B,0.0713850090145083,7.14760469147032,0.11868389167615,166.258845259834,0.012303,0.414194
omega_Time0,5.04501154658925,49.1416293534288,4.29089995616169,85.0523317248424,1.46852,17.3319
a,0.00322047960375393,,0.102705906851985,3189.14942768978,8.32678e-05,0.124556
b,0.269185824686846,,0.0178193789301904,6.61973153709722,0.236531,0.306348