parameter,value,CV,se_sa,rse_sa,P2.5_sa,P97.5_sa
alpha_pop,4.93e-05,
D_pop,0.978005395386909,,0.296228871001101,30.2890835161405,0.559482,1.70961
E_pop,5,
C_pop,10,
B_pop,6927.40601835101,,115.189422980919,1.66280744445723,6705.32,7156.84
ECLIPSE0_pop,9.99999999999999e-08,
BUD0_pop,0.033,
ep_pop,0.001,
Time0_pop,11.2418778893885,,5.76803218439709,51.3084401124985,0.00303035,13.9999
omega_alpha,12.5521111117071,1.63207713337605e+36,6.36327802308898,50.6948828484642,5.31429,29.6475
omega_D,0.545646838834472,58.8896204749651,0.254107020812178,46.5698695066139,0.244185,1.21928
omega_B,0.000624166933412423,0.0624166994249758,0.00203009293645805,325.248395546877,6.49692e-05,0.00599645
omega_Time0,2.82763682695481,50.8315418706917,6.20257900582444,219.355574474683,0.393846,20.3011
a,1.39857119859657,,0.128483268751605,9.18675208530922,1.16943,1.67261
b,2.22044604925031e-16,,0.0345060705987732,1.55401526690655e+16,3.02445e-21,1.63017e-11