id,time,y10_,popPred_medianCOV,popPred,indivPred_SAEM,indivPred_mean,indivPred_mode,indWRes_SAEM,indWRes_mean,indWRes_mode
1,0,0.780488,5.42635,5.42635,4.86673,4.85747,4.83248,-2.92173,-2.91511,-2.89723
1,0,1.59645,5.42635,5.42635,4.86673,4.85747,4.83248,-2.3383,-2.33168,-2.31381
1,0.667302193,5.67627,5.67693,5.67693,5.44276,5.43317,5.40712,0.166967,0.173826,0.192453
1,0.762631077,5.25055,5.71259,5.71259,5.52505,5.51541,5.48921,-0.196268,-0.189376,-0.17064
1,1.029551954,3.22838,5.8122,5.8122,5.75546,5.74569,5.71906,-1.8069,-1.79991,-1.78087
1,1.18207817,7.3082,5.86894,5.86894,5.88713,5.87728,5.8504,1.01609,1.02314,1.04235
1,1.220209724,3.051,5.8831,5.8831,5.92004,5.91017,5.88324,-2.05141,-2.04436,-2.02509
1,1.258341277,5.32151,5.89725,5.89725,5.95296,5.94307,5.91607,-0.451499,-0.444427,-0.425121
1,1.258341277,5.74723,5.89725,5.89725,5.95296,5.94307,5.91607,-0.147102,-0.14003,-0.120724
1,1.315538608,5.88914,5.91845,5.91845,6.00234,5.99242,5.96532,-0.08094,-0.0738477,-0.0544743
1,1.315538608,6.38581,5.91845,5.91845,6.00234,5.99242,5.96532,0.27419,0.281282,0.300655
1,1.410867493,4.15078,5.95374,5.95374,6.08463,6.07466,6.04741,-1.38273,-1.37561,-1.35612
1,1.448999047,3.37029,5.96783,5.96783,6.11754,6.10756,6.08024,-1.96433,-1.95719,-1.93766
1,1.468064824,8.17738,5.97487,5.97487,6.134,6.124,6.09666,1.46105,1.4682,1.48775
1,1.601525262,5.32151,6.02408,6.02408,6.24921,6.23914,6.21157,-0.66332,-0.656124,-0.636408
1,1.67778837,6.45676,6.05212,6.05212,6.31504,6.30494,6.27723,0.101333,0.108557,0.128367
1,1.754051478,4.15078,6.08009,6.08009,6.38087,6.37073,6.34289,-1.59455,-1.5873,-1.5674
1,1.754051478,4.61197,6.08009,6.08009,6.38087,6.37073,6.34289,-1.26479,-1.25754,-1.23764
1,1.754051478,8.15965,6.08009,6.08009,6.38087,6.37073,6.34289,1.27185,1.2791,1.299
1,1.811248808,6.79379,6.10104,6.10104,6.43025,6.42008,6.39214,0.259939,0.267211,0.287187
1,1.982840801,3.29933,6.16363,6.16363,6.57837,6.56811,6.53987,-2.34456,-2.33723,-2.31703
1,1.982840801,6.38581,6.16363,6.16363,6.57837,6.56811,6.53987,-0.137685,-0.130351,-0.110153
1,2.020972355,5.14412,6.17748,6.17748,6.61129,6.60101,6.57269,-1.04904,-1.0417,-1.02145
1,2.020972355,6.66962,6.17748,6.17748,6.61129,6.60101,6.57269,0.0417108,0.049058,0.0693071
1,2.097235462,7.20177,6.20514,6.20514,6.67712,6.66681,6.63834,0.375135,0.38251,0.402863
1,2.135367016,5.1796,6.21893,6.21893,6.71004,6.6997,6.67116,-1.09429,-1.0869,-1.06649
1,2.230695901,6.31486,6.25331,6.25331,6.79233,6.78195,6.75321,-0.341399,-0.333976,-0.313433
1,2.249761678,7.80488,6.26017,6.26017,6.80879,6.79839,6.76962,0.712221,0.719651,0.740223
1,2.249761678,7.48559,6.26017,6.26017,6.80879,6.79839,6.76962,0.483924,0.491354,0.511925
1,2.326024786,5.46341,6.28755,6.28755,6.87462,6.86419,6.83526,-1.00903,-1.00157,-0.980887
1,2.326024786,7.27273,6.28755,6.28755,6.87462,6.86419,6.83526,0.284654,0.292112,0.312799
1,2.364156339,6.13747,6.3012,6.3012,6.90753,6.89709,6.86807,-0.550606,-0.543135,-0.522387
1,2.402287893,5.74723,6.31482,6.31482,6.94045,6.92998,6.90088,-0.853173,-0.845688,-0.824877
1,2.440419447,6.03104,6.32841,6.32841,6.97337,6.96288,6.93368,-0.673777,-0.666278,-0.645404
1,2.459485224,8.15965,6.3352,6.3352,6.98983,6.97933,6.95009,0.836439,0.843945,0.864853
1,2.592945663,7.59202,6.38248,6.38248,7.10503,7.09447,7.06487,0.348202,0.355756,0.376916
1,2.66920877,8.12417,6.40933,6.40933,7.17086,7.16026,7.13043,0.681627,0.689208,0.710536
1,2.745471878,8.37251,6.43603,6.43603,7.2367,7.22605,7.19595,0.812122,0.81973,0.841253
1,2.745471878,7.41463,6.43603,6.43603,7.2367,7.22605,7.19595,0.127229,0.134838,0.15636
1,2.764537655,5.67627,6.44268,6.44268,7.25315,7.2425,7.21233,-1.12749,-1.11988,-1.0983
1,2.802669209,5.8714,6.45596,6.45596,7.28607,7.2754,7.24505,-1.01151,-1.00388,-0.982186
1,2.974261201,5.92461,6.5152,6.5152,7.4323,7.42245,7.3917,-1.07802,-1.07098,-1.04899
1,2.974261201,7.62749,6.5152,6.5152,7.4323,7.42245,7.3917,0.139569,0.146607,0.168596
1,2.974261201,6.68736,6.5152,6.5152,7.4323,7.42245,7.3917,-0.532641,-0.525603,-0.503613
1,3.012392755,6.102,6.52825,6.52825,7.45918,7.45094,7.42275,-0.970406,-0.964517,-0.94436
1,3.012392755,7.98226,6.52825,6.52825,7.45918,7.45094,7.42275,0.374013,0.379903,0.40006
1,3.088655863,6.77605,6.5542,6.5542,7.49222,7.48872,7.47247,-0.512071,-0.509565,-0.497949
1,3.16491897,6.31486,6.57995,6.57995,7.49523,7.4962,7.49446,-0.843986,-0.844676,-0.843437
1,3.203050524,7.48559,6.59275,6.59275,7.4874,7.49009,7.49454,-0.00129672,-0.00322084,-0.00640358
1,3.241182078,8.37251,6.60549,6.60549,7.47484,7.4789,7.48847,0.641842,0.638938,0.632098
1,3.241182078,8.2306,6.60549,6.60549,7.47484,7.4789,7.48847,0.540377,0.537473,0.530633
1,3.241182078,6.95344,6.60549,6.60549,7.47484,7.4789,7.48847,-0.372814,-0.375718,-0.382558
1,3.317445186,4.82483,6.6308,6.6308,7.4395,7.44542,7.46222,-1.86953,-1.87376,-1.88577
1,3.317445186,8.08869,6.6308,6.6308,7.4395,7.44542,7.46222,0.464179,0.459948,0.447938
1,3.317445186,7.7694,6.6308,6.6308,7.4395,7.44542,7.46222,0.235882,0.231651,0.219641
1,3.35557674,5.96009,6.64337,6.64337,7.41829,7.4248,7.444,-1.04264,-1.04729,-1.06102
1,3.35557674,5.39246,6.64337,6.64337,7.41829,7.4248,7.444,-1.4485,-1.45315,-1.46688
1,3.393708294,8.2306,6.65588,6.65588,7.39549,7.40244,7.42344,0.597116,0.592149,0.577132
1,3.393708294,6.95344,6.65588,6.65588,7.39549,7.40244,7.42344,-0.316075,-0.321042,-0.336059
1,3.469971401,7.55654,6.6807,6.6807,7.34669,7.35417,7.37751,0.150049,0.144695,0.12801
1,3.469971401,7.27273,6.6807,6.6807,7.34669,7.35417,7.37751,-0.0528824,-0.0582362,-0.0749213
1,3.508102955,9.15299,6.69301,6.69301,7.32123,7.32887,7.35294,1.30974,1.30427,1.28707
1,3.546234509,6.95344,6.70525,6.70525,7.29531,7.30306,7.32767,-0.244442,-0.249988,-0.267579
1,3.584366063,7.59202,6.71742,6.71742,7.26905,7.27688,7.30188,0.230926,0.225326,0.207453
1,3.698760724,8.33703,6.75348,6.75348,7.18907,7.197,7.22266,0.820806,0.815139,0.796791
1,3.736892278,8.01774,6.76535,6.76535,7.16217,7.17011,7.19589,0.611741,0.60607,0.587636
1,3.775023832,5.49889,6.77712,6.77712,7.13521,7.14314,7.16901,-1.16999,-1.17566,-1.19416
1,3.775023832,7.00665,6.77712,6.77712,7.13521,7.14314,7.16901,-0.0919202,-0.0975905,-0.116088
1,3.813155386,4.75388,6.78882,6.78882,7.10819,7.11612,7.14206,-1.68337,-1.68904,-1.70758
1,3.889418494,8.58537,6.81194,6.81194,7.05407,7.06196,7.088,1.0949,1.08926,1.07064
1,3.908484271,8.85144,6.81766,6.81766,7.04052,7.04841,7.07446,1.29484,1.2892,1.27057
1,3.965681602,7.37916,6.83468,6.83468,6.99986,7.00772,7.03382,0.271204,0.26558,0.246922
1,3.965681602,5.81818,6.83468,6.83468,6.99986,7.00772,7.03382,-0.844917,-0.850541,-0.869199
1,3.965681602,6.63415,6.83468,6.83468,6.99986,7.00772,7.03382,-0.26149,-0.267114,-0.285772
1,4.003813155,6.84701,6.84591,6.84591,6.97274,6.98059,7.0067,-0.0899002,-0.0955114,-0.114186
1,4.003813155,6.98891,6.84591,6.84591,6.97274,6.98059,7.0067,0.0115654,0.00595425,-0.0127204
1,4.061010486,8.03548,6.86256,6.86256,6.93205,6.93986,6.96601,0.788971,0.78338,0.764684
1,4.156339371,8.26608,6.88977,6.88977,6.8642,6.87197,6.89816,1.00236,0.996806,0.978082
1,4.194470925,7.96452,6.90046,6.90046,6.83706,6.84481,6.87101,0.806153,0.800613,0.781879
1,4.232602479,7.1663,6.91103,6.91103,6.80992,6.81765,6.84386,0.254817,0.249292,0.230548
1,4.232602479,7.69845,6.91103,6.91103,6.80992,6.81765,6.84386,0.635313,0.629788,0.611044
1,4.289799809,8.07095,6.92667,6.92667,6.7692,6.7769,6.80313,0.930773,0.92527,0.906512
1,4.308865586,6.13747,6.93182,6.93182,6.75563,6.76331,6.78956,-0.441992,-0.447487,-0.466249
1,4.308865586,6.66962,6.93182,6.93182,6.75563,6.76331,6.78956,-0.0614958,-0.0669909,-0.0857533
1,4.327931363,8.26608,6.93694,6.93694,6.74206,6.74973,6.77598,1.0897,1.08421,1.06544
1,4.327931363,5.78271,6.93694,6.93694,6.74206,6.74973,6.77598,-0.685951,-0.691439,-0.710206
1,4.327931363,6.26164,6.93694,6.93694,6.74206,6.74973,6.77598,-0.343505,-0.348992,-0.367759
1,4.34699714,7.62749,6.94202,6.94202,6.72848,6.73615,6.7624,0.642806,0.637326,0.618555
1,4.385128694,6.77605,6.9521,6.9521,6.70134,6.70898,6.73525,0.0534224,0.0479573,0.0291773
1,4.423260248,6.91796,6.96204,6.96204,6.67419,6.68181,6.70809,0.174298,0.168848,0.150059
1,4.461391802,7.02439,6.97185,6.97185,6.64705,6.65465,6.68094,0.269807,0.264372,0.245575
1,4.499523356,7.52106,6.98151,6.98151,6.6199,6.62748,6.65378,0.644347,0.638927,0.620121
1,4.59485224,8.01774,7.00504,7.00504,6.55203,6.55956,6.58589,1.048,1.04262,1.02379
1,4.652049571,7.66297,7.01871,7.01871,6.51131,6.51881,6.54516,0.823453,0.818095,0.799254
1,4.747378456,7.18404,7.04068,7.04068,6.44345,6.45089,6.47727,0.529533,0.524212,0.50535
1,4.766444233,4.36364,7.04495,7.04495,6.42987,6.4373,6.46369,-1.47739,-1.4827,-1.50157
1,4.804575786,4.75388,7.05337,7.05337,6.40273,6.41013,6.43653,-1.17895,-1.18425,-1.20312
1,4.880838894,8.01774,7.06968,7.06968,6.34843,6.3558,6.38222,1.19358,1.18831,1.16942
1,4.957102002,5.07317,7.08527,7.08527,6.29414,6.30146,6.32791,-0.873014,-0.878248,-0.897157
1,4.995233556,3.5122,7.09278,7.09278,6.267,6.27429,6.30075,-1.96973,-1.97494,-1.99386
1,4.995233556,6.88248,7.09278,7.09278,6.267,6.27429,6.30075,0.440082,0.434865,0.415947
1,4.995233556,7.02439,7.09278,7.09278,6.267,6.27429,6.30075,0.541548,0.53633,0.517413
1,4.995233556,7.27273,7.09278,7.09278,6.267,6.27429,6.30075,0.719113,0.713895,0.694977
1,4.995233556,6.17295,7.09278,7.09278,6.267,6.27429,6.30075,-0.0672457,-0.0724635,-0.0913811
1,5.03336511,7.52106,7.1001,7.1001,6.23985,6.24713,6.2736,0.916087,0.910886,0.891959
1,5.03336511,5.46341,7.1001,7.1001,6.23985,6.24713,6.2736,-0.555164,-0.560366,-0.579292
1,5.071496663,5.96009,7.10723,7.10723,6.21271,6.21996,6.24644,-0.180625,-0.18581,-0.204745
1,5.147759771,7.41463,7.12087,7.12087,6.15841,6.16562,6.19213,0.898217,0.893065,0.874112
1,5.147759771,5.28603,7.12087,7.12087,6.15841,6.16562,6.19213,-0.623768,-0.628919,-0.647872
1,5.224022879,5.07317,7.13369,7.13369,6.10412,6.11128,6.13781,-0.737147,-0.742267,-0.761237
1,5.300285987,7.94678,7.14566,7.14566,6.04983,6.05695,6.0835,1.35635,1.35126,1.33228
1,5.300285987,7.20177,7.14566,7.14566,6.04983,6.05695,6.0835,0.823656,0.818568,0.799582
1,5.319351764,2.44789,7.14851,7.14851,6.03626,6.04336,6.06992,-2.56574,-2.57082,-2.58981
1,5.319351764,6.56319,7.14851,7.14851,6.03626,6.04336,6.06992,0.376766,0.371686,0.352695
1,5.338417541,3.68958,7.15131,7.15131,6.02269,6.02978,6.05635,-1.66821,-1.67328,-1.69227
1,5.338417541,6.11973,7.15131,7.15131,6.02269,6.02978,6.05635,0.0693906,0.0643184,0.0453236
1,5.338417541,5.74723,7.15131,7.15131,6.02269,6.02978,6.05635,-0.196957,-0.202029,-0.221024
1,5.376549094,5.46341,7.15673,7.15673,5.99554,6.00261,6.02919,-0.380478,-0.385534,-0.404538
1,5.395614871,6.03104,7.15936,7.15936,5.98197,5.98903,6.01561,0.035089,0.0300409,0.0110332
1,5.452812202,6.97118,7.1669,7.1669,5.94125,5.94828,5.97488,0.736413,0.731389,0.712369
1,5.452812202,4.47007,7.1669,7.1669,5.94125,5.94828,5.97488,-1.05192,-1.05694,-1.07596
1,5.510009533,7.23725,7.17391,7.17391,5.90053,5.90752,5.93414,0.955775,0.950775,0.931742
1,5.52907531,6.75831,7.17613,7.17613,5.88696,5.89394,5.92056,0.623034,0.618041,0.599004
1,5.605338418,7.62749,7.18441,7.18441,5.83267,5.83961,5.86625,1.28333,1.27837,1.25932
1,5.605338418,6.56319,7.18441,7.18441,5.83267,5.83961,5.86625,0.522337,0.517376,0.498323
1,5.643469971,5.32151,7.18818,7.18818,5.80552,5.81244,5.8391,-0.346077,-0.351021,-0.370084
1,5.681601525,7.73392,7.1917,7.1917,5.77838,5.78527,5.81194,1.39825,1.39332,1.37425
1,5.681601525,5.56984,7.1917,7.1917,5.77838,5.78527,5.81194,-0.149103,-0.15403,-0.173102
1,5.738798856,3.26386,7.19651,7.19651,5.73766,5.74452,5.77121,-1.7688,-1.77371,-1.79279
1,5.757864633,6.35033,7.19799,7.19799,5.72408,5.73093,5.75763,0.447777,0.442881,0.423793
1,5.834127741,5.10865,7.20327,7.20327,5.66979,5.6766,5.70332,-0.401228,-0.406092,-0.425197
1,5.872259295,6.45676,7.20553,7.20553,5.64265,5.64943,5.67616,0.582105,0.577257,0.558144
1,5.929456625,0.674058,7.20843,7.20843,5.60193,5.60868,5.63542,-3.5235,-3.52833,-3.54745
1,5.929456625,5.90687,7.20843,7.20843,5.60193,5.60868,5.63542,0.21804,0.213216,0.19409
1,5.948522402,5.46341,7.20927,7.20927,5.58836,5.59509,5.62185,-0.0893353,-0.0941509,-0.113281
1,5.986653956,4.1153,7.21075,7.21075,5.56121,5.56792,5.59469,-1.03385,-1.03865,-1.05779
1,6.02478551,5.1796,7.21196,7.21196,5.53407,5.54076,5.56753,-0.253447,-0.258231,-0.277378
1,6.062917064,3.97339,7.21292,7.21292,5.50692,5.51359,5.54038,-1.0965,-1.10126,-1.12042
1,6.081982841,3.77827,7.2133,7.2133,5.49335,5.5,5.5268,-1.22631,-1.23107,-1.25023
1,6.101048618,4.93126,7.21361,7.21361,5.47977,5.48642,5.51322,-0.392193,-0.396945,-0.416109
1,6.139180172,6.35033,7.21405,7.21405,5.45263,5.45925,5.48607,0.641872,0.637137,0.617964
1,6.139180172,6.102,7.21405,7.21405,5.45263,5.45925,5.48607,0.464307,0.459572,0.440399
1,6.234509056,5.97783,7.21399,7.21399,5.38476,5.39133,5.41818,0.424049,0.419355,0.400159
1,6.253574833,5.81818,7.21378,7.21378,5.37119,5.37775,5.4046,0.319605,0.314918,0.295719
1,6.253574833,5.00222,7.21378,7.21378,5.37119,5.37775,5.4046,-0.263822,-0.268509,-0.287708
1,6.291706387,3.90244,7.21317,7.21317,5.34405,5.35058,5.37744,-1.03077,-1.03544,-1.05465
1,6.291706387,3.6541,7.21317,7.21317,5.34405,5.35058,5.37744,-1.20834,-1.21301,-1.23221
1,6.329837941,6.91796,7.2123,7.2123,5.3169,5.32341,5.35029,1.14478,1.14013,1.12091
1,6.329837941,4.15078,7.2123,7.2123,5.3169,5.32341,5.35029,-0.833797,-0.838452,-0.857668
1,6.348903718,6.4745,7.21177,7.21177,5.30333,5.30983,5.33671,0.837407,0.83276,0.81354
1,6.367969495,6.03104,7.21117,7.21117,5.28976,5.29624,5.32313,0.530032,0.525393,0.506169
1,6.406101049,4.64745,7.20979,7.20979,5.26261,5.26907,5.29597,-0.439849,-0.444471,-0.463704
1,6.406101049,4.43459,7.20979,7.20979,5.26261,5.26907,5.29597,-0.592047,-0.59667,-0.615902
1,6.444232602,7.13082,7.20816,7.20816,5.23546,5.24191,5.26882,1.35521,1.3506,1.33136
1,6.444232602,2.98004,7.20816,7.20816,5.23546,5.24191,5.26882,-1.61266,-1.61727,-1.63651
1,6.52049571,4.15078,7.20413,7.20413,5.18117,5.18757,5.2145,-0.73675,-0.741324,-0.760583
1,6.52049571,4.96674,7.20413,7.20413,5.18117,5.18757,5.2145,-0.153323,-0.157897,-0.177155
1,6.596758818,4.29268,7.19911,7.19911,5.12688,5.13323,5.16019,-0.596465,-0.601008,-0.620283
1,6.615824595,5.25055,7.1977,7.1977,5.11331,5.11965,5.14661,0.098133,0.093598,0.0743184
1,6.634890372,5.03769,7.19623,7.19623,5.09973,5.10607,5.13304,-0.0443599,-0.0488877,-0.0681715
1,6.673021926,5.60532,7.19312,7.19312,5.07259,5.0789,5.10588,0.380913,0.3764,0.357108
1,6.749285033,3.58315,7.18617,7.18617,5.0183,5.02456,5.05157,-1.02615,-1.03063,-1.04994
1,6.787416587,4.5765,7.18235,7.18235,4.99115,4.9974,5.02441,-0.296483,-0.30095,-0.320267
1,6.787416587,5.00222,7.18235,7.18235,4.99115,4.9974,5.02441,0.0079139,0.00344671,-0.0158701
1,6.863679695,5.92461,7.17404,7.17404,4.93686,4.94306,4.9701,0.70626,0.701823,0.68249
1,6.882745472,4.77162,7.17182,7.17182,4.92328,4.92948,4.95652,-0.108443,-0.112872,-0.132209
1,6.95900858,5.12639,7.1624,7.1624,4.86899,4.87514,4.90221,0.184041,0.179642,0.160289
1,6.978074357,2.60754,7.15991,7.15991,4.85542,4.86156,4.88863,-1.60727,-1.61166,-1.63102
1,6.978074357,6.06652,7.15991,7.15991,4.85542,4.86156,4.88863,0.865956,0.861564,0.842207
1,6.978074357,4.00887,7.15991,7.15991,4.85542,4.86156,4.88863,-0.605295,-0.609687,-0.629045
1,6.978074357,3.90244,7.15991,7.15991,4.85542,4.86156,4.88863,-0.681394,-0.685786,-0.705144
1,6.978074357,3.68958,7.15991,7.15991,4.85542,4.86156,4.88863,-0.833593,-0.837985,-0.857342
1,7.01620591,5.55211,7.15478,7.15478,4.82827,4.83439,4.86148,0.517553,0.513177,0.493811
1,7.01620591,3.49446,7.15478,7.15478,4.82827,4.83439,4.86148,-0.953698,-0.958075,-0.97744
1,7.054337464,3.83149,7.14944,7.14944,4.80112,4.80723,4.83432,-0.693307,-0.697669,-0.717043
1,7.092469018,5.33925,7.1439,7.1439,4.77398,4.78006,4.80716,0.404175,0.399829,0.380446
1,7.092469018,4.64745,7.1439,7.1439,4.77398,4.78006,4.80716,-0.0904695,-0.0948158,-0.114198
1,7.20686368,3.40576,7.12611,7.12611,4.69254,4.69855,4.7257,-0.920062,-0.924364,-0.943772
1,7.244995234,3.22838,7.1198,7.1198,4.66539,4.67139,4.69854,-1.02748,-1.03177,-1.05119
1,7.244995234,5.97783,7.1198,7.1198,4.66539,4.67139,4.69854,0.938413,0.934125,0.914709
1,7.283126787,3.86696,7.11331,7.11331,4.63824,4.64422,4.67139,-0.551478,-0.555752,-0.575175
1,7.321258341,2.87361,7.10665,7.10665,4.6111,4.61705,4.64423,-1.24233,-1.24659,-1.26602
1,7.321258341,5.32151,7.10665,7.10665,4.6111,4.61705,4.64423,0.507955,0.503696,0.484265
1,7.321258341,4.25721,7.10665,7.10665,4.6111,4.61705,4.64423,-0.253037,-0.257296,-0.276727
1,7.321258341,3.97339,7.10665,7.10665,4.6111,4.61705,4.64423,-0.455969,-0.460228,-0.479658
1,7.359389895,3.72506,7.09981,7.09981,4.58395,4.58989,4.61707,-0.614124,-0.618368,-0.637806
1,7.359389895,4.7184,7.09981,7.09981,4.58395,4.58989,4.61707,0.0961354,0.0918916,0.0724533
1,7.397521449,4.07982,7.0928,7.0928,4.55681,4.56272,4.58992,-0.34105,-0.345279,-0.364725
1,7.435653003,3.97339,7.08563,7.08563,4.52966,4.53555,4.56276,-0.39774,-0.401953,-0.421407
1,7.473784557,3.29933,7.0783,7.0783,4.50251,4.50838,4.5356,-0.860291,-0.864489,-0.883952
1,7.473784557,5.88914,7.0783,7.0783,4.50251,4.50838,4.5356,0.991456,0.987258,0.967795
1,7.511916111,3.86696,7.07081,7.07081,4.47537,4.48122,4.50845,-0.435019,-0.439202,-0.458673
1,7.607244995,1.04656,7.05142,7.05142,4.4075,4.4133,4.44056,-2.40312,-2.40727,-2.42676
1,7.607244995,2.55432,7.05142,7.05142,4.4075,4.4133,4.44056,-1.32505,-1.3292,-1.34869
1,7.626310772,4.1153,7.04743,7.04743,4.39393,4.39972,4.42698,-0.199224,-0.203362,-0.222859
1,7.626310772,3.97339,7.04743,7.04743,4.39393,4.39972,4.42698,-0.300689,-0.304828,-0.324325
1,7.664442326,4.7184,7.03936,7.03936,4.36678,4.37255,4.39983,0.251415,0.247292,0.227786
1,7.740705434,3.58315,7.02279,7.02279,4.31249,4.31821,4.34552,-0.521492,-0.525583,-0.545107
1,7.740705434,5.35698,7.02279,7.02279,4.31249,4.31821,4.34552,0.746828,0.742737,0.723214
1,7.778836988,3.22838,7.01431,7.01431,4.28535,4.29105,4.31836,-0.755747,-0.759822,-0.779354
1,7.797902765,4.27494,7.01002,7.01002,4.27177,4.27746,4.30479,0.00226652,-0.00180147,-0.0213374
1,7.912297426,5.42794,6.98366,6.98366,4.19034,4.19597,4.22332,0.884901,0.88088,0.861318
1,7.931363203,4.86031,6.97917,6.97917,4.17677,4.18238,4.20975,0.488744,0.484729,0.465164
1,7.969494757,0.461197,6.97009,6.97009,4.14962,4.15522,4.18259,-2.63728,-2.64128,-2.66085
1,7.969494757,3.44124,6.97009,6.97009,4.14962,4.15522,4.18259,-0.506503,-0.510502,-0.530076
1,7.969494757,2.83814,6.97009,6.97009,4.14962,4.15522,4.18259,-0.937732,-0.941731,-0.961305
1,7.988560534,1.54324,6.96551,6.96551,4.13605,4.14163,4.16901,-1.8539,-1.85789,-1.87747
1,8.007626311,3.33481,6.9609,6.9609,4.12248,4.12805,4.15544,-0.563193,-0.567177,-0.58676
1,8.026692088,4.55876,6.95627,6.95627,4.10891,4.11447,4.14186,0.321652,0.317676,0.298089
1,8.083889418,3.86696,6.94222,6.94222,4.06819,4.07372,4.10113,-0.14388,-0.147832,-0.167433
1,8.083889418,2.55432,6.94222,6.94222,4.06819,4.07372,4.10113,-1.08244,-1.08639,-1.10599
1,8.141086749,1.38359,6.92794,6.92794,4.02747,4.03297,4.0604,-1.89041,-1.89434,-1.91396
1,8.160152526,1.84479,6.92314,6.92314,4.0139,4.01938,4.04682,-1.55095,-1.55487,-1.57449
1,8.236415634,4.00887,6.90368,6.90368,3.95961,3.96505,3.99251,0.0352212,0.0313286,0.0116942
1,8.236415634,2.16408,6.90368,6.90368,3.95961,3.96505,3.99251,-1.28383,-1.28772,-1.30736
1,8.236415634,4.7184,6.90368,6.90368,3.95961,3.96505,3.99251,0.542549,0.538657,0.519022
1,8.312678742,2.98004,6.88386,6.88386,3.90532,3.91073,3.93821,-0.661588,-0.665451,-0.685102
1,8.312678742,5.25055,6.88386,6.88386,3.90532,3.91073,3.93821,0.961862,0.957999,0.938348
1,8.331744519,1.20621,6.87886,6.87886,3.89175,3.89714,3.92463,-1.9202,-1.92406,-1.94371
1,8.350810296,4.00887,6.87383,6.87383,3.87818,3.88356,3.91105,0.0934454,0.089597,0.0699387
1,8.350810296,3.47672,6.87383,6.87383,3.87818,3.88356,3.91105,-0.287051,-0.290899,-0.310557
1,8.369876072,2.80266,6.86879,6.86879,3.86461,3.86998,3.89748,-0.759308,-0.763149,-0.782812
1,8.408007626,2.19956,6.85863,6.85863,3.83746,3.84282,3.87033,-1.17113,-1.17496,-1.19463
1,8.465204957,2.30599,6.84326,6.84326,3.79675,3.80207,3.8296,-1.06592,-1.06972,-1.08941
1,8.465204957,5.32151,6.84326,6.84326,3.79675,3.80207,3.8296,1.09022,1.08642,1.06674
1,8.503336511,2.44789,6.83293,6.83293,3.76961,3.77491,3.80245,-0.945046,-0.948835,-0.968526
1,8.579599619,2.94457,6.81204,6.81204,3.71532,3.72058,3.74814,-0.551103,-0.554862,-0.574568
1,8.598665396,2.23503,6.80677,6.80677,3.70175,3.707,3.73457,-1.04873,-1.05248,-1.07219
1,8.617731173,3.5122,6.80149,6.80149,3.68818,3.69342,3.72099,-0.125834,-0.129578,-0.149293
1,8.617731173,2.76718,6.80149,6.80149,3.68818,3.69342,3.72099,-0.658529,-0.662273,-0.681987
1,8.732125834,5.62306,6.76948,6.76948,3.60676,3.61194,3.63954,1.44168,1.43799,1.41825
1,8.751191611,3.08647,6.76409,6.76409,3.59319,3.59835,3.62597,-0.36231,-0.366002,-0.385744
1,8.808388942,3.90244,6.74784,6.74784,3.55248,3.55761,3.58524,0.250225,0.246555,0.226801
1,8.88465205,6.66962,6.72598,6.72598,3.4982,3.5033,3.53094,2.26761,2.26397,2.2442
1,8.903717827,7.02439,6.72048,6.72048,3.48463,3.48972,3.51737,2.53098,2.52735,2.50757
1,8.94184938,1.54324,6.70945,6.70945,3.4575,3.46256,3.49022,-1.36873,-1.37234,-1.39212
1,8.979980934,2.55432,6.69837,6.69837,3.43036,3.4354,3.46308,-0.62638,-0.629983,-0.649772
1,8.979980934,5.28603,6.69837,6.69837,3.43036,3.4354,3.46308,1.32683,1.32323,1.30344
1,9.037178265,1.17073,6.68166,6.68166,3.38966,3.39466,3.42236,-1.58656,-1.59015,-1.60995
1,9.075309819,4.15078,6.67046,6.67046,3.36252,3.36751,3.39521,0.563615,0.560049,0.540241
1,9.151572927,3.68958,6.64793,6.64793,3.30825,3.3132,3.34092,0.272654,0.269118,0.249295
1,9.151572927,1.38359,6.64793,6.64793,3.30825,3.3132,3.34092,-1.37616,-1.3797,-1.39952
1,9.208770257,1.11752,6.63093,6.63093,3.26755,3.27247,3.30021,-1.53731,-1.54082,-1.56066
1,9.246901811,1.72062,6.61954,6.61954,3.24042,3.24531,3.27306,-1.08668,-1.09018,-1.11002
1,9.304099142,4.15078,6.60239,6.60239,3.19973,3.20459,3.23235,0.680013,0.67654,0.656686
1,9.304099142,2.94457,6.60239,6.60239,3.19973,3.20459,3.23235,-0.182445,-0.185918,-0.205771
1,9.304099142,2.73171,6.60239,6.60239,3.19973,3.20459,3.23235,-0.334643,-0.338116,-0.35797
1,9.304099142,1.88027,6.60239,6.60239,3.19973,3.20459,3.23235,-0.943437,-0.94691,-0.966763
1,9.342230696,3.40576,6.59091,6.59091,3.1726,3.17744,3.20521,0.166716,0.163258,0.143397
1,9.342230696,2.51885,6.59091,6.59091,3.1726,3.17744,3.20521,-0.467444,-0.470902,-0.490763
1,9.456625357,4.39911,6.55627,6.55627,3.09122,3.09599,3.1238,0.935163,0.93175,0.911867
1,9.475691134,1.91574,6.55047,6.55047,3.07766,3.08242,3.11023,-0.830788,-0.834193,-0.854079
1,9.532888465,2.76718,6.53301,6.53301,3.03697,3.0417,3.06953,-0.192904,-0.196286,-0.216184
1,9.571020019,1.0643,6.52134,6.52134,3.00985,3.01456,3.0424,-1.3911,-1.39447,-1.41437
1,9.571020019,1.73836,6.52134,6.52134,3.00985,3.01456,3.0424,-0.909138,-0.912505,-0.93241
1,9.609151573,0.248337,6.50964,6.50964,2.98273,2.98742,3.01527,-1.95514,-1.95849,-1.9784
1,9.666348904,2.02217,6.49203,6.49203,2.94206,2.94671,2.97458,-0.657732,-0.661061,-0.680984
1,9.723546235,3.58315,6.47436,6.47436,2.90138,2.90601,2.93389,0.487472,0.484165,0.464231
1,9.742612011,4.54102,6.46846,6.46846,2.88783,2.89244,2.92033,1.18206,1.17876,1.15882
1,9.818875119,4.20399,6.44479,6.44479,2.83361,2.83818,2.86608,0.979844,0.976576,0.956625
1,9.87607245,4.96674,6.42697,6.42697,2.79295,2.79749,2.82541,1.55429,1.55105,1.53109
1,9.971401335,7.21951,6.39716,6.39716,2.7252,2.72969,2.75763,3.2135,3.21029,3.19032
1,9.990467112,3.1929,6.39119,6.39119,2.71166,2.71613,2.74407,0.3441,0.340902,0.320922
1,10.06673022,1.84479,6.36723,6.36723,2.65747,2.6619,2.68987,-0.581082,-0.584249,-0.604242
1,10.06673022,2.94457,6.36723,6.36723,2.65747,2.6619,2.68987,0.205276,0.202109,0.182116
1,10.14299333,1.02882,6.34319,6.34319,2.60331,2.60769,2.63567,-1.12578,-1.12892,-1.14892
1,10.21925643,1.41907,6.31908,6.31908,2.54916,2.5535,2.58149,-0.808031,-0.811136,-0.831151
1,10.21925643,1.91574,6.31908,6.31908,2.54916,2.5535,2.58149,-0.452902,-0.456007,-0.476021
1,10.29551954,2.62528,6.2949,6.2949,2.49503,2.49933,2.52733,0.0931304,0.0900569,0.0700322
1,10.3336511,0.31929,6.28278,6.28278,2.46797,2.47225,2.50026,-1.53634,-1.5394,-1.55943
1,10.3336511,0.709534,6.28278,6.28278,2.46797,2.47225,2.50026,-1.25731,-1.26037,-1.2804
1,10.3336511,1.84479,6.28278,6.28278,2.46797,2.47225,2.50026,-0.445585,-0.448642,-0.468671
1,10.3336511,2.80266,6.28278,6.28278,2.46797,2.47225,2.50026,0.239308,0.236251,0.216222
1,10.37178265,2.30599,6.27065,6.27065,2.44092,2.44517,2.47319,-0.0964799,-0.0995208,-0.119554
1,10.4099142,2.73171,6.25851,6.25851,2.41388,2.41811,2.44613,0.227254,0.22423,0.204192
1,10.44804576,3.4235,6.24635,6.24635,2.38684,2.39105,2.41907,0.741232,0.738223,0.718182
1,10.44804576,2.02217,6.24635,6.24635,2.38684,2.39105,2.41907,-0.260741,-0.26375,-0.28379
1,10.56244042,0,6.20979,6.20979,2.30577,2.30991,2.33795,-1.64866,-1.65162,-1.67167
1,10.60057197,3.29933,6.19757,6.19757,2.27876,2.28288,2.31092,0.729727,0.726783,0.706732
1,10.60057197,1.73836,6.19757,6.19757,2.27876,2.28288,2.31092,-0.386395,-0.389339,-0.409389
1,10.67683508,2.98004,6.17311,6.17311,2.22477,2.22884,2.25689,0.540033,0.537121,0.517066
1,10.71496663,1.73836,6.16086,6.16086,2.19779,2.20184,2.22989,-0.3285,-0.331396,-0.351451
1,10.73403241,3.37029,6.15473,6.15473,2.1843,2.18834,2.21639,0.847997,0.845109,0.825053
1,10.81029552,3.1929,6.13018,6.13018,2.13039,2.13438,2.16243,0.759716,0.75686,0.736804
1,10.88655863,6.42129,6.10559,6.10559,2.07652,2.08047,2.10852,3.10657,3.10375,3.0837
1,10.9056244,3.051,6.09944,6.09944,2.06306,2.067,2.09505,0.706389,0.703572,0.68352
1,10.94375596,0.390244,6.08712,6.08712,2.03616,2.04007,2.06812,-1.17685,-1.17965,-1.1997
1,10.94375596,1.02882,6.08712,6.08712,2.03616,2.04007,2.06812,-0.720259,-0.723059,-0.743109
1,10.96282173,1.27716,6.08096,6.08096,2.02271,2.02662,2.05466,-0.533079,-0.535871,-0.55592
1,11.05815062,2.23503,6.05012,6.05012,1.95554,1.95939,1.98741,0.199842,0.197092,0.177053
1,11.05815062,1.95122,6.05012,6.05012,1.95554,1.95939,1.98741,-0.00308894,-0.00583891,-0.0258785
1,11.09628217,0.177384,6.03777,6.03777,1.9287,1.93252,1.96054,-1.25222,-1.25495,-1.27499
1,11.13441373,2.19956,6.02541,6.02541,1.90188,1.90568,1.9337,0.21284,0.210123,0.190095
1,11.22974261,2.53659,5.99448,5.99448,1.83494,1.83868,1.86666,0.501689,0.499015,0.479007
1,11.24880839,0.603104,5.98828,5.98828,1.82157,1.82529,1.85327,-0.871218,-0.873885,-0.893888
1,11.30600572,4.38137,5.96969,5.96969,1.78149,1.78518,1.81313,1.85896,1.85632,1.83633
1,11.3250715,0,5.96349,5.96349,1.76814,1.77182,1.79977,-1.26425,-1.26688,-1.28686
1,11.3250715,0.886918,5.96349,5.96349,1.76814,1.77182,1.79977,-0.63009,-0.632722,-0.652702
1,11.3250715,2.80266,5.96349,5.96349,1.76814,1.77182,1.79977,0.739696,0.737064,0.717084
1,11.36320305,1.45455,5.95109,5.95109,1.74147,1.74513,1.77306,-0.205158,-0.207773,-0.22774
1,11.4013346,1.0643,5.93867,5.93867,1.71483,1.71847,1.74637,-0.465141,-0.467738,-0.487691
1,11.43946616,1.59645,5.92625,5.92625,1.68823,1.69183,1.71972,-0.0656207,-0.068199,-0.088137
1,11.55386082,0.957871,5.88896,5.88896,1.60862,1.61215,1.63996,-0.465295,-0.467818,-0.4877
1,11.59199237,1.24169,5.87651,5.87651,1.58216,1.58566,1.61344,-0.243446,-0.24595,-0.265811
1,11.59199237,4.39911,5.87651,5.87651,1.58216,1.58566,1.61344,2.01416,2.01166,1.9918
1,11.63012393,2.87361,5.86406,5.86406,1.55575,1.55922,1.58697,0.942295,0.93981,0.919973
1,11.74451859,2.55432,5.82668,5.82668,1.47679,1.48018,1.50781,0.770452,0.768027,0.748272
1,11.8207817,1.70288,5.80173,5.80173,1.42442,1.42776,1.45529,0.199104,0.196718,0.177031
1,11.87797903,6.31486,5.78301,5.78301,1.3853,1.3886,1.41605,3.52471,3.52235,3.50272
1,11.8970448,1.80931,5.77677,5.77677,1.3723,1.37558,1.403,0.312472,0.310126,0.290517
1,11.93517636,0.425721,5.76427,5.76427,1.34634,1.34959,1.37695,-0.658257,-0.660581,-0.680146
1,11.97330791,0.141907,5.75178,5.75178,1.32045,1.32367,1.35097,-0.842679,-0.844982,-0.864501
1,11.97330791,0.993348,5.75178,5.75178,1.32045,1.32367,1.35097,-0.233885,-0.236188,-0.255707
1,12.01143947,0.283814,5.73928,5.73928,1.29464,1.29783,1.32506,-0.722759,-0.725041,-0.74451
1,12.04957102,0.815965,5.72678,5.72678,1.26892,1.27208,1.29923,-0.323868,-0.326127,-0.345543
1,12.12583413,0.815965,5.70176,5.70176,1.21773,1.22082,1.24781,-0.287266,-0.28948,-0.308779
1,12.16396568,1.09978,5.68924,5.68924,1.19227,1.19534,1.22224,-0.0661353,-0.068326,-0.0875613
1,12.27836034,1.88027,5.65168,5.65168,1.11655,1.11951,1.14611,0.54607,0.543949,0.524933
1,12.3164919,0.10643,5.63915,5.63915,1.09154,1.09447,1.12095,-0.704367,-0.706464,-0.725398
1,12.3164919,0.851441,5.63915,5.63915,1.09154,1.09447,1.12095,-0.171673,-0.17377,-0.192703
1,12.3164919,1.41907,5.63915,5.63915,1.09154,1.09447,1.12095,0.23419,0.232093,0.213159
1,12.43088656,1.34812,5.60154,5.60154,1.01729,1.02012,1.04621,0.236544,0.234522,0.215865
1,12.46901811,0.780488,5.589,5.589,0.992828,0.99562,1.02157,-0.151826,-0.153823,-0.172377
1,12.58341277,0.266075,5.55136,5.55136,0.920399,0.923079,0.948545,-0.467852,-0.469767,-0.487976
1,12.58341277,2.87361,5.55136,5.55136,0.920399,0.923079,0.948545,1.39658,1.39466,1.37645
1,12.60247855,4.87805,5.54508,5.54508,0.908479,0.911139,0.936517,2.8383,2.8364,2.81826
1,12.73593899,2.23503,5.50113,5.50113,0.826383,0.828901,0.853597,1.00721,1.00541,0.987749
1,12.8122021,1.56098,5.476,5.476,0.780631,0.783063,0.807315,0.557959,0.556219,0.538879
1,12.92659676,1.63193,5.43829,5.43829,0.713787,0.716087,0.739591,0.656486,0.654841,0.638035
1,12.96472831,4.32816,5.42572,5.42572,0.692021,0.694276,0.71751,2.5999,2.59828,2.58167
1,12.96472831,1.27716,5.42572,5.42572,0.692021,0.694276,0.71751,0.418385,0.416772,0.40016
1,13.04099142,0.674058,5.40057,5.40057,0.649324,0.651488,0.674146,0.0176846,0.0161379,-6.30035e-05
1,13.15538608,1.73836,5.36282,5.36282,0.587518,0.589539,0.611251,0.822869,0.821424,0.8059
1,13.19351764,1.9867,5.35024,5.35024,0.567553,0.569526,0.5909,1.01471,1.0133,0.998016
1,13.26978074,0.745011,5.32506,5.32506,0.528639,0.530512,0.55118,0.15471,0.15337,0.138592
1,13.3079123,0.0709534,5.31247,5.31247,0.509707,0.51153,0.53183,-0.313716,-0.315019,-0.329534
1,13.34604385,0.567627,5.29988,5.29988,0.491139,0.492911,0.512832,0.0546908,0.0534234,0.0391793
1,13.49857007,1.09978,5.2495,5.2495,0.420648,0.42222,0.440537,0.485589,0.484465,0.471368
1,13.53670162,0.709534,5.23691,5.23691,0.404007,0.405529,0.423425,0.218457,0.217368,0.204572
1,13.57483317,1.70288,5.22431,5.22431,0.387772,0.389244,0.406713,0.940324,0.939272,0.926781
1,13.61296473,4.1153,5.21171,5.21171,0.371947,0.373369,0.390405,2.67655,2.67554,2.66336
1,13.89895138,2.46563,5.11716,5.11716,0.26664,0.2677,0.28139,1.57231,1.57156,1.56177
1,13.99428027,4.89579,5.08564,5.08564,0.236812,0.237761,0.250334,3.33124,3.33056,3.32157
1,13.99428027,1.27716,5.08564,5.08564,0.236812,0.237761,0.250334,0.743866,0.743188,0.734198
1,14.0514776,1.91574,5.06672,5.06672,0.220159,0.221044,0.232957,1.21237,1.21174,1.20322
1,14.2993327,0.886918,4.98472,4.98472,0.158291,0.158927,0.168135,0.520979,0.520525,0.513941
1,14.2993327,0.638581,4.98472,4.98472,0.158291,0.158927,0.168135,0.343414,0.34296,0.336376
1,14.37559581,1.0643,4.95948,4.95948,0.142416,0.142986,0.151429,0.659162,0.658755,0.652718
1,14.45185891,1.27716,4.93424,4.93424,0.127908,0.128417,0.136134,0.821735,0.821371,0.815853
1,14.48999047,0.425721,4.92162,4.92162,0.121142,0.121622,0.128992,0.217779,0.217435,0.212166
1,14.56625357,0.709534,4.89638,4.89638,0.108538,0.108964,0.115671,0.429722,0.429417,0.424622
1,14.60438513,1.84479,4.88375,4.88375,0.102679,0.103079,0.109471,1.24564,1.24535,1.24078
1,14.60438513,1.9867,4.88375,4.88375,0.102679,0.103079,0.109471,1.3471,1.34682,1.34224
1,14.90943756,1.27716,4.78275,4.78275,0.0651173,0.0653594,0.0696093,0.866631,0.866457,0.863419
1,15.02383222,0.638581,4.74487,4.74487,0.0546523,0.0548509,0.0584665,0.417518,0.417376,0.414791
1,15.36701621,0.10643,4.6312,4.6312,0.0319752,0.0320808,0.0342626,0.0532365,0.0531609,0.0516009
1,15.40514776,0.638581,4.61857,4.61857,0.0301032,0.0302015,0.032261,0.435071,0.435001,0.433528
1,15.55767398,0.496674,4.56804,4.56804,0.0236207,0.0236944,0.0253256,0.33824,0.338188,0.337021
1,15.90085796,1.13525,4.45433,4.45433,0.0136151,0.0136519,0.0146068,0.80199,0.801964,0.801281
1,15.97712107,0.567627,4.42906,4.42906,0.0120371,0.0120683,0.0129149,0.397256,0.397233,0.396628
1,16.01525262,0.674058,4.41643,4.41643,0.0113171,0.0113458,0.012143,0.47387,0.473849,0.473279
1,16.2821735,1.09978,4.32797,4.32797,0.0073402,0.00735619,0.00787722,0.78111,0.781099,0.780726
1,16.32030505,1.31264,4.31534,4.31534,0.00689893,0.00691359,0.00740379,0.933624,0.933614,0.933263
1,16.47283127,0.922395,4.26479,4.26479,0.00538209,0.0053925,0.00577624,0.655678,0.655671,0.655396
1,16.54909438,0.141907,4.23951,4.23951,0.00475309,0.00476186,0.00510119,0.0980671,0.0980608,0.0978182
1,16.62535748,0,4.21424,4.21424,0.0041973,0.00420459,0.00450462,-0.00300114,-0.00300635,-0.00322087
1,16.89227836,0.851441,4.12577,4.12577,0.0027145,0.0027182,0.00291315,0.606853,0.60685,0.606711
1,17.04480458,1.0643,4.07522,4.07522,0.00211532,0.00211794,0.00227018,0.75948,0.759478,0.759369
1,17.57864633,0.425721,3.89828,3.89828,0.000882893,0.000883275,0.000947406,0.303766,0.303765,0.303719
1,18.03622498,2.37694,3.74661,3.74661,0.000417235,0.000416428,0.000447624,1.69925,1.69925,1.69923
1,19.04671115,1.56098,3.4117,3.4117,7.95409e-05,7.96906e-05,8.54e-05,1.11606,1.11606,1.11606
2,0.000224299,0.556237,5.42643,5.42643,5.49332,5.4958,5.49762,-3.53009,-3.53186,-3.53316
2,0.045084112,2.87935,5.44332,5.44332,5.48114,5.48362,5.48546,-1.86032,-1.8621,-1.86341
2,0.067514019,2.97751,5.45176,5.45176,5.47505,5.47753,5.47938,-1.78578,-1.78756,-1.78888
2,0.134803738,4.05726,5.47708,5.47708,5.45678,5.45925,5.46114,-1.00068,-1.00245,-1.0038
2,0.157233645,3.27198,5.48552,5.48552,5.45069,5.45316,5.45506,-1.55781,-1.55958,-1.56093
2,0.269383178,3.40286,5.52768,5.52768,5.42024,5.42271,5.42466,-1.44245,-1.44422,-1.44562
2,0.426392523,2.01227,5.58664,5.58664,5.37761,5.38007,5.3821,-2.40627,-2.40803,-2.40948
2,0.426392523,4.13906,5.58664,5.58664,5.37761,5.38007,5.3821,-0.885583,-0.887343,-0.888795
2,0.51611215,4.90798,5.62029,5.62029,5.35325,5.35571,5.35778,-0.318378,-0.320135,-0.32162
2,0.650691589,3.81186,5.67071,5.67071,5.31671,5.31916,5.3213,-1.07599,-1.07774,-1.07928
2,0.650691589,3.5501,5.67071,5.67071,5.31671,5.31916,5.3213,-1.26315,-1.2649,-1.26644
2,0.673121495,2.86299,5.67911,5.67911,5.31062,5.31307,5.31522,-1.7501,-1.75185,-1.75339
2,0.762841121,3.09202,5.71267,5.71267,5.28626,5.28871,5.29091,-1.56891,-1.57066,-1.57223
2,0.807700935,5.51329,5.72944,5.72944,5.27408,5.27652,5.27875,0.17104,0.169293,0.167704
2,0.897420561,4.25358,5.76294,5.76294,5.24972,5.25216,5.25443,-0.712257,-0.714001,-0.715622
2,0.9198504669999999,3.01022,5.77131,5.77131,5.24363,5.24607,5.24835,-1.59692,-1.59866,-1.60029
2,0.9198504669999999,4.79346,5.77131,5.77131,5.24363,5.24607,5.24835,-0.321882,-0.323626,-0.325254
2,0.96471028,5.97137,5.78804,5.78804,5.23145,5.23389,5.23619,0.529053,0.527311,0.525667
2,0.96471028,4.98978,5.78804,5.78804,5.23145,5.23389,5.23619,-0.172802,-0.174544,-0.176189
2,0.9871401869999999,3.51738,5.7964,5.7964,5.22536,5.2278,5.23011,-1.22123,-1.22297,-1.22462
2,0.9871401869999999,4.07362,5.7964,5.7964,5.22536,5.2278,5.23011,-0.823513,-0.825254,-0.826907
2,1.054429907,3.3865,5.82146,5.82146,5.20709,5.20952,5.21187,-1.30175,-1.30349,-1.30516
2,1.121719626,3.1411,5.8465,5.8465,5.18882,5.19125,5.19363,-1.46415,-1.46589,-1.46759
2,1.211439252,4.30266,5.87984,5.87984,5.16446,5.16689,5.16931,-0.616203,-0.617937,-0.619668
2,1.278728972,5.20245,5.90481,5.90481,5.14619,5.14861,5.15107,0.0402278,0.0384965,0.0367416
2,1.323588785,5.48057,5.92143,5.92143,5.13401,5.13643,5.13891,0.247796,0.246066,0.244295
2,1.346018692,4.10634,5.92974,5.92974,5.12792,5.13034,5.13283,-0.730448,-0.732177,-0.733955
2,1.390878505,7.00204,5.94634,5.94634,5.11574,5.11816,5.12067,1.34874,1.34701,1.34521
2,1.413308411,5.10429,5.95464,5.95464,5.10965,5.11207,5.11459,-0.00383127,-0.00555805,-0.00736034
2,1.435738318,7.62372,5.96293,5.96293,5.10356,5.10598,5.10851,1.80195,1.80023,1.79842
2,1.480598131,5.79141,5.9795,5.9795,5.09138,5.09379,5.09635,0.500531,0.498807,0.49698
2,1.480598131,5.62781,5.9795,5.9795,5.09138,5.09379,5.09635,0.383555,0.381831,0.380004
2,1.503028037,4.76074,5.98778,5.98778,5.08529,5.0877,5.09027,-0.232063,-0.233787,-0.235621
2,1.660037383,6.11861,6.04559,6.04559,5.04266,5.04507,5.04771,0.769319,0.7676,0.765709
2,1.660037383,4.92434,6.04559,6.04559,5.04266,5.04507,5.04771,-0.0846058,-0.0863242,-0.0882155
2,1.727327103,4.05726,6.0703,6.0703,5.02439,5.02679,5.02947,-0.691515,-0.693231,-0.695147
2,1.817046729,6.51125,6.10316,6.10316,5.00003,5.00243,5.00515,1.08054,1.07883,1.07688
2,1.884336449,5.07157,6.12774,6.12774,4.98176,4.98416,4.98691,0.0642161,0.0625052,0.0605336
2,1.929196262,3.58282,6.1441,6.1441,4.96958,4.97197,4.97475,-0.991556,-0.993266,-0.995253
2,1.951626168,6.31493,6.15227,6.15227,4.96349,4.96588,4.96867,0.966296,0.964588,0.962592
2,1.974056075,5.62781,6.16043,6.16043,4.9574,4.95979,4.9626,0.479352,0.477644,0.47564
2,1.996485981,1.68507,6.16859,6.16859,4.95131,4.9537,4.95652,-2.33541,-2.33712,-2.33913
2,2.041345794,6.72393,6.18488,6.18488,4.93914,4.94152,4.94436,1.27615,1.27445,1.27242
2,2.131065421,4.97342,6.21737,6.21737,4.91478,4.91716,4.92004,0.0419281,0.0402255,0.0381662
2,2.153495327,6.21677,6.22548,6.22548,4.90869,4.91107,4.91396,0.9353,0.933598,0.93153
2,2.175925234,6.49489,6.23358,6.23358,4.9026,4.90498,4.90788,1.13851,1.13681,1.13474
2,2.243214953,2.94479,6.25782,6.25782,4.88433,4.8867,4.88964,-1.3868,-1.3885,-1.3906
2,2.310504673,4.23722,6.28199,6.28199,4.86606,4.86843,4.8714,-0.449629,-0.451325,-0.453449
2,2.377794393,5.12065,6.30607,6.30607,4.84779,4.85016,4.85316,0.195105,0.19341,0.191263
2,2.422654206,3.58282,6.32208,6.32208,4.83561,4.83797,4.841,-0.89576,-0.897453,-0.899617
2,2.422654206,7.80368,6.32208,6.32208,4.83561,4.83797,4.841,2.12222,2.12053,2.11836
2,2.422654206,5.21881,6.32208,6.32208,4.83561,4.83797,4.841,0.273999,0.272306,0.270142
2,2.512373832,4.95706,6.35398,6.35398,4.81125,4.81361,4.81668,0.104255,0.102565,0.100369
2,2.534803738,7.0184,6.36193,6.36193,4.80516,4.80752,4.8106,1.58251,1.58082,1.57861
2,2.534803738,5.62781,6.36193,6.36193,4.80516,4.80752,4.8106,0.588211,0.586522,0.584317
2,2.534803738,4.51534,6.36193,6.36193,4.80516,4.80752,4.8106,-0.207226,-0.208915,-0.211119
2,2.669383178,5.54601,6.40939,6.40939,4.76862,4.77097,4.77412,0.555849,0.554165,0.551911
2,2.669383178,5.05521,6.40939,6.40939,4.76862,4.77097,4.77412,0.204922,0.203237,0.200984
2,2.669383178,4.35174,6.40939,6.40939,4.76862,4.77097,4.77412,-0.298075,-0.299759,-0.302013
2,2.736672897,3.48466,6.43296,6.43296,4.75035,4.7527,4.75589,-0.904984,-0.906667,-0.908944
2,2.826392523,5.95501,6.4642,6.4642,4.72599,4.72834,4.73157,0.87877,0.877091,0.87478
2,2.91611215,3.10838,6.49522,6.49522,4.70163,4.70397,4.70725,-1.13919,-1.14087,-1.14321
2,2.91611215,5.75869,6.49522,6.49522,4.70163,4.70397,4.70725,0.755816,0.75414,0.751797
2,2.960971963,5.05521,6.51065,6.51065,4.68945,4.69179,4.69509,0.261528,0.259853,0.257495
2,2.960971963,3.69734,6.51065,6.51065,4.68945,4.69179,4.69509,-0.709372,-0.711047,-0.713405
2,2.983401869,5.66053,6.51833,6.51833,4.68336,4.6857,4.68901,0.698693,0.697019,0.694653
2,3.005831776,2.68303,6.52601,6.52601,4.67727,4.67961,4.68293,-1.42591,-1.42759,-1.42996
2,3.005831776,4.7771,6.52601,6.52601,4.67727,4.67961,4.68293,0.0713776,0.0697044,0.0673302
2,3.050691589,3.41922,6.5413,6.5413,4.66509,4.66743,4.67077,-0.890814,-0.892486,-0.894876
2,3.050691589,6.26585,6.5413,6.5413,4.66509,4.66743,4.67077,1.14457,1.1429,1.14051
2,3.050691589,5.31697,6.5413,6.5413,4.66509,4.66743,4.67077,0.466107,0.464435,0.462045
2,3.095551402,4.07362,6.55653,6.55653,4.65291,4.65525,4.65861,-0.414202,-0.415872,-0.418278
2,3.140411215,5.90593,6.5717,6.5717,4.64073,4.64307,4.64645,0.904637,0.902968,0.900547
2,3.162841121,3.25562,6.57925,6.57925,4.63464,4.63697,4.64037,-0.986019,-0.987687,-0.990117
2,3.162841121,5.49693,6.57925,6.57925,4.63464,4.63697,4.64037,0.616551,0.614883,0.612454
2,3.252560748,5.39877,6.60928,6.60928,4.61028,4.61261,4.61605,0.563783,0.562118,0.559656
2,3.297420561,4.76074,6.62418,6.62418,4.5981,4.60043,4.60389,0.116285,0.114621,0.112144
2,3.319850467,5.67689,6.6316,6.6316,4.59201,4.59434,4.59781,0.775704,0.774042,0.771557
2,3.319850467,4.1227,6.6316,6.6316,4.59201,4.59434,4.59781,-0.335567,-0.33723,-0.339715
2,3.387140187,6.05317,6.65373,6.65373,4.57375,4.57607,4.57958,1.05781,1.05615,1.05364
2,3.409570093,6.51125,6.66106,6.66106,4.56766,4.56998,4.5735,1.3897,1.38804,1.38552
2,3.409570093,5.00613,6.66106,6.66106,4.56766,4.56998,4.5735,0.313519,0.31186,0.309343
2,3.432,6.87117,6.66838,6.66838,4.56157,4.56389,4.56742,1.6514,1.64974,1.64722
2,3.432,3.3047,6.66838,6.66838,4.56157,4.56389,4.56742,-0.898676,-0.900335,-0.902859
2,3.454429907,3.97546,6.67566,6.67566,4.55548,4.5578,4.56134,-0.414721,-0.416379,-0.418911
2,3.454429907,4.4499,6.67566,6.67566,4.55548,4.5578,4.56134,-0.0754904,-0.0771484,-0.0796808
2,3.476859813,4.5317,6.68293,6.68293,4.54939,4.5517,4.55526,-0.0126482,-0.0143054,-0.0168459
2,3.521719626,5.56237,6.69739,6.69739,4.53721,4.53952,4.5431,0.733009,0.731353,0.728797
2,3.521719626,3.45194,6.69739,6.69739,4.53721,4.53952,4.5431,-0.775981,-0.777637,-0.780193
2,3.544149533,7.31288,6.70459,6.70459,4.53112,4.53343,4.53702,1.98901,1.98735,1.98479
2,3.633869159,4.90798,6.73311,6.73311,4.50676,4.50907,4.5127,0.286876,0.285224,0.282628
2,3.656299065,4.02454,6.74018,6.74018,4.50067,4.50298,4.50662,-0.34044,-0.342091,-0.344695
2,3.678728972,4.56442,6.74722,6.74722,4.49458,4.49689,4.50054,0.0499345,0.0482841,0.0456723
2,3.723588785,3.5501,6.76122,6.76122,4.4824,4.48471,4.48838,-0.666608,-0.668257,-0.670884
2,3.723588785,3.23926,6.76122,6.76122,4.4824,4.48471,4.48838,-0.888862,-0.890511,-0.893139
2,3.813308411,6.05317,6.78886,6.78886,4.45804,4.46034,4.46406,1.14054,1.13889,1.13624
2,3.903028037,4.22086,6.81602,6.81602,4.43368,4.43598,4.43975,-0.152173,-0.153816,-0.156507
2,3.925457944,3.53374,6.82273,6.82273,4.42759,4.42989,4.43367,-0.639118,-0.64076,-0.643459
2,3.925457944,3.41922,6.82273,6.82273,4.42759,4.42989,4.43367,-0.721001,-0.722643,-0.725342
2,3.94788785,3.9591,6.82941,6.82941,4.4215,4.4238,4.42759,-0.330626,-0.332268,-0.334975
2,3.970317757,3.20654,6.83605,6.83605,4.41541,4.41771,4.42151,-0.864361,-0.866002,-0.868717
2,3.992747664,5.12065,6.84266,6.84266,4.40933,4.41162,4.41543,0.508611,0.506972,0.504249
2,3.992747664,3.01022,6.84266,6.84266,4.40933,4.41162,4.41543,-1.00038,-1.00202,-1.00474
2,4.037607477,2.61759,6.85577,6.85577,4.39715,4.39944,4.40327,-1.27241,-1.27405,-1.27679
2,4.060037383,4.59714,6.86228,6.86228,4.39106,4.39335,4.39719,0.147351,0.145713,0.142966
2,4.08246729,5.51329,6.86874,6.86874,4.38497,4.38726,4.39111,0.80677,0.805133,0.802379
2,4.104897196,1.71779,6.87517,6.87517,4.37888,4.38117,4.38503,-1.90272,-1.90435,-1.90712
2,4.104897196,3.3047,6.87517,6.87517,4.37888,4.38117,4.38503,-0.768051,-0.769687,-0.77245
2,4.127327103,6.10225,6.88156,6.88156,4.37279,4.37507,4.37895,1.23659,1.23496,1.23219
2,4.172186916,4.10634,6.89423,6.89423,4.36061,4.36289,4.36679,-0.181806,-0.18344,-0.186227
2,4.239476636,2.71575,6.91293,6.91293,4.34234,4.34462,4.34855,-1.16304,-1.16467,-1.16748
2,4.261906542,4.40082,6.91908,6.91908,4.33625,4.33853,4.34247,0.0461669,0.0445361,0.0417179
2,4.261906542,4.97342,6.91908,6.91908,4.33625,4.33853,4.34247,0.455583,0.453952,0.451134
2,4.351626168,3.69734,6.94325,6.94325,4.31189,4.31417,4.31815,-0.439413,-0.441041,-0.443891
2,4.351626168,4.87526,6.94325,6.94325,4.31189,4.31417,4.31815,0.402813,0.401186,0.398336
2,4.418915888,5.88957,6.96092,6.96092,4.29362,4.2959,4.29992,1.14113,1.1395,1.13663
2,4.418915888,6.59305,6.96092,6.96092,4.29362,4.2959,4.29992,1.64412,1.6425,1.63962
2,4.418915888,2.97751,6.96092,6.96092,4.29362,4.2959,4.29992,-0.941045,-0.942671,-0.945544
2,4.486205607,4.30266,6.97815,6.97815,4.27536,4.27763,4.28168,0.0195222,0.017899,0.0150015
2,4.486205607,4.1227,6.97815,6.97815,4.27536,4.27763,4.28168,-0.109151,-0.110775,-0.113672
2,4.508635514,4.84254,6.9838,6.9838,4.26927,4.27153,4.2756,0.409897,0.408274,0.405369
2,4.531065421,5.52965,6.9894,6.9894,4.26318,4.26544,4.26952,0.90555,0.903928,0.901015
2,4.531065421,2.81391,6.9894,6.9894,4.26318,4.26544,4.26952,-1.03625,-1.03787,-1.04079
2,4.575925234,6.56033,7.00044,7.00044,4.251,4.25326,4.25736,1.65121,1.64959,1.64666
2,4.66564486,1.43967,7.0219,7.0219,4.22664,4.2289,4.23304,-1.99272,-1.99434,-1.9973
2,4.66564486,3.07566,7.0219,7.0219,4.22664,4.2289,4.23304,-0.822965,-0.824582,-0.827543
2,4.66564486,4.0409,7.0219,7.0219,4.22664,4.2289,4.23304,-0.132807,-0.134424,-0.137385
2,4.66564486,3.8773,7.0219,7.0219,4.22664,4.2289,4.23304,-0.249783,-0.2514,-0.254361
2,4.732934579,3.45194,7.03742,7.03742,4.20837,4.21063,4.2148,-0.540858,-0.542473,-0.545457
2,4.755364486,3.94274,7.04248,7.04248,4.20228,4.20454,4.20872,-0.185576,-0.18719,-0.190183
2,4.800224299,4.80982,7.05242,7.05242,4.1901,4.19236,4.19657,0.443104,0.441492,0.438484
2,4.889943925,3.27198,7.07158,7.07158,4.16575,4.168,4.17225,-0.639054,-0.640663,-0.643703
2,4.912373832,3.56646,7.07621,7.07621,4.15966,4.16191,4.16617,-0.424143,-0.425752,-0.428799
2,4.912373832,2.37219,7.07621,7.07621,4.15966,4.16191,4.16617,-1.27807,-1.27968,-1.28272
2,4.934803738,3.41922,7.08079,7.08079,4.15357,4.15582,4.16009,-0.525067,-0.526675,-0.529731
2,4.934803738,4.41718,7.08079,7.08079,4.15357,4.15582,4.16009,0.188486,0.186878,0.183822
2,4.957233645,4.64622,7.08529,7.08529,4.14748,4.14973,4.15401,0.356606,0.354999,0.351936
2,5.002093458,3.9591,7.09411,7.09411,4.1353,4.13754,4.14185,-0.125984,-0.12759,-0.13067
2,5.002093458,4.49898,7.09411,7.09411,4.1353,4.13754,4.14185,0.260036,0.25843,0.255351
2,5.024523364,3.59918,7.09842,7.09842,4.12921,4.13145,4.13577,-0.378978,-0.380583,-0.38367
2,5.024523364,4.13906,7.09842,7.09842,4.12921,4.13145,4.13577,0.00704306,0.00543803,0.00235077
2,5.069383178,5.38241,7.10684,7.10684,4.11703,4.11927,4.12361,0.904768,0.903165,0.900062
2,5.114242991,1.91411,7.11497,7.11497,4.10485,4.10709,4.11145,-1.56641,-1.56802,-1.57113
2,5.114242991,6.11861,7.11497,7.11497,4.10485,4.10709,4.11145,1.43987,1.43827,1.43515
2,5.114242991,2.83027,7.11497,7.11497,4.10485,4.10709,4.11145,-0.911349,-0.912951,-0.916069
2,5.18153271,1.97955,7.12665,7.12665,4.08658,4.08882,4.09322,-1.50656,-1.50816,-1.5113
2,5.226392523,5.02249,7.13408,7.13408,4.0744,4.07664,4.08106,0.677899,0.676301,0.673142
2,5.271252336,3.82822,7.1412,7.1412,4.06223,4.06446,4.0689,-0.167318,-0.168914,-0.172089
2,5.293682243,4.90798,7.14465,7.14465,4.05614,4.05837,4.06282,0.609078,0.607482,0.604299
2,5.360971963,4.10634,7.15454,7.15454,4.03787,4.0401,4.04458,0.0489573,0.0473636,0.0441576
2,5.360971963,2.73211,7.15454,7.15454,4.03787,4.0401,4.04458,-0.933641,-0.935234,-0.93844
2,5.405831776,5.18609,7.16075,7.16075,4.02569,4.02792,4.03242,0.829706,0.828114,0.824892
2,5.405831776,3.10838,7.16075,7.16075,4.02569,4.02792,4.03242,-0.655888,-0.65748,-0.660702
2,5.428261682,7.47648,7.16373,7.16373,4.0196,4.02183,4.02634,2.47172,2.47013,2.4669
2,5.428261682,4.51534,7.16373,7.16373,4.0196,4.02183,4.02634,0.354459,0.352867,0.349638
2,5.450691589,3.6319,7.16663,7.16663,4.01351,4.01574,4.02026,-0.272857,-0.274448,-0.277686
2,5.517981308,4.8589,7.17485,7.17485,3.99524,3.99747,4.00203,0.617524,0.615936,0.612674
2,5.517981308,6.08589,7.17485,7.17485,3.99524,3.99747,4.00203,1.49484,1.49326,1.48999
2,5.540411215,2.96115,7.17742,7.17742,3.98916,3.99138,3.99595,-0.735043,-0.736631,-0.7399
2,5.652560748,4.6953,7.18904,7.18904,3.95871,3.96092,3.96555,0.526671,0.525087,0.521778
2,5.652560748,4.51534,7.18904,7.18904,3.95871,3.96092,3.96555,0.397997,0.396414,0.393105
2,5.652560748,3.66462,7.18904,7.18904,3.95871,3.96092,3.96555,-0.210277,-0.211861,-0.21517
2,5.652560748,2.56851,7.18904,7.18904,3.95871,3.96092,3.96555,-0.994016,-0.9956,-0.998909
2,5.719850467,3.89366,7.19498,7.19498,3.94044,3.94265,3.94731,-0.0334495,-0.0350311,-0.0383636
2,5.719850467,3.2229,7.19498,7.19498,3.94044,3.94265,3.94731,-0.513051,-0.514632,-0.517965
2,5.876859813,3.59918,7.20578,7.20578,3.89782,3.90002,3.90476,-0.21353,-0.215106,-0.218494
2,5.921719626,1.86503,7.20807,7.20807,3.88564,3.88784,3.8926,-1.44477,-1.44634,-1.44975
2,5.966579439,2.66667,7.21,7.21,3.87346,3.87566,3.88044,-0.862878,-0.864451,-0.86787
2,5.989009346,4.80982,7.21083,7.21083,3.86737,3.86957,3.87437,0.673861,0.672288,0.668861
2,5.989009346,4.6135,7.21083,7.21083,3.86737,3.86957,3.87437,0.53349,0.531917,0.52849
2,5.989009346,4.0409,7.21083,7.21083,3.86737,3.86957,3.87437,0.124074,0.122502,0.119075
2,5.989009346,3.3047,7.21083,7.21083,3.86737,3.86957,3.87437,-0.402318,-0.40389,-0.407317
2,6.011439252,2.84663,7.21157,7.21157,3.86128,3.86348,3.86829,-0.725497,-0.727068,-0.730503
2,6.101158879,1.76687,7.21362,7.21362,3.83693,3.83912,3.84397,-1.48012,-1.48169,-1.48516
2,6.101158879,3.0593,7.21362,7.21362,3.83693,3.83912,3.84397,-0.556013,-0.557582,-0.561048
2,6.123588785,3.97546,7.2139,7.2139,3.83084,3.83303,3.83789,0.103406,0.101838,0.0983636
2,6.146018692,3.59918,7.2141,7.2141,3.82475,3.82694,3.83181,-0.161285,-0.162852,-0.166335
2,6.235738318,1.91411,7.21398,7.21398,3.8004,3.80258,3.8075,-1.34872,-1.35029,-1.3538
2,6.235738318,5.56237,7.21398,7.21398,3.8004,3.80258,3.8075,1.25984,1.25828,1.25476
2,6.280598131,5.26789,7.21337,7.21337,3.78822,3.7904,3.79534,1.05799,1.05643,1.0529
2,6.280598131,4.22086,7.21337,7.21337,3.78822,3.7904,3.79534,0.309345,0.307783,0.304253
2,6.280598131,3.86094,7.21337,7.21337,3.78822,3.7904,3.79534,0.0519981,0.0504355,0.0469061
2,6.370317757,2.96115,7.2111,7.2111,3.76386,3.76604,3.77102,-0.573955,-0.575515,-0.579076
2,6.392747664,4.58078,7.21031,7.21031,3.75777,3.75995,3.76495,0.58846,0.586901,0.583332
2,6.41517757,6.75665,7.20943,7.20943,3.75168,3.75386,3.75887,2.14859,2.14704,2.14346
2,6.437607477,4.76074,7.20846,7.20846,3.7456,3.74777,3.75279,0.725841,0.724284,0.720699
2,6.460037383,5.88957,7.2074,7.2074,3.73951,3.74168,3.74671,1.53733,1.53577,1.53218
2,6.48246729,4.98978,7.20626,7.20626,3.73342,3.73559,3.74063,0.898314,0.896758,0.893158
2,6.504897196,4.25358,7.20503,7.20503,3.72733,3.7295,3.73455,0.376276,0.374721,0.371113
2,6.527327103,1.93047,7.20372,7.20372,3.72124,3.72342,3.72847,-1.28043,-1.28198,-1.2856
2,6.527327103,5.61145,7.20372,7.20372,3.72124,3.72342,3.72847,1.35153,1.34998,1.34636
2,6.527327103,0.670757,7.20372,7.20372,3.72124,3.72342,3.72847,-2.18114,-2.1827,-2.18631
2,6.639476636,3.56646,7.19587,7.19587,3.6908,3.69297,3.69808,-0.0889017,-0.0904527,-0.0941082
2,6.639476636,3.3865,7.19587,7.19587,3.6908,3.69297,3.69808,-0.217575,-0.219126,-0.222782
2,6.639476636,3.25562,7.19587,7.19587,3.6908,3.69297,3.69808,-0.311156,-0.312707,-0.316363
2,6.661906542,2.71575,7.19405,7.19405,3.68471,3.68688,3.692,-0.692823,-0.694373,-0.698037
2,6.818915888,3.99182,7.17903,7.17903,3.64209,3.64425,3.64945,0.250063,0.248518,0.244799
2,6.886205607,3.77914,7.17141,7.17141,3.62382,3.62598,3.63122,0.111055,0.109511,0.105769
2,6.886205607,3.20654,7.17141,7.17141,3.62382,3.62598,3.63122,-0.298361,-0.299905,-0.303647
2,6.931065421,2.01227,7.16595,7.16595,3.61165,3.6138,3.61906,-1.14358,-1.14512,-1.14888
2,6.953495327,4.25358,7.16311,7.16311,3.60556,3.60771,3.61298,0.463345,0.461804,0.458038
2,6.953495327,3.61554,7.16311,7.16311,3.60556,3.60771,3.61298,0.007139,0.00559743,0.00183157
2,6.99835514,1.76687,7.15721,7.15721,3.59338,3.59553,3.60082,-1.30598,-1.30752,-1.3113
2,6.99835514,2.19223,7.15721,7.15721,3.59338,3.59553,3.60082,-1.00185,-1.00339,-1.00717
2,7.06564486,3.01022,7.14782,7.14782,3.57512,3.57727,3.58259,-0.403906,-0.405444,-0.409249
2,7.088074766,4.54806,7.14455,7.14455,3.56903,3.57118,3.57651,0.700022,0.698484,0.694671
2,7.110504673,1.96319,7.14121,7.14121,3.56294,3.56509,3.57043,-1.14385,-1.14538,-1.1492
2,7.132934579,3.7955,7.1378,7.1378,3.55685,3.559,3.56435,0.170639,0.169102,0.165274
2,7.177794393,2.42127,7.13079,7.13079,3.54467,3.54682,3.5522,-0.803253,-0.804788,-0.808632
2,7.200224299,3.17382,7.12719,7.12719,3.53859,3.54073,3.54612,-0.26081,-0.262345,-0.266197
2,7.222654206,4.1227,7.12352,7.12352,3.5325,3.53464,3.54004,0.422003,0.42047,0.416609
2,7.267514019,4.71166,7.11599,7.11599,3.52032,3.52246,3.52789,0.851823,0.850291,0.846414
2,7.334803738,3.3865,7.10424,7.10424,3.50206,3.5042,3.50965,-0.0826232,-0.0841529,-0.088053
2,7.379663551,3.92638,7.09611,7.09611,3.48988,3.49202,3.4975,0.312103,0.310575,0.306659
2,7.402093458,1.32515,7.09195,7.09195,3.48379,3.48593,3.49142,-1.54346,-1.54499,-1.54891
2,7.402093458,5.54601,7.09195,7.09195,3.48379,3.48593,3.49142,1.47452,1.47299,1.46907
2,7.424523364,5.85685,7.08774,7.08774,3.47771,3.47984,3.48534,1.70113,1.6996,1.69567
2,7.424523364,6.72393,7.08774,7.08774,3.47771,3.47984,3.48534,2.3211,2.31957,2.31564
2,7.446953271,4.7771,7.08347,7.08347,3.47162,3.47375,3.47926,0.933437,0.931911,0.927971
2,7.446953271,4.64622,7.08347,7.08347,3.47162,3.47375,3.47926,0.839856,0.838331,0.834391
2,7.469383178,3.68098,7.07915,7.07915,3.46553,3.46766,3.47318,0.154051,0.152526,0.148578
2,7.536672897,1.83231,7.06586,7.06586,3.44727,3.4494,3.45495,-1.15472,-1.15624,-1.16021
2,7.536672897,4.22086,7.06586,7.06586,3.44727,3.4494,3.45495,0.553131,0.551608,0.547636
2,7.536672897,5.00613,7.06586,7.06586,3.44727,3.4494,3.45495,1.11462,1.11309,1.10912
2,7.64882243,2.38855,7.04268,7.04268,3.41683,3.41895,3.42456,-0.735236,-0.736755,-0.740767
2,7.64882243,2.56851,7.04268,7.04268,3.41683,3.41895,3.42456,-0.606562,-0.608081,-0.612093
2,7.671252336,3.56646,7.0379,7.0379,3.41074,3.41286,3.41849,0.111344,0.109825,0.105806
2,7.671252336,3.32106,7.0379,7.0379,3.41074,3.41286,3.41849,-0.0641204,-0.0656386,-0.0696581
2,7.805831776,3.82822,7.00823,7.00823,3.37422,3.37633,3.38202,0.324621,0.323107,0.31904
2,7.895551402,3.3047,6.98759,6.98759,3.34987,3.35198,3.35771,-0.0322919,-0.0338027,-0.0379017
2,7.917981308,2.14315,6.98232,6.98232,3.34378,3.34589,3.35163,-0.858469,-0.859979,-0.864086
2,7.940411215,2.97751,6.97702,6.97702,3.33769,3.3398,3.34556,-0.257539,-0.259048,-0.263163
2,7.962841121,2.86299,6.97168,6.97168,3.3316,3.33371,3.33948,-0.33507,-0.336578,-0.340701
2,8.030130841,4.25358,6.95543,6.95543,3.31334,3.31545,3.32125,0.672283,0.670777,0.66663
2,8.030130841,3.7955,6.95543,6.95543,3.31334,3.31545,3.32125,0.34475,0.343244,0.339097
2,8.052560748,3.68098,6.94995,6.94995,3.30726,3.30936,3.31517,0.267219,0.265714,0.261559
2,8.052560748,2.07771,6.94995,6.94995,3.30726,3.30936,3.31517,-0.879145,-0.88065,-0.884805
2,8.097420561,1.94683,6.93886,6.93886,3.29508,3.29719,3.30302,-0.964021,-0.965525,-0.969696
2,8.142280374,3.40286,6.92764,6.92764,3.28291,3.28501,3.29087,0.0857691,0.0842666,0.0800801
2,8.16471028,4.1227,6.92198,6.92198,3.27682,3.27892,3.28479,0.604815,0.603314,0.599119
2,8.232,4.35174,6.90481,6.90481,3.25856,3.26066,3.26656,0.781638,0.780138,0.77592
2,8.232,1.25971,6.90481,6.90481,3.25856,3.26066,3.26656,-1.42921,-1.43071,-1.43493
2,8.254429907,3.3047,6.89903,6.89903,3.25248,3.25457,3.26048,0.0373439,0.0358451,0.0316189
2,8.344149533,0.916155,6.87559,6.87559,3.22813,3.23022,3.23618,-1.6531,-1.65459,-1.65885
2,8.366579439,3.94274,6.86966,6.86966,3.22204,3.22413,3.2301,0.51531,0.513815,0.509549
2,8.389009346,3.58282,6.8637,6.8637,3.21596,3.21805,3.22402,0.262314,0.26082,0.256546
2,8.411439252,6.08589,6.85772,6.85772,3.20987,3.21196,3.21795,2.0564,2.0549,2.05062
2,8.411439252,2.47035,6.85772,6.85772,3.20987,3.21196,3.21795,-0.52877,-0.530264,-0.534546
2,8.456299065,3.69734,6.84567,6.84567,3.1977,3.19978,3.2058,0.357253,0.355761,0.351463
2,8.478728972,3.33742,6.83961,6.83961,3.19161,3.1937,3.19972,0.104257,0.102766,0.0984601
2,8.501158879,4.33538,6.83352,6.83352,3.18553,3.18761,3.19364,0.822162,0.820672,0.816358
2,8.501158879,0.834356,6.83352,6.83352,3.18553,3.18761,3.19364,-1.68112,-1.68261,-1.68693
2,8.501158879,3.48466,6.83352,6.83352,3.18553,3.18761,3.19364,0.213887,0.212397,0.208083
2,8.523588785,4.02454,6.82741,6.82741,3.17944,3.18152,3.18757,0.604259,0.60277,0.598448
2,8.635738318,2.17587,6.79649,6.79649,3.14901,3.15109,3.15719,-0.695811,-0.697297,-0.701659
2,8.658168224,1.94683,6.79024,6.79024,3.14292,3.145,3.15111,-0.855226,-0.856712,-0.861081
2,8.658168224,3.10838,6.79024,6.79024,3.14292,3.145,3.15111,-0.024697,-0.0261825,-0.0305522
2,8.703028037,1.75051,6.77767,6.77767,3.13075,3.13283,3.13896,-0.986895,-0.988379,-0.992764
2,8.725457944,1.14519,6.77136,6.77136,3.12467,3.12674,3.13289,-1.41535,-1.41684,-1.42123
2,8.792747664,2.56851,6.7523,6.7523,3.10641,3.10848,3.11466,-0.38461,-0.386092,-0.390509
2,8.904897196,6.90389,6.72014,6.72014,3.07599,3.07805,3.08429,2.73701,2.73553,2.73107
2,8.904897196,1.06339,6.72014,6.72014,3.07599,3.07805,3.08429,-1.43903,-1.44051,-1.44497
2,8.904897196,2.83027,6.72014,6.72014,3.07599,3.07805,3.08429,-0.175694,-0.177172,-0.181629
2,8.927327103,3.53374,6.71366,6.71366,3.0699,3.07197,3.07821,0.331653,0.330176,0.325711
2,8.972186916,2.30675,6.70064,6.70064,3.05773,3.0598,3.06606,-0.536965,-0.53844,-0.542922
2,8.972186916,3.27198,6.70064,6.70064,3.05773,3.0598,3.06606,0.153193,0.151718,0.147236
2,8.972186916,3.89366,6.70064,6.70064,3.05773,3.0598,3.06606,0.597701,0.596226,0.591745
2,9.017046729,3.04294,6.68755,6.68755,3.04556,3.04762,3.05391,-0.00187233,-0.00334608,-0.00784317
2,9.039476636,2.48671,6.68098,6.68098,3.03948,3.04154,3.04784,-0.39524,-0.396713,-0.401218
2,9.061906542,4.84254,6.6744,6.6744,3.03339,3.03545,3.04177,1.29356,1.29209,1.28758
2,9.106766355,1.57055,6.66119,6.66119,3.02123,3.02328,3.02962,-1.03725,-1.03872,-1.04325
2,9.106766355,3.61554,6.66119,6.66119,3.02123,3.02328,3.02962,0.424945,0.423474,0.418945
2,9.129196262,1.29243,6.65456,6.65456,3.01514,3.0172,3.02354,-1.23176,-1.23323,-1.23777
2,9.174056075,4.41718,6.64126,6.64126,3.00297,3.00503,3.01139,1.01118,1.00971,1.00516
2,9.196485981,3.43558,6.63459,6.63459,2.99689,2.99894,3.00532,0.313672,0.312204,0.307644
2,9.241345794,3.73006,6.6212,6.6212,2.98472,2.98677,2.99317,0.532928,0.531462,0.526886
2,9.286205607,2.55215,6.60777,6.60777,2.97256,2.9746,2.98103,-0.300599,-0.302063,-0.306655
2,9.286205607,3.27198,6.60777,6.60777,2.97256,2.9746,2.98103,0.214095,0.212631,0.208039
2,9.308635514,1.35787,6.60103,6.60103,2.96647,2.96852,2.97495,-1.15017,-1.15164,-1.15624
2,9.331065421,3.10838,6.59428,6.59428,2.96039,2.96244,2.96888,0.105819,0.104356,0.0997481
2,9.375925234,5.54601,6.58074,6.58074,2.94822,2.95027,2.95673,1.85746,1.856,1.85137
2,9.39835514,4.26994,6.57395,6.57395,2.94214,2.94418,2.95066,0.949396,0.947936,0.943304
2,9.420785047,7.39468,6.56716,6.56716,2.93606,2.9381,2.94459,3.18799,3.18653,3.18189
2,9.443214953,2.38855,6.56035,6.56035,2.92997,2.93201,2.93851,-0.387128,-0.388587,-0.393234
2,9.443214953,2.84663,6.56035,6.56035,2.92997,2.93201,2.93851,-0.0595956,-0.0610545,-0.0657017
2,9.443214953,4.15542,6.56035,6.56035,2.92997,2.93201,2.93851,0.876212,0.874753,0.870106
2,9.510504673,4.89162,6.53985,6.53985,2.91173,2.91376,2.9203,1.41565,1.41419,1.40952
2,9.532934579,0.719836,6.533,6.533,2.90564,2.90768,2.91422,-1.56289,-1.56434,-1.56902
2,9.532934579,4.40082,6.533,6.533,2.90564,2.90768,2.91422,1.06907,1.06762,1.06294
2,9.645084112,3.41922,6.49858,6.49858,2.87523,2.87726,2.88386,0.388961,0.387509,0.382791
2,9.645084112,2.68303,6.49858,6.49858,2.87523,2.87726,2.88386,-0.137431,-0.138883,-0.143601
2,9.667514019,1.42331,6.49167,6.49167,2.86915,2.87118,2.87779,-1.0338,-1.03525,-1.03997
2,9.667514019,2.48671,6.49167,6.49167,2.86915,2.87118,2.87779,-0.273454,-0.274905,-0.279631
2,9.734803738,3.25562,6.47088,6.47088,2.85091,2.85293,2.85958,0.289379,0.287929,0.28318
2,9.846953271,2.42127,6.43605,6.43605,2.8205,2.82252,2.82922,-0.285459,-0.286904,-0.291693
2,9.869383178,2.78119,6.42906,6.42906,2.81442,2.81644,2.82315,-0.0237638,-0.0252083,-0.0300047
2,9.959102804,1.79959,6.40102,6.40102,2.7901,2.79212,2.79887,-0.708229,-0.709671,-0.714499
2,9.959102804,3.1411,6.40102,6.40102,2.7901,2.79212,2.79887,0.250973,0.249532,0.244704
2,10.00396262,2.61759,6.38695,6.38695,2.77794,2.77995,2.78673,-0.114655,-0.116095,-0.120939
2,10.02639252,2.35583,6.37991,6.37991,2.77186,2.77387,2.78066,-0.29747,-0.298909,-0.30376
2,10.07125234,2.04499,6.3658,6.3658,2.7597,2.76171,2.76852,-0.51103,-0.512468,-0.517335
2,10.13854206,2.53579,6.34459,6.34459,2.74146,2.74347,2.75031,-0.147062,-0.148498,-0.153388
2,10.16097196,3.01022,6.33751,6.33751,2.73539,2.73739,2.74424,0.196514,0.19508,0.190182
2,10.18340187,5.33e-15,6.33042,6.33042,2.72931,2.73131,2.73817,-1.9515,-1.95293,-1.95784
2,10.20583178,3.40286,6.32333,6.32333,2.72323,2.72523,2.7321,0.485949,0.484516,0.479603
2,10.2731215,2.35583,6.30201,6.30201,2.70499,2.70699,2.7139,-0.249659,-0.25109,-0.256027
2,10.2731215,3.9591,6.30201,6.30201,2.70499,2.70699,2.7139,0.896705,0.895275,0.890338
2,10.31798131,2.74847,6.28776,6.28776,2.69284,2.69484,2.70176,0.0397747,0.0383456,0.0333931
2,10.40770093,5.87321,6.25922,6.25922,2.66853,2.67052,2.67749,2.2914,2.28997,2.28499
2,10.40770093,2.30675,6.25922,6.25922,2.66853,2.67052,2.67749,-0.258679,-0.260105,-0.265088
2,10.40770093,3.7955,6.25922,6.25922,2.66853,2.67052,2.67749,0.805802,0.804376,0.799393
2,10.40770093,3.35378,6.25922,6.25922,2.66853,2.67052,2.67749,0.489967,0.488541,0.483558
2,10.40770093,3.01022,6.25922,6.25922,2.66853,2.67052,2.67749,0.244317,0.242892,0.237908
2,10.47499065,2.53579,6.23775,6.23775,2.6503,2.65229,2.65929,-0.0818783,-0.0833012,-0.0883084
2,10.49742056,3.19018,6.23058,6.23058,2.64422,2.64621,2.65323,0.39037,0.388948,0.383933
2,10.51985047,4.46626,6.22341,6.22341,2.63815,2.64014,2.64716,1.30713,1.30571,1.30068
2,10.54228037,3.51738,6.21624,6.21624,2.63207,2.63406,2.64109,0.633011,0.63159,0.62656
2,10.632,1.86503,6.1875,6.1875,2.60777,2.60975,2.61683,-0.531071,-0.532488,-0.537549
2,10.65442991,1.01431,6.1803,6.1803,2.6017,2.60368,2.61077,-1.135,-1.13642,-1.14149
2,10.92358879,2.53579,6.09364,6.09364,2.52882,2.53078,2.538,0.00498472,0.00357681,-0.00158446
2,10.94601869,4.15542,6.08639,6.08639,2.52274,2.52471,2.53194,1.16739,1.16598,1.16081
2,11.03573832,0.327198,6.05738,6.05738,2.49846,2.50042,2.5077,-1.55249,-1.55389,-1.55909
2,11.03573832,1.50511,6.05738,6.05738,2.49846,2.50042,2.5077,-0.710259,-0.711663,-0.716863
2,11.03573832,2.38855,6.05738,6.05738,2.49846,2.50042,2.5077,-0.0785884,-0.0799927,-0.0851924
2,11.08059813,1.66871,6.04285,6.04285,2.48632,2.48828,2.49557,-0.584602,-0.586005,-0.59122
2,11.14788785,1.42331,6.02104,6.02104,2.46811,2.47007,2.47739,-0.747046,-0.748447,-0.753685
2,11.17031776,2.19223,6.01377,6.01377,2.46204,2.464,2.47134,-0.19292,-0.19432,-0.199565
2,11.19274766,1.79959,6.00649,6.00649,2.45597,2.45793,2.46528,-0.469323,-0.470722,-0.475975
2,11.26003738,2.58487,5.98464,5.98464,2.43777,2.43972,2.4471,0.105178,0.103781,0.0985051
2,11.28246729,1.47239,5.97735,5.97735,2.4317,2.43365,2.44104,-0.68592,-0.687316,-0.6926
2,11.3048972,3.25562,5.97005,5.97005,2.42563,2.42759,2.43499,0.593456,0.59206,0.586769
2,11.39461682,2.91207,5.94086,5.94086,2.40137,2.40332,2.41076,0.365157,0.363764,0.358443
2,11.43947664,2.45399,5.92625,5.92625,2.38924,2.39118,2.39865,0.0462982,0.0449064,0.0395702
2,11.46190654,2.06135,5.91894,5.91894,2.38317,2.38512,2.39259,-0.230108,-0.231499,-0.236842
2,11.48433645,1.93047,5.91163,5.91163,2.37711,2.37905,2.38654,-0.319352,-0.320742,-0.326094
2,11.52919626,2.71575,5.897,5.897,2.36498,2.36692,2.37443,0.250804,0.249416,0.244049
2,11.52919626,4.38446,5.897,5.897,2.36498,2.36692,2.37443,1.44396,1.44257,1.4372
2,11.64134579,0.359918,5.8604,5.8604,2.33467,2.3366,2.34416,-1.41197,-1.41336,-1.41876
2,11.91050467,0.834356,5.77236,5.77236,2.26195,2.26388,2.27156,-1.02076,-1.02213,-1.02763
2,11.93293458,2.15951,5.76501,5.76501,2.2559,2.25782,2.26552,-0.0689196,-0.0702919,-0.0757964
2,11.93293458,0.687117,5.76501,5.76501,2.2559,2.25782,2.26552,-1.1217,-1.12308,-1.12858
2,11.97779439,1.11247,5.75031,5.75031,2.24379,2.2457,2.25342,-0.808906,-0.810276,-0.815796
2,12.02265421,1.73415,5.7356,5.7356,2.23168,2.23359,2.24133,-0.355739,-0.357108,-0.362642
2,12.04508411,3.69734,5.72825,5.72825,2.22562,2.22754,2.23529,1.0523,1.05093,1.04539
2,12.11237383,1.96319,5.70618,5.70618,2.20746,2.20937,2.21716,-0.17466,-0.176025,-0.18159
2,12.17966355,1.45603,5.68409,5.68409,2.18931,2.19122,2.19903,-0.524305,-0.525667,-0.531255
2,12.24695327,2.84663,5.66199,5.66199,2.17116,2.17306,2.18091,0.482967,0.481608,0.475998
2,12.26938318,2.61759,5.65463,5.65463,2.16511,2.16701,2.17487,0.323526,0.322167,0.31655
2,12.38153271,3.28834,5.61777,5.61777,2.13488,2.13677,2.14468,0.824745,0.823391,0.817736
2,12.42639252,1.89775,5.60302,5.60302,2.12279,2.12468,2.13261,-0.160907,-0.162258,-0.167928
2,12.42639252,1.60327,5.60302,5.60302,2.12279,2.12468,2.13261,-0.371464,-0.372815,-0.378485
2,12.47125234,2.09407,5.58826,5.58826,2.1107,2.11259,2.12054,-0.0118937,-0.0132429,-0.0189275
2,12.47125234,1.06339,5.58826,5.58826,2.1107,2.11259,2.12054,-0.748842,-0.750191,-0.755876
2,12.51611215,3.32106,5.5735,5.5735,2.09862,2.1005,2.10847,0.874066,0.872719,0.86702
2,12.53854206,2.20859,5.56612,5.56612,2.09258,2.09446,2.10244,0.0829489,0.0816029,0.0758962
2,12.60583178,1.93047,5.54398,5.54398,2.07446,2.07634,2.08435,-0.102955,-0.104298,-0.110027
2,12.6955514,0.736196,5.51443,5.51443,2.05031,2.05219,2.06024,-0.939613,-0.940952,-0.94671
2,12.91985047,1.79959,5.44052,5.44052,1.98999,1.99185,2.00001,-0.136141,-0.137472,-0.143301
2,12.91985047,0.916155,5.44052,5.44052,1.98999,1.99185,2.00001,-0.767811,-0.769142,-0.774971
2,12.98714019,4.33538,5.41833,5.41833,1.97192,1.97377,1.98195,1.68991,1.68859,1.68273
2,13.05442991,1.66871,5.39613,5.39613,1.95384,1.9557,1.96391,-0.203874,-0.205199,-0.211071
2,13.05442991,4.5317,5.39613,5.39613,1.95384,1.9557,1.96391,1.8432,1.84188,1.83601
2,13.18900935,0.458078,5.35173,5.35173,1.91773,1.91957,1.92784,-1.04367,-1.04499,-1.05091
2,13.23386916,2.38855,5.33692,5.33692,1.9057,1.90754,1.91583,0.345245,0.343928,0.338001
2,13.25629907,0.539877,5.32951,5.32951,1.89968,1.90152,1.90982,-0.972283,-0.973599,-0.979533
2,13.30115888,3.58282,5.3147,5.3147,1.88766,1.8895,1.89782,1.21207,1.21075,1.20481
2,13.3908785,2.02863,5.28508,5.28508,1.86362,1.86546,1.87381,0.117982,0.116671,0.110696
2,13.41330841,3.76278,5.27767,5.27767,1.85762,1.85945,1.86782,1.36222,1.36091,1.35493
2,13.41330841,4.08998,5.27767,5.27767,1.85762,1.85945,1.86782,1.59617,1.59486,1.58888
2,13.45816822,2.65031,5.26285,5.26285,1.84561,1.84744,1.85582,0.575371,0.574063,0.568068
2,13.48059813,0.556237,5.25544,5.25544,1.83961,1.84143,1.84983,-0.917629,-0.918936,-0.924938
2,13.52545794,2.14315,5.24062,5.24062,1.8276,1.82943,1.83784,0.225619,0.224314,0.218299
2,13.74975701,1.40695,5.16649,5.16649,1.76768,1.76949,1.77799,-0.257923,-0.259218,-0.265299
2,13.81704673,0.997955,5.14425,5.14425,1.74972,1.75153,1.76006,-0.537527,-0.538819,-0.544919
2,13.99648598,0.719836,5.08491,5.08491,1.70192,1.70372,1.71232,-0.702206,-0.703489,-0.70964
2,14.0637757,1.55419,5.06265,5.06265,1.68402,1.68581,1.69444,-0.0928309,-0.0941105,-0.10028
2,14.24321495,0.0981595,5.00329,5.00329,1.63637,1.63815,1.64684,-1.09984,-1.10111,-1.10733
2,14.24321495,2.43763,5.00329,5.00329,1.63637,1.63815,1.64684,0.572912,0.571641,0.565425
2,14.31050467,2.78119,4.98102,4.98102,1.61853,1.6203,1.62902,0.831317,0.830049,0.823816
2,14.4002243,2.87935,4.95133,4.95133,1.59477,1.59654,1.60529,0.91849,0.917226,0.91097
2,14.4002243,4.05726,4.95133,4.95133,1.59477,1.59654,1.60529,1.76072,1.75945,1.7532
2,14.44508411,0.196319,4.93648,4.93648,1.58291,1.58467,1.59344,-0.991431,-0.992693,-0.99896
2,14.44508411,1.01431,4.93648,4.93648,1.58291,1.58467,1.59344,-0.406551,-0.407813,-0.41408
2,14.44508411,1.37423,4.93648,4.93648,1.58291,1.58467,1.59344,-0.149204,-0.150466,-0.156733
2,14.53480374,2.73211,4.90679,4.90679,1.5592,1.56096,1.56975,0.838646,0.837389,0.8311
2,14.64695327,1.22699,4.86966,4.86966,1.52962,1.53137,1.5402,-0.216382,-0.217633,-0.223949
2,14.87125234,1.79959,4.7954,4.7954,1.47065,1.47238,1.48128,0.2352,0.233962,0.227596
2,14.98340187,0.179959,4.75826,4.75826,1.44126,1.44299,1.45192,-0.901852,-0.903083,-0.909472
2,15.02826168,1.79959,4.7434,4.7434,1.42953,1.43125,1.4402,0.264599,0.26337,0.256972
2,15.0955514,1.86503,4.72112,4.72112,1.41195,1.41367,1.42263,0.323956,0.322732,0.316321
2,15.25256075,3.68098,4.66911,4.66911,1.37106,1.37275,1.38176,1.65163,1.65042,1.64398
2,15.27499065,0.572597,4.66168,4.66168,1.36523,1.36692,1.37594,-0.566743,-0.567955,-0.574399
2,15.29742056,1.68507,4.65425,4.65425,1.3594,1.3611,1.37011,0.232859,0.231648,0.2252
2,15.38714019,1.86503,4.62453,4.62453,1.33614,1.33782,1.34686,0.378168,0.376963,0.370501
2,15.47685981,0.883436,4.59481,4.59481,1.31293,1.31461,1.32366,-0.307096,-0.308294,-0.31477
2,15.52171963,2.81391,4.57995,4.57995,1.30135,1.30302,1.31209,1.0815,1.08031,1.07382
2,15.90302804,1.66871,4.45361,4.45361,1.20363,1.20526,1.21438,0.332543,0.331378,0.324851
2,16.08246729,1.81595,4.39415,4.39415,1.15812,1.15973,1.16888,0.470357,0.469208,0.462669
2,16.26190654,2.56851,4.33469,4.33469,1.11297,1.11456,1.12371,1.04073,1.0396,1.03305
2,16.30676636,1.97955,4.31982,4.31982,1.10174,1.10332,1.11248,0.627646,0.626516,0.619969
3,0,0.620408,5.42635,5.42635,6.2946,6.28145,6.54494,-4.05713,-4.04773,-4.23613
3,2.018691589,4.5551,6.17665,6.17665,5.8352,5.82432,6.06253,-0.915291,-0.907514,-1.07783
3,2.041121495,2.61224,6.1848,6.1848,5.8301,5.81925,6.05717,-2.30081,-2.29305,-2.46317
3,3.005607477,5.24082,6.52593,6.52593,5.61061,5.60084,5.82669,-0.264407,-0.25742,-0.418906
3,3.857943925,3.72245,6.80244,6.80244,5.41664,5.40783,5.623,-1.21138,-1.20507,-1.35893
3,4.014953271,2.1551,6.84917,6.84917,5.38091,5.37227,5.58548,-2.30651,-2.30033,-2.45278
3,4.014953271,3.2,6.84917,6.84917,5.38091,5.37227,5.58548,-1.55939,-1.55321,-1.70566
3,4.037383178,5.01224,6.85571,6.85571,5.37581,5.36719,5.58012,-0.259954,-0.253794,-0.406042
3,4.351401869,3.82041,6.94319,6.94319,5.30435,5.29609,5.50508,-1.06104,-1.05513,-1.20457
3,5.001869159,3.11837,7.09407,7.09407,5.15632,5.14879,5.34964,-1.45717,-1.45178,-1.59539
3,5.136448598,5.8449,7.1189,7.1189,5.1257,5.11831,5.31748,0.51424,0.519518,0.377112
3,5.226168224,1.94286,7.13404,7.13404,5.10528,5.098,5.29604,-2.26118,-2.25597,-2.39758
3,5.45046729,4.81633,7.1666,7.1666,5.05424,5.04721,5.24244,-0.170109,-0.165083,-0.304677
3,5.876635514,3.59184,7.20577,7.20577,4.95725,4.9507,5.1406,-0.976295,-0.97161,-1.10739
3,5.943925234,4.70204,7.20907,7.20907,4.94194,4.93547,5.12452,-0.171533,-0.166902,-0.302078
3,6.011214953,4.3102,7.21156,7.21156,4.92663,4.92023,5.10844,-0.440753,-0.436176,-0.57075
3,6.03364486,6.33469,7.21221,7.21221,4.92152,4.91515,5.10308,1.01044,1.015,0.880624
3,6.347663551,4.60408,7.21181,7.21181,4.85006,4.84404,5.02804,-0.175882,-0.171575,-0.303135
3,6.841121495,5.12653,7.17659,7.17659,4.73777,4.7323,4.91012,0.27797,0.28188,0.15474
3,6.908411215,6.12245,7.16874,7.16874,4.72246,4.71706,4.89404,1.00102,1.00487,0.878335
3,6.998130841,4.19592,7.15724,7.15724,4.70204,4.69675,4.8726,-0.361885,-0.358101,-0.483834
3,7.020560748,6.17143,7.15418,7.15418,4.69694,4.69167,4.86723,1.05429,1.05805,0.932519
3,7.042990654,5.40408,7.15105,7.15105,4.69183,4.68659,4.86187,0.50927,0.513018,0.387686
3,7.155140187,7.77143,7.13437,7.13437,4.66631,4.66119,4.83507,2.22021,2.22387,2.09954
3,7.244859813,4.76735,7.11983,7.11983,4.64589,4.64088,4.81363,0.0868419,0.0904276,-0.0330958
3,7.289719626,6.85714,7.11218,7.11218,4.63568,4.63072,4.80291,1.58838,1.59193,1.46881
3,7.334579439,5.81224,7.10428,7.10428,4.62548,4.62056,4.79219,0.848559,0.852072,0.729353
3,7.334579439,4.44082,7.10428,7.10428,4.62548,4.62056,4.79219,-0.132034,-0.12852,-0.25124
3,7.379439252,4.01633,7.09615,7.09615,4.61527,4.6104,4.78147,-0.428251,-0.424774,-0.547091
3,7.446728972,6.23673,7.08352,7.08352,4.59995,4.59517,4.76539,1.17032,1.17375,1.05203
3,7.648598131,4.81633,7.04273,7.04273,4.55401,4.54945,4.71715,0.187557,0.190818,0.0709113
3,7.693457944,6.44898,7.03312,7.03312,4.54381,4.5393,4.70643,1.36223,1.36545,1.24595
3,7.85046729,4.76735,6.99804,6.99804,4.50808,4.50374,4.66891,0.185383,0.188482,0.0703819
3,7.962616822,6.80816,6.97173,6.97173,4.48255,4.47835,4.64211,1.66285,1.66586,1.54876
3,8.007476636,5.74694,6.96094,6.96094,4.47235,4.46819,4.63139,0.911353,0.914327,0.797632
3,8.007476636,3.6898,6.96094,6.96094,4.47235,4.46819,4.63139,-0.559536,-0.556562,-0.673256
3,8.007476636,5.3551,6.96094,6.96094,4.47235,4.46819,4.63139,0.631184,0.634157,0.517463
3,8.142056075,8.26122,6.9277,6.9277,4.44172,4.43771,4.59923,2.731,2.73387,2.61838
3,8.231775701,4.5551,6.90487,6.90487,4.4213,4.4174,4.57779,0.095668,0.0984615,-0.0162245
3,8.321495327,5.48571,6.88155,6.88155,4.40089,4.39708,4.55635,0.775668,0.77839,0.664507
3,8.343925234,4.32653,6.87565,6.87565,4.39578,4.392,4.55099,-0.0495161,-0.0468124,-0.160494
3,8.456074766,5.9102,6.84573,6.84573,4.37026,4.36661,4.52419,1.10108,1.1037,0.991019
3,8.747663551,4.75102,6.76509,6.76509,4.30391,4.30058,4.45452,0.319693,0.322073,0.212006
3,8.882242991,3.98367,6.72667,6.72667,4.27328,4.2701,4.42236,-0.207075,-0.204802,-0.313665
3,8.94953271,6.66122,6.70722,6.70722,4.25797,4.25487,4.40628,1.71836,1.72058,1.61232
3,9.01682243,4.8,6.68762,6.68762,4.24266,4.23963,4.3902,0.398507,0.400673,0.293016
3,9.039252336,5.9102,6.68105,6.68105,4.23756,4.23455,4.38484,1.19597,1.19812,1.09066
3,9.039252336,4.60408,6.68105,6.68105,4.23756,4.23455,4.38484,0.262072,0.26422,0.156764
3,9.151401869,7.72245,6.64798,6.64798,4.21204,4.20916,4.35804,2.51,2.51206,2.40561
3,9.218691589,3.80408,6.62797,6.62797,4.19672,4.19392,4.34196,-0.280745,-0.27874,-0.38459
3,9.285981308,5.06122,6.60783,6.60783,4.18141,4.17868,4.32588,0.62908,0.631031,0.525784
3,9.330841121,6.22041,6.59435,6.59435,4.1712,4.16852,4.31516,1.46521,1.46713,1.36228
3,9.353271028,5.32245,6.58758,6.58758,4.1661,4.16345,4.3098,0.826808,0.828705,0.72406
3,9.375700935,4.39184,6.58081,6.58081,4.161,4.15837,4.30444,0.165055,0.166935,0.0624904
3,9.487850467,6.26939,6.54676,6.54676,4.13548,4.13297,4.27764,1.52578,1.52757,1.42413
3,9.66728972,4.34286,6.49174,6.49174,4.09464,4.09234,4.23476,0.177476,0.179123,0.0772886
3,9.846728972,4.71837,6.43612,6.43612,4.05381,4.05171,4.19189,0.475167,0.47667,0.376442
3,9.958878505,5.02857,6.40109,6.40109,4.02829,4.02632,4.16509,0.715214,0.716628,0.617404
3,10.00373832,6.92245,6.38702,6.38702,4.01809,4.01616,4.15437,2.07666,2.07804,1.97922
3,10.02616822,4.35918,6.37998,6.37998,4.01298,4.01108,4.14901,0.247539,0.2489,0.150279
3,10.02616822,5.51837,6.37998,6.37998,4.01298,4.01108,4.14901,1.07637,1.07773,0.979113
3,10.11588785,7.24898,6.35174,6.35174,3.99257,3.99076,4.12757,2.32839,2.32967,2.23186
3,10.22803738,3.80408,6.3163,6.3163,3.96705,3.96537,4.10077,-0.116524,-0.115324,-0.212137
3,10.2953271,5.1102,6.29496,6.29496,3.95174,3.95013,4.08469,0.828322,0.829468,0.733257
3,10.34018692,5.20816,6.28071,6.28071,3.94153,3.93998,4.07397,0.905663,0.906773,0.810964
3,10.38504673,3.15102,6.26643,6.26643,3.93132,3.92982,4.06325,-0.557928,-0.556854,-0.652261
3,10.45233645,4.63673,6.24498,6.24498,3.91601,3.91458,4.04717,0.515329,0.516349,0.421545
3,10.65420561,4.70204,6.18037,6.18037,3.87008,3.86888,3.99894,0.594866,0.595726,0.502729
3,10.69906542,4.13061,6.16597,6.16597,3.85987,3.85872,3.98822,0.193584,0.194408,0.101813
3,10.74392523,3.4449,6.15155,6.15155,3.84966,3.84856,3.9775,-0.289414,-0.288626,-0.380819
3,10.85607477,6.07347,6.11543,6.11543,3.82415,3.82317,3.9507,1.6083,1.609,1.51781
3,10.94579439,4.21224,6.08647,6.08647,3.80373,3.80286,3.92927,0.292093,0.29272,0.202335
3,10.99065421,5.42041,6.07197,6.07197,3.79352,3.7927,3.91855,1.16325,1.16384,1.07385
3,11.01308411,5.99184,6.06471,6.06471,3.78842,3.78762,3.91319,1.57548,1.57605,1.48627
3,11.03551402,4.81633,6.05745,6.05745,3.78332,3.78254,3.90783,0.738617,0.739172,0.649591
3,11.14766355,6.38367,6.02112,6.02112,3.7578,3.75715,3.88103,1.87754,1.87801,1.78943
3,11.23738318,2.48163,5.99199,5.99199,3.73739,3.73684,3.85959,-0.897884,-0.89749,-0.985263
3,11.28224299,4.65306,5.97742,5.97742,3.72718,3.72668,3.84887,0.662019,0.662377,0.575006
3,11.3271028,3.65714,5.96283,5.96283,3.71697,3.71652,3.83816,-0.0427798,-0.0424582,-0.129427
3,11.37196262,2.13878,5.94824,5.94824,3.70677,3.70637,3.82744,-1.12114,-1.12085,-1.20742
3,11.41682243,4.16327,5.93363,5.93363,3.69656,3.69621,3.81672,0.333702,0.333951,0.247786
3,11.6635514,2.67755,5.85314,5.85314,3.64042,3.64035,3.75777,-0.688469,-0.688418,-0.772371
3,11.68598131,3.2,5.84582,5.84582,3.63532,3.63527,3.75241,-0.311261,-0.311228,-0.39498
3,11.73084112,2.38367,5.83115,5.83115,3.62511,3.62512,3.74169,-0.887649,-0.887652,-0.971003
3,11.86542056,3.36327,5.78712,5.78712,3.5945,3.59465,3.70954,-0.165333,-0.165444,-0.247589
3,11.93271028,4.94694,5.76508,5.76508,3.57919,3.57942,3.69346,0.977964,0.9778,0.896258
3,12,3.78776,5.74303,5.74303,3.56388,3.56418,3.67738,0.160076,0.159858,0.0789188
3,12.02242991,6.22041,5.73568,5.73568,3.55877,3.5591,3.67202,1.90311,1.90287,1.82213
3,12.04485981,3.08571,5.72832,5.72832,3.55367,3.55403,3.66666,-0.334596,-0.334851,-0.415388
3,12.11214953,5.64898,5.70625,5.70625,3.53836,3.53879,3.65059,1.50912,1.50882,1.42888
3,12.22429907,2.51429,5.66943,5.66943,3.51285,3.5134,3.62379,-0.713987,-0.714385,-0.793315
3,12.29158879,4.88163,5.64733,5.64733,3.49754,3.49817,3.60772,0.989648,0.989196,0.91087
3,12.31401869,5.19184,5.63996,5.63996,3.49244,3.49309,3.60236,1.2151,1.21463,1.1365
3,12.3364486,2.82449,5.63259,5.63259,3.48733,3.48802,3.597,-0.473944,-0.474431,-0.552356
3,12.3588785,2.30204,5.62522,5.62522,3.48223,3.48294,3.59164,-0.843854,-0.84436,-0.922084
3,12.44859813,4.73469,5.59572,5.59572,3.46182,3.46263,3.57021,0.910124,0.909547,0.832627
3,12.65046729,2.36735,5.52928,5.52928,3.4159,3.41693,3.52198,-0.74973,-0.750469,-0.82558
3,12.6728972,3.46122,5.52189,5.52189,3.4108,3.41185,3.51662,0.0360576,0.0353009,-0.0396088
3,12.74018692,3.05306,5.49973,5.49973,3.39549,3.39662,3.50054,-0.244841,-0.245651,-0.319958
3,12.87476636,3.00408,5.45538,5.45538,3.36488,3.36616,3.4684,-0.257973,-0.258891,-0.331991
3,12.94205607,4.08163,5.4332,5.4332,3.34957,3.35093,3.45232,0.523437,0.522465,0.449968
3,12.98691589,4.44082,5.4184,5.4184,3.33936,3.34077,3.4416,0.787555,0.786547,0.714452
3,13.00934579,4.57143,5.411,5.411,3.33426,3.3357,3.43625,0.884592,0.883567,0.811673
3,13.0317757,2.62857,5.40361,5.40361,3.32916,3.33062,3.43089,-0.500932,-0.501975,-0.573669
3,13.16635514,4.60408,5.3592,5.3592,3.29855,3.30016,3.39874,0.933475,0.932325,0.861838
3,13.23364486,2.10612,5.33699,5.33699,3.28324,3.28493,3.38267,-0.841661,-0.842864,-0.912748
3,13.30093458,3.55918,5.31478,5.31478,3.26794,3.2697,3.36659,0.208244,0.206986,0.137706
3,13.30093458,2.35102,5.31478,5.31478,3.26794,3.2697,3.36659,-0.655612,-0.656869,-0.72615
3,13.32336449,3.13469,5.30737,5.30737,3.26284,3.26462,3.36123,-0.0916253,-0.0929005,-0.16198
3,13.3682243,2.93878,5.29256,5.29256,3.25264,3.25447,3.35052,-0.224415,-0.225726,-0.294403
3,13.45794393,3.98367,5.26292,5.26292,3.23223,3.23416,3.32909,0.537294,0.535912,0.468038
3,13.65981308,5.33e-15,5.19622,5.19622,3.18632,3.18848,3.28087,-2.27827,-2.27981,-2.34587
3,13.68224299,2.17143,5.18881,5.18881,3.18122,3.1834,3.27551,-0.722015,-0.723577,-0.789439
3,13.74953271,1.69796,5.16657,5.16657,3.16592,3.16817,3.25944,-1.04961,-1.05123,-1.11649
3,13.86168224,0.897959,5.12949,5.12949,3.14041,3.1428,3.23266,-1.60339,-1.60509,-1.66935
3,13.92897196,3.57551,5.10724,5.10724,3.12511,3.12757,3.21659,0.322043,0.320284,0.256635
3,13.99626168,3.5102,5.08498,5.08498,3.10981,3.11234,3.20052,0.286289,0.284476,0.221431
3,14.01869159,1.50204,5.07756,5.07756,3.10471,3.10727,3.19516,-1.14593,-1.14776,-1.21061
3,14.0411215,2.69388,5.07015,5.07015,3.09961,3.10219,3.1898,-0.290104,-0.291952,-0.354595
3,14.13084112,5.30612,5.04047,5.04047,3.07921,3.08189,3.16838,1.59228,1.59036,1.52852
3,14.24299065,1.6,5.00336,5.00336,3.05371,3.05652,3.1416,-1.03942,-1.04143,-1.10226
3,14.28785047,3.88571,4.98852,4.98852,3.04351,3.04637,3.13088,0.602191,0.600144,0.539716
3,14.33271028,2.77551,4.97367,4.97367,3.03331,3.03622,3.12017,-0.18433,-0.186412,-0.246438
3,14.44485981,4.27755,4.93656,4.93656,3.00781,3.01085,3.09339,0.907884,0.905712,0.846692
3,14.64672897,2.25306,4.86974,4.86974,2.96192,2.96518,3.04519,-0.506845,-0.509178,-0.566386
3,14.69158879,5.07755,4.85488,4.85488,2.95172,2.95504,3.03448,1.52,1.51763,1.46083
3,14.93831776,2.93878,4.77319,4.77319,2.89564,2.89923,2.97558,0.030841,0.0282756,-0.026315
3,14.98317757,3.10204,4.75833,4.75833,2.88545,2.88908,2.96487,0.154868,0.152267,0.0980791
3,15.00560748,1.19184,4.7509,4.7509,2.88035,2.88401,2.95952,-1.20731,-1.20993,-1.26392
3,15.05046729,1.51837,4.73605,4.73605,2.87015,2.87387,2.94881,-0.966548,-0.969203,-1.02279
3,15.11775701,5.38776,4.71376,4.71376,2.85486,2.85865,2.93275,1.81106,1.80835,1.75537
3,15.25233645,1.76327,4.66919,4.66919,2.82428,2.82822,2.90062,-0.758641,-0.761458,-0.813229
3,15.29719626,2.98776,4.65433,4.65433,2.81409,2.81808,2.88992,0.124176,0.121324,0.0699552
3,15.36448598,1.25714,4.63204,4.63204,2.7988,2.80286,2.87386,-1.10231,-1.10521,-1.15598
3,15.4317757,3.96735,4.60975,4.60975,2.78351,2.78765,2.8578,0.846463,0.843503,0.793343
3,15.67850467,0.0163265,4.52801,4.52801,2.72746,2.73187,2.79893,-1.9385,-1.94166,-1.9896
3,15.92523364,2.59592,4.44625,4.44625,2.67142,2.67611,2.74007,-0.0539868,-0.0573405,-0.103068
3,16.1271028,0.881633,4.37936,4.37936,2.62559,2.6305,2.69192,-1.24695,-1.25047,-1.29438
3,16.21682243,1.24082,4.34963,4.34963,2.60522,2.61023,2.67052,-0.975569,-0.979155,-1.02226
3,16.30654206,2.85714,4.3199,4.3199,2.58485,2.58997,2.64913,0.194692,0.191033,0.148733
3,16.35140187,0.914286,4.30503,4.30503,2.57467,2.57984,2.63843,-1.1872,-1.19089,-1.23279
3,16.4635514,2.84082,4.26786,4.26786,2.54922,2.55451,2.6117,0.208497,0.204714,0.163824
3,16.66542056,2.74286,4.20096,4.20096,2.50342,2.50893,2.56358,0.171204,0.167261,0.128186
3,16.97943925,0.163265,4.09688,4.09688,2.4322,2.43806,2.48876,-1.62232,-1.62651,-1.66277
3,17.00186916,2.17143,4.08945,4.08945,2.42711,2.433,2.48342,-0.182818,-0.187026,-0.223079
3,17.11401869,2.23673,4.05228,4.05228,2.40169,2.4077,2.45671,-0.117945,-0.122242,-0.157286
3,17.20373832,0.555102,4.02254,4.02254,2.38135,2.38746,2.43535,-1.3058,-1.31017,-1.3444
3,17.29345794,0.457143,3.9928,3.9928,2.36102,2.36723,2.41399,-1.3613,-1.36574,-1.39917
3,17.29345794,1.95918,3.9928,3.9928,2.36102,2.36723,2.41399,-0.287322,-0.29176,-0.325192
3,17.31588785,3.2,3.98537,3.98537,2.35594,2.36217,2.40865,0.603514,0.599059,0.565829
3,17.42803738,2.67755,3.9482,3.9482,2.33054,2.33689,2.38196,0.248121,0.243578,0.211356
3,18.03364486,1.81224,3.74746,3.74746,2.19347,2.20049,2.23794,-0.272582,-0.277602,-0.304382
3,18.12336449,4.5551,3.71772,3.71772,2.17319,2.1803,2.21663,1.70311,1.69802,1.67204
3,18.23551402,0.555102,3.68055,3.68055,2.14784,2.15508,2.19,-1.13883,-1.14401,-1.16898
3,18.37009346,1.30612,3.63595,3.63595,2.11744,2.12483,2.15805,-0.580105,-0.585386,-0.609144
3,18.43738318,2.20408,3.61364,3.61364,2.10225,2.10971,2.14209,0.0728133,0.0674802,0.0443273
3,18.95327103,2.04082,3.44266,3.44266,1.98591,1.99392,2.01983,0.0392586,0.0335289,0.0150054
3,19.13271028,2.57959,3.38319,3.38319,1.94552,1.95372,1.97738,0.453373,0.447507,0.430592
3,19.26728972,0.359184,3.3386,3.3386,1.91525,1.9236,1.94557,-1.11261,-1.11858,-1.13429
3,19.44672897,1.63265,3.27913,3.27913,1.87494,1.88347,1.9032,-0.173236,-0.179338,-0.193444
3,20.43364486,1.66531,2.95219,2.95219,1.65425,1.66379,1.67125,0.00790658,0.00108272,-0.00425139
4,0,1.95122,5.42635,5.42635,3.72898,3.73876,3.69672,-1.27113,-1.27812,-1.24806
4,0.993314231,2.05765,5.7987,5.7987,4.55234,4.56472,4.51904,-1.78374,-1.79259,-1.75993
4,1.107927412,5.62306,5.84137,5.84137,4.64734,4.66003,4.61393,0.697652,0.688581,0.721542
4,1.184336199,0.922395,5.86978,5.86978,4.71068,4.72357,4.67719,-2.70868,-2.7179,-2.68474
4,1.222540592,4.25721,5.88396,5.88396,4.74235,4.75534,4.70882,-0.346887,-0.356173,-0.322912
4,1.910219675,7.34368,6.13718,6.13718,5.31241,5.3272,5.27816,1.45239,1.44181,1.47688
4,1.986628462,4.00887,6.165,6.165,5.37575,5.39074,5.34142,-0.977339,-0.98806,-0.952797
4,2.101241643,5.81818,6.20659,6.20659,5.47076,5.48605,5.43631,0.248414,0.237478,0.273042
4,2.17765043,4.00887,6.2342,6.2342,5.5341,5.54959,5.49957,-1.09056,-1.10164,-1.06588
4,2.215854823,2.80266,6.24797,6.24797,5.56577,5.58136,5.5312,-1.97566,-1.98682,-1.95095
4,2.215854823,4.47007,6.24797,6.24797,5.56577,5.58136,5.5312,-0.783443,-0.794594,-0.758729
4,2.521489971,3.051,6.35721,6.35721,5.81913,5.83553,5.78424,-1.97926,-1.99098,-1.95431
4,2.903533906,8.26608,6.49089,6.49089,6.13583,6.15323,6.10051,1.52316,1.51072,1.54841
4,3.018147087,4.82483,6.53021,6.53021,6.23084,6.24854,6.19539,-1.00531,-1.01797,-0.979969
4,3.094555874,6.56319,6.5562,6.5562,6.29418,6.31208,6.25864,0.19235,0.179549,0.21776
4,3.132760267,6.17295,6.56911,6.56911,6.32585,6.34385,6.29027,-0.109325,-0.122198,-0.0838832
4,3.209169054,4.15078,6.59479,6.59479,6.38919,6.40739,6.35351,-1.6005,-1.61352,-1.57499
4,3.209169054,4.66519,6.59479,6.59479,6.38919,6.40739,6.35351,-1.23269,-1.2457,-1.20718
4,3.209169054,6.03104,6.59479,6.59479,6.38919,6.40739,6.35351,-0.25608,-0.269096,-0.230573
4,3.896848138,8.26608,6.81417,6.81417,6.95925,6.97926,6.92261,0.934401,0.920094,0.960601
4,3.915950334,7.18404,6.81989,6.81989,6.97508,6.99514,6.93841,0.149403,0.13506,0.175628
4,4.011461318,6.29712,6.84815,6.84815,7.05426,7.07457,7.0174,-0.541368,-0.555891,-0.51501
4,4.087870105,8.2306,6.87029,6.87029,7.1176,7.13811,7.08057,0.795812,0.781146,0.82229
4,4.106972302,7.55654,6.87576,6.87576,7.13343,7.154,7.09636,0.302528,0.287826,0.329039
4,4.183381089,7.73392,6.89736,6.89736,7.19677,7.21753,7.15949,0.384072,0.369227,0.410728
4,4.240687679,7.27273,6.91326,6.91326,7.24428,7.26519,7.20681,0.0203428,0.00538987,0.0471291
4,4.240687679,4.50554,6.91326,6.91326,7.24428,7.26519,7.20681,-1.95824,-1.97319,-1.93145
4,4.508118434,7.94678,6.98367,6.98367,7.45165,7.46348,7.42267,0.354028,0.345571,0.374747
4,4.508118434,6.38581,6.98367,6.98367,7.45165,7.46348,7.42267,-0.762094,-0.770551,-0.741375
4,4.699140401,7.50333,7.02969,7.02969,7.45402,7.44639,7.46699,0.0352535,0.0407074,0.0259839
4,4.890162369,8.54989,7.07162,7.07162,7.34858,7.33498,7.37872,0.858954,0.868676,0.837405
4,4.928366762,7.57428,7.07948,7.07948,7.32275,7.30877,7.35424,0.179845,0.189842,0.157329
4,5.023877746,6.40355,7.0983,7.0983,7.25543,7.24098,7.28895,-0.609106,-0.598777,-0.633076
4,5.062082139,7.25499,7.10548,7.10548,7.22781,7.2133,7.2618,0.0194368,0.0298098,-0.00486973
4,5.11938873,8.08869,7.11589,7.11589,7.18594,7.17142,7.22043,0.645479,0.655862,0.620823
4,5.17669532,7.5388,7.12584,7.12584,7.14374,7.12927,7.17854,0.282476,0.292823,0.257592
4,5.214899713,6.7051,7.1322,7.1322,7.11548,7.10107,7.15043,-0.293429,-0.283122,-0.31842
4,5.23400191,6.26164,7.13531,7.13531,7.10132,7.08694,7.13634,-0.600387,-0.590103,-0.625422
4,5.520534862,6.29712,7.17515,7.17515,6.88803,6.87431,6.92348,-0.422508,-0.412701,-0.447859
4,5.539637058,5.10865,7.17734,7.17734,6.87378,6.86011,6.90925,-1.2621,-1.25232,-1.28746
4,5.711556829,6.52772,7.19429,7.19429,6.74552,6.73231,6.78112,-0.155734,-0.146284,-0.181186
4,5.902578797,7.60976,7.20714,7.20714,6.60298,6.59028,6.6387,0.719857,0.728945,0.694317
4,5.921680993,6.86475,7.20807,7.20807,6.58873,6.57607,6.62446,0.197355,0.206406,0.171806
4,6.036294174,7.41463,7.21228,7.21228,6.5032,6.49085,6.53901,0.651687,0.66052,0.626087
4,6.074498567,5.42794,7.21316,7.21316,6.47469,6.46244,6.51052,-0.748447,-0.739687,-0.774065
4,6.074498567,5.14412,7.21316,7.21316,6.47469,6.46244,6.51052,-0.951378,-0.942618,-0.976996
4,6.112702961,8.42572,7.21377,7.21377,6.44618,6.43403,6.48204,1.4154,1.42409,1.38976
4,6.189111748,5.39246,7.21422,7.21422,6.38916,6.37722,6.42507,-0.712658,-0.704117,-0.738329
4,6.227316141,6.95344,7.21405,7.21405,6.36065,6.34881,6.39658,0.423849,0.432316,0.39816
4,6.227316141,5.78271,7.21405,7.21405,6.36065,6.34881,6.39658,-0.413243,-0.404775,-0.438931
4,6.227316141,5.85366,7.21405,7.21405,6.36065,6.34881,6.39658,-0.36251,-0.354042,-0.388198
4,6.532951289,4.64745,7.20338,7.20338,6.13258,6.12155,6.1687,-1.06189,-1.05401,-1.08772
4,6.532951289,5.60532,7.20338,7.20338,6.13258,6.12155,6.1687,-0.376998,-0.369113,-0.402824
4,6.723973257,5.21508,7.18858,7.18858,5.99003,5.97952,6.02627,-0.554106,-0.546585,-0.580017
4,6.914995224,5.78271,7.16794,7.16794,5.84749,5.83748,5.88385,-0.0463214,-0.0391635,-0.0723169
4,6.914995224,5.56984,7.16794,7.16794,5.84749,5.83748,5.88385,-0.19852,-0.191362,-0.224515
4,7.029608405,6.03104,7.15293,7.15293,5.76196,5.75226,5.79839,0.192397,0.199335,0.166351
4,7.067812798,6.13747,7.14751,7.14751,5.73345,5.72385,5.7699,0.288881,0.295746,0.262817
4,7.067812798,5.78271,7.14751,7.14751,5.73345,5.72385,5.7699,0.0352168,0.042082,0.00915332
4,7.106017192,7.84035,7.14188,7.14188,5.70494,5.69544,5.74142,1.52685,1.53364,1.50077
4,7.182425979,4.75388,7.13005,7.13005,5.64793,5.63863,5.68445,-0.639257,-0.63261,-0.66537
4,7.220630372,5.35698,7.12385,7.12385,5.61942,5.61022,5.65596,-0.187643,-0.181069,-0.213773
4,7.220630372,4.50554,7.12385,7.12385,5.61942,5.61022,5.65596,-0.796437,-0.789863,-0.822567
4,7.258834766,4.36364,7.11747,7.11747,5.59091,5.58181,5.62748,-0.877518,-0.871016,-0.903665
4,7.526265521,6.102,7.06795,7.06795,5.39134,5.38296,5.42808,0.508129,0.514122,0.481861
4,7.526265521,4.32816,7.06795,7.06795,5.39134,5.38296,5.42808,-0.760192,-0.754198,-0.786459
4,7.698185291,7.04213,7.03209,7.03209,5.26305,5.25512,5.29989,1.27207,1.27774,1.24572
4,7.908309456,6.91796,6.9846,6.9846,5.10625,5.09888,5.14323,1.2954,1.30067,1.26896
4,7.908309456,4.39911,6.9846,6.9846,5.10625,5.09888,5.14323,-0.505615,-0.500347,-0.532052
4,8.022922636,4.61197,6.95719,6.95719,5.02072,5.01366,5.05777,-0.292263,-0.287213,-0.318751
4,8.022922636,4.15078,6.95719,6.95719,5.02072,5.01366,5.05777,-0.622026,-0.616976,-0.648515
4,8.06112703,4.39911,6.94784,6.94784,4.99222,4.98525,5.02928,-0.424077,-0.4191,-0.450582
4,8.099331423,4.89579,6.93839,6.93839,4.96371,4.95685,5.0008,-0.0485631,-0.0436577,-0.0750854
4,8.099331423,5.03769,6.93839,6.93839,4.96371,4.95685,5.0008,0.0529025,0.0578079,0.0263802
4,8.213944604,4.18625,6.90945,6.90945,4.87818,4.87162,4.91534,-0.494738,-0.490051,-0.521311
4,8.213944604,3.08647,6.90945,6.90945,4.87818,4.87162,4.91534,-1.2811,-1.27641,-1.30767
4,8.213944604,3.33481,6.90945,6.90945,4.87818,4.87162,4.91534,-1.10353,-1.09884,-1.13011
4,8.2330468,4.5765,6.90454,6.90454,4.86393,4.85742,4.9011,-0.205516,-0.200865,-0.232097
4,8.519579752,4.77162,6.8285,6.8285,4.65012,4.64437,4.68746,0.0868742,0.090986,0.0601728
4,8.538681948,4.68293,6.82328,6.82328,4.63587,4.63016,4.67322,0.0336498,0.0377257,0.00694026
4,8.672397326,4.86031,6.78626,6.78626,4.53609,4.53074,4.57352,0.231823,0.235649,0.205057
4,8.901623687,6.03104,6.72109,6.72109,4.36505,4.3603,4.40262,1.19121,1.19461,1.16435
4,9.016236867,2.55432,6.68779,6.68779,4.27953,4.27508,4.31717,-1.23355,-1.23037,-1.26046
4,9.054441261,4.70067,6.67659,6.67659,4.25102,4.24667,4.28868,0.321503,0.32461,0.294574
4,9.073543457,4.23947,6.67098,6.67098,4.23677,4.23247,4.27444,0.00193064,0.00500262,-0.0250059
4,9.092645654,5.42794,6.66535,6.66535,4.22251,4.21827,4.2602,0.861896,0.864932,0.834952
4,9.092645654,4.32816,6.66535,6.66535,4.22251,4.21827,4.2602,0.075538,0.078574,0.0485933
4,9.207258835,1.59645,6.63138,6.63138,4.137,4.13305,4.17475,-1.81653,-1.81371,-1.84352
4,9.207258835,1.09978,6.63138,6.63138,4.137,4.13305,4.17475,-2.17166,-2.16884,-2.19865
4,9.245463228,3.1929,6.61997,6.61997,4.10849,4.10464,4.14626,-0.654658,-0.651908,-0.681667
4,9.512893983,1.77384,6.53912,6.53912,3.90895,3.90581,3.94689,-1.52664,-1.5244,-1.55376
4,9.53199618,4.20399,6.53329,6.53329,3.8947,3.89161,3.93264,0.221149,0.223357,0.194017
4,9.70391595,7.29047,6.48043,6.48043,3.76643,3.7638,3.80448,2.51974,2.52162,2.49253
4,9.894937918,1.77384,6.42108,6.42108,3.62391,3.62178,3.66208,-1.32283,-1.32131,-1.35012
4,9.914040115,4.949,6.41511,6.41511,3.60966,3.60758,3.64784,0.957651,0.959136,0.930352
4,10.04775549,1.63193,6.37319,6.37319,3.5099,3.50818,3.54817,-1.34278,-1.34155,-1.37014
4,10.04775549,3.22838,6.37319,6.37319,3.5099,3.50818,3.54817,-0.201293,-0.200063,-0.228651
4,10.12416428,2.09313,6.34913,6.34913,3.4529,3.45139,3.49121,-0.972261,-0.971178,-0.999653
4,10.12416428,3.58315,6.34913,6.34913,3.4529,3.45139,3.49121,0.0931281,0.0942112,0.0657357
4,10.20057307,0.922395,6.32499,6.32499,3.3959,3.39459,3.43426,-1.7686,-1.76766,-1.79602
4,10.20057307,1.20621,6.32499,6.32499,3.3959,3.39459,3.43426,-1.56567,-1.56473,-1.59309
4,10.20057307,1.59645,6.32499,6.32499,3.3959,3.39459,3.43426,-1.28664,-1.2857,-1.31406
4,10.27698185,1.41907,6.30078,6.30078,3.33891,3.33781,3.37731,-1.37272,-1.37193,-1.40018
4,10.50620821,2.62528,6.22778,6.22778,3.16795,3.16746,3.20649,-0.388021,-0.387666,-0.415576
4,10.67812798,4.23947,6.17269,6.17269,3.03976,3.03972,3.0784,0.857808,0.857836,0.830182
4,10.88825215,2.34146,6.10505,6.10505,2.88313,2.88365,2.92189,-0.387302,-0.387672,-0.415012
4,10.92645654,5.35698,6.09271,6.09271,2.85466,2.85528,2.89344,1.7892,1.78876,1.76147
4,11.04106972,0.851441,6.05565,6.05565,2.76927,2.77019,2.8081,-1.37128,-1.37194,-1.39904
4,11.06017192,3.40576,6.04947,6.04947,2.75504,2.75601,2.79388,0.46528,0.464584,0.437506
4,11.09837631,2.8204,6.03709,6.03709,2.72658,2.72765,2.76544,0.0670814,0.0663137,0.0392938
4,11.11747851,2.41242,6.0309,6.0309,2.71235,2.71348,2.75123,-0.21446,-0.215263,-0.242254
4,11.1938873,0.532151,6.00612,6.00612,2.65545,2.65678,2.69436,-1.51819,-1.51914,-1.54602
4,11.1938873,1.70288,6.00612,6.00612,2.65545,2.65678,2.69436,-0.681104,-0.682051,-0.708924
4,11.27029608,0.354767,5.9813,5.9813,2.59857,2.6001,2.63752,-1.60435,-1.60545,-1.6322
4,11.49952245,1.5255,5.90668,5.90668,2.42804,2.43017,2.46709,-0.645333,-0.646855,-0.67325
4,11.53772684,2.83814,5.89422,5.89422,2.39964,2.40187,2.4387,0.31353,0.311936,0.285603
4,11.72874881,4.96674,5.83184,5.83184,2.25777,2.2605,2.29689,1.93695,1.935,1.90899
4,11.91977077,2.44789,5.76932,5.76932,2.11616,2.11938,2.15531,0.237198,0.234889,0.2092
4,12.03438395,0.141907,5.73176,5.73176,2.03135,2.03488,2.07052,-1.35098,-1.3535,-1.37899
4,12.03438395,2.02217,5.73176,5.73176,2.03135,2.03488,2.07052,-0.00656206,-0.0090827,-0.0345665
4,12.07258835,0.922395,5.71923,5.71923,2.00312,2.00674,2.04228,-0.772732,-0.775323,-0.800736
4,12.11079274,1.38359,5.70669,5.70669,1.9749,1.97862,2.01406,-0.422793,-0.425454,-0.450797
4,12.11079274,3.01552,5.70669,5.70669,1.9749,1.97862,2.01406,0.744061,0.7414,0.716058
4,12.22540592,0.496674,5.66907,5.66907,1.89037,1.89438,1.92952,-0.996516,-0.999385,-1.02451
4,12.22540592,2.76718,5.66907,5.66907,1.89037,1.89438,1.92952,0.626934,0.624065,0.598942
4,12.53104107,0.567627,5.56859,5.56859,1.66614,1.67092,1.70515,-0.785455,-0.788869,-0.813345
4,12.53104107,2.44789,5.56859,5.56859,1.66614,1.67092,1.70515,0.558964,0.55555,0.531074
4,12.70296084,3.40576,5.51199,5.51199,1.54106,1.54624,1.5799,1.33329,1.32959,1.30552
4,12.913085,2.55432,5.44275,5.44275,1.38966,1.39531,1.42816,0.832753,0.828712,0.805223
4,13.04680038,2.92683,5.39865,5.39865,1.29443,1.30036,1.33262,1.16719,1.16295,1.13988
4,13.06590258,0,5.39235,5.39235,1.28091,1.28688,1.31905,-0.91587,-0.920136,-0.943144
4,13.10410697,0.354767,5.37974,5.37974,1.25394,1.25998,1.29198,-0.642923,-0.647242,-0.670121
4,13.12320917,1.24169,5.37344,5.37344,1.24049,1.24657,1.27848,0.000851991,-0.00349315,-0.0263054
4,13.21872015,1.0643,5.34192,5.34192,1.17365,1.1799,1.21132,-0.0781857,-0.0826566,-0.105119
4,13.5243553,2.18182,5.24098,5.24098,0.965236,0.971945,1.00148,0.869875,0.865078,0.843962
4,13.5243553,1.77384,5.24098,5.24098,0.965236,0.971945,1.00148,0.578162,0.573364,0.552249
4,13.69627507,3.051,5.18417,5.18417,0.852821,0.859683,0.887905,1.57173,1.56682,1.54664
4,13.92550143,2.5898,5.10838,5.10838,0.710234,0.717154,0.74329,1.34392,1.33897,1.32028
4,14.05921681,2.25277,5.06416,5.06416,0.631781,0.638644,0.663374,1.15903,1.15413,1.13644
4,14.0974212,0,5.05152,5.05152,0.610097,0.616931,0.641233,-0.436229,-0.441115,-0.458491
4,14.0974212,0.283814,5.05152,5.05152,0.610097,0.616931,0.641233,-0.233298,-0.238184,-0.25556
4,14.51766953,1.31264,4.91246,4.91246,0.396808,0.402917,0.421866,0.654833,0.650465,0.636916
4,14.7086915,6.40355,4.84922,4.84922,0.317147,0.322704,0.338975,4.35187,4.3479,4.33626
4,14.89971347,0.532151,4.78597,4.78597,0.249116,0.254025,0.267629,0.202374,0.198864,0.189137
4,15.05253104,1.70288,4.73536,4.73536,0.20297,0.207326,0.218889,1.07246,1.06935,1.06108
4,15.70200573,3.76053,4.52022,4.52022,0.0774314,0.0796309,0.0845381,2.63347,2.6319,2.62839
4,15.8930277,0.0709534,4.45693,4.45693,0.0571196,0.0588451,0.0625102,0.00989141,0.00865767,0.00603705
4,16.04584527,1.91574,4.40629,4.40629,0.0445804,0.045988,0.0488629,1.33791,1.3369,1.33485
4,16.10315186,0.86918,4.3873,4.3873,0.0405892,0.0418907,0.0445109,0.592455,0.591524,0.589651
4,16.52340019,1.5255,4.24803,4.24803,0.0201897,0.020905,0.0222037,1.07632,1.07581,1.07488
4,16.71442216,4.45233,4.18472,4.18472,0.0146347,0.0151734,0.016109,3.17302,3.17263,3.17197
4,16.88634193,0.354767,4.12774,4.12774,0.0109383,0.0113548,0.0120483,0.245843,0.245545,0.245049
4,17.0582617,2.1286,4.07076,4.07076,0.00816649,0.00848769,0.00900061,1.51614,1.51592,1.51555
4,17.68863419,2.69623,3.86182,3.86182,0.00278184,0.00290366,0.0030707,1.92586,1.92577,1.92565
