parameter,value,CV,se_sa,rse_sa,P2.5_sa,P97.5_sa
alpha_pop,4.93e-05,
D_pop,0.325198556542791,,0.049209095960296,15.1320154933777,0.242923,0.435341
E_pop,5,
C_pop,10,
B_pop,6804.39638913219,,1021.99421954838,15.019616158469,5093.54,9089.9
ECLIPSE0_pop,9.99999999999999e-08,
BUD0_pop,0.033,
ep_pop,0.001,
Time0_pop,13.7286417797778,,4.86312386803037,35.4231973274567,0.0391246,14
omega_alpha,3.77813692616946,125784.975743253,2.2734688726526,60.1743376981735,1.42161,10.041
omega_D,0.252307428257523,25.6376606000851,0.107513137818202,42.611958974298,0.119379,0.533252
omega_B,0.123908107996619,12.4385229831262,0.183104322845282,147.774286772483,0.0234135,0.655743
omega_Time0,5.31354872570894,47.2105480827863,4.25065714204204,79.9965778327348,1.62083,17.4194
a,0.00177218483604609,,0.0987714625763166,5573.42894303761,3.46598e-05,0.0906134
b,0.269532101442568,,0.0171936417914866,6.37907013653075,0.237945,0.305313