parameter,value,CV,se_sa,rse_sa,P2.5_sa,P97.5_sa
alpha_pop,4.93e-05,
D_pop,0.937662993877832,,0.265619166434293,28.3277860135856,0.554144,1.58661
E_pop,5,
C_pop,10,
B_pop,8669.86220576814,,0.617581548494101,0.0071233144637895,8668.65,8671.07
ECLIPSE0_pop,9.99999999999999e-08,
BUD0_pop,0.033,
ep_pop,0.001,
Time0_pop,9.94089228430581,,5.58524749400705,56.1845690937097,0.00919204,13.9986
omega_alpha,12.1415772416656,1.02657290911543e+34,7.10531266714154,58.5205078855702,4.65931,31.6394
omega_D,0.532140509205679,57.2132382518276,0.197098588373819,37.0388243263093,0.273499,1.03537
omega_C,41.6932546144953,84.9288349927694,144.101861148072,345.623920417027,4.15486,418.384
omega_B,1.46340747497364e-05,0.00146340783204978,3.09330406940516e-05,211.376812152807,2.09647e-06,0.000102151
omega_Time0,5.89614724060559,76.6268579922695,5.08044401499101,86.165487523836,1.69921,20.4593
a,1.37810241366527,,0.0763498306320145,5.54021456423914,1.23661,1.53579
b,2.22044604925031e-16,,0.0189774902410522,8.546701797803e+15,3.35248e-21,1.47067e-11