parameter,value,CV,se_sa,rse_sa,P2.5_sa,P97.5_sa
alpha_pop,4.93e-05,
D_pop,0.326189106376005,,0.0509408075328185,15.6169554829026,0.241471,0.440629
E_pop,5,
C_pop,10,
B_pop,7153.37355122567,,3326.37559010174,46.5007952720685,3204.29,15969.5
ECLIPSE0_pop,9.99999999999999e-08,
BUD0_pop,0.033,
ep_pop,0.001,
Time0_pop,13.5260089861464,,4.72972018034306,34.9675960232418,0.0885943,13.9999
omega_alpha,3.53494825521148,51694.0464643718,2.68727024199849,76.0200729398718,1.12071,11.1499
omega_D,0.246266472793683,25.0047922784624,0.107509177700734,43.6556289945333,0.114794,0.528314
omega_B,0.0604220009770772,6.04771903797282,0.235563041725448,389.863026573409,0.00552949,0.660245
omega_Time0,4.88498630648417,48.7485750945066,3.55091439638514,72.6903654094542,1.60162,14.8994
a,0.0045615300369767,,0.173849139848619,3811.202347444,0.000107666,0.19326
b,0.268920705077775,,0.0319017337698963,11.8628774830372,0.213642,0.338503