parameter,value,CV,se_sa,rse_sa,P2.5_sa,P97.5_sa
alpha_pop,4.93e-05,
D_pop,0.980464815840634,,0.304341823296473,31.0405654929632,0.554033,1.73512
E_pop,5,
C_pop,10,
B_pop,12819.9674312355,,1316.79306075294,10.2714228239349,10498.7,15654.5
ECLIPSE0_pop,9.99999999999999e-08,
BUD0_pop,0.033,
ep_pop,0.001,
Time0_pop,9.26034682223856,,4.95225795742453,53.4781045730574,0.115264,13.9699
omega_alpha,12.0690222980474,4.26529664798996e+33,6.5671373866299,54.4131680632687,4.87131,29.9019
omega_D,0.578531902466272,63.0491788309,0.20731049189521,35.8338910976989,0.302914,1.10493
omega_B,0.0685048414063565,6.85852918607174,0.0782068203214169,114.162471901088,0.0158547,0.295995
omega_Time0,4.78756797481274,74.7080665523921,2.81775306891671,58.8556253141643,1.82986,12.526
a,1.3930897810907,,0.0723772892458572,5.19545044607178,1.25847,1.5421
b,2.22044604925031e-16,,0.0179555373707518,8.0864551412155e+15,3.38475e-21,1.45664e-11