parameter,value,CV,se_sa,rse_sa,P2.5_sa,P97.5_sa
alpha_pop,4.93e-05,
D_pop,0.323869798491884,,0.0446547016575011,13.7878560660605,0.248099,0.422781
E_pop,5,
C_pop,10,
B_pop,7300.51774266768,,1053.08166296918,14.4247531488688,5526.06,9644.76
ECLIPSE0_pop,9.99999999999999e-08,
BUD0_pop,0.033,
ep_pop,0.001,
Time0_pop,13.3994185043585,,5.04143803803958,37.6243046397851,0.0365896,13.9999
omega_alpha,2.927393215759,7258.22658171865,1.81202610154716,61.8989649833339,1.07954,7.93819
omega_D,0.229370274912056,23.2420437583072,0.0976991877187034,42.5945287619168,0.108553,0.484653
omega_B,0.0834634363395876,8.3609002114674,0.172850045245092,207.096727412249,0.0121447,0.573595
omega_Time0,4.8152191168999,50.323981015956,4.33229124542874,89.9708017486425,1.34221,17.2747
a,0.00116446888677155,,0.106730620055502,9165.60513277508,1.80197e-05,0.0752501
b,0.269400587601212,,0.0187525764268311,6.96085208789157,0.235159,0.308628