parameter,value,CV,se_sa,rse_sa,P2.5_sa,P97.5_sa
alpha_pop,4.93e-05,
D_pop,1.25761705761229,,0.806809062172279,64.1537944550534,0.451991,3.49919
E_pop,5,
C_pop,10,
B_pop,28259.874952092,,4103.20151289195,14.5195317383675,21353.1,37400.6
ECLIPSE0_pop,9.99999999999999e-08,
BUD0_pop,0.033,
ep_pop,0.001,
Time0_pop,12.4250207215523,,5.63609549973203,45.3608539256255,0.00455675,13.9999
omega_D,0.845837959764453,102.229649038996,0.447304146706757,52.8829596192776,0.348093,2.05532
omega_B,0.0295546207375565,2.95610757222087,0.0399461191028313,135.160317087303,0.00598959,0.145832
omega_Time0,8.18375201029456,73.8048549852909,7.77809970200551,95.0431989168444,2.18618,30.6351
a,1.42433910249901,,0.135540742364905,9.51604446771821,1.18346,1.71425
b,2.22044604925031e-16,,0.0323798816183932,1.45826022790896e+16,3.05762e-21,1.61249e-11