parameter,value,CV,se_sa,rse_sa,P2.5_sa,P97.5_sa
alpha_pop,4.93e-05,
D_pop,0.323978167409838,,0.044187229167482,13.6389527481907,0.248878,0.42174
E_pop,5,
C_pop,10,
B_pop,7053.13380997146,,149.266521616081,2.11631489828044,6766.66,7351.74
ECLIPSE0_pop,9.99999999999999e-08,
BUD0_pop,0.033,
ep_pop,0.001,
Time0_pop,13.6257491575023,,4.95218203679296,36.3442918224156,0.0362036,14
omega_alpha,3.54203872788109,53007.4411323493,2.86256719142692,80.8169365539194,1.07209,11.7024
omega_D,0.228280618982458,23.128720327758,0.0967368167742185,42.3762723289497,0.108378,0.480836
omega_B,0.00603647463990412,0.603652963114382,0.015629221674377,258.91306775415,0.000742423,0.0490812
omega_Time0,5.1193478722114,48.4208656289775,4.09684836931315,80.0267626185644,1.56114,16.7876
a,0.000616099541656707,,0.0966158643259776,15681.859471308,7.50319e-06,0.0505889
b,0.269186922215817,,0.0166323404830827,6.17873273566682,0.238567,0.303737