parameter,value,CV,se_sa,rse_sa,P2.5_sa,P97.5_sa
alpha_pop,4.93e-05,
D_pop,0.968487450806812,,0.292939755677979,30.2471400567908,0.554419,1.6918
E_pop,5,
C_pop,10,
B_pop,12436.2564725464,,4566.3252505677,36.7178439962869,6423.27,24078.1
ECLIPSE0_pop,9.99999999999999e-08,
BUD0_pop,0.033,
ep_pop,0.001,
Time0_pop,13.9999999970773,,5.72164344993242,40.8688817937636,0.001,14
omega_D,0.484718127054919,51.4633488932112,0.208893424079145,43.0958555951585,0.227757,1.03159
omega_B,0.590862378008698,64.6387638102997,0.317760223086619,53.7790583583139,0.240402,1.45223
omega_Time0,3.403565780505,0.000310024446941468,16.6352151749656,488.758444753706,0.266537,43.462
a,1.02276550501334,,0.0834283746884581,8.15713614504141,0.872338,1.19913
b,0.113764393924345,,0.0221629577180935,19.4814536900115,0.0784507,0.164974