id,time,y10,popPred_medianCOV,popPred,indivPred_SAEM,indivPred_mean,indivPred_mode,indWRes_SAEM,indWRes_mean,indWRes_mode
1,0,0.780488,5.57952,5.57952,7.22705,7.17904,7.11271,-3.49417,-3.47845,-3.45657
1,0,1.59645,5.57952,5.57952,7.22705,7.17904,7.11271,-3.0519,-3.03486,-3.01116
1,0.667302193,5.67627,5.30023,5.30023,7.2323,7.20922,7.17879,-0.843127,-0.831804,-0.816825
1,0.762631077,5.25055,5.26033,5.26033,7.22253,7.20336,7.1789,-1.06915,-1.06001,-1.04832
1,1.029551954,3.22838,5.14861,5.14861,7.18157,7.17321,7.16592,-2.14874,-2.1453,-2.1423
1,1.18207817,7.3082,5.08477,5.08477,7.14963,7.14715,7.14967,0.0863629,0.0877254,0.0863384
1,1.220209724,3.051,5.06881,5.06881,7.14073,7.13967,7.14462,-2.22858,-2.22815,-2.23017
1,1.258341277,5.32151,5.05285,5.05285,7.13149,7.13182,7.13918,-0.986862,-0.987024,-0.990584
1,1.258341277,5.74723,5.05285,5.05285,7.13149,7.13182,7.13918,-0.754744,-0.754911,-0.758577
1,1.315538608,5.88914,5.02891,5.02891,7.11697,7.11935,7.13029,-0.670062,-0.671261,-0.67677
1,1.315538608,6.38581,5.02891,5.02891,7.11697,7.11935,7.13029,-0.399015,-0.400253,-0.405946
1,1.410867493,4.15078,4.98901,4.98901,7.09114,7.09678,7.11357,-1.60721,-1.60973,-1.61721
1,1.448999047,3.37029,4.97305,4.97305,7.08025,7.08714,7.10623,-2.02925,-2.03215,-2.04016
1,1.468064824,8.17738,4.96507,4.96507,7.07469,7.0822,7.10242,0.603354,0.598964,0.587166
1,1.601525262,5.32151,4.90921,4.90921,7.03371,7.0453,7.07325,-0.939248,-0.944924,-0.958571
1,1.67778837,6.45676,4.87729,4.87729,7.00877,7.02251,7.05467,-0.30328,-0.310564,-0.32756
1,1.754051478,4.15078,4.84537,4.84537,6.98279,6.99854,7.03476,-1.55848,-1.56561,-1.58194
1,1.754051478,4.61197,4.84537,4.84537,6.98279,6.99854,7.03476,-1.30468,-1.31206,-1.32896
1,1.754051478,8.15965,4.84537,4.84537,6.98279,6.99854,7.03476,0.647635,0.638335,0.617026
1,1.811248808,6.79379,4.82143,4.82143,6.96266,6.97984,7.01899,-0.0930498,-0.102403,-0.123651
1,1.982840801,3.29933,4.74961,4.74961,6.89926,6.92023,6.96762,-1.99149,-2.00045,-2.02061
1,1.982840801,6.38581,4.74961,4.74961,6.89926,6.92023,6.96762,-0.284044,-0.295253,-0.320479
1,2.020972355,5.14412,4.73365,4.73365,6.8846,6.90632,6.95541,-0.963727,-0.974418,-0.998482
1,2.020972355,6.66962,4.73365,4.73365,6.8846,6.90632,6.95541,-0.119037,-0.130883,-0.157544
1,2.097235462,7.20177,4.70172,4.70172,6.85471,6.87783,6.93021,0.192535,0.179449,0.149938
1,2.135367016,5.1796,4.68576,4.68576,6.8395,6.86326,6.91722,-0.921725,-0.933522,-0.96017
1,2.230695901,6.31486,4.64586,4.64586,6.80071,6.82597,6.88367,-0.270454,-0.284061,-0.31498
1,2.249761678,7.80488,4.63788,4.63788,6.79283,6.81837,6.87679,0.563641,0.548532,0.514149
1,2.249761678,7.48559,4.63788,4.63788,6.79283,6.81837,6.87679,0.385818,0.370996,0.337267
1,2.326024786,5.46341,4.60596,4.60596,6.76094,6.78751,6.84868,-0.724099,-0.737679,-0.768782
1,2.326024786,7.27273,4.60596,4.60596,6.76094,6.78751,6.84868,0.285607,0.270327,0.235331
1,2.364156339,6.13747,4.59,4.59,6.74478,6.77181,6.83431,-0.339262,-0.353756,-0.387074
1,2.402287893,5.74723,4.57404,4.57404,6.72848,6.75595,6.81973,-0.548728,-0.563109,-0.596293
1,2.440419447,6.03104,4.55808,4.55808,6.71204,6.73994,6.80494,-0.381224,-0.396134,-0.43068
1,2.459485224,8.15965,4.5501,4.5501,6.70378,6.73187,6.79748,0.81542,0.798259,0.758413
1,2.592945663,7.59202,4.49424,4.49424,6.64509,6.67438,6.74393,0.532361,0.514927,0.473794
1,2.66920877,8.12417,4.46232,4.46232,6.61094,6.64079,6.71239,0.852596,0.834179,0.790294
1,2.745471878,8.37251,4.4304,4.4304,6.57638,6.60671,6.68022,1.01423,0.995168,0.949266
1,2.745471878,7.41463,4.4304,4.4304,6.57638,6.60671,6.68022,0.47334,0.455332,0.411961
1,2.764537655,5.67627,4.42242,4.42242,6.56769,6.59811,6.67208,-0.503642,-0.519815,-0.558872
1,2.802669209,5.8714,4.40646,4.40646,6.55023,6.58085,6.6557,-0.383965,-0.400494,-0.440631
1,2.974261201,5.92461,4.33464,4.33464,6.47063,6.50188,6.58034,-0.310433,-0.327537,-0.37018
1,2.974261201,7.62749,4.33464,4.33464,6.47063,6.50188,6.58034,0.657723,0.638666,0.591155
1,2.974261201,6.68736,4.33464,4.33464,6.47063,6.50188,6.58034,0.12322,0.105241,0.0604178
1,3.012392755,6.102,4.31868,4.31868,6.45274,6.48408,6.56326,-0.19964,-0.217039,-0.260683
1,3.012392755,7.98226,4.31868,4.31868,6.45274,6.48408,6.56326,0.870604,0.851038,0.801956
1,3.088655863,6.77605,4.28676,4.28676,6.41674,6.44822,6.52876,0.204999,0.186659,0.140071
1,3.16491897,6.31486,4.25484,4.25484,6.38049,6.41204,6.49384,-0.0375347,-0.0554645,-0.101609
1,3.203050524,7.48559,4.23888,4.23888,6.36228,6.39385,6.47624,0.643153,0.623796,0.573645
1,3.241182078,8.37251,4.22292,4.22292,6.34401,6.37558,6.45855,1.1628,1.14235,1.08901
1,3.241182078,8.2306,4.22292,4.22292,6.34401,6.37558,6.45855,1.08146,1.06117,1.00827
1,3.241182078,6.95344,4.22292,4.22292,6.34401,6.37558,6.45855,0.349345,0.330566,0.281585
1,3.317445186,4.82483,4.191,4.191,6.30731,6.33885,6.42289,-0.851847,-0.86818,-0.911374
1,3.317445186,8.08869,4.191,4.191,6.30731,6.33885,6.42289,1.0236,1.0034,0.950005
1,3.317445186,7.7694,4.191,4.191,6.30731,6.33885,6.42289,0.840129,0.820315,0.767914
1,3.35557674,5.96009,4.17504,4.17504,6.28889,6.3204,6.40494,-0.189161,-0.20686,-0.253997
1,3.35557674,5.39246,4.17504,4.17504,6.28889,6.3204,6.40494,-0.515719,-0.532745,-0.578092
1,3.393708294,8.2306,4.15909,4.15909,6.27042,6.30188,6.38691,1.12906,1.10865,1.05391
1,3.393708294,6.95344,4.15909,4.15909,6.27042,6.30188,6.38691,0.393415,0.374521,0.323844
1,3.469971401,7.55654,4.12717,4.12717,6.23335,6.26469,6.35064,0.76401,0.744383,0.690968
1,3.469971401,7.27273,4.12717,4.12717,6.23335,6.26469,6.35064,0.600136,0.580846,0.528346
1,3.508102955,9.15299,4.11121,4.11121,6.21476,6.24602,6.33239,1.69862,1.6771,1.61809
1,3.546234509,6.95344,4.09525,4.09525,6.19612,6.22729,6.31408,0.438349,0.419444,0.367218
1,3.584366063,7.59202,4.07929,4.07929,6.17744,6.20852,6.2957,0.819787,0.800137,0.745439
1,3.698760724,8.33703,4.03141,4.03141,6.12121,6.15195,6.24022,1.28891,1.26845,1.21015
1,3.736892278,8.01774,4.01545,4.01545,6.1024,6.13301,6.22162,1.11552,1.09547,1.03788
1,3.775023832,5.49889,3.99949,3.99949,6.08356,6.11403,6.20297,-0.340941,-0.357988,-0.407346
1,3.775023832,7.00665,3.99949,3.99949,6.08356,6.11403,6.20297,0.538293,0.519472,0.464977
1,3.813155386,4.75388,3.98353,3.98353,6.06469,6.09502,6.18426,-0.76534,-0.781475,-0.828575
1,3.889418494,8.58537,3.95161,3.95161,6.02687,6.05689,6.14671,1.49759,1.47707,1.41614
1,3.908484271,8.85144,3.94363,3.94363,6.01739,6.04734,6.1373,1.65993,1.63912,1.5771
1,3.965681602,7.37916,3.9197,3.9197,5.98894,6.01863,6.10899,0.815809,0.796806,0.739436
1,3.965681602,5.81818,3.9197,3.9197,5.98894,6.01863,6.10899,-0.100206,-0.117397,-0.169296
1,3.965681602,6.63415,3.9197,3.9197,5.98894,6.01863,6.10899,0.37862,0.360482,0.305723
1,4.003813155,6.84701,3.90374,3.90374,5.96995,5.99946,6.09007,0.515333,0.497009,0.44121
1,4.003813155,6.98891,3.90374,3.90374,5.96995,5.99946,6.09007,0.598712,0.580225,0.523925
1,4.061010486,8.03548,3.8798,3.8798,5.94141,5.97065,6.06162,1.23276,1.21317,1.15271
1,4.156339371,8.26608,3.8399,3.8399,5.89374,5.92251,6.01402,1.40104,1.38138,1.31935
1,4.194470925,7.96452,3.82394,3.82394,5.87465,5.90321,5.99492,1.23582,1.21659,1.15534
1,4.232602479,7.1663,3.80799,3.80799,5.85553,5.88389,5.97579,0.776101,0.757861,0.699227
1,4.232602479,7.69845,3.80799,3.80799,5.85553,5.88389,5.97579,1.09118,1.07234,1.01178
1,4.289799809,8.07095,3.78405,3.78405,5.82682,5.85487,5.94705,1.33132,1.31219,1.24985
1,4.308865586,6.13747,3.77607,3.77607,5.81724,5.84518,5.93745,0.190096,0.173184,0.117779
1,4.308865586,6.66962,3.77607,3.77607,5.81724,5.84518,5.93745,0.505995,0.488488,0.431134
1,4.327931363,8.26608,3.76809,3.76809,5.80766,5.83549,5.92785,1.46032,1.44108,1.37774
1,4.327931363,5.78271,3.76809,3.76809,5.80766,5.83549,5.92785,-0.0148251,-0.0312987,-0.0855248
1,4.327931363,6.26164,3.76809,3.76809,5.80766,5.83549,5.92785,0.269668,0.25266,0.196676
1,4.34699714,7.62749,3.76011,3.76011,5.79808,5.8258,5.91824,1.0874,1.06892,1.00778
1,4.385128694,6.77605,3.74415,3.74415,5.7789,5.8064,5.89901,0.593475,0.576033,0.517778
1,4.423260248,6.91796,3.7282,3.7282,5.7597,5.78698,5.87975,0.690255,0.672753,0.61372
1,4.461391802,7.02439,3.71224,3.71224,5.74049,5.76755,5.86046,0.766127,0.748608,0.688927
1,4.499523356,7.52106,3.69628,3.69628,5.72127,5.7481,5.84116,1.07538,1.05742,0.99563
1,4.59485224,8.01774,3.65639,3.65639,5.67316,5.6994,5.7928,1.40548,1.38727,1.32297
1,4.652049571,7.66297,3.63245,3.63245,5.64426,5.67014,5.76372,1.21252,1.19487,1.13153
1,4.747378456,7.18404,3.59256,3.59256,5.59605,5.62131,5.71518,0.956968,0.940115,0.878004
1,4.766444233,4.36364,3.58458,3.58458,5.5864,5.61154,5.70546,-0.737358,-0.751222,-0.8026
1,4.804575786,4.75388,3.56862,3.56862,5.56709,5.59198,5.686,-0.491037,-0.505202,-0.558282
1,4.880838894,8.01774,3.53671,3.53671,5.52845,5.55283,5.64705,1.5071,1.48984,1.42367
1,4.957102002,5.07317,3.5048,3.5048,5.48977,5.51364,5.60804,-0.252899,-0.266948,-0.322065
1,4.995233556,3.5122,3.48884,3.48884,5.47042,5.49403,5.58852,-1.19034,-1.20272,-1.2519
1,4.995233556,6.88248,3.48884,3.48884,5.47042,5.49403,5.58852,0.85834,0.842614,0.780182
1,4.995233556,7.02439,3.48884,3.48884,5.47042,5.49403,5.58852,0.9446,0.928733,0.865743
1,4.995233556,7.27273,3.48884,3.48884,5.47042,5.49403,5.58852,1.09556,1.07944,1.01548
1,4.995233556,6.17295,3.48884,3.48884,5.47042,5.49403,5.58852,0.42704,0.412016,0.352375
1,5.03336511,7.52106,3.47289,3.47289,5.45107,5.47442,5.56899,1.25996,1.24374,1.17857
1,5.03336511,5.46341,3.47289,3.47289,5.45107,5.47442,5.56899,0.0075146,-0.00668533,-0.0637381
1,5.071496663,5.96009,3.45693,3.45693,5.43171,5.45479,5.54944,0.322046,0.307485,0.248263
1,5.147759771,7.41463,3.42502,3.42502,5.39296,5.41552,5.51031,1.23552,1.21982,1.15438
1,5.147759771,5.28603,3.42502,3.42502,5.39296,5.41552,5.51031,-0.0653511,-0.0790106,-0.135958
1,5.224022879,5.07317,3.39311,3.39311,5.3542,5.37622,5.47115,-0.172211,-0.185419,-0.241904
1,5.300285987,7.94678,3.36121,3.36121,5.31541,5.33689,5.43195,1.61685,1.60125,1.53276
1,5.300285987,7.20177,3.36121,3.36121,5.31541,5.33689,5.43195,1.15908,1.14416,1.07869
1,5.319351764,2.44789,3.35323,3.35323,5.30571,5.32705,5.42214,-1.75718,-1.76766,-1.81399
1,5.319351764,6.56319,3.35323,3.35323,5.30571,5.32705,5.42214,0.773185,0.758929,0.695929
1,5.338417541,3.68958,3.34525,3.34525,5.29601,5.31722,5.41233,-0.988413,-0.999976,-1.05142
1,5.338417541,6.11973,3.34525,3.34525,5.29601,5.31722,5.41233,0.506825,0.493046,0.431739
1,5.338417541,5.74723,3.34525,3.34525,5.29601,5.31722,5.41233,0.277628,0.264188,0.204393
1,5.376549094,5.46341,3.3293,3.3293,5.2766,5.29754,5.39271,0.115098,0.102051,0.0432111
1,5.395614871,6.03104,3.32132,3.32132,5.2669,5.2877,5.3829,0.471125,0.457637,0.396384
1,5.452812202,6.97118,3.29739,3.29739,5.23778,5.25816,5.35344,1.0709,1.05679,0.99138
1,5.452812202,4.47007,3.29739,3.29739,5.23778,5.25816,5.35344,-0.474296,-0.486192,-0.541352
1,5.510009533,7.23725,3.27346,3.27346,5.20865,5.22862,5.32398,1.25585,1.24174,1.17491
1,5.52907531,6.75831,3.26549,3.26549,5.19894,5.21877,5.31415,0.966025,0.952409,0.887447
1,5.605338418,7.62749,3.23358,3.23358,5.16008,5.17936,5.27483,1.53275,1.5187,1.44971
1,5.605338418,6.56319,3.23358,3.23358,5.16008,5.17936,5.27483,0.871606,0.858464,0.793888
1,5.643469971,5.32151,3.21763,3.21763,5.14065,5.15964,5.25516,0.112503,0.100552,0.0409391
1,5.681601525,7.73392,3.20168,3.20168,5.12121,5.13993,5.23549,1.62748,1.61368,1.54379
1,5.681601525,5.56984,3.20168,3.20168,5.12121,5.13993,5.23549,0.279456,0.267444,0.206601
1,5.738798856,3.26386,3.17776,3.17776,5.09205,5.11035,5.20597,-1.14115,-1.15108,-1.20253
1,5.757864633,6.35033,3.16978,3.16978,5.08233,5.10048,5.19612,0.792029,0.779685,0.715169
1,5.834127741,5.10865,3.13788,3.13788,5.04344,5.06102,5.15674,0.0408455,0.0297915,-0.0298813
1,5.872259295,6.45676,3.12193,3.12193,5.02399,5.04129,5.13704,0.898678,0.886729,0.821143
1,5.929456625,0.674058,3.09801,3.09801,4.9948,5.01168,5.10748,-2.71575,-2.72307,-2.7643
1,5.929456625,5.90687,3.09801,3.09801,4.9948,5.01168,5.10748,0.573269,0.561981,0.49843
1,5.948522402,5.46341,3.09004,3.09004,4.98508,5.00181,5.09763,0.300862,0.289988,0.228231
1,5.986653956,4.1153,3.07409,3.07409,4.96562,4.98207,5.07792,-0.535575,-0.545295,-0.601468
1,6.02478551,5.1796,3.05814,3.05814,4.94616,4.96233,5.05821,0.147239,0.136883,0.0759571
1,6.062917064,3.97339,3.0422,3.0422,4.9267,4.94258,5.03849,-0.602119,-0.611452,-0.667367
1,6.081982841,3.77827,3.03422,3.03422,4.91696,4.9327,5.02863,-0.719717,-0.72884,-0.783999
1,6.101048618,4.93126,3.02625,3.02625,4.90723,4.92283,5.01877,0.0151998,0.00532971,-0.0549045
1,6.139180172,6.35033,3.0103,3.0103,4.88777,4.90308,4.99904,0.926367,0.915661,0.849079
1,6.139180172,6.102,3.0103,3.0103,4.88777,4.90308,4.99904,0.769074,0.758541,0.693037
1,6.234509056,5.97783,2.97044,2.97044,4.83909,4.85368,4.94972,0.723795,0.713768,0.648295
1,6.253574833,5.81818,2.96247,2.96247,4.82936,4.8438,4.93985,0.628953,0.619117,0.554242
1,6.253574833,5.00222,2.96247,2.96247,4.82936,4.8438,4.93985,0.109949,0.100655,0.0393544
1,6.291706387,3.90244,2.94653,2.94653,4.80988,4.82404,4.92011,-0.578006,-0.586423,-0.643081
1,6.291706387,3.6541,2.94653,2.94653,4.80988,4.82404,4.92011,-0.736187,-0.744442,-0.800008
1,6.329837941,6.91796,2.93059,2.93059,4.79041,4.80428,4.90038,1.35708,1.34687,1.27675
1,6.329837941,4.15078,2.93059,2.93059,4.79041,4.80428,4.90038,-0.407997,-0.416425,-0.474354
1,6.348903718,6.4745,2.92262,2.92262,4.78067,4.7944,4.89051,1.08119,1.07136,1.00308
1,6.367969495,6.03104,2.91464,2.91464,4.77093,4.78452,4.88063,0.804909,0.795448,0.729025
1,6.406101049,4.64745,2.8987,2.8987,4.75146,4.76475,4.86089,-0.0665301,-0.0749611,-0.135453
1,6.406101049,4.43459,2.8987,2.8987,4.75146,4.76475,4.86089,-0.20269,-0.210989,-0.270537
1,6.444232602,7.13082,2.88276,2.88276,4.73198,4.74498,4.84115,1.53664,1.52686,1.45513
1,6.444232602,2.98004,2.88276,2.88276,4.73198,4.74498,4.84115,-1.12225,-1.12951,-1.18277
1,6.52049571,4.15078,2.85088,2.85088,4.69302,4.70544,4.80165,-0.348336,-0.355995,-0.414827
1,6.52049571,4.96674,2.85088,2.85088,4.69302,4.70544,4.80165,0.175839,0.167705,0.10522
1,6.596758818,4.29268,2.81901,2.81901,4.65405,4.6659,4.76214,-0.232807,-0.24023,-0.300065
1,6.615824595,5.25055,2.81104,2.81104,4.64431,4.65601,4.75227,0.390842,0.38297,0.31872
1,6.634890372,5.03769,2.80307,2.80307,4.63457,4.64612,4.74239,0.260079,0.252409,0.189023
1,6.673021926,5.60532,2.78714,2.78714,4.61508,4.62635,4.72263,0.639772,0.631971,0.565816
1,6.749285033,3.58315,2.75527,2.75527,4.57611,4.58679,4.68311,-0.643375,-0.649785,-0.707128
1,6.787416587,4.5765,2.73934,2.73934,4.55662,4.56701,4.66335,0.0128961,0.00614822,-0.0559158
1,6.787416587,5.00222,2.73934,2.73934,4.55662,4.56701,4.66335,0.289132,0.282173,0.218161
1,6.863679695,5.92461,2.70748,2.70748,4.51764,4.52745,4.62382,0.91557,0.908527,0.839874
1,6.882745472,4.77162,2.69951,2.69951,4.5079,4.51756,4.61394,0.171737,0.165326,0.101882
1,6.95900858,5.12639,2.66766,2.66766,4.46892,4.478,4.57441,0.429391,0.423175,0.357692
1,6.978074357,2.60754,2.65969,2.65969,4.45917,4.4681,4.56452,-1.21017,-1.2152,-1.26908
1,6.978074357,6.06652,2.65969,2.65969,4.45917,4.4681,4.56452,1.05051,1.04398,0.974029
1,6.978074357,4.00887,2.65969,2.65969,4.45917,4.4681,4.56452,-0.294303,-0.299943,-0.360335
1,6.978074357,3.90244,2.65969,2.65969,4.45917,4.4681,4.56452,-0.363862,-0.369456,-0.429354
1,6.978074357,3.68958,2.65969,2.65969,4.45917,4.4681,4.56452,-0.502981,-0.508483,-0.567391
1,7.01620591,5.55211,2.64377,2.64377,4.43968,4.44832,4.54475,0.728104,0.721983,0.654212
1,7.01620591,3.49446,2.64377,2.64377,4.43968,4.44832,4.54475,-0.618664,-0.623919,-0.6821
1,7.054337464,3.83149,2.62785,2.62785,4.42018,4.42854,4.52498,-0.385874,-0.391104,-0.451041
1,7.092469018,5.33925,2.61192,2.61192,4.40069,4.40875,4.50521,0.616089,0.610432,0.54324
1,7.092469018,4.64745,2.61192,2.61192,4.40069,4.40875,4.50521,0.161978,0.156594,0.0926459
1,7.20686368,3.40576,2.56416,2.56416,4.34221,4.34939,4.44589,-0.617399,-0.621798,-0.680466
1,7.244995234,3.22838,2.54825,2.54825,4.32271,4.3296,4.42612,-0.722551,-0.726723,-0.784731
1,7.244995234,5.97783,2.54825,2.54825,4.32271,4.3296,4.42612,1.09282,1.08771,1.01665
1,7.283126787,3.86696,2.53233,2.53233,4.30322,4.30981,4.40634,-0.288466,-0.292682,-0.353911
1,7.321258341,2.87361,2.51642,2.51642,4.28372,4.29002,4.38656,-0.933782,-0.937511,-0.994185
1,7.321258341,5.32151,2.51642,2.51642,4.28372,4.29002,4.38656,0.687232,0.682734,0.614366
1,7.321258341,4.25721,2.51642,2.51642,4.28372,4.29002,4.38656,-0.0175568,-0.0217201,-0.0850036
1,7.321258341,3.97339,2.51642,2.51642,4.28372,4.29002,4.38656,-0.2055,-0.209575,-0.271502
1,7.359389895,3.72506,2.50051,2.50051,4.26422,4.27023,4.36679,-0.357565,-0.361387,-0.422317
1,7.359389895,4.7184,2.50051,2.50051,4.26422,4.27023,4.36679,0.301205,0.297085,0.231395
1,7.397521449,4.07982,2.4846,2.4846,4.24472,4.25044,4.34701,-0.109521,-0.113269,-0.176094
1,7.435653003,3.97339,2.46869,2.46869,4.22523,4.23065,4.32723,-0.167505,-0.171042,-0.233549
1,7.473784557,3.29933,2.45279,2.45279,4.20573,4.21086,4.30745,-0.603768,-0.60695,-0.666392
1,7.473784557,5.88914,2.45279,2.45279,4.20573,4.21086,4.30745,1.12135,1.1175,1.04553
1,7.511916111,3.86696,2.43688,2.43688,4.18623,4.19107,4.28767,-0.212986,-0.216134,-0.278515
1,7.607244995,1.04656,2.39713,2.39713,4.13748,4.14159,4.23822,-2.06963,-2.07173,-2.12081
1,7.607244995,2.55432,2.39713,2.39713,4.13748,4.14159,4.23822,-1.06006,-1.06247,-1.11893
1,7.626310772,4.1153,2.38919,2.38919,4.12773,4.13169,4.22833,-0.00833171,-0.0109801,-0.0751638
1,7.626310772,3.97339,2.38919,2.38919,4.12773,4.13169,4.22833,-0.103421,-0.106041,-0.169529
1,7.664442326,4.7184,2.37329,2.37329,4.10823,4.1119,4.20855,0.409473,0.4069,0.339553
1,7.740705434,3.58315,2.34151,2.34151,4.06923,4.07231,4.16898,-0.327176,-0.329169,-0.391327
1,7.740705434,5.35698,2.34151,2.34151,4.06923,4.07231,4.16898,0.866764,0.864489,0.793562
1,7.778836988,3.22838,2.32562,2.32562,4.04973,4.05252,4.1492,-0.553666,-0.555423,-0.616017
1,7.797902765,4.27494,2.31768,2.31768,4.03998,4.04262,4.13931,0.158503,0.156693,0.0908065
1,7.912297426,5.42794,2.27004,2.27004,3.98148,3.98324,4.07996,0.980172,0.97885,0.906559
1,7.931363203,4.86031,2.2621,2.2621,3.97173,3.97334,4.07007,0.602587,0.601422,0.531867
1,7.969494757,0.461197,2.24623,2.24623,3.95223,3.95354,4.05028,-2.371,-2.37165,-2.41926
1,7.969494757,3.44124,2.24623,2.24623,3.95223,3.95354,4.05028,-0.347047,-0.347905,-0.41053
1,7.969494757,2.83814,2.24623,2.24623,3.95223,3.95354,4.05028,-0.756657,-0.757473,-0.81706
1,7.988560534,1.54324,2.2383,2.2383,3.94248,3.94365,4.04039,-1.63072,-1.63136,-1.68451
1,8.007626311,3.33481,2.23036,2.23036,3.93273,3.93375,4.0305,-0.4067,-0.407362,-0.469647
1,8.026692088,4.55876,2.22243,2.22243,3.92298,3.92385,4.0206,0.43278,0.432156,0.363577
1,8.083889418,3.86696,2.19864,2.19864,3.89373,3.89416,3.99093,-0.0182602,-0.0185548,-0.0839412
1,8.083889418,2.55432,2.19864,2.19864,3.89373,3.89416,3.99093,-0.913811,-0.914076,-0.972787
1,8.141086749,1.38359,2.17485,2.17485,3.86447,3.86447,3.96125,-1.69644,-1.69644,-1.74944
1,8.160152526,1.84479,2.16693,2.16693,3.85472,3.85457,3.95135,-1.37545,-1.37536,-1.43081
1,8.236415634,4.00887,2.13523,2.13523,3.81572,3.81498,3.91178,0.132578,0.133096,0.0661449
1,8.236415634,2.16408,2.13523,2.13523,3.81572,3.81498,3.91178,-1.1337,-1.13326,-1.19071
1,8.236415634,4.7184,2.13523,2.13523,3.81572,3.81498,3.91178,0.619609,0.620155,0.549549
1,8.312678742,2.98004,2.10355,2.10355,3.77672,3.77539,3.87221,-0.548514,-0.547655,-0.6097
1,8.312678742,5.25055,2.10355,2.10355,3.77672,3.77539,3.87221,1.01474,1.01577,0.941952
1,8.331744519,1.20621,2.09563,2.09563,3.76697,3.76549,3.86232,-1.76444,-1.76363,-1.81657
1,8.350810296,4.00887,2.08772,2.08772,3.75722,3.75559,3.85242,0.173529,0.174672,0.107079
1,8.350810296,3.47672,2.08772,2.08772,3.75722,3.75559,3.85242,-0.19342,-0.192324,-0.25715
1,8.369876072,2.80266,2.0798,2.0798,3.74747,3.74569,3.84253,-0.651997,-0.650865,-0.712284
1,8.408007626,2.19956,2.06398,2.06398,3.72796,3.7259,3.82274,-1.05635,-1.05509,-1.11356
1,8.465204957,2.30599,2.04025,2.04025,3.69871,3.6962,3.79306,-0.964794,-0.963247,-1.02255
1,8.465204957,5.32151,2.04025,2.04025,3.69871,3.6962,3.79306,1.12417,1.12613,1.051
1,8.503336511,2.44789,2.02444,2.02444,3.67921,3.67641,3.77328,-0.854293,-0.852538,-0.912779
1,8.579599619,2.94457,1.99283,1.99283,3.64021,3.63682,3.7337,-0.484129,-0.481899,-0.545161
1,8.598665396,2.23503,1.98493,1.98493,3.63046,3.62692,3.72381,-0.971892,-0.9697,-1.0293
1,8.617731173,3.5122,1.97703,1.97703,3.62071,3.61702,3.71392,-0.0756356,-0.073089,-0.139573
1,8.617731173,2.76718,1.97703,1.97703,3.62071,3.61702,3.71392,-0.594925,-0.592531,-0.655053
1,8.732125834,5.62306,1.92968,1.92968,3.5622,3.55764,3.65456,1.44316,1.44688,1.36842
1,8.751191611,3.08647,1.9218,1.9218,3.55245,3.54774,3.64466,-0.326566,-0.323384,-0.388332
1,8.808388942,3.90244,1.89815,1.89815,3.5232,3.51805,3.61498,0.266395,0.270128,0.200454
1,8.88465205,6.66962,1.86665,1.86665,3.4842,3.47846,3.57541,2.24461,2.24969,2.16451
1,8.903717827,7.02439,1.85878,1.85878,3.47445,3.46856,3.56552,2.50342,2.50876,2.42151
1,8.94184938,1.54324,1.84304,1.84304,3.45495,3.44877,3.54573,-1.35026,-1.34656,-1.40413
1,8.979980934,2.55432,1.82731,1.82731,3.43545,3.42898,3.52594,-0.623325,-0.619065,-0.68237
1,8.979980934,5.28603,1.82731,1.82731,3.43545,3.42898,3.52594,1.30913,1.31439,1.23611
1,9.037178265,1.17073,1.80374,1.80374,3.40621,3.39929,3.49627,-1.58514,-1.58111,-1.63711
1,9.075309819,4.15078,1.78803,1.78803,3.38671,3.37949,3.47648,0.542642,0.548086,0.475437
1,9.151572927,3.68958,1.75665,1.75665,3.34771,3.33991,3.43691,0.243563,0.249279,0.178721
1,9.151572927,1.38359,1.75665,1.75665,3.34771,3.33991,3.43691,-1.39933,-1.39465,-1.45238
1,9.208770257,1.11752,1.73314,1.73314,3.31846,3.31022,3.40723,-1.57178,-1.56694,-1.62347
1,9.246901811,1.72062,1.71748,1.71748,3.29897,3.29043,3.38745,-1.12895,-1.12362,-1.18371
1,9.304099142,4.15078,1.69401,1.69401,3.26972,3.26074,3.35777,0.631697,0.638602,0.564512
1,9.304099142,2.94457,1.69401,1.69401,3.26972,3.26074,3.35777,-0.233128,-0.226856,-0.294146
1,9.304099142,2.73171,1.69401,1.69401,3.26972,3.26074,3.35777,-0.385744,-0.379584,-0.445674
1,9.304099142,1.88027,1.69401,1.69401,3.26972,3.26074,3.35777,-0.996209,-0.990496,-1.05178
1,9.342230696,3.40576,1.67838,1.67838,3.25023,3.24095,3.33799,0.111696,0.118445,0.0483254
1,9.342230696,2.51885,1.67838,1.67838,3.25023,3.24095,3.33799,-0.525217,-0.518951,-0.584054
1,9.456625357,4.39911,1.63156,1.63156,3.19174,3.18158,3.27864,0.871202,0.879262,0.802771
1,9.475691134,1.91574,1.62376,1.62376,3.18199,3.17169,3.26875,-0.914416,-0.907745,-0.970152
1,9.532888465,2.76718,1.60041,1.60041,3.15275,3.14201,3.23908,-0.279106,-0.27157,-0.339183
1,9.571020019,1.0643,1.58485,1.58485,3.13326,3.12222,3.21929,-1.50009,-1.49345,-1.55146
1,9.571020019,1.73836,1.58485,1.58485,3.13326,3.12222,3.21929,-1.01137,-1.00428,-1.06618
1,9.609151573,0.248337,1.56932,1.56932,3.11377,3.10243,3.19951,-2.08092,-2.07463,-2.12811
1,9.666348904,2.02217,1.54604,1.54604,3.08453,3.07276,3.16984,-0.773367,-0.765544,-0.829612
1,9.723546235,3.58315,1.5228,1.5228,3.05529,3.04308,3.14017,0.385199,0.39451,0.320995
1,9.742612011,4.54102,1.51506,1.51506,3.04555,3.03319,3.13028,1.09219,1.10235,1.0231
1,9.818875119,4.20399,1.48415,1.48415,3.00657,2.99362,3.09073,0.877357,0.887801,0.81001
1,9.87607245,4.96674,1.46101,1.46101,2.97734,2.96395,3.06106,1.46121,1.47269,1.38998
1,9.971401335,7.21951,1.42255,1.42255,2.92862,2.9145,3.01163,3.16452,3.1787,3.08184
1,9.990467112,3.1929,1.41488,1.41488,2.91888,2.90461,3.00174,0.202256,0.213043,0.140125
1,10.06673022,1.84479,1.38423,1.38423,2.87992,2.86506,2.96219,-0.766535,-0.756481,-0.821767
1,10.06673022,2.94457,1.38423,1.38423,2.87992,2.86506,2.96219,0.0478762,0.0589498,-0.0129621
1,10.14299333,1.02882,1.35367,1.35367,2.84095,2.82551,2.92265,-1.34634,-1.33662,-1.39739
1,10.21925643,1.41907,1.32322,1.32322,2.802,2.78597,2.88311,-1.03086,-1.0203,-1.08387
1,10.21925643,1.91574,1.32322,1.32322,2.802,2.78597,2.88311,-0.660629,-0.649565,-0.716167
1,10.29551954,2.62528,1.29286,1.29286,2.76305,2.74644,2.84358,-0.103036,-0.0907407,-0.162155
1,10.3336511,0.31929,1.27773,1.27773,2.74357,2.72667,2.82382,-1.8161,-1.80604,-1.86347
1,10.3336511,0.709534,1.27773,1.27773,2.74357,2.72667,2.82382,-1.52375,-1.51327,-1.57311
1,10.3336511,1.84479,1.27773,1.27773,2.74357,2.72667,2.82382,-0.673304,-0.661594,-0.728434
1,10.3336511,2.80266,1.27773,1.27773,2.74357,2.72667,2.82382,0.0442633,0.0570093,-0.0157402
1,10.37178265,2.30599,1.26263,1.26263,2.7241,2.70691,2.80405,-0.313743,-0.301281,-0.371201
1,10.4099142,2.73171,1.24755,1.24755,2.70463,2.68714,2.78429,0.0203499,0.0335458,-0.0392553
1,10.44804576,3.4235,1.23251,1.23251,2.68516,2.66738,2.76453,0.555877,0.570133,0.492775
1,10.44804576,2.02217,1.23251,1.23251,2.68516,2.66738,2.76453,-0.49915,-0.486503,-0.555129
1,10.56244042,0,1.18758,1.18758,2.62677,2.60811,2.70526,-1.98757,-1.97663,-2.03322
1,10.60057197,3.29933,1.17268,1.17268,2.60731,2.58836,2.6855,0.524506,0.53975,0.462124
1,10.60057197,1.73836,1.17268,1.17268,2.60731,2.58836,2.6855,-0.658603,-0.645295,-0.713061
1,10.67683508,2.98004,1.14297,1.14297,2.5684,2.54886,2.646,0.313051,0.328461,0.252338
1,10.71496663,1.73836,1.12818,1.12818,2.54894,2.52912,2.62625,-0.617472,-0.603407,-0.671864
1,10.73403241,3.37029,1.1208,1.1208,2.53922,2.51925,2.61638,0.633614,0.649965,0.570962
1,10.81029552,3.1929,1.09138,1.09138,2.50032,2.47977,2.57689,0.529819,0.546518,0.468121
1,10.88655863,6.42129,1.06213,1.06213,2.46143,2.4403,2.53742,3.03952,3.06139,2.96155
1,10.9056244,3.051,1.05485,1.05485,2.45171,2.43043,2.52755,0.460393,0.477627,0.399486
1,10.94375596,0.390244,1.04032,1.04032,2.43227,2.41071,2.50781,-1.57143,-1.55778,-1.61886
1,10.94375596,1.02882,1.04032,1.04032,2.43227,2.41071,2.50781,-1.08002,-1.06543,-1.13067
1,10.96282173,1.27716,1.03307,1.03307,2.42256,2.40085,2.49795,-0.882182,-0.867109,-0.934077
1,11.05815062,2.23503,0.997028,0.997028,2.37398,2.35155,2.44863,-0.107476,-0.090301,-0.164137
1,11.05815062,1.95122,0.997028,0.997028,2.37398,2.35155,2.44863,-0.327003,-0.310263,-0.382231
1,11.09628217,0.177384,0.982701,0.982701,2.35456,2.33184,2.42891,-1.68691,-1.67265,-1.73316
1,11.13441373,2.19956,0.968428,0.968428,2.33514,2.31213,2.40919,-0.105232,-0.087549,-0.161648
1,11.22974261,2.53659,0.932998,0.932998,2.28661,2.26288,2.35991,0.194853,0.213801,0.136827
1,11.24880839,0.603104,0.925956,0.925956,2.27691,2.25303,2.35006,-1.30582,-1.28993,-1.3541
1,11.30600572,4.38137,0.904924,0.904924,2.2478,2.2235,2.3205,1.66883,1.6915,1.6016
1,11.3250715,0,0.897945,0.897945,2.23811,2.21366,2.31065,-1.7521,-1.73675,-1.79728
1,11.3250715,0.886918,0.897945,0.897945,2.23811,2.21366,2.31065,-1.05778,-1.04091,-1.10742
1,11.3250715,2.80266,0.897945,0.897945,2.23811,2.21366,2.31065,0.441962,0.462108,0.382697
1,11.36320305,1.45455,0.884036,0.884036,2.21871,2.19398,2.29096,-0.599265,-0.58115,-0.651718
1,11.4013346,1.0643,0.870193,0.870193,2.19933,2.17431,2.27127,-0.891634,-0.873934,-0.942092
1,11.43946616,1.59645,0.856419,0.856419,2.17994,2.15464,2.25158,-0.459166,-0.44025,-0.512254
1,11.55386082,0.957871,0.815526,0.815526,2.12183,2.09568,2.19256,-0.920744,-0.902176,-0.970511
1,11.59199237,1.24169,0.802044,0.802044,2.10248,2.07604,2.17289,-0.682111,-0.662739,-0.733255
1,11.59199237,4.39911,0.802044,0.802044,2.10248,2.07604,2.17289,1.81991,1.84526,1.75298
1,11.63012393,2.87361,0.78864,0.78864,2.08313,2.05641,2.15323,0.627495,0.650276,0.568246
1,11.74451859,2.55432,0.748916,0.748916,2.02512,1.99756,2.0943,0.422298,0.445408,0.364804
1,11.8207817,1.70288,0.72286,0.72286,1.98649,1.95837,2.05504,-0.227112,-0.205118,-0.280259
1,11.87797903,6.31486,0.703553,0.703553,1.95754,1.929,2.02562,3.49855,3.53066,3.4226
1,11.8970448,1.80931,0.697164,0.697164,1.9479,1.91922,2.01582,-0.111368,-0.0885558,-0.16493
1,11.93517636,0.425721,0.684456,0.684456,1.92861,1.89966,1.99622,-1.20989,-1.18974,-1.25654
1,11.97330791,0.141907,0.671844,0.671844,1.90934,1.88011,1.97663,-1.42537,-1.40557,-1.47056
1,11.97330791,0.993348,0.671844,0.671844,1.90934,1.88011,1.97663,-0.738714,-0.717068,-0.788118
1,12.01143947,0.283814,0.659331,0.659331,1.89008,1.86058,1.95705,-1.29769,-1.27732,-1.34353
1,12.04957102,0.815965,0.646918,0.646918,1.87083,1.84106,1.93748,-0.853725,-0.831911,-0.902134
1,12.12583413,0.815965,0.622401,0.622401,1.83236,1.80205,1.89837,-0.825517,-0.803147,-0.873802
1,12.16396568,1.09978,0.610302,0.610302,1.81315,1.78256,1.87883,-0.580428,-0.557123,-0.630043
1,12.27836034,1.88027,0.574662,0.574662,1.75558,1.72421,1.82029,0.10199,0.128031,0.0487662
1,12.3164919,0.10643,0.563009,0.563009,1.73643,1.70479,1.8008,-1.33572,-1.31367,-1.3802
1,12.3164919,0.851441,0.563009,0.563009,1.73643,1.70479,1.8008,-0.725214,-0.701355,-0.773327
1,12.3164919,1.41907,0.563009,0.563009,1.73643,1.70479,1.8008,-0.260063,-0.234828,-0.310952
1,12.43088656,1.34812,0.528757,0.528757,1.67905,1.64663,1.74243,-0.272648,-0.24669,-0.322943
1,12.46901811,0.780488,0.517581,0.517581,1.65996,1.62729,1.723,-0.725871,-0.701055,-0.773322
1,12.58341277,0.266075,0.484806,0.484806,1.60281,1.56938,1.66482,-1.10922,-1.08491,-1.15392
1,12.58341277,2.87361,0.484806,0.484806,1.60281,1.56938,1.66482,1.05452,1.08568,0.997222
1,12.60247855,4.87805,0.479455,0.479455,1.5933,1.55975,1.65514,2.72814,2.76477,2.66123
1,12.73593899,2.23503,0.442921,0.442921,1.5269,1.49251,1.58752,0.591849,0.622634,0.538086
1,12.8122021,1.56098,0.422784,0.422784,1.4891,1.45423,1.549,0.0602917,0.0898358,0.00998863
1,12.92659676,1.63193,0.393616,0.393616,1.4326,1.39706,1.49141,0.168104,0.198759,0.117841
1,12.96472831,4.32816,0.384174,0.384174,1.41383,1.37806,1.47227,2.46224,2.50105,2.39939
1,12.96472831,1.27716,0.384174,0.384174,1.41383,1.37806,1.47227,-0.115467,-0.0855443,-0.163921
1,13.04099142,0.674058,0.365718,0.365718,1.37638,1.34019,1.43408,-0.595521,-0.566812,-0.640872
1,13.15538608,1.73836,0.339114,0.339114,1.32049,1.28368,1.37703,0.356246,0.389009,0.306361
1,13.19351764,1.9867,0.330536,0.330536,1.30193,1.26493,1.35808,0.58483,0.618651,0.533958
1,13.26978074,0.745011,0.313819,0.313819,1.26495,1.22758,1.32031,-0.445658,-0.415139,-0.490464
1,13.3079123,0.0709534,0.305681,0.305681,1.24652,1.20897,1.30148,-1.00944,-0.980794,-1.05099
1,13.34604385,0.567627,0.297689,0.297689,1.22814,1.19042,1.2827,-0.568194,-0.537728,-0.611857
1,13.49857007,1.09978,0.267185,0.267185,1.15514,1.11678,1.20803,-0.047965,-0.014786,-0.0933044
1,13.53670162,0.709534,0.259924,0.259924,1.13702,1.09852,1.18949,-0.371047,-0.338917,-0.414437
1,13.57483317,1.70288,0.252809,0.252809,1.11897,1.08033,1.171,0.507722,0.543395,0.460111
1,13.61296473,4.1153,0.245838,0.245838,1.10098,1.06221,1.15257,2.62568,2.6697,2.56761
1,13.89895138,2.46563,0.198082,0.198082,0.96824,0.928771,1.0164,1.32171,1.36195,1.27305
1,13.99428027,4.89579,0.18389,0.18389,0.924988,0.885399,0.971928,3.52022,3.56957,3.46222
1,13.99428027,1.27716,0.18389,0.18389,0.924988,0.885399,0.971928,0.312212,0.3487,0.269323
1,14.0514776,1.91574,0.175774,0.175774,0.899309,0.85968,0.945503,0.903436,0.942436,0.858369
1,14.2993327,0.886918,0.143917,0.143917,0.79069,0.751183,0.833495,0.0864805,0.122479,0.0478022
1,14.2993327,0.638581,0.143917,0.143917,0.79069,0.751183,0.833495,-0.1367,-0.101606,-0.174406
1,14.37559581,1.0643,0.135148,0.135148,0.758234,0.718871,0.799946,0.275979,0.312735,0.237352
1,14.45185891,1.27716,0.126838,0.126838,0.726283,0.687117,0.766879,0.498356,0.535949,0.459711
1,14.48999047,0.425721,0.122851,0.122851,0.710507,0.671459,0.750535,-0.258053,-0.22357,-0.293114
1,14.56625357,0.709534,0.115201,0.115201,0.679369,0.640601,0.718246,0.0274214,0.0629161,-0.00788799
1,14.60438513,1.84479,0.111535,0.111535,0.664016,0.625409,0.70231,1.07508,1.11469,1.03611
1,14.60438513,1.9867,0.111535,0.111535,0.664016,0.625409,0.70231,1.20429,1.24442,1.1648
1,14.90943756,1.27716,0.0857265,0.0857265,0.546862,0.510072,0.580314,0.6731,0.709747,0.640024
1,15.02383222,0.638581,0.0775283,0.0775283,0.505769,0.469902,0.537343,0.122939,0.156732,0.0934021
1,15.36701621,0.10643,0.0570575,0.0570575,0.392955,0.360593,0.418817,-0.268415,-0.238923,-0.291838
1,15.40514776,0.638581,0.0551238,0.0551238,0.381447,0.349535,0.406675,0.241178,0.272036,0.216931
1,15.55767398,0.496674,0.0479882,0.0479882,0.337553,0.307539,0.360279,0.149949,0.178808,0.12822
1,15.90085796,1.13525,0.0350013,0.0350013,0.251538,0.226198,0.268927,0.84053,0.867008,0.822443
1,15.97712107,0.567627,0.0326117,0.0326117,0.234815,0.210552,0.251099,0.317122,0.341138,0.301074
1,16.01525262,0.674058,0.0314765,0.0314765,0.226773,0.203051,0.242518,0.426568,0.450352,0.410851
1,16.2821735,1.09978,0.0245341,0.0245341,0.176289,0.156303,0.188538,0.885569,0.90671,0.872656
1,16.32030505,1.31264,0.0236725,0.0236725,0.169877,0.150413,0.18167,1.0966,1.11766,1.08389
1,16.47283127,0.922395,0.0205114,0.0205114,0.146117,0.128683,0.156195,0.74686,0.765094,0.736352
1,16.54909438,0.141907,0.0190893,0.0190893,0.135324,0.118866,0.144612,0.00634133,0.0222343,-0.00260287
1,16.62535748,0,0.0177638,0.0177638,0.125217,0.109706,0.133761,-0.120748,-0.105971,-0.128866
1,16.89227836,0.851441,0.0137976,0.0137976,0.0948293,0.0823731,0.101118,0.732049,0.745122,0.725462
1,17.04480458,1.0643,0.011937,0.011937,0.0805881,0.0696799,0.0858174,0.953272,0.965003,0.947658
1,17.57864633,0.425721,0.00717522,0.00717522,0.0448202,0.0381896,0.0474392,0.370575,0.377302,0.36792
1,18.03622498,2.37694,0.00463,0.00463,0.0267031,0.0225035,0.0280819,2.29112,2.29628,2.28942
1,19.04671115,1.56098,0.00175412,0.00175412,0.00829598,0.00684479,0.00858419,1.51672,1.51838,1.51639
2,0.000224299,0.556237,5.57942,5.57942,5.65109,5.655,5.68025,-3.05876,-3.06029,-3.07015
2,0.045084112,2.87935,5.56065,5.56065,5.63797,5.64188,5.66716,-1.65766,-1.65957,-1.67187
2,0.067514019,2.97751,5.55126,5.55126,5.6314,5.63532,5.66062,-1.59545,-1.59737,-1.60979
2,0.134803738,4.05726,5.5231,5.5231,5.61171,5.61563,5.64098,-0.935751,-0.937862,-0.951464
2,0.157233645,3.27198,5.51371,5.51371,5.60514,5.60907,5.63443,-1.40515,-1.40714,-1.41994
2,0.269383178,3.40286,5.46677,5.46677,5.57233,5.57627,5.60171,-1.30951,-1.31153,-1.32457
2,0.426392523,2.01227,5.40106,5.40106,5.52638,5.53034,5.5559,-2.12787,-2.12968,-2.14139
2,0.426392523,4.13906,5.40106,5.40106,5.52638,5.53034,5.5559,-0.840051,-0.84222,-0.856184
2,0.51611215,4.90798,5.36351,5.36351,5.50012,5.5041,5.52972,-0.359208,-0.361518,-0.376392
2,0.650691589,3.81186,5.30718,5.30718,5.46074,5.46473,5.49045,-1.00297,-1.00511,-1.01894
2,0.650691589,3.5501,5.30718,5.30718,5.46074,5.46473,5.49045,-1.16219,-1.16429,-1.17784
2,0.673121495,2.86299,5.29779,5.29779,5.45418,5.45817,5.48391,-1.57686,-1.57886,-1.59168
2,0.762841121,3.09202,5.26024,5.26024,5.42792,5.43192,5.45773,-1.42409,-1.42614,-1.43929
2,0.807700935,5.51329,5.24146,5.24146,5.41479,5.4188,5.44464,0.0601053,0.0576436,0.0418075
2,0.897420561,4.25358,5.20391,5.20391,5.38854,5.39256,5.41846,-0.69383,-0.696092,-0.710642
2,0.9198504669999999,3.01022,5.19452,5.19452,5.38197,5.386,5.41191,-1.45057,-1.45263,-1.46583
2,0.9198504669999999,4.79346,5.19452,5.19452,5.38197,5.386,5.41191,-0.359941,-0.362299,-0.377465
2,0.96471028,5.97137,5.17575,5.17575,5.36885,5.37287,5.39882,0.368843,0.366276,0.349762
2,0.96471028,4.98978,5.17575,5.17575,5.36885,5.37287,5.39882,-0.232054,-0.234453,-0.249883
2,0.9871401869999999,3.51738,5.16636,5.16636,5.36228,5.36631,5.39228,-1.1299,-1.13205,-1.14587
2,0.9871401869999999,4.07362,5.16636,5.16636,5.36228,5.36631,5.39228,-0.789234,-0.79148,-0.805921
2,1.054429907,3.3865,5.1382,5.1382,5.34259,5.34663,5.37265,-1.19964,-1.20178,-1.21552
2,1.121719626,3.1411,5.11003,5.11003,5.3229,5.32695,5.35301,-1.3399,-1.34201,-1.35554
2,1.211439252,4.30266,5.07248,5.07248,5.29664,5.3007,5.32683,-0.611557,-0.613879,-0.628802
2,1.278728972,5.20245,5.04432,5.04432,5.27695,5.28102,5.3072,-0.045899,-0.0483896,-0.0643966
2,1.323588785,5.48057,5.02554,5.02554,5.26382,5.26789,5.29411,0.133663,0.131115,0.114744
2,1.346018692,4.10634,5.01615,5.01615,5.25726,5.26133,5.28756,-0.710071,-0.71238,-0.727219
2,1.390878505,7.00204,4.99737,4.99737,5.24413,5.24821,5.27447,1.08556,1.08273,1.06455
2,1.413308411,5.10429,4.98799,4.98799,5.23757,5.24165,5.26793,-0.0823386,-0.0848356,-0.10088
2,1.435738318,7.62372,4.9786,4.9786,5.231,5.23509,5.26138,1.47893,1.47598,1.45704
2,1.480598131,5.79141,4.95982,4.95982,5.21788,5.22197,5.24829,0.354828,0.352196,0.335292
2,1.480598131,5.62781,4.95982,4.95982,5.21788,5.22197,5.24829,0.253614,0.251012,0.234294
2,1.503028037,4.76074,4.95043,4.95043,5.21131,5.21541,5.24175,-0.278887,-0.281338,-0.297088
2,1.660037383,6.11861,4.88472,4.88472,5.16537,5.16948,5.19594,0.591929,0.589205,0.571712
2,1.660037383,4.92434,4.88472,4.88472,5.16537,5.16948,5.19594,-0.149671,-0.15218,-0.168291
2,1.727327103,4.05726,4.85655,4.85655,5.14568,5.14979,5.1763,-0.676808,-0.679171,-0.694348
2,1.817046729,6.51125,4.819,4.819,5.11942,5.12355,5.15012,0.867088,0.864263,0.84612
2,1.884336449,5.07157,4.79084,4.79084,5.09973,5.10387,5.13049,-0.0175642,-0.0201399,-0.0366741
2,1.929196262,3.58282,4.77206,4.77206,5.0866,5.09074,5.1174,-0.939017,-0.941327,-0.956157
2,1.951626168,6.31493,4.76267,4.76267,5.08004,5.08418,5.11086,0.771473,0.768656,0.750576
2,1.974056075,5.62781,4.75328,4.75328,5.07347,5.07762,5.10431,0.346473,0.343778,0.326484
2,1.996485981,1.68507,4.74389,4.74389,5.06691,5.07106,5.09777,-2.11471,-2.11668,-2.12933
2,2.041345794,6.72393,4.72512,4.72512,5.05378,5.05794,5.08468,1.04534,1.04243,1.02375
2,2.131065421,4.97342,4.68757,4.68757,5.02753,5.03169,5.0585,-0.0339319,-0.0365346,-0.0532347
2,2.153495327,6.21677,4.67818,4.67818,5.02096,5.02513,5.05195,0.750205,0.747366,0.729151
2,2.175925234,6.49489,4.66879,4.66879,5.0144,5.01857,5.04541,0.92924,0.926344,0.907767
2,2.243214953,2.94479,4.64062,4.64062,4.99471,4.99889,5.02577,-1.28846,-1.2907,-1.30509
2,2.310504673,4.23722,4.61246,4.61246,4.97502,4.97921,5.00614,-0.464389,-0.466887,-0.482903
2,2.377794393,5.12065,4.5843,4.5843,4.95532,4.95952,4.9865,0.104211,0.101534,0.0843687
2,2.422654206,3.58282,4.56552,4.56552,4.9422,4.9464,4.97341,-0.857643,-0.860035,-0.875377
2,2.422654206,7.80368,4.56552,4.56552,4.9422,4.9464,4.97341,1.80534,1.80214,1.78165
2,2.422654206,5.21881,4.56552,4.56552,4.9422,4.9464,4.97341,0.174521,0.171817,0.154479
2,2.512373832,4.95706,4.52797,4.52797,4.91594,4.92015,4.94724,0.0259886,0.0233178,0.00619329
2,2.534803738,7.0184,4.51858,4.51858,4.90938,4.91359,4.94069,1.33375,1.33068,1.31099
2,2.534803738,5.62781,4.51858,4.51858,4.90938,4.91359,4.94069,0.454338,0.451535,0.433559
2,2.534803738,4.51534,4.51858,4.51858,4.90938,4.91359,4.94069,-0.24919,-0.251781,-0.268389
2,2.669383178,5.54601,4.46225,4.46225,4.86999,4.87423,4.90142,0.428728,0.425913,0.407872
2,2.669383178,5.05521,4.46225,4.46225,4.86999,4.87423,4.90142,0.117466,0.114746,0.0973136
2,2.669383178,4.35174,4.46225,4.46225,4.86999,4.87423,4.90142,-0.328677,-0.33126,-0.34782
2,2.736672897,3.48466,4.43409,4.43409,4.8503,4.85454,4.88179,-0.867317,-0.869745,-0.8853
2,2.826392523,5.95501,4.39653,4.39653,4.82405,4.8283,4.85561,0.719637,0.716711,0.69796
2,2.91611215,3.10838,4.35898,4.35898,4.79779,4.80206,4.82943,-1.07703,-1.07941,-1.09469
2,2.91611215,5.75869,4.35898,4.35898,4.79779,4.80206,4.82943,0.612589,0.609682,0.591063
2,2.960971963,5.05521,4.3402,4.3402,4.78467,4.78894,4.81634,0.172643,0.169867,0.15208
2,2.960971963,3.69734,4.3402,4.3402,4.78467,4.78894,4.81634,-0.69385,-0.696358,-0.712425
2,2.983401869,5.66053,4.33082,4.33082,4.7781,4.78237,4.8098,0.563368,0.560468,0.541886
2,3.005831776,2.68303,4.32143,4.32143,4.77154,4.77581,4.80325,-1.334,-1.33632,-1.35115
2,3.005831776,4.7771,4.32143,4.32143,4.77154,4.77581,4.80325,0.00354901,0.000818865,-0.0166697
2,3.050691589,3.41922,4.30265,4.30265,4.75841,4.76269,4.79017,-0.856203,-0.858671,-0.874484
2,3.050691589,6.26585,4.30265,4.30265,4.75841,4.76269,4.79017,0.96377,0.960735,0.941295
2,3.050691589,5.31697,4.30265,4.30265,4.75841,4.76269,4.79017,0.357113,0.354266,0.336036
2,3.095551402,4.07362,4.28388,4.28388,4.74528,4.74957,4.77708,-0.429836,-0.432443,-0.449141
2,3.140411215,5.90593,4.2651,4.2651,4.73216,4.73645,4.76399,0.75188,0.748898,0.729799
2,3.162841121,3.25562,4.25571,4.25571,4.72559,4.72989,4.75744,-0.942065,-0.944521,-0.960246
2,3.162841121,5.49693,4.25571,4.25571,4.72559,4.72989,4.75744,0.494331,0.491426,0.472822
2,3.252560748,5.39877,4.21816,4.21816,4.69934,4.70364,4.73126,0.449109,0.446205,0.427613
2,3.297420561,4.76074,4.19939,4.19939,4.68621,4.69052,4.71817,0.0478985,0.0451147,0.0272918
2,3.319850467,5.67689,4.19,4.19,4.67965,4.68396,4.71163,0.641256,0.638282,0.619242
2,3.319850467,4.1227,4.19,4.19,4.67965,4.68396,4.71163,-0.358133,-0.360792,-0.377814
2,3.387140187,6.05317,4.16183,4.16183,4.65996,4.66428,4.692,0.897167,0.894102,0.874483
2,3.409570093,6.51125,4.15245,4.15245,4.65339,4.65772,4.68545,1.19695,1.19379,1.17354
2,3.409570093,5.00613,4.15245,4.15245,4.65339,4.65772,4.68545,0.227259,0.224403,0.206121
2,3.432,6.87117,4.14306,4.14306,4.64683,4.65115,4.67891,1.43375,1.43051,1.40976
2,3.432,3.3047,4.14306,4.14306,4.64683,4.65115,4.67891,-0.865101,-0.867614,-0.883699
2,3.454429907,3.97546,4.13367,4.13367,4.64027,4.64459,4.67236,-0.428724,-0.431378,-0.448366
2,3.454429907,4.4499,4.13367,4.13367,4.64027,4.64459,4.67236,-0.122766,-0.125517,-0.143127
2,3.476859813,4.5317,4.12428,4.12428,4.6337,4.63803,4.66582,-0.065813,-0.0685855,-0.0863301
2,3.521719626,5.56237,4.10551,4.10551,4.62057,4.62491,4.65273,0.60823,0.605237,0.586081
2,3.521719626,3.45194,4.10551,4.10551,4.62057,4.62491,4.65273,-0.754724,-0.757284,-0.773662
2,3.544149533,7.31288,4.09612,4.09612,4.61401,4.61835,4.64618,1.74382,1.74046,1.71897
2,3.633869159,4.90798,4.05857,4.05857,4.58776,4.59211,4.62001,0.207303,0.204422,0.185984
2,3.656299065,4.02454,4.04918,4.04918,4.58119,4.58555,4.61346,-0.36054,-0.363243,-0.380535
2,3.678728972,4.56442,4.03979,4.03979,4.57463,4.57898,4.60692,-0.00661763,-0.00943688,-0.0274743
2,3.723588785,3.5501,4.02102,4.02102,4.5615,4.56586,4.59383,-0.656028,-0.658645,-0.675384
2,3.723588785,3.23926,4.02102,4.02102,4.5615,4.56586,4.59383,-0.857649,-0.8602,-0.876525
2,3.813308411,6.05317,3.98347,3.98347,4.53525,4.53962,4.56765,0.986487,0.983328,0.963122
2,3.903028037,4.22086,3.94592,3.94592,4.50899,4.51338,4.54147,-0.187621,-0.190413,-0.208268
2,3.925457944,3.53374,3.93653,3.93653,4.50243,4.50682,4.53493,-0.631074,-0.633725,-0.650678
2,3.925457944,3.41922,3.93653,3.93653,4.50243,4.50682,4.53493,-0.705681,-0.708307,-0.725105
2,3.94788785,3.9591,3.92714,3.92714,4.49587,4.50025,4.52838,-0.349859,-0.352604,-0.37016
2,3.970317757,3.20654,3.91776,3.91776,4.4893,4.49369,4.52184,-0.836497,-0.839087,-0.855648
2,3.992747664,5.12065,3.90837,3.90837,4.48274,4.48713,4.51529,0.416192,0.413191,0.394001
2,3.992747664,3.01022,3.90837,3.90837,4.48274,4.48713,4.51529,-0.960706,-0.963258,-0.979578
2,4.037607477,2.61759,3.88959,3.88959,4.46961,4.47401,4.5022,-1.20949,-1.21196,-1.2278
2,4.060037383,4.59714,3.88021,3.88021,4.46305,4.46745,4.49566,0.087611,0.0847075,0.0661432
2,4.08246729,5.51329,3.87082,3.87082,4.45648,4.46089,4.48911,0.690835,0.687731,0.667884
2,4.104897196,1.71779,3.86143,3.86143,4.44992,4.45433,4.48257,-1.78686,-1.78916,-1.80384
2,4.104897196,3.3047,3.86143,3.86143,4.44992,4.45433,4.48257,-0.748994,-0.75163,-0.76848
2,4.127327103,6.10225,3.85204,3.85204,4.44336,4.44777,4.47603,1.08548,1.08224,1.06152
2,4.172186916,4.10634,3.83327,3.83327,4.43023,4.43465,4.46294,-0.212141,-0.214962,-0.232996
2,4.239476636,2.71575,3.80511,3.80511,4.41054,4.41496,4.4433,-1.11168,-1.11422,-1.13041
2,4.261906542,4.40082,3.79572,3.79572,4.40398,4.4084,4.43676,-0.00207249,-0.00497539,-0.0235291
2,4.261906542,4.97342,3.79572,3.79572,4.40398,4.4084,4.43676,0.373701,0.370674,0.351327
2,4.351626168,3.69734,3.75817,3.75817,4.37772,4.38216,4.41058,-0.447385,-0.450153,-0.467841
2,4.351626168,4.87526,3.75817,3.75817,4.37772,4.38216,4.41058,0.327154,0.324129,0.304798
2,4.418915888,5.88957,3.73001,3.73001,4.35803,4.36248,4.39095,1.00855,1.00529,0.984447
2,4.418915888,6.59305,3.73001,3.73001,4.35803,4.36248,4.39095,1.4718,1.46839,1.44656
2,4.418915888,2.97751,3.73001,3.73001,4.35803,4.36248,4.39095,-0.909106,-0.911729,-0.928492
2,4.486205607,4.30266,3.70185,3.70185,4.33834,4.34279,4.37131,-0.0235323,-0.0264602,-0.0451664
2,4.486205607,4.1227,3.70185,3.70185,4.33834,4.34279,4.37131,-0.142214,-0.145102,-0.163555
2,4.508635514,4.84254,3.69247,3.69247,4.33178,4.33623,4.36477,0.337008,0.333956,0.31446
2,4.531065421,5.52965,3.68308,3.68308,4.32521,4.32967,4.35823,0.795103,0.791895,0.771398
2,4.531065421,2.81391,3.68308,3.68308,4.32521,4.32967,4.35823,-0.997681,-1.00029,-1.01695
2,4.575925234,6.56033,3.66431,3.66431,4.31209,4.31655,4.34514,1.48563,1.48218,1.46016
2,4.66564486,1.43967,3.62676,3.62676,4.28583,4.29031,4.31896,-1.88445,-1.88678,-1.90164
2,4.66564486,3.07566,3.62676,3.62676,4.28583,4.29031,4.31896,-0.801255,-0.803947,-0.821139
2,4.66564486,4.0409,3.62676,3.62676,4.28583,4.29031,4.31896,-0.162171,-0.165078,-0.183645
2,4.66564486,3.8773,3.62676,3.62676,4.28583,4.29031,4.31896,-0.27049,-0.273361,-0.291695
2,4.732934579,3.45194,3.5986,3.5986,4.26614,4.27063,4.29933,-0.539884,-0.542673,-0.560485
2,4.755364486,3.94274,3.58922,3.58922,4.25958,4.26406,4.29278,-0.210195,-0.213099,-0.231642
2,4.800224299,4.80982,3.57045,3.57045,4.24645,4.25094,4.27969,0.374114,0.371006,0.351158
2,4.889943925,3.27198,3.5329,3.5329,4.2202,4.2247,4.25352,-0.630934,-0.633714,-0.65146
2,4.912373832,3.56646,3.52352,3.52352,4.21364,4.21814,4.24697,-0.430838,-0.433689,-0.451889
2,4.912373832,2.37219,3.52352,3.52352,4.21364,4.21814,4.24697,-1.22589,-1.22847,-1.24494
2,4.934803738,3.41922,3.51413,3.51413,4.20707,4.21158,4.24043,-0.52475,-0.527572,-0.545587
2,4.934803738,4.41718,3.51413,3.51413,4.20707,4.21158,4.24043,0.139942,0.136893,0.117429
2,4.957233645,4.64622,3.50474,3.50474,4.20051,4.20502,4.23388,0.297013,0.293908,0.27408
2,5.002093458,3.9591,3.48597,3.48597,4.18738,4.1919,4.22079,-0.152275,-0.155234,-0.174121
2,5.002093458,4.49898,3.48597,3.48597,4.18738,4.1919,4.22079,0.20785,0.204768,0.185093
2,5.024523364,3.59918,3.47659,3.47659,4.18082,4.18534,4.21425,-0.388173,-0.391054,-0.409445
2,5.024523364,4.13906,3.47659,3.47659,4.18082,4.18534,4.21425,-0.0278691,-0.0308738,-0.0500533
2,5.069383178,5.38241,3.45782,3.45782,4.16769,4.17221,4.20116,0.811491,0.808192,0.78713
2,5.114242991,1.91411,3.43905,3.43905,4.15456,4.15909,4.18807,-1.49822,-1.50074,-1.51676
2,5.114242991,6.11861,3.43905,3.43905,4.15456,4.15909,4.18807,1.31338,1.3099,1.2877
2,5.114242991,2.83027,3.43905,3.43905,4.15456,4.15909,4.18807,-0.885578,-0.8883,-0.905676
2,5.18153271,1.97955,3.41089,3.41089,4.13487,4.13941,4.16844,-1.44346,-1.446,-1.4622
2,5.226392523,5.02249,3.39212,3.39212,4.12175,4.12629,4.15535,0.60385,0.600596,0.579837
2,5.271252336,3.82822,3.37335,3.37335,4.10862,4.11317,4.14226,-0.188166,-0.191151,-0.210201
2,5.293682243,4.90798,3.36397,3.36397,4.10206,4.10661,4.13572,0.54109,0.537848,0.517161
2,5.360971963,4.10634,3.33582,3.33582,4.08237,4.08693,4.11609,0.0161183,0.0130484,-0.0065363
2,5.360971963,2.73211,3.33582,3.33582,4.08237,4.08693,4.11609,-0.907926,-0.910674,-0.928204
2,5.405831776,5.18609,3.31705,3.31705,4.06924,4.07381,4.103,0.751734,0.748401,0.727135
2,5.405831776,3.10838,3.31705,3.31705,4.06924,4.07381,4.103,-0.646737,-0.649582,-0.667731
2,5.428261682,7.47648,3.30766,3.30766,4.06268,4.06725,4.09645,2.29893,2.29505,2.27031
2,5.428261682,4.51534,3.30766,3.30766,4.06268,4.06725,4.09645,0.30483,0.301649,0.281358
2,5.450691589,3.6319,3.29828,3.29828,4.05612,4.06069,4.08991,-0.285818,-0.288796,-0.30779
2,5.517981308,4.8589,3.27013,3.27013,4.03643,4.041,4.07028,0.554985,0.551702,0.530765
2,5.517981308,6.08589,3.27013,3.27013,4.03643,4.041,4.07028,1.38293,1.37936,1.35657
2,5.540411215,2.96115,3.26075,3.26075,4.02986,4.03444,4.06373,-0.721511,-0.724349,-0.742446
2,5.652560748,4.6953,3.21383,3.21383,3.99705,4.00164,4.03101,0.472593,0.469317,0.448432
2,5.652560748,4.51534,3.21383,3.21383,3.99705,4.00164,4.03101,0.350792,0.34756,0.326949
2,5.652560748,3.66462,3.21383,3.21383,3.99705,4.00164,4.03101,-0.224994,-0.228022,-0.247335
2,5.652560748,2.56851,3.21383,3.21383,3.99705,4.00164,4.03101,-0.966871,-0.969637,-0.987277
2,5.719850467,3.89366,3.18568,3.18568,3.97736,3.98196,4.01138,-0.0567341,-0.0598324,-0.0795869
2,5.719850467,3.2229,3.18568,3.18568,3.97736,3.98196,4.01138,-0.511408,-0.514345,-0.533071
2,5.876859813,3.59918,3.12001,3.12001,3.93142,3.93604,3.96557,-0.226006,-0.229068,-0.248583
2,5.921719626,1.86503,3.10125,3.10125,3.91829,3.92292,3.95248,-1.39818,-1.40082,-1.4177
2,5.966579439,2.66667,3.08249,3.08249,3.90516,3.9098,3.93939,-0.844218,-0.847071,-0.865255
2,5.989009346,4.80982,3.0731,3.0731,3.8986,3.90324,3.93285,0.621444,0.618061,0.5965
2,5.989009346,4.6135,3.0731,3.0731,3.8986,3.90324,3.93285,0.487555,0.48422,0.462967
2,5.989009346,4.0409,3.0731,3.0731,3.8986,3.90324,3.93285,0.0970472,0.0938526,0.0734936
2,5.989009346,3.3047,3.0731,3.0731,3.8986,3.90324,3.93285,-0.405035,-0.408049,-0.427258
2,6.011439252,2.84663,3.06372,3.06372,3.89204,3.89668,3.92631,-0.713328,-0.716235,-0.734757
2,6.101158879,1.76687,3.0262,3.0262,3.86579,3.87043,3.90013,-1.4351,-1.43776,-1.4547
2,6.101158879,3.0593,3.0262,3.0262,3.86579,3.87043,3.90013,-0.55142,-0.554397,-0.573371
2,6.123588785,3.97546,3.01682,3.01682,3.85922,3.86387,3.89359,0.0795159,0.0763067,0.0558586
2,6.146018692,3.59918,3.00744,3.00744,3.85266,3.85731,3.88704,-0.173489,-0.17661,-0.196496
2,6.235738318,1.91411,2.96993,2.96993,3.82641,3.83107,3.86087,-1.31152,-1.31424,-1.33158
2,6.235738318,5.56237,2.96993,2.96993,3.82641,3.83107,3.86087,1.19059,1.18696,1.16382
2,6.280598131,5.26789,2.95117,2.95117,3.81328,3.81795,3.84778,0.998647,0.995078,0.972343
2,6.280598131,4.22086,2.95117,2.95117,3.81328,3.81795,3.84778,0.279817,0.27651,0.255445
2,6.280598131,3.86094,2.95117,2.95117,3.81328,3.81795,3.84778,0.0327187,0.029502,0.00901076
2,6.370317757,2.96115,2.91366,2.91366,3.78703,3.79171,3.82161,-0.568169,-0.571179,-0.590356
2,6.392747664,4.58078,2.90429,2.90429,3.78047,3.78515,3.81506,0.550854,0.54743,0.525621
2,6.41517757,6.75665,2.89491,2.89491,3.77391,3.77859,3.80852,2.05408,2.0501,2.02476
2,6.437607477,4.76074,2.88553,2.88553,3.76734,3.77203,3.80197,0.684458,0.680978,0.658809
2,6.460037383,5.88957,2.87616,2.87616,3.76078,3.76547,3.79543,1.46751,1.46374,1.43972
2,6.48246729,4.98978,2.86678,2.86678,3.75422,3.75891,3.78889,0.852189,0.848639,0.826031
2,6.504897196,4.25358,2.8574,2.8574,3.74766,3.75235,3.78234,0.349125,0.345757,0.324305
2,6.527327103,1.93047,2.84803,2.84803,3.74109,3.74579,3.7758,-1.25011,-1.25289,-1.27061
2,6.527327103,5.61145,2.84803,2.84803,3.74109,3.74579,3.7758,1.29136,1.28764,1.26395
2,6.527327103,0.670757,2.84803,2.84803,3.74109,3.74579,3.7758,-2.11986,-2.12232,-2.13799
2,6.639476636,3.56646,2.80116,2.80116,3.70828,3.71299,3.74308,-0.098169,-0.101394,-0.121925
2,6.639476636,3.3865,2.80116,2.80116,3.70828,3.71299,3.74308,-0.22274,-0.225918,-0.246155
2,6.639476636,3.25562,2.80116,2.80116,3.70828,3.71299,3.74308,-0.313336,-0.316481,-0.336504
2,6.661906542,2.71575,2.79178,2.79178,3.70172,3.70643,3.73654,-0.682858,-0.685869,-0.70504
2,6.818915888,3.99182,2.72618,2.72618,3.65578,3.66052,3.69073,0.233577,0.2302,0.208705
2,6.886205607,3.77914,2.69807,2.69807,3.63609,3.64084,3.6711,0.0995855,0.0962476,0.0750046
2,6.886205607,3.20654,2.69807,2.69807,3.63609,3.64084,3.6711,-0.299041,-0.30223,-0.32252
2,6.931065421,2.01227,2.67933,2.67933,3.62297,3.62772,3.65802,-1.12249,-1.12538,-1.14374
2,6.953495327,4.25358,2.66996,2.66996,3.61641,3.62116,3.65147,0.444275,0.440796,0.418659
2,6.953495327,3.61554,2.66996,2.66996,3.61641,3.62116,3.65147,-0.000603436,-0.00391451,-0.0249847
2,6.99835514,1.76687,2.65122,2.65122,3.60328,3.60804,3.63839,-1.28179,-1.28463,-1.30266
2,6.99835514,2.19223,2.65122,2.65122,3.60328,3.60804,3.63839,-0.984898,-0.987844,-1.00659
2,7.06564486,3.01022,2.62312,2.62312,3.5836,3.58836,3.61876,-0.400833,-0.40401,-0.424227
2,7.088074766,4.54806,2.61376,2.61376,3.57703,3.5818,3.61222,0.679177,0.675587,0.652743
2,7.110504673,1.96319,2.60439,2.60439,3.57047,3.57524,3.60567,-1.12479,-1.1277,-1.14621
2,7.132934579,3.7955,2.59503,2.59503,3.56391,3.56868,3.59913,0.162154,0.158752,0.13711
2,7.177794393,2.42127,2.5763,2.5763,3.55079,3.55556,3.58604,-0.79169,-0.794736,-0.814113
2,7.200224299,3.17382,2.56694,2.56694,3.54422,3.549,3.5795,-0.259753,-0.263005,-0.283692
2,7.222654206,4.1227,2.55757,2.55757,3.53766,3.54245,3.57296,0.410487,0.406976,0.38464
2,7.267514019,4.71166,2.53885,2.53885,3.52454,3.52933,3.55987,0.833807,0.830126,0.806713
2,7.334803738,3.3865,2.51077,2.51077,3.50485,3.50965,3.54024,-0.0832578,-0.0865989,-0.107848
2,7.379663551,3.92638,2.49205,2.49205,3.49173,3.49653,3.52716,0.306092,0.302594,0.280348
2,7.402093458,1.32515,2.48269,2.48269,3.48517,3.48997,3.52061,-1.52194,-1.52474,-1.54253
2,7.402093458,5.54601,2.48269,2.48269,3.48517,3.48997,3.52061,1.45206,1.44812,1.42304
2,7.424523364,5.85685,2.47333,2.47333,3.47861,3.48341,3.51407,1.67658,1.67255,1.6469
2,7.424523364,6.72393,2.47333,2.47333,3.47861,3.48341,3.51407,2.28784,2.28357,2.25642
2,7.446953271,4.7771,2.46398,2.46398,3.47205,3.47686,3.50753,0.920502,0.916755,0.892931
2,7.446953271,4.64622,2.46398,2.46398,3.47205,3.47686,3.50753,0.828188,0.824477,0.800879
2,7.469383178,3.68098,2.45462,2.45462,3.46548,3.4703,3.50099,0.152079,0.148625,0.126664
2,7.536672897,1.83231,2.42656,2.42656,3.4458,3.45062,3.48136,-1.14046,-1.14342,-1.16227
2,7.536672897,4.22086,2.42656,2.42656,3.4458,3.45062,3.48136,0.547833,0.544214,0.521208
2,7.536672897,5.00613,2.42656,2.42656,3.4458,3.45062,3.48136,1.10289,1.09905,1.07468
2,7.64882243,2.38855,2.3798,2.3798,3.41299,3.41783,3.44865,-0.726019,-0.729161,-0.749133
2,7.64882243,2.56851,2.3798,2.3798,3.41299,3.41783,3.44865,-0.598483,-0.601675,-0.621963
2,7.671252336,3.56646,2.37045,2.37045,3.40643,3.41127,3.4421,0.113474,0.110001,0.0879262
2,7.671252336,3.32106,2.37045,2.37045,3.40643,3.41127,3.4421,-0.0605316,-0.0639364,-0.0855797
2,7.805831776,3.82822,2.31438,2.31438,3.36706,3.37192,3.40285,0.328034,0.324455,0.301705
2,7.895551402,3.3047,2.27701,2.27701,3.34082,3.34568,3.37668,-0.0257459,-0.0292015,-0.0511605
2,7.917981308,2.14315,2.26768,2.26768,3.33426,3.33913,3.37014,-0.849528,-0.852662,-0.872578
2,7.940411215,2.97751,2.25834,2.25834,3.3277,3.33257,3.3636,-0.2499,-0.253274,-0.274716
2,7.962841121,2.86299,2.249,2.249,3.32114,3.32601,3.35706,-0.327113,-0.330461,-0.351732
2,8.030130841,4.25358,2.221,2.221,3.30146,3.30634,3.33743,0.680888,0.677129,0.65325
2,8.030130841,3.7955,2.221,2.221,3.30146,3.30634,3.33743,0.353304,0.349676,0.326622
2,8.052560748,3.68098,2.21167,2.21167,3.2949,3.29978,3.33089,0.276247,0.272646,0.249762
2,8.052560748,2.07771,2.21167,2.21167,3.2949,3.29978,3.33089,-0.870907,-0.874053,-0.894041
2,8.097420561,1.94683,2.19301,2.19301,3.28178,3.28666,3.31781,-0.956186,-0.959305,-0.979119
2,8.142280374,3.40286,2.17436,2.17436,3.26865,3.27355,3.30472,0.0962328,0.0926871,0.070164
2,8.16471028,4.1227,2.16503,2.16503,3.26209,3.26699,3.29818,0.617419,0.613661,0.589792
2,8.232,4.35174,2.13706,2.13706,3.24241,3.24732,3.27856,0.797136,0.793294,0.768893
2,8.232,1.25971,2.13706,2.13706,3.24241,3.24732,3.27856,-1.42473,-1.42768,-1.44642
2,8.254429907,3.3047,2.12774,2.12774,3.23585,3.24076,3.27202,0.0495003,0.0459542,0.0234317
2,8.344149533,0.916155,2.09048,2.09048,3.20961,3.21453,3.24585,-1.65246,-1.65534,-1.6736
2,8.366579439,3.94274,2.08117,2.08117,3.20305,3.20797,3.23931,0.533238,0.529477,0.505598
2,8.389009346,3.58282,2.07186,2.07186,3.1965,3.20142,3.23277,0.278652,0.274991,0.251738
2,8.411439252,6.08589,2.06255,2.06255,3.18994,3.19486,3.22623,2.08994,2.08554,2.05761
2,8.411439252,2.47035,2.06255,2.06255,3.18994,3.19486,3.22623,-0.519308,-0.522651,-0.543879
2,8.456299065,3.69734,2.04394,2.04394,3.17682,3.18175,3.21315,0.376055,0.372342,0.348766
2,8.478728972,3.33742,2.03464,2.03464,3.17026,3.17519,3.20661,0.120835,0.117221,0.094278
2,8.501158879,4.33538,2.02534,2.02534,3.1637,3.16863,3.20007,0.847397,0.843485,0.818645
2,8.501158879,0.834356,2.02534,2.02534,3.1637,3.16863,3.20007,-1.68466,-1.68754,-1.70585
2,8.501158879,3.48466,2.02534,2.02534,3.1637,3.16863,3.20007,0.232132,0.22847,0.205215
2,8.523588785,4.02454,2.01604,2.01604,3.15714,3.16208,3.19353,0.627671,0.623844,0.599545
2,8.635738318,2.17587,1.96957,1.96957,3.12434,3.1293,3.16082,-0.688195,-0.691506,-0.712519
2,8.658168224,1.94683,1.96029,1.96029,3.11778,3.12274,3.15428,-0.850083,-0.853331,-0.873946
2,8.658168224,3.10838,1.96029,1.96029,3.11778,3.12274,3.15428,-0.00682407,-0.0104167,-0.0332214
2,8.703028037,1.75051,1.94172,1.94172,3.10467,3.10963,3.1412,-0.984149,-0.987349,-1.00766
2,8.725457944,1.14519,1.93244,1.93244,3.09811,3.10307,3.13466,-1.42007,-1.4231,-1.44229
2,8.792747664,2.56851,1.90462,1.90462,3.07843,3.0834,3.11504,-0.3714,-0.374866,-0.396862
2,8.904897196,6.90389,1.85829,1.85829,3.04564,3.05063,3.08235,2.81778,2.81297,2.78248
2,8.904897196,1.06339,1.85829,1.85829,3.04564,3.05063,3.08235,-1.44769,-1.45073,-1.47001
2,8.904897196,2.83027,1.85829,1.85829,3.04564,3.05063,3.08235,-0.157295,-0.160868,-0.183541
2,8.927327103,3.53374,1.84903,1.84903,3.03908,3.04407,3.07581,0.361459,0.357667,0.333606
2,8.972186916,2.30675,1.83053,1.83053,3.02597,3.03096,3.06273,-0.526126,-0.529557,-0.55133
2,8.972186916,3.27198,1.83053,1.83053,3.02597,3.03096,3.06273,0.179965,0.17624,0.152607
2,8.972186916,3.89366,1.83053,1.83053,3.02597,3.03096,3.06273,0.634735,0.630822,0.605991
2,9.017046729,3.04294,1.81203,1.81203,3.01285,3.01785,3.04965,0.0220361,0.0183691,-0.00489619
2,9.039476636,2.48671,1.80279,1.80279,3.0063,3.0113,3.04311,-0.380714,-0.384217,-0.406442
2,9.061906542,4.84254,1.79355,1.79355,2.99974,3.00474,3.03657,1.351,1.34677,1.31994
2,9.106766355,1.57055,1.77508,1.77508,2.98663,2.99163,3.0235,-1.03929,-1.04253,-1.06308
2,9.106766355,3.61554,1.77508,1.77508,2.98663,2.99163,3.0235,0.461578,0.457711,0.433183
2,9.129196262,1.29243,1.76585,1.76585,2.98007,2.98508,3.01696,-1.23928,-1.24243,-1.26247
2,9.174056075,4.41718,1.74741,1.74741,2.96695,2.97197,3.00388,1.06611,1.06197,1.03576
2,9.196485981,3.43558,1.73819,1.73819,2.9604,2.96542,2.99734,0.349516,0.345679,0.321348
2,9.241345794,3.73006,1.71976,1.71976,2.94728,2.95231,2.98427,0.576393,0.572453,0.547465
2,9.286205607,2.55215,1.70135,1.70135,2.93417,2.9392,2.97119,-0.281611,-0.285198,-0.307944
2,9.286205607,3.27198,1.70135,1.70135,2.93417,2.9392,2.97119,0.249019,0.245209,0.221044
2,9.308635514,1.35787,1.69215,1.69215,2.92762,2.93265,2.96465,-1.15778,-1.161,-1.18142
2,9.331065421,3.10838,1.68295,1.68295,2.92106,2.92609,2.95812,0.138239,0.134467,0.110549
2,9.375925234,5.54601,1.66458,1.66458,2.90795,2.91299,2.94504,1.94894,1.9444,1.91557
2,9.39835514,4.26994,1.65539,1.65539,2.90139,2.90643,2.9385,1.01161,1.00746,0.981115
2,9.420785047,7.39468,1.64621,1.64621,2.89484,2.89988,2.93197,3.32805,3.32291,3.29031
2,9.443214953,2.38855,1.63704,1.63704,2.88828,2.89333,2.92543,-0.369804,-0.37338,-0.396055
2,9.443214953,2.84663,1.63704,1.63704,2.88828,2.89333,2.92543,-0.0308256,-0.0345456,-0.0581334
2,9.443214953,4.15542,1.63704,1.63704,2.88828,2.89333,2.92543,0.937683,0.933552,0.907356
2,9.510504673,4.89162,1.60954,1.60954,2.86862,2.87367,2.90582,1.4995,1.49512,1.46732
2,9.532934579,0.719836,1.60039,1.60039,2.86206,2.86712,2.89928,-1.58876,-1.59183,-1.6113
2,9.532934579,4.40082,1.60039,1.60039,2.86206,2.86712,2.89928,1.1412,1.13696,1.11011
2,9.645084112,3.41922,1.55469,1.55469,2.82929,2.83436,2.8666,0.43873,0.434773,0.409688
2,9.645084112,2.68303,1.55469,1.55469,2.82929,2.83436,2.8666,-0.108775,-0.112498,-0.136095
2,9.667514019,1.42331,1.54556,1.54556,2.82274,2.82781,2.86007,-1.04132,-1.04465,-1.06573
2,9.667514019,2.48671,1.54556,1.54556,2.82274,2.82781,2.86007,-0.250041,-0.253707,-0.276944
2,9.734803738,3.25562,1.51823,1.51823,2.80307,2.80816,2.84046,0.337307,0.333376,0.308463
2,9.846953271,2.42127,1.47278,1.47278,2.77031,2.7754,2.80779,-0.260882,-0.264574,-0.287975
2,9.869383178,2.78119,1.46372,1.46372,2.76376,2.76885,2.80125,0.0130346,0.00921942,-0.0149579
2,9.959102804,1.79959,1.42751,1.42751,2.73755,2.74265,2.77512,-0.70301,-0.70653,-0.728833
2,9.959102804,3.1411,1.42751,1.42751,2.73755,2.74265,2.77512,0.302471,0.298513,0.273438
2,10.00396262,2.61759,1.40945,1.40945,2.72444,2.72956,2.76205,-0.0801808,-0.0839797,-0.10805
2,10.02639252,2.35583,1.40043,1.40043,2.71789,2.72301,2.75551,-0.271828,-0.275547,-0.299112
2,10.07125234,2.04499,1.38241,1.38241,2.70479,2.70991,2.74245,-0.495914,-0.499544,-0.522536
2,10.13854206,2.53579,1.35545,1.35545,2.68514,2.69027,2.72285,-0.112444,-0.116253,-0.140382
2,10.16097196,3.01022,1.34648,1.34648,2.67859,2.68372,2.71632,0.249821,0.245849,0.220686
2,10.18340187,5.33e-15,1.33752,1.33752,2.67204,2.67717,2.70979,-2.01398,-2.01696,-2.03584
2,10.20583178,3.40286,1.32857,1.32857,2.66549,2.67062,2.70325,0.556087,0.551972,0.525903
2,10.2731215,2.35583,1.30177,1.30177,2.64584,2.65098,2.68366,-0.219082,-0.222868,-0.246848
2,10.2731215,3.9591,1.30177,1.30177,2.64584,2.65098,2.68366,0.992061,0.98774,0.960371
2,10.31798131,2.74847,1.28395,1.28395,2.63274,2.63789,2.6706,0.0875171,0.0835873,0.0586981
2,10.40770093,5.87321,1.24843,1.24843,2.60655,2.61171,2.64448,2.47606,2.47105,2.43933
2,10.40770093,2.30675,1.24843,1.24843,2.60655,2.61171,2.64448,-0.227245,-0.231051,-0.255157
2,10.40770093,3.7955,1.24843,1.24843,2.60655,2.61171,2.64448,0.901198,0.89689,0.869608
2,10.40770093,3.35378,1.24843,1.24843,2.60655,2.61171,2.64448,0.566385,0.562226,0.535886
2,10.40770093,3.01022,1.24843,1.24843,2.60655,2.61171,2.64448,0.305975,0.301932,0.276325
2,10.47499065,2.53579,1.2219,1.2219,2.58691,2.59208,2.62489,-0.0388161,-0.0427186,-0.0674302
2,10.49742056,3.19018,1.21308,1.21308,2.58036,2.58553,2.61836,0.463277,0.459146,0.43299
2,10.51985047,4.46626,1.20427,1.20427,2.57382,2.57899,2.61183,1.43849,1.43392,1.40498
2,10.54228037,3.51738,1.19548,1.19548,2.56727,2.57244,2.6053,0.722612,0.718356,0.691412
2,10.632,1.86503,1.16042,1.16042,2.54109,2.54627,2.57919,-0.515347,-0.519064,-0.542598
2,10.65442991,1.01431,1.15168,1.15168,2.53454,2.53973,2.57266,-1.1595,-1.16293,-1.18466
2,10.92358879,2.53579,1.048,1.048,2.45603,2.46125,2.49436,0.0612485,0.0572181,0.0317106
2,10.94601869,4.15542,1.03946,1.03946,2.44949,2.45471,2.48783,1.31081,1.30621,1.27707
2,11.03573832,0.327198,1.00547,1.00547,2.42333,2.42856,2.46174,-1.61433,-1.61761,-1.6384
2,11.03573832,1.50511,1.00547,1.00547,2.42333,2.42856,2.46174,-0.707163,-0.710863,-0.734274
2,11.03573832,2.38855,1.00547,1.00547,2.42333,2.42856,2.46174,-0.0267882,-0.0307993,-0.0561807
2,11.08059813,1.66871,0.988587,0.988587,2.41025,2.41549,2.4487,-0.571751,-0.575521,-0.599372
2,11.14788785,1.42331,0.963398,0.963398,2.39064,2.39588,2.42914,-0.747124,-0.750825,-0.774237
2,11.17031776,2.19223,0.955041,0.955041,2.3841,2.38934,2.42262,-0.148281,-0.152261,-0.177442
2,11.19274766,1.79959,0.946704,0.946704,2.37757,2.38281,2.4161,-0.446919,-0.450765,-0.4751
2,11.26003738,2.58487,0.921816,0.921816,2.35796,2.36321,2.39654,0.175758,0.171612,0.145382
2,11.28246729,1.47239,0.913562,0.913562,2.35143,2.35668,2.39002,-0.681276,-0.68503,-0.708776
2,11.3048972,3.25562,0.90533,0.90533,2.34489,2.35015,2.3835,0.706251,0.70185,0.674013
2,11.39461682,2.91207,0.872627,0.872627,2.31876,2.32402,2.35744,0.461159,0.456854,0.429627
2,11.43947664,2.45399,0.856415,0.856415,2.30569,2.31096,2.3444,0.115397,0.111245,0.0849833
2,11.46190654,2.06135,0.848346,0.848346,2.29916,2.30444,2.33789,-0.185166,-0.189182,-0.214582
2,11.48433645,1.93047,0.840301,0.840301,2.29263,2.29791,2.33137,-0.282149,-0.286124,-0.311263
2,11.52919626,2.71575,0.824287,0.824287,2.27957,2.28485,2.31835,0.340202,0.335928,0.308897
2,11.52919626,4.38446,0.824287,0.824287,2.27957,2.28485,2.31835,1.64175,1.63686,1.60598
2,11.64134579,0.359918,0.784711,0.784711,2.24693,2.25222,2.28579,-1.47609,-1.47953,-1.50129
2,11.91050467,0.834356,0.692667,0.692667,2.16866,2.17397,2.2077,-1.05106,-1.05474,-1.07804
2,11.93293458,2.15951,0.6852,0.6852,2.16214,2.16746,2.20119,-0.00207168,-0.00626041,-0.0327391
2,11.93293458,0.687117,0.6852,0.6852,2.16214,2.16746,2.20119,-1.16259,-1.16622,-1.18921
2,11.97779439,1.11247,0.670367,0.670367,2.1491,2.15442,2.18819,-0.818009,-0.821816,-0.845883
2,12.02265421,1.73415,0.65567,0.65567,2.13607,2.1414,2.17518,-0.317527,-0.321581,-0.347208
2,12.04508411,3.69734,0.648373,0.648373,2.12955,2.13488,2.16868,1.23933,1.23452,1.20416
2,12.11237383,1.96319,0.626698,0.626698,2.11001,2.11535,2.14918,-0.116265,-0.120432,-0.146768
2,12.17966355,1.45603,0.605352,0.605352,2.09048,2.09582,2.12969,-0.503292,-0.507285,-0.532517
2,12.24695327,2.84663,0.584347,0.584347,2.07095,2.0763,2.11021,0.616417,0.611871,0.583148
2,12.26938318,2.61759,0.577423,0.577423,2.06444,2.06979,2.10371,0.439834,0.43537,0.407159
2,12.38153271,3.28834,0.543403,0.543403,2.03192,2.03727,2.07126,1.002,0.997237,0.967169
2,12.42639252,1.89775,0.530082,0.530082,2.01891,2.02427,2.05828,-0.0967397,-0.100973,-0.127717
2,12.42639252,1.60327,0.530082,0.530082,2.01891,2.02427,2.05828,-0.331862,-0.335981,-0.362002
2,12.47125234,2.09407,0.51693,0.51693,2.00591,2.01128,2.04531,0.0704718,0.0661494,0.03884
2,12.47125234,1.06339,0.51693,0.51693,2.00591,2.01128,2.04531,-0.753431,-0.757351,-0.782121
2,12.51611215,3.32106,0.503951,0.503951,1.99292,1.99829,2.03234,1.06295,1.05814,1.02771
2,12.53854206,2.20859,0.497526,0.497526,1.98642,1.99179,2.02585,0.177914,0.173527,0.14581
2,12.60583178,1.93047,0.478518,0.478518,1.96694,1.97231,2.00641,-0.0292531,-0.033551,-0.0607018
2,12.6955514,0.736196,0.453805,0.453805,1.94097,1.94636,1.9805,-0.968797,-0.972648,-0.996975
2,12.91985047,1.79959,0.395301,0.395301,1.87614,1.88155,1.91579,-0.0619266,-0.0662635,-0.0936531
2,12.91985047,0.916155,0.395301,0.395301,1.87614,1.88155,1.91579,-0.776562,-0.780544,-0.805691
2,12.98714019,4.33538,0.378691,0.378691,1.85672,1.86213,1.8964,2.00865,2.00327,1.96929
2,13.05442991,1.66871,0.362525,0.362525,1.83731,1.84272,1.87702,-0.136873,-0.141196,-0.168491
2,13.05442991,4.5317,0.362525,0.362525,1.83731,1.84272,1.87702,2.18738,2.1819,2.14727
2,13.18900935,0.458078,0.331543,0.331543,1.79853,1.80395,1.83829,-1.09213,-1.09599,-1.1204
2,13.23386916,2.38855,0.321618,0.321618,1.78561,1.79103,1.8254,0.491831,0.487162,0.457685
2,13.25629907,0.539877,0.316732,0.316732,1.77916,1.78458,1.81895,-1.01152,-1.01543,-1.04015
2,13.30115888,3.58282,0.307111,0.307111,1.76625,1.77168,1.80606,1.48449,1.47931,1.4466
2,13.3908785,2.02863,0.288479,0.288479,1.74046,1.74589,1.78031,0.236059,0.231492,0.202663
2,13.41330841,3.76278,0.283948,0.283948,1.73401,1.73945,1.77387,1.66288,1.65758,1.62417
2,13.41330841,4.08998,0.283948,0.283948,1.73401,1.73945,1.77387,1.93106,1.92564,1.89137
2,13.45816822,2.65031,0.275037,0.275037,1.72113,1.72657,1.76101,0.762513,0.757669,0.727085
2,13.48059813,0.556237,0.270658,0.270658,1.71469,1.72013,1.75458,-0.951241,-0.95522,-0.980337
2,13.52545794,2.14315,0.26205,0.26205,1.70182,1.70726,1.74172,0.362822,0.358169,0.328795
2,13.74975701,1.40695,0.222009,0.222009,1.63759,1.64304,1.67755,-0.190757,-0.195162,-0.222969
2,13.81704673,0.997955,0.210954,0.210954,1.61836,1.62381,1.65834,-0.514061,-0.51831,-0.545129
2,13.99648598,0.719836,0.183571,0.183571,1.56719,1.57265,1.6072,-0.705511,-0.709685,-0.736031
2,14.0637757,1.55419,0.174067,0.174067,1.54805,1.5535,1.58806,0.0051245,0.000574195,-0.0281452
2,14.24321495,0.0981595,0.150672,0.150672,1.49712,1.50257,1.53714,-1.17255,-1.17652,-1.20152
2,14.24321495,2.43763,0.150672,0.150672,1.49712,1.50257,1.53714,0.788304,0.783323,0.751887
2,14.31050467,2.78119,0.142603,0.142603,1.47806,1.48352,1.51809,1.09422,1.08907,1.05657
2,14.4002243,2.87935,0.132415,0.132415,1.45271,1.45816,1.49273,1.20084,1.19562,1.1627
2,14.4002243,4.05726,0.132415,0.132415,1.45271,1.45816,1.49273,2.19232,2.18659,2.1504
2,14.44508411,0.196319,0.127558,0.127558,1.44005,1.44551,1.48006,-1.04815,-1.0522,-1.07774
2,14.44508411,1.01431,0.127558,0.127558,1.44005,1.44551,1.48006,-0.358789,-0.363196,-0.39101
2,14.44508411,1.37423,0.127558,0.127558,1.44005,1.44551,1.48006,-0.055468,-0.0600336,-0.0888487
2,14.53480374,2.73211,0.118304,0.118304,1.41478,1.42023,1.45478,1.11288,1.10769,1.07495
2,14.64695327,1.22699,0.107563,0.107563,1.38327,1.38872,1.42325,-0.132421,-0.136967,-0.165658
2,14.87125234,1.79959,0.0886332,0.0886332,1.32055,1.32599,1.36046,0.408389,0.403539,0.372927
2,14.98340187,0.179959,0.0803405,0.0803405,1.28936,1.29479,1.32921,-0.948652,-0.952794,-0.978935
2,15.02826168,1.79959,0.0772257,0.0772257,1.27692,1.28234,1.31674,0.447483,0.442602,0.411787
2,15.0955514,1.86503,0.0727601,0.0727601,1.25829,1.26371,1.29808,0.520401,0.515477,0.484392
2,15.25256075,3.68098,0.0632489,0.0632489,1.21501,1.22041,1.25469,2.12403,2.11825,2.08175
2,15.27499065,0.572597,0.0619884,0.0619884,1.20885,1.21425,1.24851,-0.548354,-0.55272,-0.580284
2,15.29742056,1.68507,0.0607512,0.0607512,1.20269,1.20809,1.24234,0.415993,0.411115,0.380321
2,15.38714019,1.86503,0.0560292,0.0560292,1.17813,1.18352,1.2177,0.593797,0.588823,0.557418
2,15.47685981,0.883436,0.0516528,0.0516528,1.15367,1.15905,1.19316,-0.234166,-0.238702,-0.267345
2,15.52171963,2.81391,0.0495872,0.0495872,1.14147,1.14685,1.18092,1.45098,1.44555,1.41126
2,15.90302804,1.66871,0.0349311,0.0349311,1.03898,1.04428,1.07794,0.55193,0.546991,0.515781
2,16.08246729,1.81595,0.0295678,0.0295678,0.991541,0.996805,1.03021,0.725989,0.720974,0.68927
2,16.26190654,2.56851,0.0250044,0.0250044,0.944685,0.9499,0.983008,1.43671,1.43134,1.39741
2,16.30676636,1.97955,0.023975,0.023975,0.933069,0.938271,0.971298,0.926979,0.921888,0.889688
3,0,0.620408,5.57952,5.57952,6.46321,6.44618,6.91611,-3.32346,-3.31743,-3.47911
3,2.018691589,4.5551,4.7346,4.7346,5.93192,5.91942,6.36836,-0.811034,-0.804347,-1.03777
3,2.041121495,2.61224,4.72521,4.72521,5.92601,5.91357,6.36227,-1.9528,-1.94709,-2.14708
3,3.005607477,5.24082,4.32152,4.32152,5.67217,5.6619,6.10012,-0.258596,-0.252614,-0.500546
3,3.857943925,3.72245,3.96479,3.96479,5.44784,5.43948,5.86839,-1.05044,-1.04596,-1.2695
3,4.014953271,2.1551,3.89908,3.89908,5.40651,5.39851,5.82569,-1.98519,-1.98141,-2.17772
3,4.014953271,3.2,3.89908,3.89908,5.40651,5.39851,5.82569,-1.34721,-1.34308,-1.55779
3,4.037383178,5.01224,3.88969,3.88969,5.40061,5.39266,5.81959,-0.237219,-0.232491,-0.479188
3,4.351401869,3.82041,3.75827,3.75827,5.31796,5.31072,5.7342,-0.920009,-0.916023,-1.14249
3,5.001869159,3.11837,3.48607,3.48607,5.14676,5.14099,5.55731,-1.26122,-1.25814,-1.47369
3,5.136448598,5.8449,3.42976,3.42976,5.11134,5.10587,5.52071,0.457255,0.460847,0.196378
3,5.226168224,1.94286,3.39222,3.39222,5.08773,5.08246,5.49631,-1.96362,-1.96106,-2.15616
3,5.45046729,4.81633,3.29837,3.29837,5.0287,5.02393,5.43531,-0.13316,-0.130214,-0.377175
3,5.876635514,3.59184,3.1201,3.1201,4.91653,4.91272,5.31941,-0.837306,-0.835128,-1.06121
3,5.943925234,4.70204,3.09196,3.09196,4.89882,4.89517,5.30111,-0.124539,-0.122257,-0.368465
3,6.011214953,4.3102,3.06382,3.06382,4.88111,4.87761,5.28281,-0.361778,-0.359648,-0.598981
3,6.03364486,6.33469,3.05444,3.05444,4.87521,4.87175,5.27671,0.925253,0.927674,0.651845
3,6.347663551,4.60408,2.92313,2.92313,4.79256,4.78981,5.1913,-0.120205,-0.118476,-0.363975
3,6.841121495,5.12653,2.7169,2.7169,4.66269,4.66105,5.05709,0.298634,0.299723,0.043452
3,6.908411215,6.12245,2.68879,2.68879,4.64498,4.64349,5.03879,0.95247,0.953531,0.678985
3,6.998130841,4.19592,2.65132,2.65132,4.62137,4.62008,5.01439,-0.274746,-0.273943,-0.513719
3,7.020560748,6.17143,2.64195,2.64195,4.61546,4.61423,5.00829,1.00525,1.00614,0.730373
3,7.042990654,5.40408,2.63258,2.63258,4.60956,4.60838,5.00219,0.513533,0.514342,0.252473
3,7.155140187,7.77143,2.58576,2.58576,4.58004,4.57911,4.97168,2.06721,2.06796,1.76266
3,7.244859813,4.76735,2.5483,2.5483,4.55643,4.5557,4.94728,0.136859,0.137339,-0.113481
3,7.289719626,6.85714,2.52958,2.52958,4.54462,4.544,4.93508,1.50185,1.50233,1.21327
3,7.334579439,5.81224,2.51086,2.51086,4.53282,4.53229,4.92288,0.831641,0.832015,0.561889
3,7.334579439,4.44082,2.51086,2.51086,4.53282,4.53229,4.92288,-0.0598011,-0.0594617,-0.304561
3,7.379439252,4.01633,2.49214,2.49214,4.52101,4.52059,4.91068,-0.328336,-0.32807,-0.565535
3,7.446728972,6.23673,2.46407,2.46407,4.5033,4.50303,4.89238,1.12921,1.12941,0.851213
3,7.648598131,4.81633,2.3799,2.3799,4.45017,4.45035,4.83747,0.239468,0.239346,-0.0134418
3,7.693457944,6.44898,2.3612,2.3612,4.43836,4.43865,4.82527,1.31611,1.3159,1.03308
3,7.85046729,4.76735,2.29579,2.29579,4.39704,4.39768,4.78257,0.243143,0.242714,-0.00971362
3,7.962616822,6.80816,2.2491,2.2491,4.36753,4.36841,4.75206,1.60607,1.60538,1.31516
3,8.007476636,5.74694,2.23043,2.23043,4.35572,4.35671,4.73986,0.916306,0.915586,0.644738
3,8.007476636,3.6898,2.23043,2.23043,4.35572,4.35671,4.73986,-0.438601,-0.43922,-0.672261
3,8.007476636,5.3551,2.23043,2.23043,4.35572,4.35671,4.73986,0.658228,0.657528,0.393881
3,8.142056075,8.26122,2.17445,2.17445,4.3203,4.32159,4.70326,2.60254,2.60143,2.28393
3,8.231775701,4.5551,2.13716,2.13716,4.29669,4.29818,4.67886,0.170957,0.169949,-0.0795825
3,8.321495327,5.48571,2.09989,2.09989,4.27308,4.27477,4.65445,0.803663,0.802436,0.53551
3,8.343925234,4.32653,2.09058,2.09058,4.26717,4.26892,4.64835,0.0393564,0.0381931,-0.207416
3,8.456074766,5.9102,2.04404,2.04404,4.23766,4.23966,4.61785,1.11143,1.10993,0.834792
3,8.747663551,4.75102,1.92326,1.92326,4.16092,4.16357,4.53854,0.39442,0.392565,0.138053
3,8.882242991,3.98367,1.86764,1.86764,4.1255,4.12846,4.50194,-0.095051,-0.0970122,-0.33765
3,8.94953271,6.66122,1.83987,1.83987,4.10779,4.1109,4.48364,1.71362,1.71112,1.42062
3,9.01682243,4.8,1.81213,1.81213,4.09008,4.09334,4.46534,0.477073,0.474763,0.218625
3,9.039252336,5.9102,1.80288,1.80288,4.08418,4.08749,4.45924,1.22766,1.22513,0.948302
3,9.039252336,4.60408,1.80288,1.80288,4.08418,4.08749,4.45924,0.349538,0.347224,0.0946654
3,9.151401869,7.72245,1.75672,1.75672,4.05466,4.05823,4.42873,2.47148,2.46841,2.15755
3,9.218691589,3.80408,1.72906,1.72906,4.03695,4.04067,4.41043,-0.157132,-0.159594,-0.397734
3,9.285981308,5.06122,1.70144,1.70144,4.01925,4.02311,4.39213,0.704033,0.701211,0.439489
3,9.330841121,6.22041,1.68305,1.68305,4.00744,4.01141,4.37993,1.49659,1.49345,1.21001
3,9.353271028,5.32245,1.67385,1.67385,4.00154,4.00556,4.37383,0.893717,0.890722,0.623947
3,9.375700935,4.39184,1.66467,1.66467,3.99563,3.9997,4.36773,0.268188,0.26535,0.0158637
3,9.487850467,6.26939,1.6188,1.6188,3.96612,3.97044,4.33723,1.56263,1.55918,1.27435
3,9.66728972,4.34286,1.54566,1.54566,3.9189,3.92362,4.28842,0.288683,0.28536,0.0360338
3,9.846728972,4.71837,1.47288,1.47288,3.87168,3.87681,4.23962,0.578647,0.574911,0.318087
3,9.958878505,5.02857,1.4276,1.4276,3.84216,3.84755,4.20912,0.812682,0.808656,0.545716
3,10.00373832,6.92245,1.40954,1.40954,3.83036,3.83584,4.19692,2.12001,2.11535,1.81675
3,10.02616822,4.35918,1.40052,1.40052,3.82446,3.82999,4.19082,0.366791,0.362838,0.11228
3,10.02616822,5.51837,1.40052,1.40052,3.82446,3.82999,4.19082,1.16192,1.15763,0.885311
3,10.11588785,7.24898,1.36452,1.36452,3.80085,3.80658,4.16642,2.36958,2.36458,2.0595
3,10.22803738,3.80408,1.31972,1.31972,3.77133,3.77732,4.13591,0.0225566,0.0184232,-0.222216
3,10.2953271,5.1102,1.29294,1.29294,3.75363,3.75977,4.11761,0.935703,0.93102,0.665631
3,10.34018692,5.20816,1.27514,1.27514,3.74182,3.74806,4.10541,1.01235,1.00755,0.740194
3,10.38504673,3.15102,1.25738,1.25738,3.73002,3.73636,4.09321,-0.400106,-0.404287,-0.633011
3,10.45233645,4.63673,1.23082,1.23082,3.71231,3.7188,4.07491,0.639699,0.634881,0.377991
3,10.65420561,4.70204,1.15177,1.15177,3.65919,3.66614,4.02001,0.72468,0.719456,0.460802
3,10.69906542,4.13061,1.13435,1.13435,3.64739,3.65443,4.00781,0.336109,0.331022,0.0830483
3,10.74392523,3.4449,1.11697,1.11697,3.63558,3.64273,3.99561,-0.132754,-0.137654,-0.372775
3,10.85607477,6.07347,1.0738,1.0738,3.60607,3.61347,3.96511,1.72183,1.71566,1.43051
3,10.94579439,4.21224,1.03955,1.03955,3.58246,3.59007,3.94071,0.440307,0.434728,0.184585
3,10.99065421,5.42041,1.02252,1.02252,3.57066,3.57836,3.92851,1.29445,1.28827,1.01511
3,11.01308411,5.99184,1.01403,1.01403,3.56476,3.57251,3.92241,1.69927,1.69279,1.40874
3,11.03551402,4.81633,1.00556,1.00556,3.55886,3.56666,3.91631,0.880806,0.874794,0.612967
3,11.14766355,6.38367,0.963482,0.963482,3.52935,3.53741,3.88581,2.00405,1.99711,1.70522
3,11.23738318,2.48163,0.930174,0.930174,3.50574,3.514,3.86141,-0.720394,-0.725725,-0.943721
3,11.28224299,4.65306,0.913645,0.913645,3.49394,3.5023,3.84921,0.81614,0.809711,0.550334
3,11.3271028,3.65714,0.897202,0.897202,3.48213,3.4906,3.83701,0.12334,0.117297,-0.123255
3,11.37196262,2.13878,0.88085,0.88085,3.47033,3.47889,3.82481,-0.939326,-0.944717,-1.15649
3,11.41682243,4.16327,0.86459,0.86459,3.45853,3.46719,3.81261,0.497617,0.491158,0.240754
3,11.6635514,2.67755,0.776956,0.776956,3.39362,3.40283,3.74551,-0.508266,-0.514426,-0.737097
3,11.68598131,3.2,0.76915,0.76915,3.38771,3.39698,3.73941,-0.133304,-0.139781,-0.372475
3,11.73084112,2.38367,0.753626,0.753626,3.37591,3.38528,3.72721,-0.705304,-0.711425,-0.928633
3,11.86542056,3.36327,0.707775,0.707775,3.34051,3.35018,3.69061,0.0162233,0.00932114,-0.226911
3,11.93271028,4.94694,0.685275,0.685275,3.32281,3.33263,3.67231,1.15945,1.15152,0.884822
3,12,3.78776,0.663074,0.663074,3.3051,3.31508,3.65402,0.345055,0.33765,0.0929741
3,12.02242991,6.22041,0.655743,0.655743,3.2992,3.30923,3.64792,2.08941,2.08055,1.78923
3,12.04485981,3.08571,0.648446,0.648446,3.2933,3.30338,3.64182,-0.14855,-0.155633,-0.386968
3,12.11214953,5.64898,0.626769,0.626769,3.2756,3.28583,3.62352,1.70084,1.6921,1.41148
3,12.22429907,2.51429,0.59138,0.59138,3.2461,3.25658,3.59302,-0.525708,-0.532779,-0.753558
3,12.29158879,4.88163,0.570607,0.570607,3.2284,3.23903,3.57472,1.18934,1.18067,0.914279
3,12.31401869,5.19184,0.563762,0.563762,3.2225,3.23318,3.56863,1.41743,1.40851,1.13611
3,12.3364486,2.82449,0.556957,0.556957,3.2166,3.22733,3.56253,-0.282358,-0.28983,-0.516812
3,12.3588785,2.30204,0.550193,0.550193,3.2107,3.22148,3.55643,-0.65464,-0.661823,-0.878815
3,12.44859813,4.73469,0.523551,0.523551,3.1871,3.19808,3.53203,1.11712,1.10819,0.84422
3,12.65046729,2.36735,0.466132,0.466132,3.13401,3.14544,3.47714,-0.555832,-0.563591,-0.782459
3,12.6728972,3.46122,0.459976,0.459976,3.12811,3.13959,3.47104,0.241628,0.233075,-0.00692506
3,12.74018692,3.05306,0.441785,0.441785,3.11041,3.12205,3.45275,-0.0416604,-0.0500658,-0.28235
3,12.87476636,3.00408,0.406676,0.406676,3.07502,3.08696,3.41615,-0.0516818,-0.0603204,-0.29196
3,12.94205607,4.08163,0.389771,0.389771,3.05732,3.06941,3.39786,0.747354,0.737792,0.485179
3,12.98691589,4.44082,0.378745,0.378745,3.04553,3.05772,3.38566,1.01903,1.0091,0.749435
3,13.00934579,4.57143,0.373307,0.373307,3.03963,3.05187,3.37956,1.11927,1.1092,0.846952
3,13.0317757,2.62857,0.367917,0.367917,3.03373,3.04602,3.37347,-0.296193,-0.304867,-0.529591
3,13.16635514,4.60408,0.336631,0.336631,2.99835,3.01094,3.33688,1.17734,1.16688,0.903608
3,13.23364486,2.10612,0.321667,0.321667,2.98065,2.9934,3.31858,-0.64216,-0.650825,-0.865857
3,13.30093458,3.55918,0.307159,0.307159,2.96296,2.97586,3.30029,0.438448,0.428503,0.185159
3,13.30093458,2.35102,0.307159,0.307159,2.96296,2.97586,3.30029,-0.450008,-0.458996,-0.678912
3,13.32336449,3.13469,0.302424,0.302424,2.95707,2.97001,3.29419,0.130689,0.121033,-0.114129
3,13.3682243,2.93878,0.293107,0.293107,2.94527,2.95832,3.282,-0.00478397,-0.0143761,-0.245836
3,13.45794393,3.98367,0.275081,0.275081,2.92169,2.93493,3.25761,0.783669,0.773034,0.521089
3,13.65981308,5.33e-15,0.23747,0.23747,2.86862,2.88232,3.20273,-2.1263,-2.13399,-2.3089
3,13.68224299,2.17143,0.23354,0.23354,2.86273,2.87648,3.19663,-0.512664,-0.522255,-0.739458
3,13.74953271,1.69796,0.222046,0.222046,2.84504,2.85894,3.17834,-0.851943,-0.861255,-1.06937
3,13.86168224,0.897959,0.203861,0.203861,2.81557,2.82972,3.14786,-1.42777,-1.43659,-1.62932
3,13.92897196,3.57551,0.193522,0.193522,2.79788,2.81219,3.12957,0.579857,0.568503,0.323425
3,13.99626168,3.5102,0.183604,0.183604,2.7802,2.79465,3.11128,0.545162,0.533715,0.289762
3,14.01869159,1.50204,0.18039,0.18039,2.77431,2.78881,3.10519,-0.950601,-0.960252,-1.16506
3,14.0411215,2.69388,0.177221,0.177221,2.76842,2.78297,3.09909,-0.0557209,-0.0665162,-0.29463
3,14.13084112,5.30612,0.164996,0.164996,2.74484,2.7596,3.07471,1.91852,1.90507,1.62573
3,14.24299065,1.6,0.1507,0.1507,2.71538,2.73038,3.04423,-0.837575,-0.847754,-1.05488
3,14.28785047,3.88571,0.145278,0.145278,2.7036,2.7187,3.03204,0.888583,0.8761,0.624166
3,14.33271028,2.77551,0.140021,0.140021,2.69181,2.70702,3.01985,0.0629766,0.0514712,-0.178831
3,14.44485981,4.27755,0.127582,0.127582,2.66236,2.67781,2.98938,1.21842,1.20516,0.945206
3,14.64672897,2.25306,0.107583,0.107583,2.60935,2.62525,2.93453,-0.269995,-0.281659,-0.502331
3,14.69158879,5.07755,0.103532,0.103532,2.59757,2.61357,2.92234,1.88123,1.86651,1.5903
3,14.93831776,2.93878,0.0835857,0.0835857,2.53281,2.54936,2.85532,0.30968,0.296631,0.0619292
3,14.98317757,3.10204,0.0803563,0.0803563,2.52104,2.53769,2.84314,0.443657,0.430322,0.192321
3,15.00560748,1.19184,0.0787846,0.0787846,2.51516,2.53185,2.83704,-1.01102,-1.02229,-1.22273
3,15.05046729,1.51837,0.075725,0.075725,2.50339,2.52018,2.82486,-0.753324,-0.765052,-0.971996
3,15.11775701,5.38776,0.0713393,0.0713393,2.48573,2.50268,2.80659,2.22283,2.20659,1.9233
3,15.25233645,1.76327,0.0632617,0.0632617,2.45043,2.46767,2.77004,-0.527965,-0.540399,-0.752505
3,15.29719626,2.98776,0.0607634,0.0607634,2.43867,2.45601,2.75786,0.422311,0.408353,0.172012
3,15.36448598,1.25714,0.057188,0.057188,2.42102,2.43851,2.73959,-0.896539,-0.908619,-1.11092
3,15.4317757,3.96735,0.0538102,0.0538102,2.40338,2.42102,2.72132,1.20659,1.19114,0.935205
3,15.67850467,0.0163265,0.0429649,0.0429649,2.33872,2.3569,2.65435,-1.80194,-1.81314,-1.99136
3,15.92523364,2.59592,0.0342198,0.0342198,2.2741,2.29282,2.5874,0.251129,0.236128,0.00646575
3,16.1271028,0.881633,0.0283625,0.0283625,2.22127,2.24043,2.53265,-1.05031,-1.06352,-1.25946
3,16.21682243,1.24082,0.0260821,0.0260821,2.1978,2.21716,2.50832,-0.751878,-0.765759,-0.968946
3,16.30654206,2.85714,0.02398,0.02398,2.17434,2.19389,2.48399,0.537582,0.521279,0.285862
3,16.35140187,0.914286,0.0229917,0.0229917,2.16262,2.18226,2.47183,-0.983872,-0.997598,-1.19446
3,16.4635514,2.84082,0.0206913,0.0206913,2.13331,2.1532,2.44143,0.55909,0.542406,0.307097
3,16.66542056,2.74286,0.017104,0.017104,2.0806,2.10091,2.38674,0.525829,0.508762,0.275147
3,16.97943925,0.163265,0.012702,0.012702,1.9987,2.01969,2.30171,-1.46818,-1.48213,-1.66466
3,17.00186916,2.17143,0.0124342,0.0124342,1.99286,2.01389,2.29564,0.142915,0.125842,-0.0967456
3,17.11401869,2.23673,0.0111765,0.0111765,1.96365,1.98492,2.2653,0.21914,0.201682,-0.0223075
3,17.20373832,0.555102,0.0102615,0.0102615,1.9403,1.96176,2.24103,-1.11395,-1.12899,-1.31949
3,17.29345794,0.457143,0.00942065,0.00942065,1.91697,1.93861,2.21677,-1.17647,-1.19155,-1.38015
3,17.29345794,1.95918,0.00942065,0.00942065,1.91697,1.93861,2.21677,0.034023,0.0165502,-0.202038
3,17.31588785,3.2,0.0092213,0.0092213,1.91113,1.93282,2.21071,1.03925,1.01974,0.776362
3,17.42803738,2.67755,0.00828551,0.00828551,1.88199,1.90391,2.1804,0.643204,0.624225,0.391206
3,18.03364486,1.81224,0.00464147,0.00464147,1.72512,1.74825,2.017,0.0714719,0.0523817,-0.163511
3,18.12336449,4.5551,0.00425886,0.00425886,1.70196,1.72527,1.99284,2.34558,2.32136,2.05067
3,18.23551402,0.555102,0.00382444,0.00382444,1.67305,1.69657,1.96265,-0.921564,-0.938885,-1.12961
3,18.37009346,1.30612,0.003361,0.003361,1.63841,1.66219,1.92646,-0.274812,-0.29382,-0.499499
3,18.43738318,2.20408,0.00315071,0.00315071,1.62112,1.64502,1.90838,0.482909,0.462066,0.238491
3,18.95327103,2.04082,0.00191906,0.00191906,1.48914,1.51396,1.77011,0.46275,0.44088,0.221144
3,19.13271028,2.57959,0.00161485,0.00161485,1.44352,1.46865,1.72217,0.957103,0.933683,0.703558
3,19.26728972,0.359184,0.00141873,0.00141873,1.40943,1.43478,1.68629,-0.887701,-0.906914,-1.09263
3,19.44672897,1.63265,0.00119373,0.00119373,1.36414,1.38977,1.63855,0.227947,0.205684,-0.00487626
3,20.43364486,1.66531,0.000461504,0.000461504,1.1195,1.14633,1.37857,0.474565,0.450037,0.24308
4,0,1.95122,5.57952,5.57952,7.37289,7.36055,7.3933,-2.91247,-2.90803,-2.91979
4,0.993314231,2.05765,5.16378,5.16378,7.12828,7.13621,7.15566,-2.76523,-2.76819,-2.77545
4,1.107927412,5.62306,5.1158,5.1158,7.08996,7.09832,7.11917,-0.801868,-0.806021,-0.816352
4,1.184336199,0.922395,5.08382,5.08382,7.06367,7.07213,7.09419,-3.36258,-3.36544,-3.37288
4,1.222540592,4.25721,5.06783,5.06783,7.05033,7.05878,7.08153,-1.53061,-1.53443,-1.5447
4,1.910219675,7.34368,4.78,4.78,6.79286,6.7964,6.83873,0.306771,0.304732,0.280409
4,1.986628462,4.00887,4.74802,4.74802,6.76277,6.76533,6.81048,-1.53667,-1.53785,-1.55857
4,2.101241643,5.81818,4.70005,4.70005,6.71726,6.71824,6.76778,-0.503133,-0.50365,-0.529705
4,2.17765043,4.00887,4.66807,4.66807,6.68668,6.68653,6.73912,-1.50146,-1.50139,-1.52576
4,2.215854823,2.80266,4.65208,4.65208,6.67133,6.6706,6.72473,-2.1713,-2.171,-2.1938
4,2.215854823,4.47007,4.65208,4.65208,6.67133,6.6706,6.72473,-1.23547,-1.23511,-1.26114
4,2.521489971,3.051,4.52415,4.52415,6.54719,6.54142,6.6085,-1.97793,-1.9754,-2.00471
4,2.903533906,8.26608,4.36425,4.36425,6.38947,6.37665,6.46104,1.07255,1.08078,1.02687
4,3.018147087,4.82483,4.31627,4.31627,6.34175,6.3267,6.41644,-0.869676,-0.861893,-0.908075
4,3.094555874,6.56319,4.28429,4.28429,6.30985,6.29329,6.38664,0.14555,0.155233,0.100926
4,3.132760267,6.17295,4.2683,4.2683,6.29387,6.27655,6.37172,-0.0695461,-0.0596503,-0.113736
4,3.209169054,4.15078,4.23632,4.23632,6.26188,6.24302,6.34184,-1.21667,-1.2073,-1.25617
4,3.209169054,4.66519,4.23632,4.23632,6.26188,6.24302,6.34184,-0.920208,-0.910464,-0.961247
4,3.209169054,6.03104,4.23632,4.23632,6.26188,6.24302,6.34184,-0.133039,-0.12232,-0.178183
4,3.896848138,8.26608,3.9485,3.9485,5.97194,5.93872,6.07111,1.34778,1.37034,1.28103
4,3.915950334,7.18404,3.94051,3.94051,5.96385,5.93021,6.06355,0.717236,0.738667,0.654265
4,4.011461318,6.29712,3.90054,3.90054,5.92335,5.88767,6.02575,0.220298,0.241908,0.158853
4,4.087870105,8.2306,3.86856,3.86856,5.89093,5.8536,5.99549,1.38201,1.40759,1.31104
4,4.106972302,7.55654,3.86056,3.86056,5.88282,5.84508,5.98792,0.989182,1.01406,0.920565
4,4.183381089,7.73392,3.82859,3.82859,5.85038,5.81098,5.95763,1.11563,1.14199,1.04455
4,4.240687679,7.27273,3.8046,3.8046,5.82603,5.78539,5.9349,0.858291,0.884826,0.787909
4,4.240687679,4.50554,3.8046,3.8046,5.82603,5.78539,5.9349,-0.783409,-0.761389,-0.841816
4,4.508118434,7.94678,3.69268,3.69268,5.71226,5.6658,5.82871,1.33594,1.36804,1.25637
4,4.508118434,6.38581,3.69268,3.69268,5.71226,5.6658,5.82871,0.402689,0.431832,0.330452
4,4.699140401,7.50333,3.61275,3.61275,5.63089,5.58025,5.75276,1.12569,1.16016,1.04373
4,4.890162369,8.54989,3.53281,3.53281,5.54945,5.4946,5.67673,1.81395,1.8541,1.72192
4,4.928366762,7.57428,3.51682,3.51682,5.53315,5.47746,5.66152,1.23537,1.27396,1.14753
4,5.023877746,6.40355,3.47686,3.47686,5.4924,5.43461,5.62348,0.553013,0.590448,0.469209
4,5.062082139,7.25499,3.46087,3.46087,5.4761,5.41746,5.60826,1.0809,1.12108,0.991536
4,5.11938873,8.08869,3.43689,3.43689,5.45163,5.39173,5.58543,1.60506,1.64835,1.50964
4,5.17669532,7.5388,3.41292,3.41292,5.42717,5.366,5.56259,1.28744,1.33037,1.19366
4,5.214899713,6.7051,3.39693,3.39693,5.41086,5.34884,5.54736,0.789978,0.831409,0.700023
4,5.23400191,6.26164,3.38894,3.38894,5.4027,5.34027,5.53975,0.524576,0.565158,0.436719
4,5.520534862,6.29712,3.26906,3.26906,5.2803,5.21152,5.42549,0.626323,0.671924,0.531485
4,5.539637058,5.10865,3.26107,3.26107,5.27214,5.20294,5.41787,-0.10076,-0.0583948,-0.188648
4,5.711556829,6.52772,3.18915,3.18915,5.19865,5.12564,5.34927,0.823363,0.873085,0.722388
4,5.902578797,7.60976,3.10925,3.10925,5.11698,5.03974,5.27303,1.55323,1.61018,1.44007
4,5.921680993,6.86475,3.10126,3.10126,5.10881,5.03114,5.2654,1.09474,1.1495,0.986166
4,6.036294174,7.41463,3.05333,3.05333,5.0598,4.97958,5.21964,1.47325,1.53219,1.3578
4,6.074498567,5.42794,3.03735,3.03735,5.04346,4.9624,5.20439,0.240821,0.29329,0.138436
4,6.074498567,5.14412,3.03735,3.03735,5.04346,4.9624,5.20439,0.0630518,0.114488,-0.0373178
4,6.112702961,8.42572,3.02138,3.02138,5.02712,4.94521,5.18913,2.13122,2.19542,2.00644
4,6.189111748,5.39246,2.98943,2.98943,4.99444,4.91083,5.15862,0.25018,0.304554,0.145277
4,6.227316141,6.95344,2.97345,2.97345,4.97809,4.89364,5.14336,1.24306,1.30409,1.12574
4,6.227316141,5.78271,2.97345,2.97345,4.97809,4.89364,5.14336,0.506333,0.562885,0.397628
4,6.227316141,5.85366,2.97345,2.97345,4.97809,4.89364,5.14336,0.550984,0.607807,0.441756
4,6.532951289,4.64745,2.84568,2.84568,4.84733,4.75608,5.02128,-0.126971,-0.0694648,-0.234521
4,6.532951289,5.60532,2.84568,2.84568,4.84733,4.75608,5.02128,0.481503,0.543048,0.366399
4,6.723973257,5.21508,2.76585,2.76585,4.76559,4.67009,4.94496,0.287229,0.350685,0.170386
4,6.914995224,5.78271,2.68604,2.68604,4.68383,4.58409,4.86863,0.706388,0.776166,0.57976
4,6.914995224,5.56984,2.68604,2.68604,4.68383,4.58409,4.86863,0.569555,0.638327,0.444751
4,7.029608405,6.03104,2.63817,2.63817,4.63478,4.53249,4.82283,0.900793,0.974097,0.768861
4,7.067812798,6.13747,2.62222,2.62222,4.61843,4.51529,4.80756,0.981184,1.0558,0.847241
4,7.067812798,5.78271,2.62222,2.62222,4.61843,4.51529,4.80756,0.752032,0.824903,0.621231
4,7.106017192,7.84035,2.60627,2.60627,4.60207,4.49809,4.79229,2.09419,2.1781,1.94397
4,7.182425979,4.75388,2.57437,2.57437,4.56937,4.46368,4.76176,0.119612,0.189602,-0.00503474
4,7.220630372,5.35698,2.55842,2.55842,4.55301,4.44648,4.74649,0.52181,0.595641,0.390656
4,7.220630372,4.50554,2.55842,2.55842,4.55301,4.44648,4.74649,-0.0308099,0.0386397,-0.15418
4,7.258834766,4.36364,2.54247,2.54247,4.53666,4.42927,4.73122,-0.112435,-0.0429949,-0.235477
4,7.526265521,6.102,2.4309,2.4309,4.42218,4.30885,4.62433,1.1009,1.18519,0.954042
4,7.526265521,4.32816,2.4309,2.4309,4.42218,4.30885,4.62433,-0.0616169,0.0127646,-0.191218
4,7.698185291,7.04213,2.35923,2.35923,4.34858,4.23143,4.55561,1.77502,1.86863,1.61354
4,7.908309456,6.91796,2.2717,2.2717,4.25862,4.1368,4.47161,1.76437,1.86232,1.59738
4,7.908309456,4.39911,2.2717,2.2717,4.25862,4.1368,4.47161,0.0932118,0.175653,-0.0473384
4,8.022922636,4.61197,2.224,2.224,4.20955,4.08518,4.42579,0.267985,0.354145,0.121985
4,8.022922636,4.15078,2.224,2.224,4.20955,4.08518,4.42579,-0.0391397,0.0440993,-0.18019
4,8.06112703,4.39911,2.20811,2.20811,4.19319,4.06797,4.41052,0.137298,0.222907,-0.00748225
4,8.099331423,4.89579,2.19222,2.19222,4.17684,4.05077,4.39525,0.479959,0.569575,0.3287
4,8.099331423,5.03769,2.19222,2.19222,4.17684,4.05077,4.39525,0.574693,0.665226,0.421889
4,8.213944604,4.18625,2.14457,2.14457,4.12777,3.99915,4.34943,0.0391902,0.126617,-0.107523
4,8.213944604,3.08647,2.14457,2.14457,4.12777,3.99915,4.34943,-0.69775,-0.61762,-0.832218
4,8.213944604,3.33481,2.14457,2.14457,4.12777,3.99915,4.34943,-0.531344,-0.449567,-0.668577
4,8.2330468,4.5765,2.13663,2.13663,4.11959,3.99054,4.34179,0.306356,0.396786,0.154747
4,8.519579752,4.77162,2.0177,2.0177,3.99691,3.8615,4.22724,0.524347,0.622489,0.362033
4,8.538681948,4.68293,2.00978,2.00978,3.98873,3.8529,4.2196,0.470149,0.568091,0.308306
4,8.672397326,4.86031,1.9544,1.9544,3.93148,3.79267,4.16614,0.631844,0.734155,0.463791
4,8.901623687,6.03104,1.85964,1.85964,3.83334,3.68944,4.0745,1.50645,1.6233,1.31639
4,9.016236867,2.55432,1.81237,1.81237,3.78427,3.63782,4.02868,-0.846324,-0.754201,-0.995455
4,9.054441261,4.70067,1.79663,1.79663,3.76791,3.62062,4.0134,0.642648,0.752822,0.464571
4,9.073543457,4.23947,1.78876,1.78876,3.75974,3.61202,4.00577,0.330739,0.43765,0.158069
4,9.092645654,5.42794,1.7809,1.7809,3.75156,3.60341,3.99813,1.15648,1.27348,0.96765
4,9.092645654,4.32816,1.7809,1.7809,3.75156,3.60341,3.99813,0.397778,0.505858,0.223354
4,9.207258835,1.59645,1.73376,1.73376,3.70249,3.5518,3.95231,-1.4585,-1.37041,-1.60001
4,9.207258835,1.09978,1.73376,1.73376,3.70249,3.5518,3.95231,-1.80246,-1.71851,-1.93734
4,9.245463228,3.1929,1.71807,1.71807,3.68613,3.5346,3.93703,-0.342016,-0.239804,-0.505982
4,9.512893983,1.77384,1.60857,1.60857,3.57164,3.41417,3.83012,-1.25801,-1.16239,-1.40986
4,9.53199618,4.20399,1.60077,1.60077,3.56346,3.40557,3.82248,0.448499,0.566178,0.261736
4,9.70391595,7.29047,1.53077,1.53077,3.48986,3.32816,3.75375,2.67688,2.82741,2.43944
4,9.894937918,1.77384,1.45339,1.45339,3.40809,3.24215,3.67738,-1.15865,-1.05512,-1.32088
4,9.914040115,4.949,1.44568,1.44568,3.39992,3.23355,3.66974,1.09899,1.23358,0.888219
4,10.04775549,1.63193,1.39185,1.39185,3.34268,3.17336,3.61629,-1.21931,-1.11393,-1.38363
4,10.04775549,3.22838,1.39185,1.39185,3.34268,3.17336,3.61629,-0.081465,0.0397629,-0.270475
4,10.12416428,2.09313,1.36121,1.36121,3.30998,3.13896,3.58574,-0.869599,-0.757925,-1.04328
4,10.12416428,3.58315,1.36121,1.36121,3.30998,3.13896,3.58574,0.195218,0.321905,-0.00181331
4,10.20057307,0.922395,1.33067,1.33067,3.27727,3.10457,3.5552,-1.68736,-1.58593,-1.84471
4,10.20057307,1.20621,1.33067,1.33067,3.27727,3.10457,3.5552,-1.48399,-1.37967,-1.64585
4,10.20057307,1.59645,1.33067,1.33067,3.27727,3.10457,3.5552,-1.20437,-1.09605,-1.37242
4,10.27698185,1.41907,1.30023,1.30023,3.24457,3.07018,3.52465,-1.31153,-1.20339,-1.47891
4,10.50620821,2.62528,1.20963,1.20963,3.14647,2.96702,3.43302,-0.377479,-0.251223,-0.571524
4,10.67812798,4.23947,1.14247,1.14247,3.07291,2.88966,3.36431,0.850045,0.99874,0.622667
4,10.88825215,2.34146,1.06149,1.06149,2.98301,2.79515,3.28033,-0.470989,-0.338378,-0.672562
4,10.92645654,5.35698,1.04691,1.04691,2.96667,2.77796,3.26506,1.75724,1.92637,1.50044
4,11.04106972,0.851441,1.00346,1.00346,2.91764,2.72642,3.21925,-1.52522,-1.40666,-1.70469
4,11.06017192,3.40576,0.996267,0.996267,2.90947,2.71784,3.21162,0.366604,0.516479,0.139861
4,11.09837631,2.8204,0.981915,0.981915,2.89313,2.70066,3.19635,-0.0537997,0.0900295,-0.271173
4,11.11747851,2.41242,0.97476,0.97476,2.88496,2.69207,3.18872,-0.349781,-0.210421,-0.560293
4,11.1938873,0.532151,0.946281,0.946281,2.85228,2.65772,3.15819,-1.72212,-1.60406,-1.90009
4,11.1938873,1.70288,0.946281,0.946281,2.85228,2.65772,3.15819,-0.853145,-0.72057,-1.053
4,11.27029608,0.354767,0.918038,0.918038,2.81961,2.62338,3.12765,-1.83459,-1.71707,-2.01141
4,11.49952245,1.5255,0.834868,0.834868,2.72162,2.5204,3.03607,-0.897724,-0.759758,-1.10409
4,11.53772684,2.83814,0.821253,0.821253,2.70529,2.50324,3.02081,0.0998476,0.256125,-0.133684
4,11.72874881,4.96674,0.754348,0.754348,2.62366,2.41749,2.9445,1.77339,1.9643,1.48941
4,11.91977077,2.44789,0.689579,0.689579,2.54207,2.3318,2.86821,-0.071786,0.0901284,-0.311563
4,12.03438395,0.141907,0.65185,0.65185,2.49314,2.28043,2.82245,-1.79979,-1.66786,-1.99466
4,12.03438395,2.02217,0.65185,0.65185,2.49314,2.28043,2.82245,-0.36051,-0.201417,-0.595504
4,12.07258835,0.922395,0.639474,0.639474,2.47683,2.26331,2.80719,-1.19156,-1.04739,-1.40434
4,12.11079274,1.38359,0.627203,0.627203,2.46053,2.2462,2.79194,-0.826706,-0.674805,-1.0507
4,12.11079274,3.01552,0.627203,0.627203,2.46053,2.2462,2.79194,0.426036,0.601832,0.166803
4,12.22540592,0.496674,0.591035,0.591035,2.41163,2.19488,2.74619,-1.47631,-1.33458,-1.6848
4,12.22540592,2.76718,0.591035,0.591035,2.41163,2.19488,2.74619,0.274111,0.449762,0.0157254
4,12.53104107,0.567627,0.49967,0.49967,2.28134,2.05823,2.62423,-1.33643,-1.18592,-1.55649
4,12.53104107,2.44789,0.49967,0.49967,2.28134,2.05823,2.62423,0.12989,0.310015,-0.133452
4,12.70296084,3.40576,0.451797,0.451797,2.20813,1.98152,2.55566,0.940076,1.14104,0.647205
4,12.913085,2.55432,0.396995,0.396995,2.11877,1.88797,2.47189,0.344637,0.538445,0.0632165
4,13.04680038,2.92683,0.364335,0.364335,2.06197,1.82857,2.41861,0.687844,0.892318,0.391563
4,13.06590258,0,0.359813,0.359813,2.05386,1.8201,2.411,-1.63469,-1.47996,-1.85883
4,13.10410697,0.354767,0.350878,0.350878,2.03765,1.80315,2.39579,-1.34139,-1.17956,-1.57569
4,13.12320917,1.24169,0.346465,0.346465,2.02955,1.79468,2.38818,-0.628451,-0.450714,-0.885697
4,13.21872015,1.0643,0.324947,0.324947,1.98905,1.75238,2.35015,-0.740359,-0.56302,-0.996683
4,13.5243553,2.18182,0.262259,0.262259,1.85973,1.61756,2.22856,0.260944,0.467574,-0.0366269
4,13.5243553,1.77384,0.262259,0.262259,1.85973,1.61756,2.22856,-0.0695834,0.1295,-0.356288
4,13.69627507,3.051,0.231107,0.231107,1.78721,1.54215,2.16026,1.03075,1.25925,0.702185
4,13.92550143,2.5898,0.194045,0.194045,1.69084,1.44222,2.0693,0.73981,0.966919,0.413692
4,14.05921681,2.25277,0.174698,0.174698,1.63482,1.38432,2.01632,0.511228,0.735823,0.188839
4,14.0974212,0,0.169467,0.169467,1.61885,1.36783,2.00119,-1.34129,-1.16078,-1.6004
4,14.0974212,0.283814,0.169467,0.169467,1.61885,1.36783,2.00119,-1.10614,-0.919923,-1.37343
4,14.51766953,1.31264,0.120025,0.120025,1.44421,1.18857,1.83518,-0.110841,0.107139,-0.424301
4,14.7086915,6.40355,0.102023,0.102023,1.36564,1.10864,1.76002,4.27621,4.60871,3.79686
4,14.89971347,0.532151,0.0864584,0.0864584,1.2877,1.02994,1.68508,-0.646174,-0.436682,-0.94933
4,15.05253104,1.70288,0.0755869,0.0755869,1.22588,0.968008,1.62533,0.410421,0.648672,0.0642191
4,15.70200573,3.76053,0.0420478,0.0420478,0.970319,0.718205,1.37396,2.46234,2.75455,2.02411
4,15.8930277,0.0709534,0.035256,0.035256,0.898049,0.649991,1.30109,-0.735241,-0.527977,-1.0507
4,16.04584527,1.91574,0.0305935,0.0305935,0.841448,0.597538,1.24325,0.960485,1.20854,0.577641
4,16.10315186,0.86918,0.0290032,0.0290032,0.820529,0.578391,1.22168,0.0435892,0.26713,-0.30342
4,16.52340019,1.5255,0.0195573,0.0195573,0.673028,0.447597,1.06578,0.775444,1.00393,0.401851
4,16.71442216,4.45233,0.0163297,0.0163297,0.609928,0.394238,0.99651,3.51819,3.80108,3.04174
4,16.88634193,0.354767,0.0138756,0.0138756,0.555569,0.349715,0.935208,-0.184906,0.00475478,-0.514047
4,17.0582617,2.1286,0.0117853,0.0117853,0.503716,0.308601,0.875024,1.50443,1.72043,1.11696
4,17.68863419,2.69623,0.00645887,0.00645887,0.337648,0.187048,0.666281,2.22261,2.40333,1.84782
