parameter,value,CV,se_sa,rse_sa,P2.5_sa,P97.5_sa
alpha_pop,4.93e-05,
D_pop,1.07523172516919,,0.397656282585551,36.9833100416544,0.553096,2.09028
E_pop,5,
C_pop,10,
B_pop,14557.0005102692,,5144.49181205376,35.3403285822831,7680.61,27589.8
ECLIPSE0_pop,9.99999999999999e-08,
BUD0_pop,0.033,
ep_pop,0.001,
Time0_pop,13.9999999666047,,5.69680130464309,40.6914379873723,0.001,14
omega_D,0.601688933578658,66.0485741707986,0.210803034704922,35.0352188548876,0.318981,1.13496
omega_B,0.492225381706858,52.3601307157964,0.321353582094857,65.2858617287309,0.174678,1.38704
omega_Time0,4.52219669381519,0.219233206144632,18.5811777729528,410.888314485866,0.398942,51.2612
a,1.03995066301716,,0.0754052009487776,7.25084406696836,0.902681,1.19809
b,0.108697630579041,,0.0196308478811717,18.0600513337748,0.0769207,0.153602