id,time,y10,popPred_medianCOV,popPred,indivPred_SAEM,indivPred_mean,indivPred_mode,indWRes_SAEM,indWRes_mean,indWRes_mode
1,0,0.780488,5.13856,5.13856,7.1852,7.12475,7.08269,-3.51721,-3.49663,-3.48222
1,0,1.59645,5.13856,5.13856,7.1852,7.12475,7.08269,-3.06911,-3.04691,-3.03137
1,0.667302193,5.67627,4.82919,4.82919,7.17359,7.1299,7.1215,-0.822835,-0.800915,-0.796688
1,0.762631077,5.25055,4.78499,4.78499,7.16201,7.121,7.11796,-1.05115,-1.03113,-1.02963
1,1.029551954,3.22838,4.66124,4.66124,7.11697,7.08344,7.09556,-2.14419,-2.12998,-2.13512
1,1.18207817,7.3082,4.59052,4.59052,7.08337,7.05394,7.07462,0.124227,0.140734,0.129128
1,1.220209724,3.051,4.57284,4.57284,7.07413,7.04569,7.06848,-2.22409,-2.21215,-2.22172
1,1.258341277,5.32151,4.55516,4.55516,7.06457,7.03711,7.062,-0.964159,-0.950541,-0.962887
1,1.258341277,5.74723,4.55516,4.55516,7.06457,7.03711,7.062,-0.728675,-0.714667,-0.727367
1,1.315538608,5.88914,4.52865,4.52865,7.04963,7.02361,7.05161,-0.642498,-0.629075,-0.643516
1,1.315538608,6.38581,4.52865,4.52865,7.04963,7.02361,7.05161,-0.367519,-0.353666,-0.368571
1,1.410867493,4.15078,4.48445,4.48445,7.02323,6.9995,7.0326,-1.59283,-1.58194,-1.59713
1,1.448999047,3.37029,4.46677,4.46677,7.01216,6.98932,7.02441,-2.02084,-2.01094,-2.02614
1,1.468064824,8.17738,4.45793,4.45793,7.00651,6.98411,7.02019,0.649927,0.663259,0.641805
1,1.601525262,5.32151,4.39606,4.39606,6.96512,6.94561,6.98844,-0.91462,-0.904833,-0.926293
1,1.67778837,6.45676,4.3607,4.3607,6.94005,6.92208,6.96862,-0.269344,-0.259609,-0.284771
1,1.754051478,4.15078,4.32534,4.32534,6.91403,6.89749,6.94762,-1.54243,-1.53474,-1.55801
1,1.754051478,4.61197,4.32534,4.32534,6.91403,6.89749,6.94762,-1.28499,-1.27705,-1.30109
1,1.754051478,8.15965,4.32534,4.32534,6.91403,6.89749,6.94762,0.695299,0.705236,0.67517
1,1.811248808,6.79379,4.29882,4.29882,6.89391,6.87839,6.93114,-0.0559545,-0.0473264,-0.0765855
1,1.982840801,3.29933,4.21927,4.21927,6.83074,6.81796,6.87812,-1.98123,-1.97559,-2.00202
1,1.982840801,6.38581,4.21927,4.21927,6.83074,6.81796,6.87812,-0.249622,-0.242638,-0.275403
1,2.020972355,5.14412,4.20159,4.20159,6.81617,6.80393,6.86565,-0.938904,-0.932726,-0.963775
1,2.020972355,6.66962,4.20159,4.20159,6.81617,6.80393,6.86565,-0.0822925,-0.0754736,-0.109742
1,2.097235462,7.20177,4.16624,4.16624,6.7865,6.77527,6.84001,0.233613,0.240095,0.202845
1,2.135367016,5.1796,4.14856,4.14856,6.7714,6.76065,6.82685,-0.896292,-0.890822,-0.924378
1,2.230695901,6.31486,4.10436,4.10436,6.73297,6.7233,6.79303,-0.23598,-0.230659,-0.268887
1,2.249761678,7.80488,4.09552,4.09552,6.72516,6.7157,6.78611,0.609677,0.615381,0.573121
1,2.249761678,7.48559,4.09552,4.09552,6.72516,6.7157,6.78611,0.429384,0.434984,0.393501
1,2.326024786,5.46341,4.06017,4.06017,6.6936,6.68488,6.75794,-0.695991,-0.691429,-0.729505
1,2.326024786,7.27273,4.06017,4.06017,6.6936,6.68488,6.75794,0.327649,0.33276,0.2901
1,2.364156339,6.13747,4.04249,4.04249,6.67761,6.66923,6.74357,-0.305889,-0.301301,-0.341857
1,2.402287893,5.74723,4.02481,4.02481,6.66149,6.65344,6.72902,-0.518276,-0.513967,-0.554254
1,2.440419447,6.03104,4.00713,4.00713,6.64524,6.63749,6.7143,-0.348526,-0.344294,-0.386069
1,2.459485224,8.15965,3.9983,3.9983,6.63707,6.62947,6.70687,0.86442,0.869144,0.821253
1,2.592945663,7.59202,3.93642,3.93642,6.57908,6.57236,6.65376,0.577148,0.581219,0.532136
1,2.66920877,8.12417,3.90107,3.90107,6.54535,6.53904,6.62257,0.901453,0.905412,0.853271
1,2.745471878,8.37251,3.86572,3.86572,6.51124,6.50527,6.59084,1.06498,1.06879,1.01441
1,2.745471878,7.41463,3.86572,3.86572,6.51124,6.50527,6.59084,0.516904,0.520513,0.469037
1,2.764537655,5.67627,3.85688,3.85688,6.50265,6.49676,6.58282,-0.473088,-0.469886,-0.516406
1,2.802669209,5.8714,3.8392,3.8392,6.48542,6.47966,6.56669,-0.351894,-0.348721,-0.396465
1,2.974261201,5.92461,3.75966,3.75966,6.40686,6.40156,6.49266,-0.277737,-0.274774,-0.325402
1,2.974261201,7.62749,3.75966,3.75966,6.40686,6.40156,6.49266,0.702982,0.706271,0.650078
1,2.974261201,6.68736,3.75966,3.75966,6.40686,6.40156,6.49266,0.161543,0.164652,0.111532
1,3.012392755,6.102,3.74198,3.74198,6.3892,6.38397,6.47591,-0.165592,-0.162624,-0.214418
1,3.012392755,7.98226,3.74198,3.74198,6.3892,6.38397,6.47591,0.918484,0.921807,0.863798
1,3.088655863,6.77605,3.70663,3.70663,6.35369,6.34854,6.44212,0.24406,0.247115,0.191895
1,3.16491897,6.31486,3.67128,3.67128,6.31792,6.31282,6.40795,-0.00177565,0.00117983,-0.0536126
1,3.203050524,7.48559,3.6536,3.6536,6.29995,6.29486,6.39074,0.687428,0.690605,0.631178
1,3.241182078,8.37251,3.63592,3.63592,6.28193,6.27683,6.37345,1.21349,1.21684,1.15371
1,3.241182078,8.2306,3.63592,3.63592,6.28193,6.27683,6.37345,1.13112,1.13444,1.07181
1,3.241182078,6.95344,3.63592,3.63592,6.28193,6.27683,6.37345,0.389782,0.392869,0.334727
1,3.317445186,4.82483,3.60057,3.60057,6.24572,6.24059,6.33862,-0.826653,-0.823932,-0.875556
1,3.317445186,8.08869,3.60057,3.60057,6.24572,6.24059,6.33862,1.07221,1.07555,1.01222
1,3.317445186,7.7694,3.60057,3.60057,6.24572,6.24059,6.33862,0.886454,0.889732,0.827546
1,3.35557674,5.96009,3.5829,3.5829,6.22755,6.22238,6.3211,-0.155783,-0.152822,-0.209033
1,3.35557674,5.39246,3.5829,3.5829,6.22755,6.22238,6.3211,-0.4864,-0.483548,-0.537704
1,3.393708294,8.2306,3.56522,3.56522,6.20933,6.20412,6.3035,1.17866,1.18209,1.11708
1,3.393708294,6.95344,3.56522,3.56522,6.20933,6.20412,6.3035,0.433912,0.437095,0.376746
1,3.469971401,7.55654,3.52987,3.52987,6.17275,6.16743,6.26811,0.808802,0.812185,0.74853
1,3.469971401,7.27273,3.52987,3.52987,6.17275,6.16743,6.26811,0.642918,0.646245,0.583644
1,3.508102955,9.15299,3.5122,3.5122,6.1544,6.14902,6.25032,1.75467,1.75842,1.68824
1,3.546234509,6.95344,3.49453,3.49453,6.13601,6.13055,6.23247,0.478889,0.482254,0.419798
1,3.584366063,7.59202,3.47685,3.47685,6.11758,6.11205,6.21457,0.864812,0.868367,0.802964
1,3.698760724,8.33703,3.42383,3.42383,6.06209,6.05627,6.16052,1.33907,1.343,1.27312
1,3.736892278,8.01774,3.40616,3.40616,6.04353,6.03761,6.14241,1.16344,1.16738,1.09822
1,3.775023832,5.49889,3.38849,3.38849,6.02494,6.0189,6.12424,-0.310382,-0.306937,-0.366638
1,3.775023832,7.00665,3.38849,3.38849,6.02494,6.0189,6.12424,0.579233,0.583022,0.517347
1,3.813155386,4.75388,3.37082,3.37082,6.00632,6.00016,6.10604,-0.739852,-0.736506,-0.793676
1,3.889418494,8.58537,3.33547,3.33547,5.969,5.96259,6.06949,1.54928,1.55372,1.48019
1,3.908484271,8.85144,3.32664,3.32664,5.95965,5.95317,6.06033,1.7134,1.71795,1.64309
1,3.965681602,7.37916,3.30013,3.30013,5.93157,5.92489,6.03279,0.859257,0.863595,0.793987
1,3.965681602,5.81818,3.30013,3.30013,5.93157,5.92489,6.03279,-0.0673041,-0.0633656,-0.126562
1,3.965681602,6.63415,3.30013,3.30013,5.93157,5.92489,6.03279,0.417035,0.421182,0.354634
1,4.003813155,6.84701,3.28246,3.28246,5.91282,5.906,6.01439,0.555184,0.559486,0.491598
1,4.003813155,6.98891,3.28246,3.28246,5.91282,5.906,6.01439,0.639519,0.643859,0.575383
1,4.061010486,8.03548,3.25596,3.25596,5.88466,5.87761,5.98671,1.28056,1.28534,1.21179
1,4.156339371,8.26608,3.21178,3.21178,5.83761,5.83017,5.94043,1.45028,1.45542,1.37967
1,4.194470925,7.96452,3.19411,3.19411,5.81876,5.81116,5.92186,1.28302,1.2882,1.21324
1,4.232602479,7.1663,3.17645,3.17645,5.79989,5.79212,5.90326,0.81802,0.823086,0.751081
1,4.232602479,7.69845,3.17645,3.17645,5.79989,5.79212,5.90326,1.1366,1.14183,1.06753
1,4.289799809,8.07095,3.14995,3.14995,5.77155,5.76353,5.87532,1.37911,1.38465,1.30803
1,4.308865586,6.13747,3.14111,3.14111,5.7621,5.75399,5.86599,0.225277,0.230266,0.16183
1,4.308865586,6.66962,3.14111,3.14111,5.7621,5.75399,5.86599,0.544642,0.5498,0.479046
1,4.327931363,8.26608,3.13228,3.13228,5.75264,5.74444,5.85666,1.50934,1.51508,1.43712
1,4.327931363,5.78271,3.13228,3.13228,5.75264,5.74444,5.85666,0.0180538,0.0229893,-0.0441092
1,4.327931363,6.26164,3.13228,3.13228,5.75264,5.74444,5.85666,0.30566,0.310749,0.241557
1,4.34699714,7.62749,3.12345,3.12345,5.74318,5.73489,5.84732,1.13225,1.13785,1.06245
1,4.385128694,6.77605,3.10578,3.10578,5.72425,5.71578,5.82862,0.632795,0.638242,0.566137
1,4.423260248,6.91796,3.08811,3.08811,5.7053,5.69665,5.8099,0.730475,0.736101,0.662926
1,4.461391802,7.02439,3.07045,3.07045,5.68633,5.6775,5.79116,0.80701,0.812808,0.738714
1,4.499523356,7.52106,3.05279,3.05279,5.66736,5.65834,5.77239,1.1194,1.12552,1.04874
1,4.59485224,8.01774,3.00863,3.00863,5.61986,5.61036,5.7254,1.45254,1.45921,1.37903
1,4.652049571,7.66297,2.98213,2.98213,5.59133,5.58154,5.69714,1.25728,1.26404,1.18479
1,4.747378456,7.18404,2.93798,2.93798,5.54373,5.53343,5.64997,0.998642,1.00559,0.927436
1,4.766444233,4.36364,2.92916,2.92916,5.5342,5.52381,5.64053,-0.713102,-0.707258,-0.77244
1,4.804575786,4.75388,2.9115,2.9115,5.51513,5.50454,5.62162,-0.46434,-0.458198,-0.525585
1,4.880838894,8.01774,2.87618,2.87618,5.47698,5.46597,5.58378,1.55371,1.56158,1.47791
1,4.957102002,5.07317,2.84087,2.84087,5.43879,5.42737,5.54588,-0.224152,-0.217312,-0.287749
1,4.995233556,3.5122,2.82322,2.82322,5.41969,5.40805,5.52691,-1.17092,-1.16468,-1.22795
1,4.995233556,6.88248,2.82322,2.82322,5.41969,5.40805,5.52691,0.897939,0.905788,0.82621
1,4.995233556,7.02439,2.82322,2.82322,5.41969,5.40805,5.52691,0.985049,0.992965,0.912701
1,4.995233556,7.27273,2.82322,2.82322,5.41969,5.40805,5.52691,1.13749,1.14553,1.06406
1,4.995233556,6.17295,2.82322,2.82322,5.41969,5.40805,5.52691,0.462391,0.4699,0.393755
1,5.03336511,7.52106,2.80557,2.80557,5.40058,5.38872,5.50793,1.30333,1.31165,1.22853
1,5.03336511,5.46341,2.80557,2.80557,5.40058,5.38872,5.50793,0.0386229,0.0459441,-0.0271661
1,5.071496663,5.96009,2.78792,2.78792,5.38146,5.36939,5.48894,0.356102,0.363822,0.287885
1,5.147759771,7.41463,2.75262,2.75262,5.3432,5.3307,5.45093,1.27808,1.28687,1.20292
1,5.147759771,5.28603,2.75262,2.75262,5.3432,5.3307,5.45093,-0.0352732,-0.0275847,-0.101012
1,5.224022879,5.07317,2.71732,2.71732,5.30492,5.29198,5.41288,-0.143357,-0.135473,-0.208624
1,5.300285987,7.94678,2.68203,2.68203,5.26662,5.25324,5.37479,1.6622,1.67201,1.58357
1,5.300285987,7.20177,2.68203,2.68203,5.26662,5.25324,5.37479,1.20016,1.20954,1.12487
1,5.319351764,2.44789,2.67321,2.67321,5.25704,5.24355,5.36527,-1.74332,-1.73653,-1.79736
1,5.319351764,6.56319,2.67321,2.67321,5.25704,5.24355,5.36527,0.810584,0.819699,0.73803
1,5.338417541,3.68958,2.66439,2.66439,5.24746,5.23386,5.35574,-0.967423,-0.95986,-1.02716
1,5.338417541,6.11973,2.66439,2.66439,5.24746,5.23386,5.35574,0.541674,0.550624,0.470991
1,5.338417541,5.74723,2.66439,2.66439,5.24746,5.23386,5.35574,0.310353,0.31909,0.241347
1,5.376549094,5.46341,2.64675,2.64675,5.22829,5.21447,5.33667,0.146198,0.154936,0.0782331
1,5.395614871,6.03104,2.63793,2.63793,5.21871,5.20478,5.32714,0.505431,0.514584,0.434776
1,5.452812202,6.97118,2.61148,2.61148,5.18995,5.17568,5.29853,1.11043,1.12041,1.03513
1,5.452812202,4.47007,2.61148,2.61148,5.18995,5.17568,5.29853,-0.448781,-0.440312,-0.512697
1,5.510009533,7.23725,2.58502,2.58502,5.16118,5.14658,5.2699,1.29677,1.30718,1.21985
1,5.52907531,6.75831,2.57621,2.57621,5.15159,5.13687,5.26035,1.00426,1.01447,0.929408
1,5.605338418,7.62749,2.54095,2.54095,5.11322,5.09804,5.22215,1.57561,1.58676,1.49624
1,5.605338418,6.56319,2.54095,2.54095,5.11322,5.09804,5.22215,0.908652,0.919109,0.834195
1,5.643469971,5.32151,2.52332,2.52332,5.09402,5.07862,5.20304,0.142743,0.152567,0.0737854
1,5.681601525,7.73392,2.50569,2.50569,5.07483,5.0592,5.18393,1.67074,1.68235,1.59034
1,5.681601525,5.56984,2.50569,2.50569,5.07483,5.0592,5.18393,0.311024,0.321186,0.24068
1,5.738798856,3.26386,2.47926,2.47926,5.04603,5.03006,5.15525,-1.12196,-1.11312,-1.18189
1,5.757864633,6.35033,2.47045,2.47045,5.03643,5.02034,5.14569,0.827711,0.838768,0.753244
1,5.834127741,5.10865,2.43521,2.43521,4.99801,4.98147,5.10743,0.0698797,0.080422,0.000765644
1,5.872259295,6.45676,2.4176,2.4176,4.9788,4.96202,5.08829,0.934747,0.94645,0.859036
1,5.929456625,0.674058,2.39119,2.39119,4.94998,4.93286,5.05957,-2.70971,-2.70204,-2.75834
1,5.929456625,5.90687,2.39119,2.39119,4.94998,4.93286,5.05957,0.606396,0.617976,0.532921
1,5.948522402,5.46341,2.38238,2.38238,4.94037,4.92313,5.05,0.331678,0.343019,0.260193
1,5.986653956,4.1153,2.36478,2.36478,4.92115,4.90368,5.03085,-0.511696,-0.501206,-0.576983
1,6.02478551,5.1796,2.34718,2.34718,4.90193,4.88423,5.0117,0.176546,0.188033,0.105952
1,6.062917064,3.97339,2.32958,2.32958,4.88271,4.86477,4.99254,-0.578929,-0.568214,-0.64396
1,6.081982841,3.77827,2.32078,2.32078,4.8731,4.85504,4.98296,-0.6975,-0.686857,-0.761698
1,6.101048618,4.93126,2.31198,2.31198,4.86349,4.84531,4.97338,0.0432094,0.0548629,-0.0266475
1,6.139180172,6.35033,2.29439,2.29439,4.84426,4.82585,4.95422,0.96142,0.974413,0.884477
1,6.139180172,6.102,2.29439,2.29439,4.84426,4.82585,4.95422,0.802891,0.815682,0.727149
1,6.234509056,5.97783,2.25043,2.25043,4.79618,4.77719,4.9063,0.75684,0.770022,0.681092
1,6.253574833,5.81818,2.24164,2.24164,4.78657,4.76746,4.89671,0.66119,0.674334,0.586099
1,6.253574833,5.00222,2.24164,2.24164,4.78657,4.76746,4.89671,0.138216,0.150663,0.0671071
1,6.291706387,3.90244,2.22406,2.22406,4.76733,4.74799,4.87754,-0.555078,-0.543398,-0.62103
1,6.291706387,3.6541,2.22406,2.22406,4.76733,4.74799,4.87754,-0.714458,-0.702993,-0.779194
1,6.329837941,6.91796,2.20649,2.20649,4.7481,4.72852,4.85836,1.39446,1.40897,1.31349
1,6.329837941,4.15078,2.20649,2.20649,4.7481,4.72852,4.85836,-0.383869,-0.371795,-0.451252
1,6.348903718,6.4745,2.19771,2.19771,4.73848,4.71878,4.84877,1.1164,1.13063,1.03748
1,6.367969495,6.03104,2.18892,2.18892,4.72886,4.70905,4.83918,0.837972,0.851903,0.761108
1,6.406101049,4.64745,2.17136,2.17136,4.70962,4.68957,4.82,-0.0400628,-0.0271818,-0.110333
1,6.406101049,4.43459,2.17136,2.17136,4.70962,4.68957,4.82,-0.177226,-0.164538,-0.246444
1,6.444232602,7.13082,2.1538,2.1538,4.69038,4.6701,4.80081,1.5747,1.59005,1.49189
1,6.444232602,2.98004,2.1538,2.1538,4.69038,4.6701,4.80081,-1.1036,-1.09206,-1.16582
1,6.52049571,4.15078,2.1187,2.1187,4.6519,4.63114,4.76244,-0.324225,-0.31125,-0.392691
1,6.52049571,4.96674,2.1187,2.1187,4.6519,4.63114,4.76244,0.203702,0.217449,0.131164
1,6.596758818,4.29268,2.08362,2.08362,4.61341,4.59218,4.72405,-0.208073,-0.194591,-0.277687
1,6.615824595,5.25055,2.07486,2.07486,4.60379,4.58244,4.71446,0.419877,0.434391,0.345334
1,6.634890372,5.03769,2.06609,2.06609,4.59416,4.5727,4.70486,0.288132,0.302537,0.214543
1,6.673021926,5.60532,2.04857,2.04857,4.57492,4.55321,4.68566,0.670297,0.685468,0.593606
1,6.749285033,3.58315,2.01354,2.01354,4.53642,4.51424,4.64727,-0.621815,-0.608304,-0.688707
1,6.787416587,4.5765,1.99603,1.99603,4.51717,4.49475,4.62807,0.0387505,0.0534777,-0.0334225
1,6.787416587,5.00222,1.99603,1.99603,4.51717,4.49475,4.62807,0.316825,0.331996,0.24248
1,6.863679695,5.92461,1.96105,1.96105,4.47867,4.45578,4.58966,0.947059,0.963623,0.867506
1,6.882745472,4.77162,1.95231,1.95231,4.46904,4.44603,4.58006,0.198316,0.213748,0.124567
1,6.95900858,5.12639,1.91736,1.91736,4.43054,4.40705,4.54165,0.457332,0.473563,0.38128
1,6.978074357,2.60754,1.90863,1.90863,4.42091,4.3973,4.53205,-1.19262,-1.17909,-1.25574
1,6.978074357,6.06652,1.90863,1.90863,4.42091,4.3973,4.53205,1.08229,1.09967,1.00124
1,6.978074357,4.00887,1.90863,1.90863,4.42091,4.3973,4.53205,-0.270992,-0.255898,-0.341371
1,6.978074357,3.90244,1.90863,1.90863,4.42091,4.3973,4.53205,-0.340989,-0.326014,-0.410816
1,6.978074357,3.68958,1.90863,1.90863,4.42091,4.3973,4.53205,-0.480983,-0.466245,-0.549707
1,7.01620591,5.55211,1.89117,1.89117,4.40166,4.37781,4.51284,0.757673,0.774699,0.679046
1,7.01620591,3.49446,1.89117,1.89117,4.40166,4.37781,4.51284,-0.59747,-0.582761,-0.665397
1,7.054337464,3.83149,1.87372,1.87372,4.3824,4.35832,4.49363,-0.363327,-0.348045,-0.433226
1,7.092469018,5.33925,1.85628,1.85628,4.36314,4.33882,4.47442,0.644626,0.661843,0.566614
1,7.092469018,4.64745,1.85628,1.85628,4.36314,4.33882,4.47442,0.187758,0.204176,0.113367
1,7.20686368,3.40576,1.80403,1.80403,4.30537,4.28034,4.41678,-0.596584,-0.581029,-0.665123
1,7.244995234,3.22838,1.78663,1.78663,4.28612,4.26084,4.39757,-0.702421,-0.686889,-0.770237
1,7.244995234,5.97783,1.78663,1.78663,4.28612,4.26084,4.39757,1.12343,1.1423,1.04105
1,7.283126787,3.86696,1.76925,1.76925,4.26686,4.24134,4.37835,-0.265932,-0.249425,-0.337358
1,7.321258341,2.87361,1.75187,1.75187,4.2476,4.22184,4.35914,-0.91498,-0.899507,-0.981334
1,7.321258341,5.32151,1.75187,1.75187,4.2476,4.22184,4.35914,0.71515,0.733669,0.635741
1,7.321258341,4.25721,1.75187,1.75187,4.2476,4.22184,4.35914,0.00639786,0.0235922,-0.0673348
1,7.321258341,3.97339,1.75187,1.75187,4.2476,4.22184,4.35914,-0.182603,-0.165761,-0.254822
1,7.359389895,3.72506,1.73451,1.73451,4.22834,4.20235,4.33992,-0.335621,-0.318888,-0.40674
1,7.359389895,4.7184,1.73451,1.73451,4.22834,4.20235,4.33992,0.326805,0.344788,0.250371
1,7.397521449,4.07982,1.71717,1.71717,4.20908,4.18285,4.3207,-0.0863172,-0.0689308,-0.159566
1,7.435653003,3.97339,1.69983,1.69983,4.18982,4.16335,4.30149,-0.144731,-0.127274,-0.217639
1,7.473784557,3.29933,1.68251,1.68251,4.17056,4.14385,4.28227,-0.58343,-0.566644,-0.652927
1,7.473784557,5.88914,1.68251,1.68251,4.17056,4.14385,4.28227,1.15087,1.17104,1.06739
1,7.511916111,3.86696,1.66521,1.66521,4.1513,4.12435,4.26305,-0.190678,-0.172945,-0.263471
1,7.607244995,1.04656,1.62202,1.62202,4.10314,4.0756,4.215,-2.05698,-2.04256,-2.11495
1,7.607244995,2.55432,1.62202,1.62202,4.10314,4.0756,4.215,-1.04231,-1.02584,-1.10851
1,7.626310772,4.1153,1.61339,1.61339,4.09351,4.06585,4.20539,0.0146713,0.0333716,-0.0601765
1,7.626310772,3.97339,1.61339,1.61339,4.09351,4.06585,4.20539,-0.080895,-0.0623886,-0.154966
1,7.664442326,4.7184,1.59615,1.59615,4.07425,4.04634,4.18617,0.434412,0.454162,0.356017
1,7.740705434,3.58315,1.56172,1.56172,4.03573,4.00734,4.14772,-0.306081,-0.287483,-0.378706
1,7.740705434,5.35698,1.56172,1.56172,4.03573,4.00734,4.14772,0.893572,0.914679,0.81115
1,7.778836988,3.22838,1.54454,1.54454,4.01646,3.98784,4.1285,-0.53374,-0.515438,-0.604631
1,7.797902765,4.27494,1.53595,1.53595,4.00683,3.97809,4.11889,0.181711,0.20162,0.1049
1,7.912297426,5.42794,1.48455,1.48455,3.94904,3.91958,4.06122,1.0066,1.02889,0.922589
1,7.931363203,4.86031,1.47601,1.47601,3.93941,3.90983,4.05161,0.627249,0.648821,0.546292
1,7.969494757,0.461197,1.45893,1.45893,3.92015,3.89032,4.03238,-2.35935,-2.34419,-2.4158
1,7.969494757,3.44124,1.45893,1.45893,3.92015,3.89032,4.03238,-0.326662,-0.306997,-0.399889
1,7.969494757,2.83814,1.45893,1.45893,3.92015,3.89032,4.03238,-0.738039,-0.719286,-0.807872
1,7.988560534,1.54324,1.4504,1.4504,3.91052,3.88057,4.02277,-1.61587,-1.59899,-1.67852
1,8.007626311,3.33481,1.44188,1.44188,3.90088,3.87082,4.01316,-0.38667,-0.366953,-0.459531
1,8.026692088,4.55876,1.43336,1.43336,3.89125,3.86107,4.00355,0.456283,0.477988,0.376383
1,8.083889418,3.86696,1.40785,1.40785,3.86236,3.83181,3.97471,0.00315517,0.0241335,-0.0731975
1,8.083889418,2.55432,1.40785,1.40785,3.86236,3.83181,3.97471,-0.896048,-0.877119,-0.96494
1,8.141086749,1.38359,1.3824,1.3824,3.83346,3.80256,3.94587,-1.68186,-1.66449,-1.7444
1,8.160152526,1.84479,1.37393,1.37393,3.82383,3.79281,3.93626,-1.35961,-1.34141,-1.42489
1,8.236415634,4.00887,1.34012,1.34012,3.7853,3.7538,3.89781,0.154036,0.176157,0.0758816
1,8.236415634,2.16408,1.34012,1.34012,3.7853,3.7538,3.89781,-1.117,-1.09789,-1.18454
1,8.236415634,4.7184,1.34012,1.34012,3.7853,3.7538,3.89781,0.642897,0.666174,0.560658
1,8.312678742,2.98004,1.30644,1.30644,3.74677,3.71479,3.85935,-0.529795,-0.508918,-0.602493
1,8.312678742,5.25055,1.30644,1.30644,3.74677,3.71479,3.85935,1.03909,1.06374,0.953234
1,8.331744519,1.20621,1.29804,1.29804,3.73714,3.70504,3.84974,-1.75009,-1.73207,-1.81261
1,8.350810296,4.00887,1.28965,1.28965,3.72751,3.69528,3.84013,0.194698,0.217522,0.115785
1,8.350810296,3.47672,1.28965,1.28965,3.72751,3.69528,3.84013,-0.173542,-0.151612,-0.249361
1,8.369876072,2.80266,1.28127,1.28127,3.71788,3.68553,3.83051,-0.633772,-0.612868,-0.705789
1,8.408007626,2.19956,1.26453,1.26453,3.69861,3.66603,3.81129,-1.03958,-1.01949,-1.10831
1,8.465204957,2.30599,1.2395,1.2395,3.66972,3.63677,3.78245,-0.947797,-0.92721,-1.01748
1,8.465204957,5.32151,1.2395,1.2395,3.66972,3.63677,3.78245,1.148,1.17382,1.06062
1,8.503336511,2.44789,1.22286,1.22286,3.65045,3.61727,3.76322,-0.837001,-0.815954,-0.907747
1,8.579599619,2.94457,1.1897,1.1897,3.61192,3.57826,3.72477,-0.465849,-0.443484,-0.539997
1,8.598665396,2.23503,1.18144,1.18144,3.60229,3.56851,3.71516,-0.955115,-0.933912,-1.02517
1,8.617731173,3.5122,1.17318,1.17318,3.59266,3.55876,3.70554,-0.0562504,-0.0326348,-0.134014
1,8.617731173,2.76718,1.17318,1.17318,3.59266,3.55876,3.70554,-0.577068,-0.554798,-0.650402
1,8.732125834,5.62306,1.12392,1.12392,3.53487,3.50025,3.64786,1.46624,1.4945,1.37504
1,8.751191611,3.08647,1.11575,1.11575,3.52524,3.4905,3.63825,-0.308307,-0.284651,-0.384399
1,8.808388942,3.90244,1.09132,1.09132,3.49634,3.46124,3.60941,0.285985,0.311541,0.20459
1,8.88465205,6.66962,1.05893,1.05893,3.45782,3.42224,3.57096,2.26853,2.29995,2.16978
1,8.903717827,7.02439,1.05087,1.05087,3.44819,3.41249,3.56134,2.52778,2.56004,2.4267
1,8.94184938,1.54324,1.03479,1.03479,3.42892,3.39298,3.54212,-1.33484,-1.31303,-1.40275
1,8.979980934,2.55432,1.01878,1.01878,3.40966,3.37348,3.52289,-0.606376,-0.582351,-0.680708
1,8.979980934,5.28603,1.01878,1.01878,3.40966,3.37348,3.52289,1.33022,1.35966,1.23914
1,9.037178265,1.17073,0.994869,0.994869,3.38077,3.34423,3.49405,-1.57026,-1.54867,-1.63643
1,9.075309819,4.15078,0.979012,0.979012,3.36151,3.32473,3.47482,0.561622,0.58947,0.476809
1,9.151572927,3.68958,0.947502,0.947502,3.32298,3.28573,3.43637,0.261638,0.289064,0.179136
1,9.151572927,1.38359,0.947502,0.947502,3.32298,3.28573,3.43637,-1.38414,-1.36149,-1.45229
1,9.208770257,1.11752,0.924058,0.924058,3.29409,3.25648,3.40754,-1.55691,-1.53449,-1.62373
1,9.246901811,1.72062,0.908522,0.908522,3.27483,3.23698,3.38831,-1.1134,-1.08949,-1.18423
1,9.304099142,4.15078,0.885366,0.885366,3.24595,3.20773,3.35947,0.649659,0.679123,0.563157
1,9.304099142,2.94457,0.885366,0.885366,3.24595,3.20773,3.35947,-0.216386,-0.189513,-0.295283
1,9.304099142,2.73171,0.885366,0.885366,3.24595,3.20773,3.35947,-0.369218,-0.342802,-0.446772
1,9.304099142,1.88027,0.885366,0.885366,3.24595,3.20773,3.35947,-0.980544,-0.955957,-1.05273
1,9.342230696,3.40576,0.870029,0.870029,3.22669,3.18823,3.34025,0.12877,0.156893,0.046695
1,9.342230696,2.51885,0.870029,0.870029,3.22669,3.18823,3.34025,-0.508986,-0.482786,-0.585451
1,9.456625357,4.39911,0.824534,0.824534,3.16891,3.12974,3.28258,0.888614,0.919738,0.799374
1,9.475691134,1.91574,0.81703,0.81703,3.15928,3.11999,3.27297,-0.89893,-0.873223,-0.972424
1,9.532888465,2.76718,0.794658,0.794658,3.1304,3.09075,3.24414,-0.263158,-0.235165,-0.342494
1,9.571020019,1.0643,0.779864,0.779864,3.11114,3.07126,3.22491,-1.48524,-1.46089,-1.55385
1,9.571020019,1.73836,0.779864,0.779864,3.11114,3.07126,3.22491,-0.996125,-0.970234,-1.06909
1,9.609151573,0.248337,0.76517,0.76517,3.09189,3.05176,3.20569,-2.06649,-2.0438,-2.13004
1,9.666348904,2.02217,0.743322,0.743322,3.06301,3.02252,3.17686,-0.758133,-0.730986,-0.833548
1,9.723546235,3.58315,0.721713,0.721713,3.03413,2.99328,3.14803,0.400817,0.432036,0.314816
1,9.742612011,4.54102,0.714564,0.714564,3.0245,2.98354,3.13842,1.10799,1.14164,1.01557
1,9.818875119,4.20399,0.686256,0.686256,2.986,2.94456,3.09998,0.892615,0.926041,0.8018
1,9.87607245,4.96674,0.665332,0.665332,2.95712,2.91533,3.07116,1.47616,1.51191,1.37983
1,9.971401335,7.21951,0.631073,0.631073,2.909,2.86661,3.02312,3.17848,3.22069,3.06629
1,9.990467112,3.1929,0.624317,0.624317,2.89938,2.85687,3.01351,0.216606,0.248825,0.131185
1,10.06673022,1.84479,0.59762,0.59762,2.86089,2.8179,2.97508,-0.752153,-0.722834,-0.829063
1,10.06673022,2.94457,0.59762,0.59762,2.86089,2.8179,2.97508,0.0619413,0.094086,-0.0223805
1,10.14299333,1.02882,0.571467,0.571467,2.8224,2.77894,2.93665,-1.33179,-1.3041,-1.40369
1,10.21925643,1.41907,0.545879,0.545879,2.78392,2.73999,2.89823,-1.01661,-0.987397,-1.09165
1,10.21925643,1.91574,0.545879,0.545879,2.78392,2.73999,2.89823,-0.646662,-0.61613,-0.725095
1,10.29551954,2.62528,0.520877,0.520877,2.74545,2.70104,2.85982,-0.0897887,-0.0568138,-0.17363
1,10.3336511,0.31929,0.508602,0.508602,2.72621,2.68157,2.84061,-1.80121,-1.77424,-1.86942
1,10.3336511,0.709534,0.508602,0.508602,2.72621,2.68157,2.84061,-1.50917,-1.48114,-1.58007
1,10.3336511,1.84479,0.508602,0.508602,2.72621,2.68157,2.84061,-0.659608,-0.628482,-0.738346
1,10.3336511,2.80266,0.508602,0.508602,2.72621,2.68157,2.84061,0.0572095,0.0909482,-0.0281374
1,10.37178265,2.30599,0.496481,0.496481,2.70698,2.6621,2.8214,-0.30055,-0.267892,-0.382746
1,10.4099142,2.73171,0.484516,0.484516,2.68775,2.64263,2.8022,0.0330008,0.0671154,-0.052429
1,10.44804576,3.4235,0.47271,0.47271,2.66852,2.62317,2.783,0.567654,0.603991,0.477115
1,10.44804576,2.02217,0.47271,0.47271,2.66852,2.62317,2.783,-0.485968,-0.453551,-0.566741
1,10.56244042,0,0.438264,0.438264,2.61084,2.56478,2.7254,-1.97231,-1.94488,-2.03967
1,10.60057197,3.29933,0.427113,0.427113,2.59161,2.54532,2.7062,0.535482,0.572686,0.444593
1,10.60057197,1.73836,0.427113,0.427113,2.59161,2.54532,2.7062,-0.645597,-0.612906,-0.725459
1,10.67683508,2.98004,0.405318,0.405318,2.55318,2.50642,2.66781,0.324005,0.360888,0.234773
1,10.71496663,1.73836,0.394677,0.394677,2.53396,2.48697,2.64862,-0.604842,-0.571336,-0.685515
1,10.73403241,3.37029,0.389422,0.389422,2.52435,2.47724,2.63902,0.643619,0.682118,0.551146
1,10.81029552,3.1929,0.368836,0.368836,2.48593,2.43836,2.60065,0.539606,0.578199,0.447785
1,10.88655863,6.42129,0.348954,0.348954,2.44752,2.39948,2.56228,3.04272,3.09187,2.92689
1,10.9056244,3.051,0.344095,0.344095,2.43792,2.38977,2.55269,0.46981,0.508751,0.378244
1,10.94375596,0.390244,0.33451,0.33451,2.41872,2.37034,2.53351,-1.55694,-1.52596,-1.62944
1,10.94375596,1.02882,0.33451,0.33451,2.41872,2.37034,2.53351,-1.0668,-1.03384,-1.14395
1,10.96282173,1.27716,0.329784,0.329784,2.40912,2.36062,2.52392,-0.869524,-0.835653,-0.948616
1,11.05815062,2.23503,0.30683,0.30683,2.36114,2.31207,2.47599,-0.0972629,-0.0596594,-0.184065
1,11.05815062,1.95122,0.30683,0.30683,2.36114,2.31207,2.47599,-0.316153,-0.279454,-0.400868
1,11.09628217,0.177384,0.297963,0.297963,2.34196,2.29266,2.45682,-1.67211,-1.64082,-1.74402
1,11.13441373,2.19956,0.289276,0.289276,2.32278,2.27325,2.43766,-0.0953409,-0.0572542,-0.182463
1,11.22974261,2.53659,0.268344,0.268344,2.27484,2.22474,2.38976,0.203339,0.243291,0.112971
1,11.24880839,0.603104,0.264292,0.264292,2.26526,2.21504,2.38018,-1.29232,-1.25862,-1.36838
1,11.30600572,4.38137,0.252403,0.252403,2.23651,2.18596,2.35145,1.67168,1.71844,1.56685
1,11.3250715,0,0.248529,0.248529,2.22694,2.17627,2.34188,-1.73706,-1.70486,-1.80909
1,11.3250715,0.886918,0.248529,0.248529,2.22694,2.17627,2.34188,-1.04524,-1.01006,-1.12395
1,11.3250715,2.80266,0.248529,0.248529,2.22694,2.17627,2.34188,0.449079,0.490707,0.355953
1,11.36320305,1.45455,0.240913,0.240913,2.20778,2.15689,2.32273,-0.588497,-0.551119,-0.67175
1,11.4013346,1.0643,0.233474,0.233474,2.18863,2.13752,2.30359,-0.879862,-0.84353,-0.960432
1,11.43946616,1.59645,0.226209,0.226209,2.16949,2.11815,2.28445,-0.44917,-0.410727,-0.534053
1,11.55386082,0.957871,0.20545,0.20545,2.11209,2.0601,2.22707,-0.909174,-0.872097,-0.989995
1,11.59199237,1.24169,0.198871,0.198871,2.09298,2.04076,2.20795,-0.671655,-0.633292,-0.754927
1,11.59199237,4.39911,0.198871,0.198871,2.09298,2.04076,2.20795,1.81951,1.86908,1.71191
1,11.63012393,2.87361,0.192459,0.192459,2.07386,2.02143,2.18884,0.632026,0.676513,0.535869
1,11.74451859,2.55432,0.174207,0.174207,2.01657,1.96349,2.13154,0.427076,0.471394,0.332471
1,11.8207817,1.70288,0.162839,0.162839,1.97842,1.92491,2.09337,-0.21955,-0.177738,-0.308076
1,11.87797903,6.31486,0.154719,0.154719,1.94983,1.896,2.06476,3.48675,3.54631,3.3614
1,11.8970448,1.80931,0.152089,0.152089,1.9403,1.88637,2.05522,-0.104718,-0.0618948,-0.194649
1,11.93517636,0.425721,0.14694,0.14694,1.92125,1.86712,2.03616,-1.19759,-1.1597,-1.27683
1,11.97330791,0.141907,0.141938,0.141938,1.90222,1.84788,2.01711,-1.41196,-1.37488,-1.48919
1,11.97330791,0.993348,0.141938,0.141938,1.90222,1.84788,2.01711,-0.729012,-0.688687,-0.81302
1,12.01143947,0.283814,0.137081,0.137081,1.8832,1.82865,1.99806,-1.28501,-1.24712,-1.36362
1,12.04957102,0.815965,0.132366,0.132366,1.86418,1.80943,1.97903,-0.843579,-0.803367,-0.926693
1,12.12583413,0.815965,0.123352,0.123352,1.82619,1.77104,1.94098,-0.815716,-0.774938,-0.899342
1,12.16396568,1.09978,0.119047,0.119047,1.80721,1.75187,1.92197,-0.572178,-0.529994,-0.658351
1,12.27836034,1.88027,0.106909,0.106909,1.75036,1.69444,1.865,0.105594,0.1518,0.0122813
1,12.3164919,0.10643,0.103112,0.103112,1.73144,1.67533,1.84604,-1.32313,-1.28382,-1.40222
1,12.3164919,0.851441,0.103112,0.103112,1.73144,1.67533,1.84604,-0.716523,-0.674186,-0.8017
1,12.3164919,1.41907,0.103112,0.103112,1.73144,1.67533,1.84604,-0.254344,-0.209701,-0.344161
1,12.43088656,1.34812,0.0924297,0.0924297,1.67477,1.61812,1.78921,-0.267317,-0.222074,-0.357329
1,12.46901811,0.780488,0.0890957,0.0890957,1.65592,1.59909,1.7703,-0.7176,-0.67443,-0.803172
1,12.58341277,0.266075,0.0797352,0.0797352,1.59947,1.54213,1.71364,-1.09852,-1.05671,-1.18051
1,12.58341277,2.87361,0.0797352,0.0797352,1.59947,1.54213,1.71364,1.04971,1.10261,0.945974
1,12.60247855,4.87805,0.078265,0.078265,1.59008,1.53266,1.70421,2.71108,2.7727,2.59048
1,12.73593899,2.23503,0.0686488,0.0686488,1.5245,1.46653,1.63833,0.589329,0.640762,0.489892
1,12.8122021,1.56098,0.0636552,0.0636552,1.48716,1.4289,1.60078,0.0614283,0.1105,-0.0327925
1,12.92659676,1.63193,0.0567944,0.0567944,1.43136,1.37269,1.54463,0.167765,0.218001,0.0722803
1,12.96472831,4.32816,0.0546655,0.0546655,1.41282,1.35402,1.52595,2.44264,2.50532,2.32391
1,12.96472831,1.27716,0.0546655,0.0546655,1.41282,1.35402,1.52595,-0.11366,-0.064747,-0.206325
1,13.04099142,0.674058,0.0506305,0.0506305,1.37583,1.3168,1.48868,-0.589973,-0.543281,-0.677854
1,13.15538608,1.73836,0.0451013,0.0451013,1.32061,1.26128,1.43297,0.352976,0.405317,0.2554
1,13.19351764,1.9867,0.043389,0.043389,1.30228,1.24286,1.41447,0.579273,0.633026,0.479376
1,13.26978074,0.745011,0.0401483,0.0401483,1.26574,1.20617,1.37754,-0.442224,-0.393793,-0.531679
1,13.3079123,0.0709534,0.0386159,0.0386159,1.24754,1.18789,1.35913,-1.00088,-0.955408,-1.08461
1,13.34604385,0.567627,0.0371394,0.0371394,1.22938,1.16967,1.34076,-0.563877,-0.515853,-0.652052
1,13.49857007,1.09978,0.0317573,0.0317573,1.15724,1.09737,1.26764,-0.0492956,0.00207333,-0.142531
1,13.53670162,0.709534,0.030534,0.030534,1.13934,1.07946,1.24947,-0.369316,-0.319645,-0.45922
1,13.57483317,1.70288,0.0293562,0.0293562,1.1215,1.0616,1.23134,0.500392,0.555056,0.401724
1,13.61296473,4.1153,0.0282223,0.0282223,1.10372,1.04382,1.21326,2.59637,2.66295,2.4765
1,13.89895138,2.46563,0.0209728,0.0209728,0.972482,0.912934,1.07935,1.30331,1.36299,1.19789
1,13.99428027,4.89579,0.018987,0.018987,0.929699,0.870418,1.03548,3.47595,3.54795,3.3495
1,13.99428027,1.27716,0.018987,0.018987,0.929699,0.870418,1.03548,0.304523,0.358503,0.209703
1,14.0514776,1.91574,0.0178852,0.0178852,0.904293,0.845212,1.00937,0.888605,0.945847,0.788382
1,14.2993327,0.886918,0.0137922,0.0137922,0.796763,0.738928,0.898295,0.0800272,0.132102,-0.0100008
1,14.2993327,0.638581,0.0137922,0.0137922,0.796763,0.738928,0.898295,-0.140412,-0.0895736,-0.228301
1,14.37559581,1.0643,0.0127295,0.0127295,0.764609,0.707289,0.86488,0.266853,0.319665,0.175863
1,14.45185891,1.27716,0.0117475,0.0117475,0.732942,0.676204,0.831867,0.486075,0.539725,0.393936
1,14.48999047,0.425721,0.0112849,0.0112849,0.7173,0.660878,0.81552,-0.260824,-0.211513,-0.345384
1,14.56625357,0.709534,0.010413,0.010413,0.686418,0.630679,0.783159,0.0207403,0.0711364,-0.0654396
1,14.60438513,1.84479,0.0100024,0.0100024,0.671185,0.615814,0.767153,1.05454,1.1103,0.959316
1,14.60438513,1.9867,0.0100024,0.0100024,0.671185,0.615814,0.767153,1.18205,1.2385,1.08564
1,14.90943756,1.27716,0.00724518,0.00724518,0.554786,0.502986,0.643749,0.656553,0.707253,0.570681
1,15.02383222,0.638581,0.00641838,0.00641838,0.513877,0.463698,0.59984,0.113801,0.160391,0.0350545
1,15.36701621,0.10643,0.00445955,0.00445955,0.401265,0.356769,0.477134,-0.272097,-0.232068,-0.33953
1,15.40514776,0.638581,0.00428253,0.00428253,0.389747,0.345946,0.464406,0.229909,0.271573,0.15973
1,15.55767398,0.496674,0.00364169,0.00364169,0.345751,0.304833,0.41544,0.140063,0.178775,0.0748631
1,15.90085796,1.13525,0.00252781,0.00252781,0.259176,0.22509,0.317204,0.820204,0.855083,0.761381
1,15.97712107,0.567627,0.00233069,0.00233069,0.242276,0.209726,0.297692,0.305126,0.33677,0.251733
1,16.01525262,0.674058,0.00223796,0.00223796,0.234141,0.202356,0.288256,0.412912,0.444186,0.360131
1,16.2821735,1.09978,0.00168412,0.00168412,0.18291,0.156356,0.228121,0.865107,0.892593,0.818652
1,16.32030505,1.31264,0.00161706,0.00161706,0.176382,0.150549,0.220364,1.07283,1.10014,1.02667
1,16.47283127,0.922395,0.00137445,0.00137445,0.152143,0.129101,0.191359,0.729068,0.752663,0.689168
1,16.54909438,0.141907,0.00126714,0.00126714,0.141104,0.119396,0.178037,0.000760756,0.0213796,-0.0341077
1,16.62535748,0,0.00116819,0.00116819,0.130751,0.110331,0.165476,-0.124033,-0.104883,-0.156414
1,16.89227836,0.851441,0.000878826,0.000878826,0.0995077,0.0832106,0.127154,0.715604,0.732349,0.687328
1,17.04480458,1.0643,0.00074688,0.00074688,0.0847983,0.0705728,0.108879,0.9336,0.948557,0.908382
1,17.57864633,0.425721,0.000422571,0.000422571,0.0476058,0.0390453,0.0619303,0.361789,0.37031,0.347565
1,18.03622498,2.37694,0.000259315,0.000259315,0.0285798,0.0231978,0.0374592,2.25142,2.25785,2.24083
1,19.04671115,1.56098,8.81872e-05,8.81872e-05,0.0090204,0.00718523,0.0119325,1.49093,1.49298,1.48768
2,0.000224299,0.556237,5.13846,5.13846,5.63618,5.63858,5.66391,-3.07393,-3.07489,-3.08508
2,0.045084112,2.87935,5.11766,5.11766,5.62312,5.62553,5.6509,-1.66171,-1.66291,-1.67547
2,0.067514019,2.97751,5.10726,5.10726,5.61659,5.61901,5.64439,-1.599,-1.60021,-1.61289
2,0.134803738,4.05726,5.07606,5.07606,5.597,5.59944,5.62487,-0.934121,-0.935453,-0.949285
2,0.157233645,3.27198,5.06567,5.06567,5.59047,5.59292,5.61837,-1.40717,-1.40843,-1.42149
2,0.269383178,3.40286,5.01367,5.01367,5.55782,5.56031,5.58583,-1.31074,-1.31204,-1.32533
2,0.426392523,2.01227,4.94088,4.94088,5.51212,5.51466,5.54029,-2.13522,-2.13641,-2.14839
2,0.426392523,4.13906,4.94088,4.94088,5.51212,5.51466,5.54029,-0.837688,-0.839098,-0.853281
2,0.51611215,4.90798,4.89928,4.89928,5.486,5.48857,5.51426,-0.353258,-0.354771,-0.369837
2,0.650691589,3.81186,4.83689,4.83689,5.44682,5.44944,5.47523,-1.00181,-1.00324,-1.01729
2,0.650691589,3.5501,4.83689,4.83689,5.44682,5.44944,5.47523,-1.1622,-1.1636,-1.17738
2,0.673121495,2.86299,4.82649,4.82649,5.44029,5.44292,5.46872,-1.57991,-1.58125,-1.59432
2,0.762841121,3.09202,4.78489,4.78489,5.41418,5.41683,5.44269,-1.42598,-1.42736,-1.44075
2,0.807700935,5.51329,4.76409,4.76409,5.40112,5.40379,5.42968,0.0689442,0.0672895,0.0512907
2,0.897420561,4.25358,4.7225,4.7225,5.375,5.3777,5.40366,-0.690445,-0.691984,-0.706733
2,0.9198504669999999,3.01022,4.7121,4.7121,5.36847,5.37118,5.39715,-1.45258,-1.45398,-1.46742
2,0.9198504669999999,4.79346,4.7121,4.7121,5.36847,5.37118,5.39715,-0.354184,-0.355789,-0.371136
2,0.96471028,5.97137,4.6913,4.6913,5.35541,5.35814,5.38414,0.379736,0.377987,0.361332
2,0.96471028,4.98978,4.6913,4.6913,5.35541,5.35814,5.38414,-0.225413,-0.227052,-0.242655
2,0.9871401869999999,3.51738,4.6809,4.6809,5.34888,5.35162,5.37763,-1.12961,-1.13108,-1.14513
2,0.9871401869999999,4.07362,4.6809,4.6809,5.34888,5.35162,5.37763,-0.786538,-0.788079,-0.802722
2,1.054429907,3.3865,4.6497,4.6497,5.32929,5.33205,5.35811,-1.19982,-1.2013,-1.21527
2,1.121719626,3.1411,4.61851,4.61851,5.3097,5.31248,5.33859,-1.34104,-1.34251,-1.35627
2,1.211439252,4.30266,4.57691,4.57691,5.28359,5.2864,5.31257,-0.607663,-0.609288,-0.624396
2,1.278728972,5.20245,4.54571,4.54571,5.264,5.26683,5.29305,-0.0381756,-0.0399248,-0.0560841
2,1.323588785,5.48057,4.52491,4.52491,5.25094,5.25379,5.28003,0.142566,0.140771,0.124259
2,1.346018692,4.10634,4.51451,4.51451,5.24441,5.24726,5.27353,-0.706873,-0.70851,-0.723536
2,1.390878505,7.00204,4.49372,4.49372,5.23135,5.23422,5.26051,1.10078,1.09878,1.08052
2,1.413308411,5.10429,4.48332,4.48332,5.22482,5.2277,5.25401,-0.07496,-0.0767349,-0.0929288
2,1.435738318,7.62372,4.47292,4.47292,5.21829,5.22118,5.2475,1.49669,1.4946,1.4756
2,1.480598131,5.79141,4.45212,4.45212,5.20523,5.20813,5.23449,0.36505,0.363173,0.346146
2,1.480598131,5.62781,4.45212,4.45212,5.20523,5.20813,5.23449,0.263167,0.261309,0.244463
2,1.503028037,4.76074,4.44172,4.44172,5.1987,5.20161,5.22798,-0.27287,-0.274628,-0.290536
2,1.660037383,6.11861,4.36893,4.36893,5.153,5.15596,5.18244,0.603482,0.60151,0.583915
2,1.660037383,4.92434,4.36893,4.36893,5.153,5.15596,5.18244,-0.142907,-0.144729,-0.160985
2,1.727327103,4.05726,4.33773,4.33773,5.13341,5.13639,5.16292,-0.67346,-0.675191,-0.690541
2,1.817046729,6.51125,4.29614,4.29614,5.10729,5.11031,5.13689,0.880168,0.878097,0.859875
2,1.884336449,5.07157,4.26494,4.26494,5.0877,5.09074,5.11737,-0.0101247,-0.0120289,-0.0286925
2,1.929196262,3.58282,4.24414,4.24414,5.07464,5.0777,5.10436,-0.937338,-0.93906,-0.954073
2,1.951626168,6.31493,4.23374,4.23374,5.06811,5.07117,5.09785,0.783744,0.781657,0.763498
2,1.974056075,5.62781,4.22334,4.22334,5.06159,5.06465,5.09135,0.356088,0.354084,0.336685
2,1.996485981,1.68507,4.21295,4.21295,5.05506,5.05813,5.08484,-2.12026,-2.12174,-2.13465
2,2.041345794,6.72393,4.19215,4.19215,5.042,5.04509,5.07183,1.05915,1.05698,1.03824
2,2.131065421,4.97342,4.15055,4.15055,5.01588,5.019,5.0458,-0.0267884,-0.028751,-0.0455725
2,2.153495327,6.21677,4.14015,4.14015,5.00935,5.01248,5.0393,0.762041,0.759903,0.741616
2,2.175925234,6.49489,4.12976,4.12976,5.00282,5.00596,5.03279,0.942113,0.939931,0.921294
2,2.243214953,2.94479,4.09856,4.09856,4.98323,4.98639,5.01327,-1.28884,-1.29055,-1.30514
2,2.310504673,4.23722,4.06736,4.06736,4.96364,4.96683,4.99375,-0.459912,-0.461825,-0.477984
2,2.377794393,5.12065,4.03617,4.03617,4.94406,4.94726,4.97423,0.111958,0.109902,0.0926338
2,2.422654206,3.58282,4.01537,4.01537,4.931,4.93422,4.96122,-0.855475,-0.857327,-0.872833
2,2.422654206,7.80368,4.01537,4.01537,4.931,4.93422,4.96122,1.82284,1.82039,1.79991
2,2.422654206,5.21881,4.01537,4.01537,4.931,4.93422,4.96122,0.182632,0.180549,0.163113
2,2.512373832,4.95706,3.97378,3.97378,4.90488,4.90813,4.9352,0.0331668,0.0310939,0.0138663
2,2.534803738,7.0184,3.96338,3.96338,4.89835,4.90161,4.92869,1.3483,1.34593,1.32622
2,2.534803738,5.62781,3.96338,3.96338,4.89835,4.90161,4.92869,0.463918,0.461743,0.443693
2,2.534803738,4.51534,3.96338,3.96338,4.89835,4.90161,4.92869,-0.243587,-0.245603,-0.262332
2,2.669383178,5.54601,3.90099,3.90099,4.85918,4.86248,4.88965,0.437997,0.435791,0.417679
2,2.669383178,5.05521,3.90099,3.90099,4.85918,4.86248,4.88965,0.125014,0.12288,0.105356
2,2.669383178,4.35174,3.90099,3.90099,4.85918,4.86248,4.88965,-0.323594,-0.325625,-0.342306
2,2.736672897,3.48466,3.86979,3.86979,4.83959,4.84291,4.87013,-0.865213,-0.867136,-0.882847
2,2.826392523,5.95501,3.8282,3.8282,4.81347,4.81683,4.84411,0.730276,0.727959,0.709164
2,2.91611215,3.10838,3.78661,3.78661,4.78735,4.79074,4.81808,-1.07604,-1.07795,-1.09339
2,2.91611215,5.75869,3.78661,3.78661,4.78735,4.79074,4.81808,0.622524,0.620207,0.601541
2,2.960971963,5.05521,3.76582,3.76582,4.77429,4.7777,4.80507,0.180204,0.17798,0.160118
2,2.960971963,3.69734,3.76582,3.76582,4.77429,4.7777,4.80507,-0.690839,-0.692857,-0.70906
2,2.983401869,5.66053,3.75542,3.75542,4.76776,4.77117,4.79856,0.57295,0.570626,0.551997
2,3.005831776,2.68303,3.74502,3.74502,4.76123,4.76465,4.79206,-1.33434,-1.33621,-1.35122
2,3.005831776,4.7771,3.74502,3.74502,4.76123,4.76465,4.79206,0.010184,0.00798813,-0.00958578
2,3.050691589,3.41922,3.72423,3.72423,4.74818,4.75161,4.77905,-0.854047,-0.856047,-0.872004
2,3.050691589,6.26585,3.72423,3.72423,4.74818,4.75161,4.77905,0.975327,0.972888,0.953433
2,3.050691589,5.31697,3.72423,3.72423,4.74818,4.75161,4.77905,0.365536,0.363243,0.344954
2,3.095551402,4.07362,3.70343,3.70343,4.73512,4.73856,4.76603,-0.425497,-0.427611,-0.444422
2,3.140411215,5.90593,3.68264,3.68264,4.72206,4.72552,4.75302,0.762201,0.759788,0.740663
2,3.162841121,3.25562,3.67224,3.67224,4.71553,4.719,4.74651,-0.940347,-0.942353,-0.958226
2,3.162841121,5.49693,3.67224,3.67224,4.71553,4.719,4.74651,0.503314,0.500957,0.48231
2,3.252560748,5.39877,3.63065,3.63065,4.68941,4.69291,4.72049,0.457747,0.455376,0.436741
2,3.297420561,4.76074,3.60986,3.60986,4.67635,4.67987,4.70748,0.0545018,0.0522181,0.0343249
2,3.319850467,5.67689,3.59946,3.59946,4.66982,4.67335,4.70097,0.65075,0.648313,0.629247
2,3.319850467,4.1227,3.59946,3.59946,4.66982,4.67335,4.70097,-0.353543,-0.355731,-0.372853
2,3.387140187,6.05317,3.56827,3.56827,4.65024,4.65378,4.68145,0.907801,0.90528,0.885658
2,3.409570093,6.51125,3.55787,3.55787,4.64371,4.64726,4.67494,1.20899,1.20639,1.18616
2,3.409570093,5.00613,3.55787,3.55787,4.64371,4.64726,4.67494,0.234625,0.232267,0.213932
2,3.432,6.87117,3.54748,3.54748,4.63718,4.64074,4.66844,1.44688,1.44421,1.4235
2,3.432,3.3047,3.54748,3.54748,4.63718,4.64074,4.66844,-0.863001,-0.865091,-0.881308
2,3.454429907,3.97546,3.53708,3.53708,4.63065,4.63422,4.66193,-0.424539,-0.426745,-0.443833
2,3.454429907,4.4499,3.53708,3.53708,4.63065,4.63422,4.66193,-0.11712,-0.119403,-0.137089
2,3.476859813,4.5317,3.52668,3.52668,4.62412,4.6277,4.65543,-0.0599135,-0.0622164,-0.0800324
2,3.521719626,5.56237,3.50589,3.50589,4.61106,4.61465,4.64241,0.617269,0.614783,0.595608
2,3.521719626,3.45194,3.50589,3.50589,4.61106,4.61465,4.64241,-0.752106,-0.754246,-0.770746
2,3.544149533,7.31288,3.49549,3.49549,4.60453,4.60813,4.63591,1.75815,1.75537,1.73395
2,3.633869159,4.90798,3.45391,3.45391,4.57841,4.58204,4.60988,0.214333,0.211918,0.193437
2,3.656299065,4.02454,3.44351,3.44351,4.57188,4.57552,4.60338,-0.356134,-0.358409,-0.375788
2,3.678728972,4.56442,3.43312,3.43312,4.56535,4.569,4.59687,-0.000610456,-0.00298238,-0.0210783
2,3.723588785,3.5501,3.41233,3.41233,4.5523,4.55596,4.58386,-0.652991,-0.655206,-0.672053
2,3.723588785,3.23926,3.41233,3.41233,4.5523,4.55596,4.58386,-0.855521,-0.857684,-0.874131
2,3.813308411,6.05317,3.37075,3.37075,4.52618,4.52987,4.55783,0.996772,0.994103,0.973922
2,3.903028037,4.22086,3.32917,3.32917,4.50006,4.50378,4.53181,-0.182594,-0.184978,-0.202897
2,3.925457944,3.53374,3.31877,3.31877,4.49353,4.49726,4.5253,-0.627976,-0.630249,-0.647299
2,3.925457944,3.41922,3.31877,3.31877,4.49353,4.49726,4.5253,-0.702904,-0.705157,-0.722059
2,3.94788785,3.9591,3.30838,3.30838,4.487,4.49074,4.5188,-0.34556,-0.347913,-0.365543
2,3.970317757,3.20654,3.29798,3.29798,4.48047,4.48422,4.51229,-0.834288,-0.836517,-0.853191
2,3.992747664,5.12065,3.28759,3.28759,4.47395,4.4777,4.50578,0.423722,0.421152,0.401951
2,3.992747664,3.01022,3.28759,3.28759,4.47395,4.4777,4.50578,-0.959026,-0.961227,-0.977669
2,4.037607477,2.61759,3.2668,3.2668,4.46089,4.46465,4.49277,-1.20885,-1.21099,-1.22697
2,4.060037383,4.59714,3.25641,3.25641,4.45436,4.45813,4.48626,0.0936789,0.0911782,0.0725795
2,4.08246729,5.51329,3.24601,3.24601,4.44783,4.45161,4.47976,0.699389,0.696719,0.676888
2,4.104897196,1.71779,3.23562,3.23562,4.4413,4.44509,4.47325,-1.78859,-1.7906,-1.80546
2,4.104897196,3.3047,3.23562,3.23562,4.4413,4.44509,4.47325,-0.74643,-0.748716,-0.765668
2,4.127327103,6.10225,3.22523,3.22523,4.43477,4.43857,4.46675,1.09558,1.09279,1.07213
2,4.172186916,4.10634,3.20444,3.20444,4.42171,4.42552,4.45373,-0.207403,-0.209853,-0.22794
2,4.239476636,2.71575,3.17326,3.17326,4.40213,4.40596,4.43422,-1.11059,-1.11281,-1.12913
2,4.261906542,4.40082,3.16287,3.16287,4.3956,4.39944,4.42771,0.00344066,0.000908789,-0.0176777
2,4.261906542,4.97342,3.16287,3.16287,4.3956,4.39944,4.42771,0.38071,0.378074,0.358726
2,4.351626168,3.69734,3.1213,3.1213,4.36948,4.37335,4.40169,-0.443684,-0.446116,-0.463871
2,4.351626168,4.87526,3.1213,3.1213,4.36948,4.37335,4.40169,0.333867,0.331219,0.311887
2,4.418915888,5.88957,3.09013,3.09013,4.34989,4.35379,4.38217,1.01779,1.01493,0.994145
2,4.418915888,6.59305,3.09013,3.09013,4.34989,4.35379,4.38217,1.48281,1.47982,1.45809
2,4.418915888,2.97751,3.09013,3.09013,4.34989,4.35379,4.38217,-0.907199,-0.909519,-0.926386
2,4.486205607,4.30266,3.05895,3.05895,4.3303,4.33422,4.36265,-0.0183005,-0.0208884,-0.0396192
2,4.486205607,4.1227,3.05895,3.05895,4.3303,4.33422,4.36265,-0.137428,-0.139982,-0.15847
2,4.508635514,4.84254,3.04856,3.04856,4.32377,4.3277,4.35614,0.343565,0.340869,0.32138
2,4.531065421,5.52965,3.03817,3.03817,4.31725,4.32118,4.34964,0.803331,0.800498,0.780049
2,4.531065421,2.81391,3.03817,3.03817,4.31725,4.32118,4.34964,-0.9961,-0.998424,-1.01519
2,4.575925234,6.56033,3.01739,3.01739,4.30419,4.30814,4.33662,1.49631,1.49326,1.47135
2,4.66564486,1.43967,2.97584,2.97584,4.27807,4.28205,4.3106,-1.88602,-1.88812,-1.90316
2,4.66564486,3.07566,2.97584,2.97584,4.27807,4.28205,4.3106,-0.798959,-0.801372,-0.818649
2,4.66564486,4.0409,2.97584,2.97584,4.27807,4.28205,4.3106,-0.157592,-0.16019,-0.178786
2,4.66564486,3.8773,2.97584,2.97584,4.27807,4.28205,4.3106,-0.266298,-0.268865,-0.287238
2,4.732934579,3.45194,2.94467,2.94467,4.25848,4.26249,4.29108,-0.536678,-0.539185,-0.557056
2,4.755364486,3.94274,2.93429,2.93429,4.25195,4.25596,4.28458,-0.205851,-0.208459,-0.227031
2,4.800224299,4.80982,2.91351,2.91351,4.2389,4.24292,4.27156,0.380433,0.377642,0.357819
2,4.889943925,3.27198,2.87197,2.87197,4.21278,4.21683,4.24554,-0.628089,-0.630611,-0.648418
2,4.912373832,3.56646,2.86158,2.86158,4.20625,4.21031,4.23903,-0.427335,-0.429922,-0.448164
2,4.912373832,2.37219,2.86158,2.86158,4.20625,4.21031,4.23903,-1.22503,-1.22738,-1.24396
2,4.934803738,3.41922,2.8512,2.8512,4.19972,4.20379,4.23253,-0.521567,-0.524132,-0.542197
2,4.934803738,4.41718,2.8512,2.8512,4.19972,4.20379,4.23253,0.145315,0.142553,0.123099
2,4.957233645,4.64622,2.84081,2.84081,4.19319,4.19727,4.22602,0.302876,0.300061,0.28026
2,5.002093458,3.9591,2.82004,2.82004,4.18013,4.18423,4.21301,-0.147916,-0.150611,-0.16951
2,5.002093458,4.49898,2.82004,2.82004,4.18013,4.18423,4.21301,0.21337,0.210568,0.190914
2,5.024523364,3.59918,2.80966,2.80966,4.17361,4.17771,4.2065,-0.384587,-0.387217,-0.405641
2,5.024523364,4.13906,2.80966,2.80966,4.17361,4.17771,4.2065,-0.0231296,-0.0258672,-0.0450469
2,5.069383178,5.38241,2.78889,2.78889,4.16055,4.16466,4.19349,0.818839,0.815836,0.794854
2,5.114242991,1.91411,2.76813,2.76813,4.14749,4.15162,4.18048,-1.49814,-1.50045,-1.51662
2,5.114242991,6.11861,2.76813,2.76813,4.14749,4.15162,4.18048,1.32221,1.31904,1.29696
2,5.114242991,2.83027,2.76813,2.76813,4.14749,4.15162,4.18048,-0.883585,-0.886089,-0.90354
2,5.18153271,1.97955,2.73699,2.73699,4.1279,4.13206,4.16096,-1.44316,-1.44551,-1.46184
2,5.226392523,5.02249,2.71623,2.71623,4.11485,4.11901,4.14795,0.610298,0.60731,0.586619
2,5.271252336,3.82822,2.69547,2.69547,4.10179,4.10597,4.13494,-0.18412,-0.186879,-0.205932
2,5.293682243,4.90798,2.68509,2.68509,4.09526,4.09945,4.12843,0.547249,0.54426,0.52364
2,5.360971963,4.10634,2.65396,2.65396,4.07567,4.07989,4.10891,0.0206803,0.0178329,-0.00173173
2,5.360971963,2.73211,2.65396,2.65396,4.07567,4.07989,4.10891,-0.905998,-0.908559,-0.926158
2,5.405831776,5.18609,2.63321,2.63321,4.06261,4.06684,4.0959,0.758316,0.755227,0.734054
2,5.405831776,3.10838,2.63321,2.63321,4.06261,4.06684,4.0959,-0.644076,-0.64673,-0.664921
2,5.428261682,7.47648,2.62283,2.62283,4.05608,4.06032,4.0894,2.30977,2.30619,2.2817
2,5.428261682,4.51534,2.62283,2.62283,4.05608,4.06032,4.0894,0.31013,0.307174,0.286934
2,5.450691589,3.6319,2.61246,2.61246,4.04956,4.0538,4.08289,-0.282174,-0.284953,-0.303952
2,5.517981308,4.8589,2.58134,2.58134,4.02997,4.03424,4.06337,0.560844,0.557781,0.536924
2,5.517981308,6.08589,2.58134,2.58134,4.02997,4.03424,4.06337,1.39102,1.38769,1.36506
2,5.540411215,2.96115,2.57097,2.57097,4.02344,4.02772,4.05687,-0.719084,-0.721751,-0.739891
2,5.652560748,4.6953,2.51912,2.51912,3.9908,3.99511,4.02434,0.478035,0.474958,0.454152
2,5.652560748,4.51534,2.51912,2.51912,3.9908,3.99511,4.02434,0.355925,0.352886,0.332343
2,5.652560748,3.66462,2.51912,2.51912,3.9908,3.99511,4.02434,-0.221324,-0.22418,-0.243481
2,5.652560748,2.56851,2.51912,2.51912,3.9908,3.99511,4.02434,-0.965088,-0.967706,-0.985409
2,5.719850467,3.89366,2.48802,2.48802,3.97121,3.97555,4.00482,-0.0526969,-0.0556254,-0.0753492
2,5.719850467,3.2229,2.48802,2.48802,3.97121,3.97555,4.00482,-0.508494,-0.511277,-0.530018
2,5.876859813,3.59918,2.41548,2.41548,3.92551,3.9299,3.95928,-0.222499,-0.225418,-0.244913
2,5.921719626,1.86503,2.39476,2.39476,3.91245,3.91686,3.94627,-1.39734,-1.39989,-1.41687
2,5.966579439,2.66667,2.37405,2.37405,3.89939,3.90381,3.93326,-0.842139,-0.844881,-0.863103
2,5.989009346,4.80982,2.36369,2.36369,3.89287,3.89729,3.92675,0.626719,0.623488,0.602043
2,5.989009346,4.6135,2.36369,2.36369,3.89287,3.89729,3.92675,0.492539,0.489352,0.468199
2,5.989009346,4.0409,2.36369,2.36369,3.89287,3.89729,3.92675,0.101179,0.0981207,0.0778218
2,5.989009346,3.3047,2.36369,2.36369,3.89287,3.89729,3.92675,-0.401998,-0.404891,-0.424092
2,6.011439252,2.84663,2.35334,2.35334,3.88634,3.89077,3.92025,-0.710969,-0.713766,-0.732311
2,6.101158879,1.76687,2.31193,2.31193,3.86022,3.86469,3.89422,-1.43425,-1.43683,-1.45386
2,6.101158879,3.0593,2.31193,2.31193,3.86022,3.86469,3.89422,-0.548744,-0.55162,-0.570595
2,6.123588785,3.97546,2.30158,2.30158,3.85369,3.85817,3.88772,0.0834677,0.0803752,0.0599925
2,6.146018692,3.59918,2.29124,2.29124,3.84717,3.85165,3.88121,-0.17007,-0.173084,-0.19293
2,6.235738318,1.91411,2.24986,2.24986,3.82105,3.82556,3.85519,-1.31035,-1.31301,-1.33042
2,6.235738318,5.56237,2.24986,2.24986,3.82105,3.82556,3.85519,1.19655,1.19304,1.1701
2,6.280598131,5.26789,2.22918,2.22918,3.80799,3.81252,3.84218,1.00415,1.0007,0.978133
2,6.280598131,4.22086,2.22918,2.22918,3.80799,3.81252,3.84218,0.283976,0.280768,0.259798
2,6.280598131,3.86094,2.22918,2.22918,3.80799,3.81252,3.84218,0.0364172,0.0332933,0.0128709
2,6.370317757,2.96115,2.18784,2.18784,3.78188,3.78644,3.81616,-0.565622,-0.568568,-0.587736
2,6.392747664,4.58078,2.17751,2.17751,3.77535,3.77992,3.80965,0.555342,0.552006,0.530328
2,6.41517757,6.75665,2.16718,2.16718,3.76882,3.7734,3.80315,2.06112,2.05726,2.03221
2,6.437607477,4.76074,2.15685,2.15685,3.7623,3.76687,3.79664,0.689101,0.685705,0.663685
2,6.460037383,5.88957,2.14653,2.14653,3.75577,3.76035,3.79014,1.47342,1.46975,1.44596
2,6.48246729,4.98978,2.1362,2.1362,3.74924,3.75383,3.78363,0.857029,0.853561,0.831122
2,6.504897196,4.25358,2.12588,2.12588,3.74271,3.74731,3.77713,0.353108,0.349807,0.328471
2,6.527327103,1.93047,2.11556,2.11556,3.73618,3.74079,3.77062,-1.24871,-1.25146,-1.26924
2,6.527327103,5.61145,2.11556,2.11556,3.73618,3.74079,3.77062,1.29681,1.29317,1.26971
2,6.527327103,0.670757,2.11556,2.11556,3.73618,3.74079,3.77062,-2.11984,-2.12229,-2.13812
2,6.639476636,3.56646,2.06399,2.06399,3.70354,3.70819,3.73809,-0.0950281,-0.098215,-0.118672
2,6.639476636,3.3865,2.06399,2.06399,3.70354,3.70819,3.73809,-0.219782,-0.222925,-0.243102
2,6.639476636,3.25562,2.06399,2.06399,3.70354,3.70819,3.73809,-0.310512,-0.313623,-0.333596
2,6.661906542,2.71575,2.05368,2.05368,3.69701,3.70167,3.73159,-0.680581,-0.68357,-0.702731
2,6.818915888,3.99182,1.98158,1.98158,3.65132,3.65602,3.68605,0.23698,0.233621,0.212247
2,6.886205607,3.77914,1.95072,1.95072,3.63173,3.63646,3.66654,0.102744,0.0994113,0.0782779
2,6.886205607,3.20654,1.95072,1.95072,3.63173,3.63646,3.66654,-0.296359,-0.299548,-0.319775
2,6.931065421,2.01227,1.93016,1.93016,3.61868,3.62342,3.65353,-1.12078,-1.12369,-1.14208
2,6.953495327,4.25358,1.91988,1.91988,3.61215,3.6169,3.64702,0.447743,0.444265,0.422282
2,6.953495327,3.61554,1.91988,1.91988,3.61215,3.6169,3.64702,0.00236796,-0.000949394,-0.0219177
2,6.99835514,1.76687,1.89934,1.89934,3.59909,3.60386,3.63401,-1.28023,-1.2831,-1.30118
2,6.99835514,2.19223,1.89934,1.89934,3.59909,3.60386,3.63401,-0.983022,-0.985996,-1.00476
2,7.06564486,3.01022,1.86855,1.86855,3.57951,3.5843,3.6145,-0.398371,-0.401577,-0.421733
2,7.088074766,4.54806,1.85829,1.85829,3.57298,3.57778,3.60799,0.68267,0.679062,0.656408
2,7.110504673,1.96319,1.84804,1.84804,3.56646,3.57126,3.60149,-1.12304,-1.12599,-1.14452
2,7.132934579,3.7955,1.83779,1.83779,3.55993,3.56474,3.59499,0.165094,0.161661,0.140151
2,7.177794393,2.42127,1.8173,1.8173,3.54687,3.5517,3.58198,-0.789628,-0.792723,-0.81208
2,7.200224299,3.17382,1.80706,1.80706,3.54034,3.54518,3.57547,-0.257248,-0.260546,-0.281148
2,7.222654206,4.1227,1.79682,1.79682,3.53382,3.53866,3.56897,0.413521,0.409968,0.387798
2,7.267514019,4.71166,1.77636,1.77636,3.52076,3.52562,3.55596,0.837096,0.833372,0.810179
2,7.334803738,3.3865,1.74571,1.74571,3.50118,3.50606,3.53644,-0.0807286,-0.0841337,-0.105269
2,7.379663551,3.92638,1.72529,1.72529,3.48813,3.49302,3.52343,0.308826,0.305261,0.283178
2,7.402093458,1.32515,1.71509,1.71509,3.4816,3.4865,3.51693,-1.52034,-1.52323,-1.54108
2,7.402093458,5.54601,1.71509,1.71509,3.4816,3.4865,3.51693,1.45546,1.45146,1.42669
2,7.424523364,5.85685,1.70489,1.70489,3.47507,3.47998,3.51043,1.68005,1.67596,1.65064
2,7.424523364,6.72393,1.70489,1.70489,3.47507,3.47998,3.51043,2.29167,2.28734,2.2606
2,7.446953271,4.7771,1.6947,1.6947,3.46854,3.47346,3.50392,0.923485,0.919666,0.896085
2,7.446953271,4.64622,1.6947,1.6947,3.46854,3.47346,3.50392,0.831119,0.827335,0.80397
2,7.469383178,3.68098,1.68451,1.68451,3.46202,3.46694,3.49742,0.154608,0.151072,0.129261
2,7.536672897,1.83231,1.65398,1.65398,3.44243,3.44738,3.4779,-1.13859,-1.14166,-1.16051
2,7.536672897,4.22086,1.65398,1.65398,3.44243,3.44738,3.4779,0.55046,0.546751,0.523949
2,7.536672897,5.00613,1.65398,1.65398,3.44243,3.44738,3.4779,1.10576,1.10185,1.07774
2,7.64882243,2.38855,1.60321,1.60321,3.4098,3.41479,3.44538,-0.72399,-0.727246,-0.747168
2,7.64882243,2.56851,1.60321,1.60321,3.4098,3.41479,3.44538,-0.596413,-0.599718,-0.619939
2,7.671252336,3.56646,1.59307,1.59307,3.40327,3.40827,3.43888,0.115747,0.112161,0.0902442
2,7.671252336,3.32106,1.59307,1.59307,3.40327,3.40827,3.43888,-0.0583094,-0.0618286,-0.0833359
2,7.805831776,3.82822,1.53238,1.53238,3.36411,3.36915,3.39986,0.33018,0.326467,0.303911
2,7.895551402,3.3047,1.49207,1.49207,3.33801,3.34308,3.37384,-0.0237402,-0.0273442,-0.0491495
2,7.917981308,2.14315,1.482,1.482,3.33148,3.33656,3.36734,-0.847551,-0.850838,-0.870706
2,7.940411215,2.97751,1.47195,1.47195,3.32495,3.33004,3.36083,-0.247935,-0.251465,-0.27278
2,7.962841121,2.86299,1.46191,1.46191,3.31843,3.32352,3.35433,-0.325163,-0.328669,-0.349821
2,8.030130841,4.25358,1.43182,1.43182,3.29885,3.30396,3.33482,0.682669,0.67874,0.655116
2,8.030130841,3.7955,1.43182,1.43182,3.29885,3.30396,3.33482,0.355126,0.351328,0.328486
2,8.052560748,3.68098,1.42181,1.42181,3.29232,3.29745,3.32832,0.278047,0.274273,0.251593
2,8.052560748,2.07771,1.42181,1.42181,3.29232,3.29745,3.32832,-0.868934,-0.872252,-0.892188
2,8.097420561,1.94683,1.40182,1.40182,3.27927,3.28441,3.31531,-0.954196,-0.957493,-0.977264
2,8.142280374,3.40286,1.38186,1.38186,3.26622,3.27137,3.3023,0.097955,0.0942226,0.0718844
2,8.16471028,4.1227,1.3719,1.3719,3.25969,3.26485,3.2958,0.618967,0.615017,0.591404
2,8.232,4.35174,1.34208,1.34208,3.24011,3.2453,3.27629,0.798498,0.794453,0.770336
2,8.232,1.25971,1.34208,1.34208,3.24011,3.2453,3.27629,-1.42256,-1.4257,-1.44446
2,8.254429907,3.3047,1.33215,1.33215,3.23359,3.23878,3.26979,0.0511089,0.0473586,0.0250221
2,8.344149533,0.916155,1.29258,1.29258,3.20749,3.21271,3.24378,-1.65011,-1.65319,-1.67149
2,8.366579439,3.94274,1.28272,1.28272,3.20096,3.20619,3.23727,0.534466,0.530481,0.50686
2,8.389009346,3.58282,1.27287,1.27287,3.19444,3.19967,3.23077,0.279983,0.276094,0.253068
2,8.411439252,6.08589,1.26303,1.26303,3.18791,3.19316,3.22427,2.09019,2.08555,2.0581
2,8.411439252,2.47035,1.26303,1.26303,3.18791,3.19316,3.22427,-0.517547,-0.521115,-0.542226
2,8.456299065,3.69734,1.24339,1.24339,3.17486,3.18012,3.21126,0.377229,0.373278,0.349945
2,8.478728972,3.33742,1.23359,1.23359,3.16834,3.1736,3.20476,0.122143,0.11829,0.0955564
2,8.501158879,4.33538,1.22381,1.22381,3.16181,3.16708,3.19826,0.848179,0.844017,0.819489
2,8.501158879,0.834356,1.22381,1.22381,3.16181,3.16708,3.19826,-1.68213,-1.68525,-1.7036
2,8.501158879,3.48466,1.22381,1.22381,3.16181,3.16708,3.19826,0.233337,0.22943,0.206402
2,8.523588785,4.02454,1.21404,1.21404,3.15529,3.16057,3.19176,0.628563,0.624484,0.600469
2,8.635738318,2.17587,1.1654,1.1654,3.12266,3.12798,3.15925,-0.686392,-0.689959,-0.710866
2,8.658168224,1.94683,1.15572,1.15572,3.11614,3.12146,3.15275,-0.848143,-0.851649,-0.872179
2,8.658168224,3.10838,1.15572,1.15572,3.11614,3.12146,3.15275,-0.00562351,-0.00948361,-0.0320842
2,8.703028037,1.75051,1.13641,1.13641,3.10309,3.10843,3.13974,-0.982086,-0.98555,-1.00579
2,8.725457944,1.14519,1.12678,1.12678,3.09656,3.10191,3.13324,-1.41759,-1.42088,-1.44006
2,8.792747664,2.56851,1.09799,1.09799,3.07699,3.08236,3.11374,-0.369965,-0.373715,-0.39555
2,8.904897196,6.90389,1.05037,1.05037,3.04437,3.04978,3.08123,2.81538,2.81023,2.78037
2,8.904897196,1.06339,1.05037,1.05037,3.04437,3.04978,3.08123,-1.44506,-1.44838,-1.46765
2,8.904897196,2.83027,1.05037,1.05037,3.04437,3.04978,3.08123,-0.156184,-0.160062,-0.182536
2,8.927327103,3.53374,1.04091,1.04091,3.03785,3.04327,3.07473,0.361924,0.357816,0.33403
2,8.972186916,2.30675,1.02205,1.02205,3.0248,3.03024,3.06173,-0.52461,-0.528351,-0.549974
2,8.972186916,3.27198,1.02205,1.02205,3.0248,3.03024,3.06173,0.18059,0.176545,0.153164
2,8.972186916,3.89366,1.02205,1.02205,3.0248,3.03024,3.06173,0.634787,0.630546,0.606033
2,9.017046729,3.04294,1.00327,1.00327,3.01176,3.0172,3.04873,0.0228098,0.0188175,-0.00421577
2,9.039476636,2.48671,0.993912,0.993912,3.00523,3.01069,3.04223,-0.379424,-0.38325,-0.4053
2,9.061906542,4.84254,0.984578,0.984578,2.99871,3.00417,3.03573,1.34989,1.34531,1.31891
2,9.106766355,1.57055,0.965981,0.965981,2.98566,2.99114,3.02272,-1.0371,-1.04066,-1.06113
2,9.106766355,3.61554,0.965981,0.965981,2.98566,2.99114,3.02272,0.461622,0.457408,0.433183
2,9.129196262,1.29243,0.956718,0.956718,2.97914,2.98463,3.01622,-1.23679,-1.24027,-1.26026
2,9.174056075,4.41718,0.938267,0.938267,2.9661,2.9716,3.00322,1.06512,1.06062,1.03481
2,9.196485981,3.43558,0.929079,0.929079,2.95957,2.96508,2.99672,0.349582,0.345385,0.321346
2,9.241345794,3.73006,0.910781,0.910781,2.94653,2.95205,2.98372,0.576028,0.571715,0.547057
2,9.286205607,2.55215,0.892591,0.892591,2.93349,2.93902,2.97073,-0.280641,-0.284591,-0.307132
2,9.286205607,3.27198,0.892591,0.892591,2.93349,2.93902,2.97073,0.249112,0.244928,0.221048
2,9.308635514,1.35787,0.883537,0.883537,2.92696,2.93251,2.96423,-1.15535,-1.15892,-1.17927
2,9.331065421,3.10838,0.874511,0.874511,2.92044,2.926,2.95773,0.138457,0.134307,0.11066
2,9.375925234,5.54601,0.856547,0.856547,2.9074,2.91297,2.94473,1.94591,1.94094,1.91266
2,9.39835514,4.26994,0.84761,0.84761,2.90088,2.90645,2.93823,1.01018,1.00561,0.979681
2,9.420785047,7.39468,0.838703,0.838703,2.89436,2.89994,2.93173,3.32235,3.31674,3.28491
2,9.443214953,2.38855,0.829826,0.829826,2.88784,2.89343,2.92523,-0.368791,-0.372753,-0.395226
2,9.443214953,2.84663,0.829826,0.829826,2.88784,2.89343,2.92523,-0.0304397,-0.0345531,-0.0578876
2,9.443214953,4.15542,0.829826,0.829826,2.88784,2.89343,2.92523,0.936279,0.931732,0.905937
2,9.510504673,4.89162,0.803388,0.803388,2.86827,2.87389,2.90574,1.49686,1.49203,1.46473
2,9.532934579,0.719836,0.79464,0.79464,2.86175,2.86737,2.89924,-1.58541,-1.58885,-1.60831
2,9.532934579,4.40082,0.79464,0.79464,2.86175,2.86737,2.89924,1.13919,1.13452,1.1081
2,9.645084112,3.41922,0.751417,0.751417,2.82915,2.83481,2.86675,0.437909,0.433512,0.408768
2,9.645084112,2.68303,0.751417,0.751417,2.82915,2.83481,2.86675,-0.108445,-0.112592,-0.135934
2,9.667514019,1.42331,0.742879,0.742879,2.82263,2.8283,2.86025,-1.03902,-1.04275,-1.06373
2,9.667514019,2.48671,0.742879,0.742879,2.82263,2.8283,2.86025,-0.249432,-0.253522,-0.276525
2,9.734803738,3.25562,0.717489,0.717489,2.80308,2.80876,2.84076,0.336558,0.332176,0.307595
2,9.846953271,2.42127,0.675951,0.675951,2.77048,2.77621,2.80828,-0.260394,-0.26454,-0.287695
2,9.869383178,2.78119,0.667765,0.667765,2.76396,2.76969,2.80178,0.0128495,0.00856935,-0.0153177
2,9.959102804,1.79959,0.635448,0.635448,2.73789,2.74365,2.7758,-0.701505,-0.705482,-0.727604
2,9.959102804,3.1411,0.635448,0.635448,2.73789,2.74365,2.7758,0.301456,0.297009,0.272277
2,10.00396262,2.61759,0.619554,0.619554,2.72486,2.73063,2.76281,-0.0802835,-0.0845669,-0.108352
2,10.02639252,2.35583,0.611674,0.611674,2.71834,2.72412,2.75631,-0.271457,-0.275658,-0.298968
2,10.07125234,2.04499,0.596054,0.596054,2.70531,2.7111,2.74332,-0.494986,-0.499096,-0.521867
2,10.13854206,2.53579,0.572978,0.572978,2.68576,2.69158,2.72384,-0.1126,-0.116914,-0.140755
2,10.16097196,3.01022,0.565383,0.565383,2.67924,2.68507,2.71734,0.24864,0.244145,0.219333
2,10.18340187,5.33e-15,0.557837,0.557837,2.67273,2.67856,2.71085,-2.00886,-2.01229,-2.03119
2,10.20583178,3.40286,0.550341,0.550341,2.66621,2.67205,2.70436,0.553974,0.549317,0.523653
2,10.2731215,2.35583,0.528158,0.528158,2.64666,2.65253,2.68488,-0.219063,-0.223374,-0.247073
2,10.2731215,3.9591,0.528158,0.528158,2.64666,2.65253,2.68488,0.98855,0.98366,0.956774
2,10.31798131,2.74847,0.513628,0.513628,2.63364,2.63952,2.67189,0.0865846,0.0821115,0.0575581
2,10.40770093,5.87321,0.485206,0.485206,2.60758,2.61349,2.64592,2.46763,2.46197,2.431
2,10.40770093,2.30675,0.485206,0.485206,2.60758,2.61349,2.64592,-0.22732,-0.231673,-0.255488
2,10.40770093,3.7955,0.485206,0.485206,2.60758,2.61349,2.64592,0.897635,0.892737,0.865935
2,10.40770093,3.35378,0.485206,0.485206,2.60758,2.61349,2.64592,0.563857,0.559121,0.533205
2,10.40770093,3.01022,0.485206,0.485206,2.60758,2.61349,2.64592,0.304252,0.299642,0.274415
2,10.47499065,2.53579,0.464464,0.464464,2.58804,2.59397,2.62645,-0.0395488,-0.0440165,-0.0684017
2,10.49742056,3.19018,0.457662,0.457662,2.58153,2.58747,2.61996,0.460908,0.456188,0.430445
2,10.51985047,4.46626,0.450916,0.450916,2.57502,2.58096,2.61347,1.43292,1.42772,1.39936
2,10.54228037,3.51738,0.444227,0.444227,2.56851,2.57446,2.60698,0.719314,0.714451,0.687969
2,10.632,1.86503,0.418049,0.418049,2.54246,2.54844,2.58102,-0.514643,-0.518931,-0.542209
2,10.65442991,1.01431,0.41165,0.41165,2.53595,2.54194,2.57453,-1.15661,-1.16059,-1.18216
2,10.92358879,2.53579,0.339557,0.339557,2.45785,2.46392,2.49668,0.0596287,0.0549514,0.0298224
2,10.94601869,4.15542,0.333947,0.333947,2.45134,2.45742,2.49019,1.3044,1.29909,1.27055
2,11.03573832,0.327198,0.312126,0.312126,2.42532,2.43143,2.46426,-1.60951,-1.61338,-1.63407
2,11.03573832,1.50511,0.312126,0.312126,2.42532,2.43143,2.46426,-0.705907,-0.710235,-0.733397
2,11.03573832,2.38855,0.312126,0.312126,2.42532,2.43143,2.46426,-0.028206,-0.0328791,-0.057889
2,11.08059813,1.66871,0.301588,0.301588,2.41231,2.41844,2.45129,-0.571047,-0.575459,-0.599033
2,11.14788785,1.42331,0.286249,0.286249,2.3928,2.39895,2.43184,-0.745733,-0.750077,-0.773241
2,11.17031776,2.19223,0.281261,0.281261,2.38629,2.39245,2.42536,-0.149357,-0.154016,-0.178837
2,11.19274766,1.79959,0.276334,0.276334,2.37979,2.38596,2.41888,-0.446779,-0.451293,-0.475321
2,11.26003738,2.58487,0.261926,0.261926,2.36029,2.36647,2.39943,0.173219,0.168361,0.142558
2,11.28246729,1.47239,0.257247,0.257247,2.35379,2.35998,2.39295,-0.680192,-0.684615,-0.708091
2,11.3048972,3.25562,0.25263,0.25263,2.34729,2.35349,2.38647,0.701368,0.696218,0.66891
2,11.39461682,2.91207,0.234772,0.234772,2.32129,2.32752,2.36056,0.457162,0.452106,0.42537
2,11.43947664,2.45399,0.226207,0.226207,2.30829,2.31454,2.3476,0.112867,0.107974,0.0821429
2,11.46190654,2.06135,0.222015,0.222015,2.3018,2.30805,2.34113,-0.186371,-0.191114,-0.216139
2,11.48433645,1.93047,0.217883,0.217883,2.2953,2.30156,2.33465,-0.282935,-0.287636,-0.312415
2,11.52919626,2.71575,0.209796,0.209796,2.28231,2.28858,2.3217,0.336512,0.331468,0.304918
2,11.52919626,4.38446,0.209796,0.209796,2.28231,2.28858,2.3217,1.63206,1.62633,1.59618
2,11.64134579,0.359918,0.190603,0.190603,2.24984,2.25614,2.28933,-1.47132,-1.47545,-1.49706
2,11.91050467,0.834356,0.150254,0.150254,2.17197,2.17836,2.21169,-1.04825,-1.05269,-1.07574
2,11.93293458,2.15951,0.147239,0.147239,2.16548,2.17188,2.20522,-0.00468291,-0.00969332,-0.035723
2,11.93293458,0.687117,0.147239,0.147239,2.16548,2.17188,2.20522,-1.1592,-1.16358,-1.18634
2,11.97779439,1.11247,0.141359,0.141359,2.15251,2.15892,2.19229,-0.816406,-0.820989,-0.844764
2,12.02265421,1.73415,0.13568,0.13568,2.13955,2.14597,2.17936,-0.318579,-0.32345,-0.348682
2,12.04508411,3.69734,0.132914,0.132914,2.13307,2.1395,2.1729,1.22996,1.22423,1.19457
2,12.11237383,1.96319,0.124904,0.124904,2.11362,2.12008,2.15352,-0.118481,-0.123494,-0.149388
2,12.17966355,1.45603,0.117313,0.117313,2.09419,2.10066,2.13414,-0.503444,-0.508268,-0.533132
2,12.24695327,2.84663,0.110128,0.110128,2.07476,2.08126,2.11476,0.60994,0.604473,0.576351
2,12.26938318,2.61759,0.10782,0.10782,2.06829,2.07479,2.10831,0.434307,0.428929,0.401285
2,12.38153271,3.28834,0.0969108,0.0969108,2.03593,2.04246,2.07604,0.992991,0.987256,0.957881
2,12.42639252,1.89775,0.0928299,0.0928299,2.023,2.02954,2.06314,-0.0994126,-0.104549,-0.130822
2,12.42639252,1.60327,0.0928299,0.0928299,2.023,2.02954,2.06314,-0.333154,-0.338159,-0.363757
2,12.47125234,2.09407,0.0889038,0.0889038,2.01006,2.01662,2.05024,0.0667555,0.0615091,0.034709
2,12.47125234,1.06339,0.0889038,0.0889038,2.01006,2.01662,2.05024,-0.752255,-0.757037,-0.781469
2,12.51611215,3.32106,0.0851279,0.0851279,1.99713,2.0037,2.03734,1.05322,1.04739,1.01769
2,12.53854206,2.20859,0.083295,0.083295,1.99067,1.99725,2.0309,0.173457,0.168126,0.140946
2,12.60583178,1.93047,0.078009,0.078009,1.97129,1.97788,2.01156,-0.0325421,-0.0377808,-0.0644315
2,12.6955514,0.736196,0.0714376,0.0714376,1.94546,1.95208,1.9858,-0.966312,-0.971046,-0.995064
2,12.91985047,1.79959,0.057179,0.057179,1.88096,1.88764,1.92146,-0.0653868,-0.0707184,-0.0975884
2,12.91985047,0.916155,0.057179,0.057179,1.88096,1.88764,1.92146,-0.775312,-0.780229,-0.805011
2,12.98714019,4.33538,0.0534494,0.0534494,1.86163,1.86834,1.90218,1.99125,1.98469,1.95169
2,13.05442991,1.66871,0.0499492,0.0499492,1.84232,1.84904,1.88291,-0.139984,-0.145319,-0.1721
2,13.05442991,4.5317,0.0499492,0.0499492,1.84232,1.84904,1.88291,2.16849,2.1618,2.12819
2,13.18900935,0.458078,0.0435882,0.0435882,1.80373,1.81049,1.84441,-1.08871,-1.09353,-1.11762
2,13.23386916,2.38855,0.0416445,0.0416445,1.79088,1.79765,1.83158,0.48409,0.478321,0.449513
2,13.25629907,0.539877,0.0407039,0.0407039,1.78446,1.79124,1.82517,-1.00864,-1.01353,-1.03792
2,13.30115888,3.58282,0.0388831,0.0388831,1.77162,1.77841,1.81236,1.46951,1.46313,1.43131
2,13.3908785,2.02863,0.0354726,0.0354726,1.74596,1.75277,1.78675,0.229866,0.224193,0.19599
2,13.41330841,3.76278,0.0346659,0.0346659,1.73954,1.74636,1.78035,1.6462,1.63967,1.6072
2,13.41330841,4.08998,0.0346659,0.0346659,1.73954,1.74636,1.78035,1.91242,1.90573,1.87247
2,13.45816822,2.65031,0.033105,0.033105,1.72673,1.73355,1.76755,0.75232,0.746308,0.716475
2,13.48059813,0.556237,0.0323501,0.0323501,1.72032,1.72715,1.76116,-0.948766,-0.953757,-0.978509
2,13.52545794,2.14315,0.0308899,0.0308899,1.70751,1.71436,1.74837,0.35546,0.349663,0.320957
2,13.74975701,1.40695,0.0244936,0.0244936,1.6436,1.6505,1.68456,-0.194194,-0.199731,-0.226979
2,13.81704673,0.997955,0.0228396,0.0228396,1.62447,1.63138,1.66545,-0.515,-0.52036,-0.546691
2,13.99648598,0.719836,0.0189433,0.0189433,1.57355,1.5805,1.6146,-0.704968,-0.710264,-0.736153
2,14.0637757,1.55419,0.0176566,0.0176566,1.55449,1.56146,1.59556,-0.000248277,-0.00600486,-0.0340946
2,14.24321495,0.0981595,0.0146296,0.0146296,1.5038,1.5108,1.54491,-1.16805,-1.17312,-1.19776
2,14.24321495,2.43763,0.0146296,0.0146296,1.5038,1.5108,1.54491,0.775983,0.769681,0.739077
2,14.31050467,2.78119,0.0136313,0.0136313,1.48484,1.49185,1.52596,1.07907,1.07256,1.04097
2,14.4002243,2.87935,0.0124038,0.0124038,1.4596,1.46663,1.50073,1.18449,1.17788,1.1459
2,14.4002243,4.05726,0.0124038,0.0124038,1.4596,1.46663,1.50073,2.16723,2.15999,2.12499
2,14.44508411,0.196319,0.0118316,0.0118316,1.44701,1.45404,1.48814,-1.04464,-1.04985,-1.07499
2,14.44508411,1.01431,0.0118316,0.0118316,1.44701,1.45404,1.48814,-0.361408,-0.367047,-0.394292
2,14.44508411,1.37423,0.0118316,0.0118316,1.44701,1.45404,1.48814,-0.0607834,-0.066615,-0.0947862
2,14.53480374,2.73211,0.0107642,0.0107642,1.42185,1.42889,1.46298,1.09691,1.09031,1.05851
2,14.64695327,1.22699,0.00956283,0.00956283,1.39048,1.39754,1.43161,-0.137259,-0.143097,-0.171149
2,14.87125234,1.79959,0.00754404,0.00754404,1.32805,1.33513,1.36914,0.398162,0.391921,0.362097
2,14.98340187,0.179959,0.00669931,0.00669931,1.29699,1.30409,1.33805,-0.945889,-0.951279,-0.976967
2,15.02826168,1.79959,0.00638832,0.00638832,1.2846,1.2917,1.32564,0.436589,0.430286,0.400279
2,15.0955514,1.86503,0.00594852,0.00594852,1.26605,1.27316,1.30707,0.50866,0.502295,0.472041
2,15.25256075,3.68098,0.00503581,0.00503581,1.22295,1.23006,1.26388,2.09572,2.08828,2.05303
2,15.27499065,0.572597,0.00491733,0.00491733,1.21681,1.22393,1.25773,-0.54957,-0.555274,-0.58227
2,15.29742056,1.68507,0.00480162,0.00480162,1.21068,1.2178,1.25159,0.404926,0.398588,0.36861
2,15.38714019,1.86503,0.00436524,0.00436524,1.18622,1.19334,1.22706,0.580734,0.574263,0.543724
2,15.47685981,0.883436,0.00396834,0.00396834,1.16185,1.16897,1.20262,-0.238727,-0.244669,-0.272654
2,15.52171963,2.81391,0.00378357,0.00378357,1.1497,1.15682,1.19044,1.4286,1.42154,1.38835
2,15.90302804,1.66871,0.00252198,0.00252198,1.04757,1.05466,1.08788,0.538335,0.531832,0.501494
2,16.08246729,1.81595,0.00208336,0.00208336,1.00028,1.00735,1.04032,0.710094,0.70347,0.672686
2,16.26190654,2.56851,0.00172088,0.00172088,0.953558,0.960591,0.993282,1.41216,1.40507,1.37224
2,16.30676636,1.97955,0.00164056,0.00164056,0.941972,0.948995,0.981609,0.908292,0.901541,0.870311
3,0,0.620408,5.13856,5.13856,6.40177,6.40274,6.79801,-3.33064,-3.331,-3.47275
3,2.018691589,4.5551,4.20265,4.20265,5.89366,5.89923,6.26848,-0.796489,-0.799516,-0.995388
3,2.041121495,2.61224,4.19225,4.19225,5.88802,5.89364,6.2626,-1.94991,-1.95254,-2.12146
3,3.005607477,5.24082,3.74512,3.74512,5.64526,5.65307,6.00944,-0.244586,-0.249185,-0.453957
3,3.857943925,3.72245,3.35006,3.35006,5.43073,5.44049,5.78569,-1.04786,-1.05316,-1.23633
3,4.014953271,2.1551,3.2773,3.2773,5.39121,5.40132,5.74447,-1.99027,-1.99514,-2.1566
3,4.014953271,3.2,3.2773,3.2773,5.39121,5.40132,5.74447,-1.34764,-1.35294,-1.5288
3,4.037383178,5.01224,3.2669,3.2669,5.38556,5.39573,5.73858,-0.229683,-0.23578,-0.436573
3,4.351401869,3.82041,3.1214,3.1214,5.30652,5.31741,5.65614,-0.919194,-0.92525,-1.10936
3,5.001869159,3.11837,2.82015,2.82015,5.1428,5.15517,5.48537,-1.26609,-1.27276,-1.44665
3,5.136448598,5.8449,2.75785,2.75785,5.10893,5.1216,5.45003,0.461343,0.453007,0.241898
3,5.226168224,1.94286,2.71633,2.71633,5.08635,5.09922,5.42648,-1.97353,-1.97988,-2.13746
3,5.45046729,4.81633,2.61256,2.61256,5.02989,5.04328,5.36759,-0.134597,-0.142904,-0.339575
3,5.876635514,3.59184,2.41558,2.41558,4.92263,4.93698,5.2557,-0.84493,-0.853201,-1.03266
3,5.943925234,4.70204,2.38451,2.38451,4.90569,4.9202,5.23803,-0.129449,-0.138535,-0.333057
3,6.011214953,4.3102,2.35344,2.35344,4.88875,4.90342,5.22037,-0.368186,-0.377137,-0.566236
3,6.03364486,6.33469,2.34309,2.34309,4.88311,4.89782,5.21448,0.924146,0.913846,0.697193
3,6.347663551,4.60408,2.19828,2.19828,4.80407,4.8195,5.13203,-0.128022,-0.137753,-0.330425
3,6.841121495,5.12653,1.97139,1.97139,4.67987,4.69642,5.00247,0.288421,0.277409,0.0783335
3,6.908411215,6.12245,1.94054,1.94054,4.66293,4.67964,4.98481,0.943571,0.931675,0.719214
3,6.998130841,4.19592,1.89944,1.89944,4.64035,4.65726,4.96125,-0.287781,-0.298377,-0.484624
3,7.020560748,6.17143,1.88918,1.88918,4.63471,4.65167,4.95536,0.995459,0.983296,0.770352
3,7.042990654,5.40408,1.87891,1.87891,4.62906,4.64608,4.94947,0.502243,0.490629,0.288102
3,7.155140187,7.77143,1.82764,1.82764,4.60083,4.6181,4.92003,2.05876,2.04505,1.81071
3,7.244859813,4.76735,1.78669,1.78669,4.57825,4.59573,4.89647,0.122981,0.111479,-0.08213
3,7.289719626,6.85714,1.76624,1.76624,4.56696,4.58454,4.88469,1.49065,1.47737,1.25561
3,7.334579439,5.81224,1.74581,1.74581,4.55567,4.57335,4.87291,0.81854,0.806015,0.598443
3,7.334579439,4.44082,1.74581,1.74581,4.55567,4.57335,4.87291,-0.0748163,-0.0862245,-0.275287
3,7.379439252,4.01633,1.72539,1.72539,4.54438,4.56216,4.86114,-0.344252,-0.355396,-0.538663
3,7.446728972,6.23673,1.6948,1.6948,4.52744,4.54538,4.84347,1.11567,1.10256,0.889456
3,7.648598131,4.81633,1.60331,1.60331,4.47663,4.49503,4.79047,0.222523,0.210198,0.0165691
3,7.693457944,6.44898,1.58304,1.58304,4.46534,4.48384,4.77869,1.30047,1.28665,1.07112
3,7.85046729,4.76735,1.51231,1.51231,4.42583,4.44468,4.73747,0.224533,0.211852,0.019217
3,7.962616822,6.80816,1.46201,1.46201,4.3976,4.41671,4.70802,1.58803,1.57329,1.35344
3,8.007476636,5.74694,1.44194,1.44194,4.38631,4.40552,4.69624,0.89708,0.883198,0.677684
3,8.007476636,3.6898,1.44194,1.44194,4.38631,4.40552,4.69624,-0.459219,-0.471237,-0.649144
3,8.007476636,5.3551,1.44194,1.44194,4.38631,4.40552,4.69624,0.638737,0.625211,0.424955
3,8.142056075,8.26122,1.38196,1.38196,4.35244,4.37195,4.66091,2.58338,2.56688,2.32792
3,8.231775701,4.5551,1.34217,1.34217,4.32986,4.34958,4.63735,0.149111,0.135863,-0.0532705
3,8.321495327,5.48571,1.30256,1.30256,4.30727,4.3272,4.6138,0.781386,0.767072,0.565644
3,8.343925234,4.32653,1.29268,1.29268,4.30163,4.32161,4.60791,0.0165183,0.00326224,-0.182615
3,8.456074766,5.9102,1.24349,1.24349,4.2734,4.29363,4.57846,1.08797,1.07295,0.866107
3,8.747663551,4.75102,1.11726,1.11726,4.20001,4.22091,4.50191,0.368201,0.353701,0.162895
3,8.882242991,3.98367,1.05995,1.05995,4.16614,4.18735,4.46657,-0.122233,-0.136226,-0.31656
3,8.94953271,6.66122,1.03156,1.03156,4.14921,4.17056,4.4489,1.68483,1.66791,1.4521
3,9.01682243,4.8,1.00336,1.00336,4.13227,4.15378,4.43124,0.448405,0.433281,0.242349
3,9.039252336,5.9102,0.994005,0.994005,4.12663,4.14819,4.42535,1.19823,1.18189,0.976252
3,9.039252336,4.60408,0.994005,0.994005,4.12663,4.14819,4.42535,0.320761,0.305796,0.117512
3,9.151401869,7.72245,0.947572,0.947572,4.0984,4.12022,4.3959,2.43972,2.42117,2.19172
3,9.218691589,3.80408,0.920008,0.920008,4.08147,4.10343,4.37824,-0.186967,-0.20145,-0.378767
3,9.285981308,5.06122,0.892681,0.892681,4.06453,4.08665,4.36057,0.672644,0.656649,0.462804
3,9.330841121,6.22041,0.874601,0.874601,4.05324,4.07546,4.34879,1.46378,1.44641,1.23731
3,9.353271028,5.32245,0.865604,0.865604,4.0476,4.06987,4.3429,0.861437,0.845004,0.647842
3,9.375700935,4.39184,0.856637,0.856637,4.04195,4.06428,4.33701,0.236521,0.221067,0.036273
3,9.487850467,6.26939,0.812256,0.812256,4.01373,4.03631,4.30757,1.52799,1.51018,1.30079
3,9.66728972,4.34286,0.742964,0.742964,3.96857,3.99155,4.26046,0.254391,0.238362,0.0548206
3,9.846728972,4.71837,0.676033,0.676033,3.92341,3.9468,4.21335,0.542112,0.525246,0.337144
3,9.958878505,5.02857,0.635528,0.635528,3.89518,3.91883,4.1839,0.774519,0.757026,0.565097
3,10.00373832,6.92245,0.619633,0.619633,3.88389,3.90765,4.17213,2.07819,2.0583,1.84159
3,10.02616822,4.35918,0.611753,0.611753,3.87825,3.90205,4.16624,0.329069,0.312228,0.12925
3,10.02616822,5.51837,0.611753,0.611753,3.87825,3.90205,4.16624,1.12221,1.10397,0.905761
3,10.11588785,7.24898,0.580699,0.580699,3.85567,3.87968,4.14268,2.3257,2.30512,2.08441
3,10.22803738,3.80408,0.54297,0.54297,3.82744,3.85171,4.11324,-0.0160455,-0.0326519,-0.2079
3,10.2953271,5.1102,0.520939,0.520939,3.81051,3.83493,4.09557,0.893787,0.875397,0.683194
3,10.34018692,5.20816,0.506513,0.506513,3.79922,3.82374,4.08379,0.969734,0.951113,0.757737
3,10.38504673,3.15102,0.492301,0.492301,3.78793,3.81255,4.07202,-0.438737,-0.454859,-0.621217
3,10.45233645,4.63673,0.471391,0.471391,3.771,3.79577,4.05435,0.597123,0.578959,0.39333
3,10.65420561,4.70204,0.411714,0.411714,3.7202,3.74543,4.00135,0.679794,0.661067,0.475078
3,10.69906542,4.13061,0.399093,0.399093,3.70891,3.73424,3.98958,0.292222,0.274142,0.0957078
3,10.74392523,3.4449,0.386712,0.386712,3.69762,3.72306,3.9778,-0.175272,-0.192545,-0.361945
3,10.85607477,6.07347,0.356816,0.356816,3.6694,3.69509,3.94836,1.67088,1.64982,1.44651
3,10.94579439,4.21224,0.334002,0.334002,3.64682,3.67272,3.9248,0.393655,0.37489,0.195997
3,10.99065421,5.42041,0.322967,0.322967,3.63553,3.66153,3.91303,1.24371,1.22319,1.02873
3,11.01308411,5.99184,0.317542,0.317542,3.62989,3.65594,3.90714,1.64652,1.62515,1.42335
3,11.03551402,4.81633,0.312179,0.312179,3.62424,3.65034,3.90125,0.83136,0.811552,0.62505
3,11.14766355,6.38367,0.286299,0.286299,3.59602,3.62238,3.87181,1.94828,1.926,1.71951
3,11.23738318,2.48163,0.266715,0.266715,3.57344,3.6,3.84825,-0.764373,-0.781388,-0.937167
3,11.28224299,4.65306,0.257294,0.257294,3.56216,3.58882,3.83648,0.764395,0.744202,0.56047
3,11.3271028,3.65714,0.248119,0.248119,3.55087,3.57763,3.8247,0.0745305,0.0556476,-0.115105
3,11.37196262,2.13878,0.239189,0.239189,3.53958,3.56645,3.81292,-0.983232,-1.00004,-1.15109
3,11.41682243,4.16327,0.230502,0.230502,3.52829,3.55526,3.80115,0.446075,0.426252,0.2492
3,11.6635514,2.67755,0.186974,0.186974,3.46621,3.49374,3.73638,-0.55668,-0.574897,-0.7322
3,11.68598131,3.2,0.183364,0.183364,3.46057,3.48815,3.73049,-0.184003,-0.203048,-0.367006
3,11.73084112,2.38367,0.176313,0.176313,3.44928,3.47696,3.71871,-0.753143,-0.771067,-0.924435
3,11.86542056,3.36327,0.156473,0.156473,3.41542,3.44341,3.68338,-0.0369571,-0.0566666,-0.222254
3,11.93271028,4.94694,0.147268,0.147268,3.39849,3.42663,3.66572,1.09869,1.07639,0.890722
3,12,3.78776,0.138523,0.138523,3.38156,3.40985,3.64806,0.28859,0.267904,0.097251
3,12.02242991,6.22041,0.135708,0.135708,3.37592,3.40426,3.64217,2.02181,1.99729,1.79563
3,12.04485981,3.08571,0.132941,0.132941,3.37027,3.39867,3.63628,-0.202347,-0.22205,-0.383614
3,12.11214953,5.64898,0.12493,0.12493,3.35334,3.38189,3.61862,1.63454,1.61066,1.41658
3,12.22429907,2.51429,0.112503,0.112503,3.32513,3.35393,3.58918,-0.578601,-0.597818,-0.751628
3,12.29158879,4.88163,0.105578,0.105578,3.3082,3.33715,3.57151,1.12425,1.10108,0.917343
3,12.31401869,5.19184,0.103354,0.103354,3.30256,3.33156,3.56563,1.35052,1.32679,1.13918
3,12.3364486,2.82449,0.101173,0.101173,3.29691,3.32597,3.55974,-0.337852,-0.357823,-0.515283
3,12.3588785,2.30204,0.0990319,0.0990319,3.29127,3.32038,3.55385,-0.707754,-0.726933,-0.877696
3,12.44859813,4.73469,0.0908674,0.0908674,3.2687,3.29801,3.5303,1.0507,1.02735,0.845968
3,12.65046729,2.36735,0.0746735,0.0746735,3.21792,3.24769,3.47732,-0.612042,-0.63199,-0.782811
3,12.6728972,3.46122,0.0730471,0.0730471,3.21228,3.2421,3.47143,0.179212,0.157379,-0.00719939
3,12.74018692,3.05306,0.0683614,0.0683614,3.19535,3.22532,3.45377,-0.102568,-0.123881,-0.283111
3,12.87476636,3.00408,0.0598127,0.0598127,3.1615,3.19178,3.41844,-0.113775,-0.135335,-0.293556
3,12.94205607,4.08163,0.0559221,0.0559221,3.14458,3.175,3.40078,0.678162,0.654575,0.483006
3,12.98691589,4.44082,0.0534614,0.0534614,3.13329,3.16382,3.38901,0.947115,0.922783,0.746848
3,13.00934579,4.57143,0.0522696,0.0522696,3.12765,3.15823,3.38312,1.04628,1.02166,0.844154
3,13.0317757,2.62857,0.0511027,0.0511027,3.12201,3.15264,3.37724,-0.357745,-0.379037,-0.532082
3,13.16635514,4.60408,0.0446023,0.0446023,3.08816,3.1191,3.34192,1.10198,1.07686,0.899485
3,13.23364486,2.10612,0.041654,0.041654,3.07124,3.10233,3.32426,-0.702524,-0.723373,-0.869295
3,13.30093458,3.55918,0.038892,0.038892,3.05432,3.08556,3.3066,0.367991,0.344369,0.1805
3,13.30093458,2.35102,0.038892,0.038892,3.05432,3.08556,3.3066,-0.512628,-0.534076,-0.682863
3,13.32336449,3.13469,0.0380109,0.0380109,3.04868,3.07997,3.30071,0.0627239,0.0398082,-0.118692
3,13.3682243,2.93878,0.0363056,0.0363056,3.0374,3.06879,3.28894,-0.0719812,-0.0946568,-0.250573
3,13.45794393,3.98367,0.0331126,0.0331126,3.01484,3.04643,3.26539,0.708392,0.683575,0.514935
3,13.65981308,5.33e-15,0.0268873,0.0268873,2.96408,2.99613,3.21242,-2.17605,-2.19396,-2.31254
3,13.68224299,2.17143,0.0262699,0.0262699,2.95844,2.99054,3.20654,-0.578036,-0.600074,-0.74549
3,13.74953271,1.69796,0.0244993,0.0244993,2.94152,2.97377,3.18888,-0.914594,-0.935901,-1.07526
3,13.86168224,0.897959,0.021803,0.021803,2.91333,2.94583,3.15945,-1.48558,-1.50562,-1.63477
3,13.92897196,3.57551,0.0203265,0.0203265,2.89641,2.92907,3.1418,0.50126,0.475909,0.313952
3,13.99626168,3.5102,0.0189478,0.0189478,2.8795,2.9123,3.12414,0.466174,0.440763,0.279847
3,14.01869159,1.50204,0.0185089,0.0185089,2.87386,2.90672,3.11826,-1.01441,-1.03597,-1.17211
3,14.0411215,2.69388,0.0180799,0.0180799,2.86822,2.90113,3.11237,-0.128979,-0.152919,-0.303642
3,14.13084112,5.30612,0.0164594,0.0164594,2.84567,2.87878,3.08884,1.82355,1.79422,1.61175
3,14.24299065,1.6,0.0146331,0.0146331,2.81748,2.85085,3.05942,-0.904382,-0.926668,-1.06332
3,14.28785047,3.88571,0.0139596,0.0139596,2.80621,2.83967,3.04765,0.802618,0.775641,0.611182
3,14.33271028,2.77551,0.0133168,0.0133168,2.79494,2.8285,3.03588,-0.0144565,-0.039327,-0.190058
3,14.44485981,4.27755,0.0118344,0.0118344,2.76676,2.80057,3.00646,1.12688,1.09865,0.930012
3,14.64672897,2.25306,0.0095651,0.0095651,2.71604,2.7503,2.95351,-0.346752,-0.371381,-0.514664
3,14.69158879,5.07755,0.00912247,0.00912247,2.70477,2.73914,2.94175,1.77876,1.7481,1.57078
3,14.93831776,2.93878,0.00702698,0.00702698,2.6428,2.67772,2.87705,0.223006,0.196136,0.0456339
3,14.98317757,3.10204,0.0067009,0.0067009,2.63153,2.66655,2.86528,0.354834,0.327486,0.175193
3,15.00560748,1.19184,0.00654354,0.00654354,2.6259,2.66097,2.8594,-1.082,-1.10528,-1.23454
3,15.05046729,1.51837,0.00623973,0.00623973,2.61464,2.6498,2.84764,-0.827901,-0.852,-0.985025
3,15.11775701,5.38776,0.00581008,0.00581008,2.59774,2.63306,2.83,2.10994,2.0772,1.89806
3,15.25233645,1.76327,0.00503701,0.00503701,2.56396,2.59957,2.79472,-0.607208,-0.63236,-0.767605
3,15.29719626,2.98776,0.00480276,0.00480276,2.5527,2.58841,2.78296,0.330234,0.302233,0.152553
3,15.36448598,1.25714,0.00447155,0.00447155,2.53581,2.57167,2.76532,-0.971936,-0.996245,-1.12506
3,15.4317757,3.96735,0.00416307,0.00416307,2.51892,2.55494,2.74768,1.10251,1.0719,0.911136
3,15.67850467,0.0163265,0.00320258,0.00320258,2.45702,2.49358,2.68303,-1.86737,-1.8896,-2.00265
3,15.92523364,2.59592,0.00246306,0.00246306,2.39516,2.43225,2.61839,0.154398,0.125478,-0.0169668
3,16.1271028,0.881633,0.00198664,0.00198664,2.34456,2.3821,2.56552,-1.12985,-1.1552,-1.27682
3,16.21682243,1.24082,0.00180556,0.00180556,2.32208,2.35982,2.54203,-0.836665,-0.863122,-0.988569
3,16.30654206,2.85714,0.00164095,0.00164095,2.29961,2.33754,2.51855,0.432223,0.401537,0.257741
3,16.35140187,0.914286,0.00156435,0.00156435,2.28838,2.3264,2.5068,-1.06627,-1.09227,-1.21341
3,16.4635514,2.84082,0.00138811,0.00138811,2.2603,2.29857,2.47745,0.451538,0.420414,0.277537
3,16.66542056,2.74286,0.00111935,0.00111935,2.20979,2.24848,2.42464,0.416412,0.384919,0.244126
3,16.97943925,0.163265,0.000800811,0.000800811,2.13128,2.17065,2.34253,-1.54765,-1.57331,-1.68338
3,17.00186916,2.17143,0.00078188,0.00078188,2.12568,2.16509,2.33667,0.035994,0.00497097,-0.127702
3,17.11401869,2.23673,0.000693724,0.000693724,2.09767,2.13731,2.30736,0.109675,0.0781441,-0.0547178
3,17.20373832,0.555102,0.000630406,0.000630406,2.07527,2.1151,2.28392,-1.20122,-1.22849,-1.34204
3,17.29345794,0.457143,0.000572863,0.000572863,2.05289,2.0929,2.26049,-1.26336,-1.2906,-1.40266
3,17.29345794,1.95918,0.000572863,0.000572863,2.05289,2.0929,2.26049,-0.0741846,-0.105502,-0.234362
3,17.31588785,3.2,0.000559317,0.000559317,2.04729,2.08735,2.25464,0.913047,0.878285,0.735677
3,17.42803738,2.67755,0.00049624,0.00049624,2.01932,2.05962,2.22536,0.522632,0.48894,0.352767
3,18.03364486,1.81224,0.00026003,0.00026003,1.86864,1.91014,2.06749,-0.0453651,-0.0784656,-0.201828
3,18.12336449,4.5551,0.000236285,0.000236285,1.84637,1.88804,2.04414,2.18332,2.14191,1.98944
3,18.23551402,0.555102,0.00020963,0.00020963,1.81856,1.86044,2.01497,-1.02087,-1.05085,-1.15957
3,18.37009346,1.30612,0.000181581,0.000181581,1.78522,1.82736,1.97999,-0.388245,-0.420832,-0.536875
3,18.43738318,2.20408,0.000168996,0.000168996,1.76856,1.81083,1.96251,0.353451,0.317965,0.19275
3,18.95327103,2.04082,9.7437e-05,9.7437e-05,1.64129,1.68446,1.82879,0.327926,0.291365,0.171163
3,19.13271028,2.57959,8.04519e-05,8.04519e-05,1.59721,1.64068,1.78241,0.809504,0.77068,0.646171
3,19.26728972,0.359184,6.96858e-05,6.96858e-05,1.56422,1.60791,1.74769,-0.995919,-1.02799,-1.12894
3,19.44672897,1.63265,5.7538e-05,5.7538e-05,1.52036,1.56432,1.70146,0.093177,0.0564767,-0.0561747
3,20.43364486,1.66531,2.00636e-05,2.00636e-05,1.28195,1.3271,1.44933,0.325074,0.2856,0.18036
4,0,1.95122,5.13856,5.13856,7.24785,7.15666,6.82528,-2.89786,-2.86349,-2.7354
4,0.993314231,2.05765,4.67804,4.67804,7.16028,7.16049,7.01984,-2.80633,-2.80641,-2.7522
4,1.107927412,5.62306,4.6249,4.6249,7.13385,7.14437,7.0317,-0.832214,-0.837481,-0.780722
4,1.184336199,0.922395,4.58947,4.58947,7.11463,7.13179,7.03817,-3.41491,-3.42086,-3.38827
4,1.222540592,4.25721,4.57176,4.57176,7.10457,7.12497,7.04096,-1.57122,-1.58054,-1.542
4,1.910219675,7.34368,4.25294,4.25294,6.88019,6.94811,7.03774,0.259249,0.220351,0.169502
4,1.986628462,4.00887,4.21752,4.21752,6.85118,6.92302,7.03096,-1.59264,-1.62578,-1.67503
4,2.101241643,5.81818,4.16438,4.16438,6.8065,6.88374,7.0184,-0.555298,-0.595882,-0.66574
4,2.17765043,4.00887,4.12896,4.12896,6.776,6.85652,7.00845,-1.55764,-1.59511,-1.66481
4,2.215854823,2.80266,4.11124,4.11124,6.76055,6.84262,7.00301,-2.23004,-2.2649,-2.33202
4,2.215854823,4.47007,4.11124,4.11124,6.76055,6.84262,7.00301,-1.29056,-1.33011,-1.40628
4,2.521489971,3.051,3.96955,3.96955,6.63282,6.72522,6.94868,-2.03406,-2.0747,-2.1711
4,2.903533906,8.26608,3.79244,3.79244,6.465,6.56599,6.856,1.03351,0.969452,0.789876
4,3.018147087,4.82483,3.73931,3.73931,6.41332,6.51613,6.82345,-0.914468,-0.967429,-1.12178
4,3.094555874,6.56319,3.70389,3.70389,6.3786,6.48245,6.80065,0.1065,0.0462805,-0.133467
4,3.132760267,6.17295,3.68618,3.68618,6.36116,6.46549,6.78894,-0.108705,-0.167864,-0.346474
4,3.209169054,4.15078,3.65076,3.65076,6.32614,6.43134,6.76492,-1.25919,-1.31141,-1.47252
4,3.209169054,4.66519,3.65076,3.65076,6.32614,6.43134,6.76492,-0.961429,-1.0156,-1.18276
4,3.209169054,6.03104,3.65076,3.65076,6.32614,6.43134,6.76492,-0.170816,-0.230186,-0.413387
4,3.896848138,8.26608,3.33203,3.33203,6.00451,6.11347,6.51872,1.33613,1.26292,0.999333
4,3.915950334,7.18404,3.32318,3.32318,5.99545,6.10444,6.51125,0.702625,0.633756,0.384951
4,4.011461318,6.29712,3.27892,3.27892,5.95008,6.05915,6.47351,0.205749,0.1401,-0.101163
4,4.087870105,8.2306,3.24351,3.24351,5.9137,6.02278,6.44285,1.37685,1.30285,1.02728
4,4.106972302,7.55654,3.23466,3.23466,5.9046,6.01367,6.43512,0.982269,0.91099,0.644702
4,4.183381089,7.73392,3.19925,3.19925,5.86813,5.97716,6.404,1.11204,1.03972,0.766065
4,4.240687679,7.27273,3.1727,3.1727,5.84075,5.94972,6.38042,0.855001,0.784391,0.514746
4,4.240687679,4.50554,3.1727,3.1727,5.84075,5.94972,6.38042,-0.797221,-0.856228,-1.08156
4,4.508118434,7.94678,3.0488,3.0488,5.71256,5.82099,6.2681,1.34519,1.27089,0.975252
4,4.508118434,6.38581,3.0488,3.0488,5.71256,5.82099,6.2681,0.405353,0.337671,0.0683819
4,4.699140401,7.50333,2.96032,2.96032,5.62067,5.72851,6.1859,1.14038,1.06748,0.769368
4,4.890162369,8.54989,2.87187,2.87187,5.52857,5.63568,6.10237,1.84126,1.76348,1.43696
4,4.928366762,7.57428,2.85418,2.85418,5.51013,5.61707,6.08552,1.25948,1.18582,0.875001
4,5.023877746,6.40355,2.80996,2.80996,5.464,5.57052,6.04323,0.575045,0.506261,0.212347
4,5.062082139,7.25499,2.79227,2.79227,5.44553,5.55188,6.02624,1.10883,1.03632,0.724929
4,5.11938873,8.08869,2.76575,2.76575,5.41783,5.5239,6.00069,1.63972,1.56353,1.23389
4,5.17669532,7.5388,2.73923,2.73923,5.39011,5.49591,5.97507,1.32159,1.24769,0.925603
4,5.214899713,6.7051,2.72154,2.72154,5.37162,5.47724,5.95794,0.821191,0.750843,0.442745
4,5.23400191,6.26164,2.71271,2.71271,5.36238,5.4679,5.94936,0.554133,0.48568,0.185148
4,5.520534862,6.29712,2.58016,2.58016,5.22359,5.32759,5.81988,0.667726,0.598827,0.285331
4,5.539637058,5.10865,2.57132,2.57132,5.21433,5.31822,5.8112,-0.0657726,-0.129525,-0.420285
4,5.711556829,6.52772,2.49185,2.49185,5.13095,5.23387,5.73282,0.874251,0.8042,0.477965
4,5.902578797,7.60976,2.4036,2.4036,5.03824,5.14004,5.64527,1.61975,1.54487,1.18802
4,5.921680993,6.86475,2.39478,2.39478,5.02897,5.13065,5.6365,1.15706,1.08541,0.743211
4,6.036294174,7.41463,2.34187,2.34187,4.97332,5.0743,5.58376,1.54461,1.4705,1.11172
4,6.074498567,5.42794,2.32423,2.32423,4.95476,5.05551,5.56615,0.29976,0.234307,-0.084021
4,6.074498567,5.14412,2.32423,2.32423,4.95476,5.05551,5.56615,0.119963,0.0557482,-0.256554
4,6.112702961,8.42572,2.30661,2.30661,4.9362,5.03672,5.54853,2.21345,2.1349,1.75111
4,6.189111748,5.39246,2.27136,2.27136,4.89908,4.99913,5.51325,0.31376,0.248418,-0.0736889
4,6.227316141,6.95344,2.25375,2.25375,4.88052,4.98033,5.4956,1.31995,1.24778,0.890387
4,6.227316141,5.78271,2.25375,2.25375,4.88052,4.98033,5.4956,0.574474,0.507415,0.175353
4,6.227316141,5.85366,2.25375,2.25375,4.88052,4.98033,5.4956,0.619654,0.552285,0.218688
4,6.532951289,4.64745,2.11297,2.11297,4.73198,4.82985,5.35399,-0.0543817,-0.116552,-0.435622
4,6.532951289,5.60532,2.11297,2.11297,4.73198,4.82985,5.35399,0.561888,0.495529,0.154958
4,6.723973257,5.21508,2.02516,2.02516,4.6391,4.73574,5.26522,0.372993,0.308315,-0.0311007
4,6.914995224,5.78271,1.93752,1.93752,4.5462,4.64159,5.17629,0.806008,0.738835,0.378397
4,6.914995224,5.56984,1.93752,1.93752,4.5462,4.64159,5.17629,0.667257,0.601015,0.245576
4,7.029608405,6.03104,1.88503,1.88503,4.49045,4.58509,5.12286,1.00821,0.939946,0.568754
4,7.067812798,6.13747,1.86756,1.86756,4.47187,4.56625,5.10504,1.09146,1.02274,0.647351
4,7.067812798,5.78271,1.86756,1.86756,4.47187,4.56625,5.10504,0.858985,0.791812,0.424906
4,7.106017192,7.84035,1.85009,1.85009,4.45328,4.54741,5.08722,2.22247,2.1463,1.72836
4,7.182425979,4.75388,1.81518,1.81518,4.41611,4.50974,5.05156,0.222221,0.159555,-0.187333
4,7.220630372,5.35698,1.79775,1.79775,4.39753,4.4909,5.03372,0.632075,0.566773,0.203679
4,7.220630372,4.50554,1.79775,1.79775,4.39753,4.4909,5.03372,0.0711605,0.00958423,-0.332796
4,7.258834766,4.36364,1.78032,1.78032,4.37894,4.47206,5.01589,-0.0100942,-0.0710467,-0.411471
4,7.526265521,6.102,1.6587,1.6587,4.24882,4.34016,4.89092,1.23398,1.16546,0.770609
4,7.526265521,4.32816,1.6587,1.6587,4.24882,4.34016,4.89092,0.0528294,-0.00793561,-0.358085
4,7.698185291,7.04213,1.58091,1.58091,4.16517,4.25535,4.81051,1.92736,1.85477,1.42792
4,7.908309456,6.91796,1.48634,1.48634,4.06291,4.15168,4.71217,1.92703,1.85503,1.42111
4,7.908309456,4.39911,1.48634,1.48634,4.06291,4.15168,4.71217,0.22692,0.165924,-0.201694
4,8.022922636,4.61197,1.43504,1.43504,4.00714,4.09513,4.65851,0.409914,0.348022,-0.0300951
4,8.022922636,4.15078,1.43504,1.43504,4.00714,4.09513,4.65851,0.0973479,0.0374682,-0.32835
4,8.06112703,4.39911,1.41799,1.41799,3.98855,4.07628,4.64062,0.278635,0.217683,-0.156378
4,8.099331423,4.89579,1.40097,1.40097,3.96995,4.05743,4.62273,0.629188,0.56608,0.177033
4,8.099331423,5.03769,1.40097,1.40097,3.96995,4.05743,4.62273,0.725626,0.661899,0.269035
4,8.213944604,4.18625,1.35007,1.35007,3.91418,4.00088,4.56904,0.185666,0.125691,-0.249114
4,8.213944604,3.08647,1.35007,1.35007,3.91418,4.00088,4.56904,-0.564824,-0.620004,-0.964839
4,8.213944604,3.33481,1.35007,1.35007,3.91418,4.00088,4.56904,-0.395359,-0.451621,-0.803224
4,8.2330468,4.5765,1.34161,1.34161,3.90488,3.99145,4.56009,0.45863,0.396959,0.0106828
4,8.519579752,4.77162,1.21578,1.21578,3.76543,3.85006,4.42583,0.694284,0.631875,0.227342
4,8.538681948,4.68293,1.20747,1.20747,3.75614,3.84064,4.41687,0.639946,0.577932,0.17503
4,8.672397326,4.86031,1.14959,1.14959,3.69106,3.77466,4.35419,0.811325,0.7486,0.334458
4,8.901623687,6.03104,1.05176,1.05176,3.57951,3.66154,4.24673,1.71552,1.64783,1.18831
4,9.016236867,2.55432,1.00361,1.00361,3.52373,3.60498,4.19298,-0.681255,-0.733802,-1.09557
4,9.054441261,4.70067,0.987682,0.987682,3.50514,3.58613,4.17507,0.841357,0.779527,0.351859
4,9.073543457,4.23947,0.979745,0.979745,3.49584,3.57671,4.16611,0.523702,0.463882,0.0491407
4,9.092645654,5.42794,0.971825,0.971825,3.48655,3.56728,4.15715,1.36821,1.30325,0.851834
4,9.092645654,4.32816,0.971825,0.971825,3.48655,3.56728,4.15715,0.593132,0.532938,0.114629
4,9.207258835,1.59645,0.924675,0.924675,3.43077,3.51073,4.1034,-1.2983,-1.3466,-1.68707
4,9.207258835,1.09978,0.924675,0.924675,3.43077,3.51073,4.1034,-1.64983,-1.69599,-2.02131
4,9.245463228,3.1929,0.909107,0.909107,3.41218,3.49187,4.08549,-0.155423,-0.210615,-0.601456
4,9.512893983,1.77384,0.802454,0.802454,3.28206,3.35992,3.96006,-1.07984,-1.12875,-1.48682
4,9.53199618,4.20399,0.795006,0.795006,3.27276,3.3505,3.9511,0.667216,0.607841,0.172105
4,9.70391595,7.29047,0.729101,0.729101,3.18912,3.26568,3.87045,2.95784,2.88531,2.34142
4,9.894937918,1.77384,0.65849,0.65849,3.0962,3.17144,3.78085,-0.960669,-1.00934,-1.38327
4,9.914040115,4.949,0.651593,0.651593,3.08691,3.16202,3.77189,1.35377,1.29149,0.811833
4,10.04775549,1.63193,0.604212,0.604212,3.02187,3.09607,3.70916,-1.01573,-1.06368,-1.4394
4,10.04775549,3.22838,0.604212,0.604212,3.02187,3.09607,3.70916,0.150913,0.0961254,-0.333153
4,10.12416428,2.09313,0.577872,0.577872,2.98471,3.05838,3.67332,-0.65347,-0.703339,-1.09794
4,10.12416428,3.58315,0.577872,0.577872,2.98471,3.05838,3.67332,0.438616,0.382375,-0.062653
4,10.20057307,0.922395,0.552094,0.552094,2.94755,3.0207,3.63748,-1.48871,-1.53352,-1.8916
4,10.20057307,1.20621,0.552094,0.552094,2.94755,3.0207,3.63748,-1.28008,-1.3261,-1.69387
4,10.20057307,1.59645,0.552094,0.552094,2.94755,3.0207,3.63748,-0.993206,-1.04089,-1.42198
4,10.27698185,1.41907,0.526899,0.526899,2.9104,2.98302,3.60163,-1.09955,-1.14642,-1.52473
4,10.50620821,2.62528,0.455012,0.455012,2.79896,2.87,3.49411,-0.129213,-0.181021,-0.611959
4,10.67812798,4.23947,0.404954,0.404954,2.71542,2.78526,3.41346,1.14152,1.08304,0.585409
4,10.88825215,2.34146,0.348521,0.348521,2.61335,2.68173,3.31491,-0.205348,-0.255562,-0.695181
4,10.92645654,5.35698,0.338836,0.338836,2.59479,2.66291,3.29699,2.0894,2.02653,1.47319
4,11.04106972,0.851441,0.31086,0.31086,2.53915,2.60647,3.24323,-1.2825,-1.32628,-1.71765
4,11.06017192,3.40576,0.306356,0.306356,2.52988,2.59706,3.23427,0.666103,0.611614,0.123241
4,11.09837631,2.8204,0.297481,0.297481,2.51134,2.57825,3.21636,0.235401,0.183417,-0.284952
4,11.11747851,2.41242,0.293112,0.293112,2.50206,2.56885,3.2074,-0.0683335,-0.118581,-0.572511
4,11.1938873,0.532151,0.276085,0.276085,2.46499,2.53124,3.17157,-1.47783,-1.52011,-1.90614
4,11.1938873,1.70288,0.276085,0.276085,2.46499,2.53124,3.17157,-0.5827,-0.629883,-1.06066
4,11.27029608,0.354767,0.259779,0.259779,2.42793,2.49363,3.13573,-1.59002,-1.63147,-2.01403
4,11.49952245,1.5255,0.215119,0.215119,2.31681,2.38089,3.02825,-0.612571,-0.65863,-1.09761
4,11.53772684,2.83814,0.208285,0.208285,2.2983,2.36212,3.01034,0.418553,0.367101,-0.125957
4,11.72874881,4.96674,0.176637,0.176637,2.20583,2.26828,2.9208,2.15744,2.09751,1.50721
4,11.91977077,2.44789,0.149002,0.149002,2.11348,2.17455,2.83127,0.263385,0.214166,-0.284468
4,12.03438395,0.141907,0.134227,0.134227,2.05814,2.11838,2.77757,-1.51641,-1.55601,-1.96418
4,12.03438395,2.02217,0.134227,0.134227,2.05814,2.11838,2.77757,-0.0284632,-0.0757378,-0.562945
4,12.07258835,0.922395,0.129588,0.129588,2.03971,2.09966,2.75967,-0.885589,-0.928314,-1.37118
4,12.11079274,1.38359,0.125087,0.125087,2.02128,2.08096,2.74177,-0.506241,-0.550778,-1.0151
4,12.11079274,3.01552,0.125087,0.125087,2.02128,2.08096,2.74177,0.789291,0.738117,0.204597
4,12.22540592,0.496674,0.112386,0.112386,1.96605,2.02488,2.68809,-1.17208,-1.21281,-1.64504
4,12.22540592,2.76718,0.112386,0.112386,1.96605,2.02488,2.68809,0.639036,0.589105,0.0593724
4,12.53104107,0.567627,0.0839039,0.0839039,1.81918,1.87571,2.54501,-1.0112,-1.05165,-1.5019
4,12.53104107,2.44789,0.0839039,0.0839039,1.81918,1.87571,2.54501,0.507975,0.460016,-0.0737622
4,12.70296084,3.40576,0.0709183,0.0709183,1.73688,1.79209,2.46458,1.3582,1.30689,0.719646
4,12.913085,2.55432,0.0575672,0.0575672,1.6367,1.69025,2.36635,0.753479,0.706128,0.144912
4,13.04680038,2.92683,0.0503349,0.0503349,1.57322,1.6257,2.30389,1.1178,1.06943,0.48276
4,13.06590258,0,0.0493745,0.0493745,1.56417,1.61649,2.29497,-1.29273,-1.32972,-1.77986
4,13.10410697,0.354767,0.0475052,0.0475052,1.54609,1.5981,2.27713,-0.986187,-1.02445,-1.49313
4,13.12320917,1.24169,0.0465959,0.0465959,1.53706,1.58891,2.26821,-0.24471,-0.286333,-0.797924
4,13.21872015,1.0643,0.0422915,0.0422915,1.49198,1.54304,2.22365,-0.35577,-0.396416,-0.904568
4,13.5243553,2.18182,0.030925,0.030925,1.34887,1.39731,2.08123,0.70198,0.658239,0.0794456
4,13.5243553,1.77384,0.030925,0.030925,1.34887,1.39731,2.08123,0.358147,0.315925,-0.242771
4,13.69627507,3.051,0.0258907,0.0258907,1.26929,1.31618,2.00128,1.51259,1.46644,0.834776
4,13.92550143,2.5898,0.0204002,0.0204002,1.16449,1.20922,1.89492,1.22184,1.17858,0.557724
4,14.05921681,2.25277,0.017741,0.017741,1.10417,1.14759,1.83303,0.990195,0.948901,0.338725
4,14.0974212,0,0.0170457,0.0170457,1.08707,1.13011,1.81536,-0.938654,-0.971891,-1.46723
4,14.0974212,0.283814,0.0170457,0.0170457,1.08707,1.13011,1.81536,-0.693588,-0.727811,-1.23784
4,14.51766953,1.31264,0.0109604,0.0109604,0.903355,0.941929,1.62194,0.359606,0.324519,-0.25431
4,14.7086915,6.40355,0.00895911,0.00895911,0.823126,0.859508,1.53467,4.94095,4.89161,4.03465
4,14.89971347,0.532151,0.00732016,0.00732016,0.745442,0.779527,1.44792,-0.190272,-0.219952,-0.764838
4,15.05253104,1.70288,0.00622609,0.00622609,0.685389,0.717567,1.37897,0.913,0.881361,0.272229
4,15.70200573,3.76053,0.00312352,0.00312352,0.455926,0.47949,1.09226,3.03312,3.00442,2.30287
4,15.8930277,0.0709534,0.00254897,0.00254897,0.39779,0.418776,1.01059,-0.301736,-0.320435,-0.817215
4,16.04584527,1.91574,0.00216622,0.00216622,0.354709,0.373666,0.946414,1.4474,1.4271,0.848188
4,16.10315186,0.86918,0.00203797,0.00203797,0.339359,0.357568,0.922647,0.492015,0.474233,-0.0468914
4,16.52340019,1.5255,0.00130233,0.00130233,0.240434,0.253506,0.754274,1.20541,1.19156,0.687404
4,16.71442216,4.45233,0.00106236,0.00106236,0.203302,0.21431,0.681815,4.00078,3.98593,3.38447
4,16.88634193,0.354767,0.000884407,0.000884407,0.17387,0.183196,0.619199,0.170843,0.161881,-0.238817
4,17.0582617,2.1286,0.000736235,0.000736235,0.148,0.155821,0.559319,1.8755,1.8666,1.42565
4,17.68863419,2.69623,0.000375775,0.000375775,0.0792922,0.0830778,0.367047,2.49572,2.49113,2.15696
