parameter,value,CV,se_sa,rse_sa,P2.5_sa,P97.5_sa
alpha_pop,4.93e-05,
D_pop,0.322009651329115,,0.04513390076558,14.0163192560493,0.245617,0.422162
E_pop,5,
C_pop,10,
B_pop,6653.0106665649,,568.284058509411,8.54175781447873,5632.53,7858.38
ECLIPSE0_pop,9.99999999999999e-08,
BUD0_pop,0.033,
ep_pop,0.001,
Time0_pop,13.6018142002552,,6.43031861150577,47.2754480897493,0.001,14
omega_alpha,3.77350958574266,123606.344745103,4.83397177109244,128.1028088376,0.797681,17.851
omega_D,0.233755521355908,23.6985367881594,0.101108858724693,43.2541050317045,0.109587,0.498612
omega_B,0.0401832948855936,4.01995213068844,0.137378376934159,341.879324045703,0.00403567,0.400107
omega_Time0,5.20115041003056,49.4790079208939,13.5696565073099,260.897213838317,0.636072,42.5297
a,3.36956538161214e-09,,0.101849129750702,3022619187.22508,9.88351e-13,1.14878e-05
b,0.269654772725825,,0.0176142984123652,6.53216638233761,0.237346,0.306361