parameter,value,CV,se_sa,rse_sa,P2.5_sa,P97.5_sa
alpha_pop,4.93e-05,
D_pop,1.13391578443448,,3.47231820769384,306.223641593067,0.123286,10.4291
E_pop,5,
C_pop,10,
B_pop,14233.776444858,,25860.3317390244,181.682857245987,2290.12,88467.3
ECLIPSE0_pop,9.99999999999999e-08,
BUD0_pop,0.033,
ep_pop,0.001,
Time0_pop,13.9999844783501,,4.81213493443715,34.3724304971818,0.00102541,14
omega_D,0.667032503424222,74.8588437540799,0.96647680735429,144.892010867966,0.128002,3.47598
omega_B,0.570838624988334,62.0658442813358,0.50044009161062,87.6675245338992,0.162335,2.00731
omega_Time0,4.17604242605526,2.06445212816821,7.90141811999052,189.208281761982,0.651199,26.7804
a,1.06203147669075,,0.191443227944479,18.0261350201229,0.752021,1.49984
b,0.102377550224879,,0.0555854974322879,54.2946156752048,0.0413835,0.253269