id,time,y10,popPred_medianCOV,popPred,indivPred_SAEM,indivPred_mean,indivPred_mode,indWRes_SAEM,indWRes_mean,indWRes_mode
1,0,0.780488,4.97274,4.97274,7.11488,7.03701,6.98843,-3.53791,-3.51004,-3.49253
1,0,1.59645,4.97274,4.97274,7.11488,7.03701,6.98843,-3.08217,-3.05227,-3.03348
1,0.667302193,5.67627,4.64611,4.64611,7.17771,7.12171,7.08556,-0.835587,-0.806993,-0.788439
1,0.762631077,5.25055,4.59945,4.59945,7.17715,7.12513,7.09134,-1.07223,-1.04638,-1.02951
1,1.029551954,3.22838,4.4688,4.4688,7.16195,7.12187,7.09537,-2.19109,-2.17373,-2.16222
1,1.18207817,7.3082,4.39414,4.39414,7.14425,7.11131,7.08933,0.0914163,0.109991,0.122423
1,1.220209724,3.051,4.37547,4.37547,7.13882,7.10768,7.08686,-2.28002,-2.26668,-2.25774
1,1.258341277,5.32151,4.35681,4.35681,7.13298,7.10365,7.084,-1.01071,-0.996007,-0.986133
1,1.258341277,5.74723,4.35681,4.35681,7.13298,7.10365,7.084,-0.773177,-0.758079,-0.747938
1,1.315538608,5.88914,4.32881,4.32881,7.12349,7.09686,7.07898,-0.689079,-0.67524,-0.665923
1,1.315538608,6.38581,4.32881,4.32881,7.12349,7.09686,7.07898,-0.411811,-0.39755,-0.387948
1,1.410867493,4.15078,4.28215,4.28215,7.10574,7.08359,7.06868,-1.65128,-1.64098,-1.63404
1,1.448999047,3.37029,4.26349,4.26349,7.09797,7.07761,7.06389,-2.08401,-2.07505,-2.069
1,1.468064824,8.17738,4.25416,4.25416,7.09395,7.07447,7.06135,0.605849,0.61743,0.625242
1,1.601525262,5.32151,4.18883,4.18883,7.06324,7.04986,7.04093,-0.975678,-0.968928,-0.964417
1,1.67778837,6.45676,4.1515,4.1515,7.04375,7.03376,7.02722,-0.329187,-0.323771,-0.320216
1,1.754051478,4.15078,4.11418,4.11418,7.02293,7.01624,7.01204,-1.61264,-1.6095,-1.60754
1,1.754051478,4.61197,4.11418,4.11418,7.02293,7.01624,7.01204,-1.35369,-1.35045,-1.34842
1,1.754051478,8.15965,4.11418,4.11418,7.02293,7.01624,7.01204,0.638238,0.642243,0.644754
1,1.811248808,6.79379,4.08618,4.08618,7.00646,7.00218,6.99973,-0.119522,-0.117143,-0.115783
1,1.982840801,3.29933,4.0022,4.0022,6.95296,6.95551,6.95816,-2.05971,-2.06084,-2.06202
1,1.982840801,6.38581,4.0022,4.0022,6.95296,6.95551,6.95816,-0.319727,-0.321118,-0.32256
1,2.020972355,5.14412,3.98353,3.98353,6.94028,6.94427,6.94801,-1.01331,-1.01533,-1.01722
1,2.020972355,6.66962,3.98353,3.98353,6.94028,6.94427,6.94801,-0.152694,-0.154907,-0.156983
1,2.097235462,7.20177,3.94621,3.94621,6.91412,6.92088,6.92677,0.162525,0.158646,0.155266
1,2.135367016,5.1796,3.92754,3.92754,6.90066,6.90875,6.91569,-0.97317,-0.977287,-0.980817
1,2.230695901,6.31486,3.88089,3.88089,6.86592,6.87719,6.88669,-0.312225,-0.318406,-0.323605
1,2.249761678,7.80488,3.87156,3.87156,6.85879,6.87068,6.88067,0.536263,0.529161,0.523196
1,2.249761678,7.48559,3.87156,3.87156,6.85879,6.87068,6.88067,0.355282,0.348304,0.342444
1,2.326024786,5.46341,3.83423,3.83423,6.82974,6.84398,6.85592,-0.775772,-0.783211,-0.789439
1,2.326024786,7.27273,3.83423,3.83423,6.82974,6.84398,6.85592,0.25152,0.243232,0.236293
1,2.364156339,6.13747,3.81557,3.81557,6.81489,6.83026,6.84315,-0.384956,-0.393339,-0.400356
1,2.402287893,5.74723,3.79691,3.79691,6.79983,6.81629,6.83011,-0.598689,-0.60747,-0.614826
1,2.440419447,6.03104,3.77824,3.77824,6.78458,6.8021,6.81682,-0.428969,-0.438494,-0.446485
1,2.459485224,8.15965,3.76891,3.76891,6.77688,6.79491,6.81008,0.787528,0.776441,0.767132
1,2.592945663,7.59202,3.7036,3.7036,6.7217,6.7431,6.76127,0.497273,0.484437,0.473567
1,2.66920877,8.12417,3.66628,3.66628,6.68923,6.71238,6.73215,0.821438,0.807092,0.794869
1,2.745471878,8.37251,3.62895,3.62895,6.65614,6.68091,6.70221,0.984451,0.968839,0.955444
1,2.745471878,7.41463,3.62895,3.62895,6.65614,6.68091,6.70221,0.435046,0.420232,0.407522
1,2.764537655,5.67627,3.61962,3.61962,6.64778,6.67293,6.6946,-0.557498,-0.571085,-0.582764
1,2.802669209,5.8714,3.60096,3.60096,6.63095,6.65684,6.67924,-0.436299,-0.450487,-0.462727
1,2.974261201,5.92461,3.51699,3.51699,6.55358,6.58247,6.60793,-0.362943,-0.378969,-0.393041
1,2.974261201,7.62749,3.51699,3.51699,6.55358,6.58247,6.60793,0.619695,0.601995,0.586452
1,2.974261201,6.68736,3.51699,3.51699,6.55358,6.58247,6.60793,0.077197,0.0604212,0.04569
1,3.012392755,6.102,3.49833,3.49833,6.53606,6.56554,6.59163,-0.250734,-0.267299,-0.281905
1,3.012392755,7.98226,3.49833,3.49833,6.53606,6.56554,6.59163,0.835386,0.816931,0.800657
1,3.088655863,6.77605,3.46102,3.46102,6.50069,6.53128,6.55857,0.159394,0.141432,0.125459
1,3.16491897,6.31486,3.4237,3.4237,6.46492,6.49651,6.52495,-0.087048,-0.105178,-0.121438
1,3.203050524,7.48559,3.40504,3.40504,6.44689,6.47895,6.50794,0.603177,0.583446,0.565672
1,3.241182078,8.37251,3.38638,3.38638,6.42877,6.46128,6.4908,1.12995,1.10891,1.08987
1,3.241182078,8.2306,3.38638,3.38638,6.42877,6.46128,6.4908,1.04746,1.02657,1.00768
1,3.241182078,6.95344,3.38638,3.38638,6.42877,6.46128,6.4908,0.305005,0.285555,0.267957
1,3.317445186,4.82483,3.34907,3.34907,6.39228,6.42561,6.45616,-0.913186,-0.930754,-0.946794
1,3.317445186,8.08869,3.34907,3.34907,6.39228,6.42561,6.45616,0.988323,0.966981,0.947498
1,3.317445186,7.7694,3.34907,3.34907,6.39228,6.42561,6.45616,0.802306,0.781333,0.762186
1,3.35557674,5.96009,3.33041,3.33041,6.37391,6.40763,6.43866,-0.241356,-0.260494,-0.278046
1,3.35557674,5.39246,3.33041,3.33041,6.37391,6.40763,6.43866,-0.572416,-0.590889,-0.607831
1,3.393708294,8.2306,3.31176,3.31176,6.35547,6.38955,6.42106,1.09485,1.07276,1.05242
1,3.393708294,6.95344,3.31176,3.31176,6.35547,6.38955,6.42106,0.349139,0.328574,0.309628
1,3.469971401,7.55654,3.27444,3.27444,6.31837,6.35311,6.38555,0.724547,0.702753,0.682491
1,3.469971401,7.27273,3.27444,3.27444,6.31837,6.35311,6.38555,0.558466,0.537017,0.517076
1,3.508102955,9.15299,3.25579,3.25579,6.29972,6.33477,6.36764,1.67153,1.64754,1.62512
1,3.546234509,6.95344,3.23714,3.23714,6.281,6.31634,6.34964,0.394374,0.372857,0.352665
1,3.584366063,7.59202,3.21848,3.21848,6.26223,6.29784,6.33155,0.780787,0.758253,0.73701
1,3.698760724,8.33703,3.16252,3.16252,6.20555,6.24189,6.27679,1.25577,1.23166,1.20861
1,3.736892278,8.01774,3.14387,3.14387,6.18656,6.22311,6.25838,1.08009,1.0562,1.03325
1,3.775023832,5.49889,3.12522,3.12522,6.16751,6.20426,6.23989,-0.394827,-0.415606,-0.435663
1,3.775023832,7.00665,3.12522,3.12522,6.16751,6.20426,6.23989,0.495524,0.472771,0.450809
1,3.813155386,4.75388,3.10657,3.10657,6.14842,6.18535,6.22134,-0.824441,-0.844391,-0.863739
1,3.889418494,8.58537,3.06927,3.06927,6.11009,6.14737,6.18403,1.46677,1.44142,1.4166
1,3.908484271,8.85144,3.05994,3.05994,6.10049,6.13783,6.17466,1.63108,1.6053,1.57999
1,3.965681602,7.37916,3.03197,3.03197,6.07161,6.10917,6.14647,0.776627,0.7526,0.728842
1,3.965681602,5.81818,3.03197,3.03197,6.07161,6.10917,6.14647,-0.150523,-0.172438,-0.194106
1,3.965681602,6.63415,3.03197,3.03197,6.07161,6.10917,6.14647,0.334124,0.311105,0.288344
1,4.003813155,6.84701,3.01332,3.01332,6.0523,6.08999,6.12761,0.472572,0.449131,0.42584
1,4.003813155,6.98891,3.01332,3.01332,6.0523,6.08999,6.12761,0.556958,0.533323,0.509841
1,4.061010486,8.03548,2.98535,2.98535,6.02329,6.06114,6.09921,1.19867,1.17341,1.14813
1,4.156339371,8.26608,2.93874,2.93874,5.97475,6.01285,6.05163,1.36901,1.34312,1.31688
1,4.194470925,7.96452,2.9201,2.9201,5.95528,5.99346,6.03252,1.2019,1.17631,1.15026
1,4.232602479,7.1663,2.90146,2.90146,5.93579,5.97404,6.01336,0.736955,0.712377,0.687227
1,4.232602479,7.69845,2.90146,2.90146,5.93579,5.97404,6.01336,1.05566,1.03034,1.00442
1,4.289799809,8.07095,2.87349,2.87349,5.90649,5.94483,5.98455,1.29863,1.27263,1.24583
1,4.308865586,6.13747,2.86418,2.86418,5.89671,5.93508,5.97492,0.144539,0.121219,0.0971191
1,4.308865586,6.66962,2.86418,2.86418,5.89671,5.93508,5.97492,0.46401,0.439939,0.415062
1,4.327931363,8.26608,2.85486,2.85486,5.88693,5.92532,5.96529,1.42916,1.40278,1.37546
1,4.327931363,5.78271,2.85486,2.85486,5.88693,5.92532,5.96529,-0.0626053,-0.0854666,-0.109151
1,4.327931363,6.26164,2.85486,2.85486,5.88693,5.92532,5.96529,0.225092,0.201553,0.177166
1,4.34699714,7.62749,2.84554,2.84554,5.87713,5.91555,5.95564,1.05208,1.02656,1.00006
1,4.385128694,6.77605,2.8269,2.8269,5.85753,5.89599,5.93633,0.552755,0.52836,0.502896
1,4.423260248,6.91796,2.80826,2.80826,5.83791,5.8764,5.91698,0.65075,0.626071,0.600182
1,4.461391802,7.02439,2.78963,2.78963,5.81826,5.85678,5.89759,0.727595,0.702685,0.676424
1,4.499523356,7.52106,2.77099,2.77099,5.7986,5.83714,5.87818,1.04034,1.01464,0.987415
1,4.59485224,8.01774,2.72441,2.72441,5.74934,5.78791,5.82951,1.37426,1.34767,1.31913
1,4.652049571,7.66297,2.69647,2.69647,5.71973,5.75831,5.80022,1.17943,1.15326,1.12496
1,4.747378456,7.18404,2.64991,2.64991,5.6703,5.70885,5.75128,0.921579,0.895956,0.867898
1,4.766444233,4.36364,2.64059,2.64059,5.6604,5.69895,5.74147,-0.789975,-0.811505,-0.83514
1,4.804575786,4.75388,2.62197,2.62197,5.6406,5.67912,5.72185,-0.540846,-0.562989,-0.587422
1,4.880838894,8.01774,2.58473,2.58473,5.60094,5.63942,5.68253,1.47776,1.45074,1.42062
1,4.957102002,5.07317,2.54751,2.54751,5.56124,5.59965,5.64313,-0.299175,-0.321943,-0.347585
1,4.995233556,3.5122,2.5289,2.5289,5.54137,5.57974,5.6234,-1.24539,-1.26589,-1.2891
1,4.995233556,6.88248,2.5289,2.5289,5.54137,5.57974,5.6234,0.823102,0.797629,0.768792
1,4.995233556,7.02439,2.5289,2.5289,5.54137,5.57974,5.6234,0.910197,0.884514,0.85544
1,4.995233556,7.27273,2.5289,2.5289,5.54137,5.57974,5.6234,1.06261,1.03656,1.00707
1,4.995233556,6.17295,2.5289,2.5289,5.54137,5.57974,5.6234,0.38763,0.363204,0.335552
1,5.03336511,7.52106,2.51029,2.51029,5.52149,5.55982,5.60366,1.22877,1.20231,1.17221
1,5.03336511,5.46341,2.51029,2.51029,5.52149,5.55982,5.60366,-0.035685,-0.0590971,-0.0857373
1,5.071496663,5.96009,2.49168,2.49168,5.50159,5.53988,5.5839,0.282105,0.257926,0.230271
1,5.147759771,7.41463,2.45448,2.45448,5.46178,5.49997,5.54433,1.20458,1.17818,1.14768
1,5.147759771,5.28603,2.45448,2.45448,5.46178,5.49997,5.54433,-0.108405,-0.131644,-0.158499
1,5.224022879,5.07317,2.41728,2.41728,5.42192,5.46,5.5047,-0.215664,-0.238637,-0.265463
1,5.300285987,7.94678,2.3801,2.3801,5.38204,5.42,5.46503,1.59002,1.56272,1.53051
1,5.300285987,7.20177,2.3801,2.3801,5.38204,5.42,5.46503,1.12815,1.10196,1.07106
1,5.319351764,2.44789,2.37081,2.37081,5.37206,5.40999,5.4551,-1.81399,-1.8331,-1.85571
1,5.319351764,6.56319,2.37081,2.37081,5.37206,5.40999,5.4551,0.738911,0.713662,0.683792
1,5.338417541,3.68958,2.36152,2.36152,5.36208,5.39998,5.44517,-1.03818,-1.05916,-1.08404
1,5.338417541,6.11973,2.36152,2.36152,5.36208,5.39998,5.44517,0.470303,0.445704,0.416528
1,5.338417541,5.74723,2.36152,2.36152,5.36208,5.39998,5.44517,0.239075,0.215032,0.186514
1,5.376549094,5.46341,2.34293,2.34293,5.34212,5.37995,5.4253,0.0753883,0.0517489,0.0235636
1,5.395614871,6.03104,2.33364,2.33364,5.33214,5.36994,5.41536,0.434665,0.410168,0.380885
1,5.452812202,6.97118,2.30578,2.30578,5.30217,5.33987,5.38553,1.03997,1.01404,0.982802
1,5.452812202,4.47007,2.30578,2.30578,5.30217,5.33987,5.38553,-0.518493,-0.540683,-0.567418
1,5.510009533,7.23725,2.27792,2.27792,5.2722,5.30979,5.35568,1.22679,1.20044,1.16844
1,5.52907531,6.75831,2.26864,2.26864,5.2622,5.29975,5.34572,0.934626,0.908983,0.87776
1,5.605338418,7.62749,2.23152,2.23152,5.2222,5.25961,5.30588,1.50644,1.47947,1.44628
1,5.605338418,6.56319,2.23152,2.23152,5.2222,5.25961,5.30588,0.839867,0.814487,0.783259
1,5.643469971,5.32151,2.21297,2.21297,5.2022,5.23952,5.28594,0.0748198,0.0512893,0.0221836
1,5.681601525,7.73392,2.19442,2.19442,5.18219,5.21943,5.266,1.60228,1.57512,1.54134
1,5.681601525,5.56984,2.19442,2.19442,5.18219,5.21943,5.266,0.243416,0.219503,0.189767
1,5.738798856,3.26386,2.16661,2.16661,5.15216,5.18929,5.23607,-1.18799,-1.20845,-1.23411
1,5.757864633,6.35033,2.15734,2.15734,5.14215,5.17923,5.22609,0.760594,0.73549,0.703942
1,5.834127741,5.10865,2.12028,2.12028,5.1021,5.13901,5.18615,0.00413515,-0.0191194,-0.0486554
1,5.872259295,6.45676,2.10176,2.10176,5.08206,5.11889,5.16618,0.868788,0.843501,0.811214
1,5.929456625,0.674058,2.07399,2.07399,5.052,5.0887,5.1362,-2.77218,-2.78878,-2.81016
1,5.929456625,5.90687,2.07399,2.07399,5.052,5.0887,5.1362,0.541316,0.516847,0.485354
1,5.948522402,5.46341,2.06474,2.06474,5.04198,5.07864,5.1262,0.26703,0.243226,0.212505
1,5.986653956,4.1153,2.04624,2.04624,5.02194,5.05851,5.10621,-0.575219,-0.597,-0.625261
1,6.02478551,5.1796,2.02774,2.02774,5.00189,5.03837,5.08621,0.112895,0.0895105,0.0590071
1,6.062917064,3.97339,2.00926,2.00926,4.98184,5.01822,5.0662,-0.641481,-0.663055,-0.691347
1,6.081982841,3.77827,2.00002,2.00002,4.97181,5.00815,5.0562,-0.759718,-0.780999,-0.808982
1,6.101048618,4.93126,1.99078,1.99078,4.96179,4.99808,5.04619,-0.0194402,-0.0424562,-0.0728016
1,6.139180172,6.35033,1.97231,1.97231,4.94173,4.97793,5.02618,0.898372,0.87322,0.839881
1,6.139180172,6.102,1.97231,1.97231,4.94173,4.97793,5.02618,0.739989,0.715211,0.682366
1,6.234509056,5.97783,1.92617,1.92617,4.89157,4.92754,4.97612,0.695061,0.670469,0.63743
1,6.253574833,5.81818,1.91695,1.91695,4.88154,4.91746,4.96611,0.599723,0.575371,0.542567
1,6.253574833,5.00222,1.91695,1.91695,4.88154,4.91746,4.96611,0.0772689,0.054144,0.0229931
1,6.291706387,3.90244,1.89851,1.89851,4.86147,4.89729,4.94608,-0.614868,-0.636338,-0.665416
1,6.291706387,3.6541,1.89851,1.89851,4.86147,4.89729,4.94608,-0.774085,-0.795182,-0.823754
1,6.329837941,6.91796,1.88009,1.88009,4.8414,4.87713,4.92604,1.33311,1.3071,1.2717
1,6.329837941,4.15078,1.88009,1.88009,4.8414,4.87713,4.92604,-0.443367,-0.465209,-0.494952
1,6.348903718,6.4745,1.87088,1.87088,4.83137,4.86704,4.91602,1.05556,1.03022,0.995627
1,6.367969495,6.03104,1.86168,1.86168,4.82133,4.85696,4.906,0.777637,0.752969,0.719198
1,6.406101049,4.64745,1.84327,1.84327,4.80125,4.83678,4.88596,-0.0990005,-0.121585,-0.152673
1,6.406101049,4.43459,1.84327,1.84327,4.80125,4.83678,4.88596,-0.236014,-0.258279,-0.288926
1,6.444232602,7.13082,1.82488,1.82488,4.78118,4.81661,4.86592,1.51442,1.4881,1.45168
1,6.444232602,2.98004,1.82488,1.82488,4.78118,4.81661,4.86592,-1.16089,-1.18096,-1.20874
1,6.52049571,4.15078,1.78813,1.78813,4.74102,4.77625,4.82582,-0.381441,-0.403269,-0.433809
1,6.52049571,4.96674,1.78813,1.78813,4.74102,4.77625,4.82582,0.145871,0.122816,0.0905609
1,6.596758818,4.29268,1.75144,1.75144,4.70085,4.73589,4.78571,-0.26448,-0.286514,-0.317677
1,6.615824595,5.25055,1.74227,1.74227,4.69081,4.72579,4.77568,0.362936,0.339466,0.306181
1,6.634890372,5.03769,1.73311,1.73311,4.68077,4.7157,4.76565,0.231584,0.208436,0.175519
1,6.673021926,5.60532,1.7148,1.7148,4.66068,4.69551,4.74559,0.613729,0.589734,0.555426
1,6.749285033,3.58315,1.67822,1.67822,4.6205,4.65513,4.70546,-0.675771,-0.696719,-0.726999
1,6.787416587,4.5765,1.65995,1.65995,4.60041,4.63493,4.6854,-0.0156004,-0.0380322,-0.070636
1,6.787416587,5.00222,1.65995,1.65995,4.60041,4.63493,4.6854,0.262102,0.239031,0.205499
1,6.863679695,5.92461,1.62348,1.62348,4.56023,4.59454,4.64526,0.892399,0.867959,0.832046
1,6.882745472,4.77162,1.61437,1.61437,4.55018,4.58444,4.63522,0.144934,0.122227,0.0887677
1,6.95900858,5.12639,1.57798,1.57798,4.50999,4.54404,4.59507,0.404526,0.381303,0.346706
1,6.978074357,2.60754,1.5689,1.5689,4.49994,4.53394,4.58503,-1.24277,-1.26222,-1.29127
1,6.978074357,6.06652,1.5689,1.5689,4.49994,4.53394,4.58503,1.0288,1.00417,0.967384
1,6.978074357,4.00887,1.5689,1.5689,4.49994,4.53394,4.58503,-0.322494,-0.344039,-0.376225
1,6.978074357,3.90244,1.5689,1.5689,4.49994,4.53394,4.58503,-0.392389,-0.413774,-0.445722
1,6.978074357,3.68958,1.5689,1.5689,4.49994,4.53394,4.58503,-0.532178,-0.553244,-0.584715
1,7.01620591,5.55211,1.55075,1.55075,4.47984,4.51374,4.56496,0.705128,0.681281,0.645458
1,7.01620591,3.49446,1.55075,1.55075,4.47984,4.51374,4.56496,-0.647995,-0.668761,-0.699956
1,7.054337464,3.83149,1.53262,1.53262,4.45974,4.49354,4.54488,-0.413706,-0.434968,-0.467085
1,7.092469018,5.33925,1.51451,1.51451,4.43964,4.47333,4.5248,0.59319,0.56968,0.533972
1,7.092469018,4.64745,1.51451,1.51451,4.43964,4.47333,4.5248,0.137026,0.114551,0.0804151
1,7.20686368,3.40576,1.46034,1.46034,4.37934,4.41271,4.46455,-0.64459,-0.665181,-0.696979
1,7.244995234,3.22838,1.44234,1.44234,4.35924,4.3925,4.44446,-0.749745,-0.770061,-0.80161
1,7.244995234,5.97783,1.44234,1.44234,4.35924,4.3925,4.44446,1.07311,1.04869,1.01076
1,7.283126787,3.86696,1.42436,1.42436,4.33913,4.37229,4.42437,-0.313472,-0.334732,-0.367931
1,7.321258341,2.87361,1.40641,1.40641,4.31903,4.35208,4.40429,-0.960917,-0.980685,-1.01173
1,7.321258341,5.32151,1.40641,1.40641,4.31903,4.35208,4.40429,0.666452,0.643031,0.606255
1,7.321258341,4.25721,1.40641,1.40641,4.31903,4.35208,4.40429,-0.0411001,-0.0629322,-0.0972146
1,7.321258341,3.97339,1.40641,1.40641,4.31903,4.35208,4.40429,-0.229781,-0.251189,-0.284807
1,7.359389895,3.72506,1.3885,1.3885,4.29892,4.33187,4.3842,-0.382033,-0.403061,-0.436264
1,7.359389895,4.7184,1.3885,1.3885,4.29892,4.33187,4.3842,0.279254,0.256744,0.221201
1,7.397521449,4.07982,1.37061,1.37061,4.27882,4.31166,4.36411,-0.132657,-0.154203,-0.188415
1,7.435653003,3.97339,1.35276,1.35276,4.25871,4.29145,4.34402,-0.190464,-0.21184,-0.245973
1,7.473784557,3.29933,1.33494,1.33494,4.23861,4.27123,4.32392,-0.627868,-0.648229,-0.680924
1,7.473784557,5.88914,1.33494,1.33494,4.23861,4.27123,4.32392,1.10332,1.0791,1.04021
1,7.511916111,3.86696,1.31715,1.31715,4.2185,4.25102,4.30383,-0.235313,-0.256508,-0.290733
1,7.607244995,1.04656,1.27286,1.27286,4.16823,4.20048,4.2536,-2.09682,-2.11379,-2.14159
1,7.607244995,2.55432,1.27286,1.27286,4.16823,4.20048,4.2536,-1.08406,-1.10327,-1.13474
1,7.626310772,4.1153,1.26403,1.26403,4.15818,4.19037,4.24355,-0.0288201,-0.0503482,-0.0857016
1,7.626310772,3.97339,1.26403,1.26403,4.15818,4.19037,4.24355,-0.124205,-0.145522,-0.180529
1,7.664442326,4.7184,1.2464,1.2464,4.13807,4.17015,4.22345,0.390621,0.36821,0.331199
1,7.740705434,3.58315,1.21127,1.21127,4.09785,4.12972,4.18326,-0.347404,-0.368105,-0.402678
1,7.740705434,5.35698,1.21127,1.21127,4.09785,4.12972,4.18326,0.849872,0.826541,0.787573
1,7.778836988,3.22838,1.19378,1.19378,4.07774,4.1095,4.16316,-0.574084,-0.594246,-0.628111
1,7.797902765,4.27494,1.18505,1.18505,4.06768,4.09939,4.15312,0.140186,0.11848,0.0819173
1,7.912297426,5.42794,1.13294,1.13294,4.00735,4.03873,4.09282,0.964879,0.94151,0.90147
1,7.931363203,4.86031,1.1243,1.1243,3.9973,4.02862,4.08277,0.586579,0.564057,0.525359
1,7.969494757,0.461197,1.10707,1.10707,3.97719,4.0084,4.06267,-2.39312,-2.40913,-2.43679
1,7.969494757,3.44124,1.10707,1.10707,3.97719,4.0084,4.06267,-0.364785,-0.385195,-0.420465
1,7.969494757,2.83814,1.10707,1.10707,3.97719,4.0084,4.06267,-0.775282,-0.794801,-0.828531
1,7.988560534,1.54324,1.09847,1.09847,3.96713,3.99829,4.05262,-1.65095,-1.66855,-1.69906
1,8.007626311,3.33481,1.08989,1.08989,3.95707,3.98818,4.04257,-0.424131,-0.44437,-0.479544
1,8.026692088,4.55876,1.08132,1.08132,3.94702,3.97807,4.03252,0.417251,0.395213,0.356802
1,8.083889418,3.86696,1.05572,1.05572,3.91685,3.94774,4.00237,-0.0341,-0.0550948,-0.0920025
1,8.083889418,2.55432,1.05572,1.05572,3.91685,3.94774,4.00237,-0.931306,-0.950366,-0.983871
1,8.141086749,1.38359,1.03026,1.03026,3.88668,3.91741,3.97222,-1.71452,-1.73183,-1.76253
1,8.160152526,1.84479,1.0218,1.0218,3.87663,3.9073,3.96217,-1.39271,-1.4107,-1.44268
1,8.236415634,4.00887,0.988163,0.988163,3.8364,3.86686,3.92196,0.11855,0.0974084,0.0593794
1,8.236415634,2.16408,0.988163,0.988163,3.8364,3.86686,3.92196,-1.14953,-1.16796,-1.20111
1,8.236415634,4.7184,0.988163,0.988163,3.8364,3.86686,3.92196,0.606272,0.584087,0.544182
1,8.312678742,2.98004,0.95482,0.95482,3.79618,3.82641,3.88176,-0.56259,-0.582189,-0.617852
1,8.312678742,5.25055,0.95482,0.95482,3.79618,3.82641,3.88176,1.00255,0.979619,0.937892
1,8.331744519,1.20621,0.946533,0.946533,3.78612,3.8163,3.87171,-1.77969,-1.79668,-1.82768
1,8.350810296,4.00887,0.938266,0.938266,3.77607,3.80619,3.86166,0.160707,0.139615,0.101011
1,8.350810296,3.47672,0.938266,0.938266,3.77607,3.80619,3.86166,-0.206644,-0.226956,-0.264131
1,8.369876072,2.80266,0.93002,0.93002,3.76601,3.79608,3.85161,-0.665487,-0.684802,-0.720257
1,8.408007626,2.19956,0.913589,0.913589,3.7459,3.77586,3.8315,-1.06974,-1.08816,-1.12216
1,8.465204957,2.30599,0.889106,0.889106,3.71573,3.74552,3.80135,-0.977333,-0.995882,-1.03043
1,8.465204957,5.32151,0.889106,0.889106,3.71573,3.74552,3.80135,1.11324,1.09028,1.04752
1,8.503336511,2.44789,0.872896,0.872896,3.69562,3.7253,3.78125,-0.866246,-0.884988,-0.920095
1,8.579599619,2.94457,0.840758,0.840758,3.65539,3.68486,3.74104,-0.494913,-0.514348,-0.55118
1,8.598665396,2.23503,0.832785,0.832785,3.64534,3.67475,3.73099,-0.982631,-1.00102,-1.03598
1,8.617731173,3.5122,0.824836,0.824836,3.63528,3.66463,3.72094,-0.0858212,-0.106066,-0.144661
1,8.617731173,2.76718,0.824836,0.824836,3.63528,3.66463,3.72094,-0.605281,-0.62444,-0.660964
1,8.732125834,5.62306,0.777696,0.777696,3.57494,3.60397,3.66063,1.43423,1.41097,1.36584
1,8.751191611,3.08647,0.769934,0.769934,3.56489,3.59386,3.65057,-0.335259,-0.354822,-0.392891
1,8.808388942,3.90244,0.746821,0.746821,3.53472,3.56352,3.62042,0.258246,0.237526,0.196847
1,8.88465205,6.66962,0.716418,0.716418,3.4945,3.52308,3.58021,2.23634,2.21165,2.1626
1,8.903717827,7.02439,0.708894,0.708894,3.48444,3.51297,3.57016,2.4951,2.46991,2.41971
1,8.94184938,1.54324,0.693941,0.693941,3.46433,3.49275,3.55006,-1.35603,-1.37327,-1.40782
1,8.979980934,2.55432,0.679118,0.679118,3.44422,3.47253,3.52996,-0.629061,-0.647743,-0.685414
1,8.979980934,5.28603,0.679118,0.679118,3.44422,3.47253,3.52996,1.30196,1.27933,1.2337
1,9.037178265,1.17073,0.657133,0.657133,3.41405,3.44219,3.4998,-1.58926,-1.60592,-1.63981
1,9.075309819,4.15078,0.642648,0.642648,3.39394,3.42197,3.4797,0.536953,0.516016,0.473164
1,9.151572927,3.68958,0.614104,0.614104,3.35372,3.38153,3.4395,0.238978,0.218748,0.176843
1,9.151572927,1.38359,0.614104,0.614104,3.35372,3.38153,3.4395,-1.40185,-1.41877,-1.4538
1,9.208770257,1.11752,0.593082,0.593082,3.32356,3.3512,3.40934,-1.57317,-1.58968,-1.62417
1,9.246901811,1.72062,0.579257,0.579257,3.30345,3.33098,3.38924,-1.13041,-1.14776,-1.18425
1,9.304099142,4.15078,0.558813,0.558813,3.27329,3.30065,3.35909,0.628058,0.607254,0.563107
1,9.304099142,2.94457,0.558813,0.558813,3.27329,3.30065,3.35909,-0.235281,-0.254358,-0.294838
1,9.304099142,2.73171,0.558813,0.558813,3.27329,3.30065,3.35909,-0.387635,-0.406407,-0.446241
1,9.304099142,1.88027,0.558813,0.558813,3.27329,3.30065,3.35909,-0.997052,-1.0146,-1.05185
1,9.342230696,3.40576,0.545384,0.545384,3.25318,3.28044,3.33899,0.109372,0.0896569,0.0475663
1,9.342230696,2.51885,0.545384,0.545384,3.25318,3.28044,3.33899,-0.526373,-0.544819,-0.584201
1,9.456625357,4.39911,0.506087,0.506087,3.19286,3.21978,3.27869,0.868489,0.847424,0.801623
1,9.475691134,1.91574,0.499686,0.499686,3.18281,3.20967,3.26864,-0.912951,-0.930464,-0.96866
1,9.532888465,2.76718,0.480745,0.480745,3.15265,3.17935,3.23849,-0.278357,-0.297051,-0.338198
1,9.571020019,1.0643,0.468339,0.468339,3.13255,3.15913,3.21839,-1.49577,-1.51202,-1.54801
1,9.571020019,1.73836,0.468339,0.468339,3.13255,3.15913,3.21839,-1.00828,-1.02549,-1.06361
1,9.609151573,0.248337,0.456114,0.456114,3.11244,3.13892,3.19829,-2.07442,-2.0895,-2.12309
1,9.666348904,2.02217,0.438117,0.438117,3.08229,3.1086,3.16815,-0.769544,-0.787104,-0.826596
1,9.723546235,3.58315,0.42054,0.42054,3.05214,3.07828,3.138,0.386331,0.366598,0.321802
1,9.742612011,4.54102,0.414774,0.414774,3.04208,3.06817,3.12796,1.09135,1.07027,1.02228
1,9.818875119,4.20399,0.392191,0.392191,3.00188,3.02775,3.08777,0.877862,0.857316,0.809946
1,9.87607245,4.96674,0.37576,0.37576,2.97174,2.99743,3.05762,1.46018,1.4386,1.38838
1,9.971401335,7.21951,0.349354,0.349354,2.9215,2.94691,3.00739,3.15769,3.13303,3.07472
1,9.990467112,3.1929,0.344221,0.344221,2.91145,2.93681,2.99735,0.206938,0.187933,0.142857
1,10.06673022,1.84479,0.324188,0.324188,2.87126,2.8964,2.95717,-0.756994,-0.774063,-0.815062
1,10.06673022,2.94457,0.324188,0.324188,2.87126,2.8964,2.95717,0.0540613,0.0354555,-0.00923339
1,10.14299333,1.02882,0.304954,0.304954,2.83108,2.85599,2.91699,-1.33316,-1.34904,-1.38768
1,10.21925643,1.41907,0.286522,0.286522,2.7909,2.81559,2.87682,-1.01786,-1.03424,-1.0746
1,10.21925643,1.91574,0.286522,0.286522,2.7909,2.81559,2.87682,-0.649345,-0.666415,-0.708472
1,10.29551954,2.62528,0.268891,0.268891,2.75073,2.7752,2.83666,-0.0933689,-0.11137,-0.156294
1,10.3336511,0.31929,0.260375,0.260375,2.73065,2.755,2.81657,-1.79739,-1.81217,-1.84931
1,10.3336511,0.709534,0.260375,0.260375,2.73065,2.755,2.81657,-1.50651,-1.52183,-1.56033
1,10.3336511,1.84479,0.260375,0.260375,2.73065,2.755,2.81657,-0.660306,-0.6772,-0.719636
1,10.3336511,2.80266,0.260375,0.260375,2.73065,2.755,2.81657,0.0536766,0.0354583,-0.0103039
1,10.37178265,2.30599,0.252057,0.252057,2.71057,2.73481,2.7965,-0.302031,-0.319536,-0.36379
1,10.4099142,2.73171,0.243937,0.243937,2.69049,2.71462,2.77642,0.0308187,0.012755,-0.0332098
1,10.44804576,3.4235,0.236014,0.236014,2.67041,2.69443,2.75634,0.563936,0.54495,0.49632
1,10.44804576,2.02217,0.236014,0.236014,2.67041,2.69443,2.75634,-0.485418,-0.502476,-0.546166
1,10.56244042,0,0.21341,0.21341,2.61019,2.63387,2.69612,-1.96365,-1.97785,-2.01496
1,10.60057197,3.29933,0.206258,0.206258,2.59012,2.61369,2.67605,0.534368,0.515676,0.466531
1,10.60057197,1.73836,0.206258,0.206258,2.59012,2.61369,2.67605,-0.641773,-0.658331,-0.701865
1,10.67683508,2.98004,0.192519,0.192519,2.54999,2.57333,2.63592,0.325037,0.306844,0.258376
1,10.71496663,1.73836,0.185928,0.185928,2.52993,2.55315,2.61585,-0.599202,-0.615674,-0.65985
1,10.73403241,3.37029,0.1827,0.1827,2.5199,2.54307,2.60582,0.644229,0.625553,0.575303
1,10.81029552,3.1929,0.170239,0.170239,2.47979,2.50273,2.5657,0.541922,0.523554,0.473467
1,10.88655863,6.42129,0.158481,0.158481,2.43969,2.4624,2.52559,3.03522,3.01256,2.94995
1,10.9056244,3.051,0.155649,0.155649,2.42966,2.45232,2.51557,0.47402,0.455929,0.405761
1,10.94375596,0.390244,0.150111,0.150111,2.40962,2.43216,2.49552,-1.54301,-1.55749,-1.59791
1,10.94375596,1.02882,0.150111,0.150111,2.40962,2.43216,2.49552,-1.05507,-1.07041,-1.11323
1,10.96282173,1.27716,0.147405,0.147405,2.3996,2.42209,2.4855,-0.858332,-0.873988,-0.917845
1,11.05815062,2.23503,0.13448,0.13448,2.34951,2.37171,2.43539,-0.087888,-0.104748,-0.152787
1,11.05815062,1.95122,0.13448,0.13448,2.34951,2.37171,2.43539,-0.305776,-0.322256,-0.369214
1,11.09628217,0.177384,0.129588,0.129588,2.32949,2.35157,2.41536,-1.6548,-1.66888,-1.70928
1,11.13441373,2.19956,0.124849,0.124849,2.30946,2.33143,2.39532,-0.0846427,-0.101387,-0.149754
1,11.22974261,2.53659,0.113652,0.113652,2.25942,2.28111,2.34526,0.214298,0.197195,0.146933
1,11.24880839,0.603104,0.11152,0.11152,2.24942,2.27104,2.33525,-1.27392,-1.28845,-1.33128
1,11.30600572,4.38137,0.105336,0.105336,2.21942,2.24087,2.30523,1.67691,1.65745,1.59946
1,11.3250715,0,0.103343,0.103343,2.20942,2.23081,2.29522,-1.71509,-1.72875,-1.76962
1,11.3250715,0.886918,0.103343,0.103343,2.20942,2.23081,2.29522,-1.02661,-1.04144,-1.08581
1,11.3250715,2.80266,0.103343,0.103343,2.20942,2.23081,2.29522,0.460511,0.443151,0.391238
1,11.36320305,1.45455,0.0994569,0.0994569,2.18943,2.2107,2.27521,-0.571367,-0.586915,-0.633739
1,11.4013346,1.0643,0.0957013,0.0957013,2.16944,2.1906,2.25521,-0.86061,-0.875611,-0.921104
1,11.43946616,1.59645,0.0920729,0.0920729,2.14946,2.1705,2.23521,-0.431333,-0.446995,-0.494831
1,11.55386082,0.957871,0.0819187,0.0819187,2.08956,2.11025,2.17525,-0.886933,-0.901653,-0.94758
1,11.59199237,1.24169,0.0787667,0.0787667,2.06961,2.09018,2.15528,-0.649904,-0.664955,-0.712253
1,11.59199237,4.39911,0.0787667,0.0787667,2.06961,2.09018,2.15528,1.82862,1.80948,1.74933
1,11.63012393,2.87361,0.0757256,0.0757256,2.04966,2.07012,2.13531,0.647828,0.630704,0.57651
1,11.74451859,2.55432,0.067237,0.067237,1.98988,2.00998,2.07545,0.445937,0.429357,0.37573
1,11.8207817,1.70288,0.0620758,0.0620758,1.95007,1.96993,2.03558,-0.195921,-0.211324,-0.26188
1,11.87797903,6.31486,0.0584494,0.0584494,1.92024,1.93993,2.0057,3.49161,3.47041,3.40007
1,11.8970448,1.80931,0.0572852,0.0572852,1.9103,1.92993,1.99575,-0.0803043,-0.0957559,-0.147222
1,11.93517636,0.425721,0.0550216,0.0550216,1.89044,1.90994,1.97584,-1.16657,-1.18023,-1.22606
1,11.97330791,0.141907,0.0528422,0.0528422,1.87058,1.88997,1.95595,-1.37904,-1.3923,-1.43712
1,11.97330791,0.993348,0.0528422,0.0528422,1.87058,1.88997,1.95595,-0.699807,-0.714139,-0.762591
1,12.01143947,0.283814,0.0507441,0.0507441,1.85074,1.87,1.93607,-1.25203,-1.26543,-1.31106
1,12.04957102,0.815965,0.0487247,0.0487247,1.83091,1.85005,1.91619,-0.812297,-0.82632,-0.874441
1,12.12583413,0.815965,0.0449117,0.0449117,1.79129,1.81019,1.87648,-0.783132,-0.797066,-0.845611
1,12.16396568,1.09978,0.0431131,0.0431131,1.77151,1.79028,1.85664,-0.540237,-0.554477,-0.60447
1,12.27836034,1.88027,0.0381197,0.0381197,1.71224,1.73064,1.79721,0.135798,0.120742,0.0666605
1,12.3164919,0.10643,0.0365817,0.0365817,1.69252,1.7108,1.77742,-1.28396,-1.29679,-1.34324
1,12.3164919,0.851441,0.0365817,0.0365817,1.69252,1.7108,1.77742,-0.680865,-0.694608,-0.744358
1,12.3164919,1.41907,0.0365817,0.0365817,1.69252,1.7108,1.77742,-0.221362,-0.2358,-0.288065
1,12.43088656,1.34812,0.0323168,0.0323168,1.63347,1.65137,1.71817,-0.232137,-0.246329,-0.298926
1,12.46901811,0.780488,0.0310047,0.0310047,1.61383,1.6316,1.69845,-0.679032,-0.692485,-0.742738
1,12.58341277,0.266075,0.0273697,0.0273697,1.55504,1.57243,1.63941,-1.05546,-1.06814,-1.11665
1,12.58341277,2.87361,0.0273697,0.0273697,1.55504,1.57243,1.63941,1.0797,1.06392,1.00353
1,12.60247855,4.87805,0.0268054,0.0268054,1.54527,1.56259,1.62958,2.73127,2.71313,2.64347
1,12.73593899,2.23503,0.0231598,0.0231598,1.47702,1.49388,1.56098,0.624781,0.610016,0.551668
1,12.8122021,1.56098,0.0212982,0.0212982,1.43818,1.45478,1.52192,0.101542,0.0876968,0.0320731
1,12.92659676,1.63193,0.0187767,0.0187767,1.38018,1.39637,1.46352,0.209211,0.19549,0.138965
1,12.96472831,4.32816,0.0180029,0.0180029,1.36092,1.37697,1.44412,2.46991,2.45319,2.38375
1,12.96472831,1.27716,0.0180029,0.0180029,1.36092,1.37697,1.44412,-0.0697168,-0.0829627,-0.137994
1,13.04099142,0.674058,0.016548,0.016548,1.32251,1.33828,1.40541,-0.541538,-0.553962,-0.606469
1,13.15538608,1.73836,0.0145794,0.0145794,1.26522,1.28057,1.34761,0.397074,0.383687,0.325626
1,13.19351764,1.9867,0.0139758,0.0139758,1.24622,1.26142,1.32842,0.622452,0.608874,0.549463
1,13.26978074,0.745011,0.0128416,0.0128416,1.20836,1.22328,1.29017,-0.39077,-0.40283,-0.456539
1,13.3079123,0.0709534,0.0123089,0.0123089,1.18952,1.20428,1.27111,-0.944882,-0.956137,-1.00671
1,13.34604385,0.567627,0.0117981,0.0117981,1.17072,1.18535,1.2521,-0.510283,-0.521993,-0.575084
1,13.49857007,1.09978,0.00995579,0.00995579,1.09617,1.11019,1.17657,0.00307054,-0.00885615,-0.0649447
1,13.53670162,0.709534,0.00954154,0.00954154,1.0777,1.09156,1.15783,-0.314037,-0.325468,-0.37973
1,13.57483317,1.70288,0.00914435,0.00914435,1.0593,1.07301,1.13915,0.549846,0.53749,0.478286
1,13.61296473,4.1153,0.00876352,0.00876352,1.04097,1.05452,1.12053,2.63077,2.61607,2.54495
1,13.89895138,2.46563,0.00636637,0.00636637,0.90619,0.918525,0.983143,1.35039,1.33825,1.27506
1,13.99428027,4.89579,0.00572206,0.00572206,0.862459,0.874372,0.93837,3.50624,3.49218,3.41716
1,13.99428027,1.27716,0.00572206,0.00572206,0.862459,0.874372,0.93837,0.360508,0.349782,0.292541
1,14.0514776,1.91574,0.00536701,0.00536701,0.836548,0.848203,0.911788,0.940331,0.92921,0.86894
1,14.2993327,0.886918,0.004065,0.004065,0.727453,0.737959,0.799359,0.140311,0.130943,0.076546
1,14.2993327,0.638581,0.004065,0.004065,0.727453,0.737959,0.799359,-0.0781977,-0.0873594,-0.140557
1,14.37559581,1.0643,0.00373162,0.00373162,0.69504,0.705183,0.765774,0.325861,0.31662,0.261767
1,14.45185891,1.27716,0.00342547,0.00342547,0.663227,0.673003,0.732718,0.543338,0.534213,0.478823
1,14.48999047,0.425721,0.00328191,0.00328191,0.647556,0.657147,0.716399,-0.196606,-0.204928,-0.25602
1,14.56625357,0.709534,0.00301253,0.00301253,0.616707,0.625926,0.684199,0.0825009,0.0742452,0.02238
1,14.60438513,1.84479,0.00288622,0.00288622,0.601536,0.610568,0.668325,1.10648,1.09753,1.0407
1,14.60438513,1.9867,0.00288622,0.00288622,0.601536,0.610568,0.668325,1.23277,1.22373,1.16623
1,14.90943756,1.27716,0.00204846,0.00204846,0.486797,0.494324,0.547337,0.710843,0.703586,0.652756
1,15.02383222,0.638581,0.00180118,0.00180118,0.447051,0.454016,0.504979,0.172893,0.166498,0.119959
1,15.36701621,0.10643,0.00122422,0.00122422,0.339619,0.344958,0.389048,-0.212608,-0.217368,-0.256491
1,15.40514776,0.638581,0.00117279,0.00117279,0.32882,0.333987,0.37726,0.282708,0.277857,0.237423
1,15.55767398,0.496674,0.000987759,0.000987759,0.287947,0.29245,0.332391,0.191227,0.187024,0.149885
1,15.90085796,1.13525,0.000671155,0.000671155,0.209499,0.212672,0.244991,0.854429,0.851245,0.818925
1,15.97712107,0.567627,0.000615914,0.000615914,0.194537,0.19745,0.228104,0.344832,0.342046,0.312814
1,16.01525262,0.674058,0.000590022,0.000590022,0.187379,0.190168,0.219999,0.450122,0.447425,0.418659
1,16.2821735,1.09978,0.000436806,0.000436806,0.143039,0.145053,0.16937,0.888605,0.886564,0.861991
1,16.32030505,1.31264,0.000418439,0.000418439,0.137487,0.139404,0.162977,1.09204,1.09006,1.06577
1,16.47283127,0.922395,0.000352375,0.000352375,0.11708,0.118644,0.139369,0.749815,0.748247,0.727516
1,16.54909438,0.141907,0.000323362,0.000323362,0.107902,0.109309,0.128693,0.0316888,0.0303735,0.0122896
1,16.62535748,0,0.000296737,0.000296737,0.0993641,0.100627,0.118727,-0.0926728,-0.0938389,-0.110528
1,16.89227836,0.851441,0.000219662,0.000219662,0.0740412,0.0748866,0.0889693,0.726806,0.725957,0.711832
1,17.04480458,1.0643,0.000184974,0.000184974,0.0623709,0.0630328,0.0751486,0.937771,0.937092,0.92468
1,17.57864633,0.425721,0.000101354,0.000101354,0.0337205,0.0339736,0.0409125,0.367908,0.367662,0.360909
1,18.03622498,2.37694,6.05173e-05,6.05173e-05,0.0196589,0.0197498,0.0239391,2.2154,2.21529,2.21047
1,19.04671115,1.56098,1.93777e-05,1.93777e-05,0.00585225,0.00584048,0.00715468,1.46347,1.46348,1.46206
2,0.000224299,0.556237,4.97263,4.97263,5.66013,5.6609,5.68565,-3.10928,-3.1096,-3.11987
2,0.045084112,2.87935,4.95067,4.95067,5.64696,5.64773,5.67253,-1.68741,-1.6878,-1.70029
2,0.067514019,2.97751,4.93969,4.93969,5.64037,5.64115,5.66596,-1.62422,-1.62461,-1.63721
2,0.134803738,4.05726,4.90675,4.90675,5.62062,5.62139,5.64626,-0.954748,-0.955173,-0.968857
2,0.157233645,3.27198,4.89577,4.89577,5.61403,5.6148,5.6397,-1.43089,-1.43129,-1.44425
2,0.269383178,3.40286,4.84088,4.84088,5.58111,5.58188,5.60687,-1.33356,-1.33396,-1.34715
2,0.426392523,2.01227,4.76403,4.76403,5.53502,5.53578,5.56092,-2.16293,-2.16329,-2.17529
2,0.426392523,4.13906,4.76403,4.76403,5.53502,5.53578,5.56092,-0.857103,-0.857532,-0.871589
2,0.51611215,4.90798,4.72011,4.72011,5.50868,5.50944,5.53466,-0.369437,-0.369889,-0.384787
2,0.650691589,3.81186,4.65424,4.65424,5.46917,5.46993,5.49527,-1.0218,-1.02222,-1.03619
2,0.650691589,3.5501,4.65424,4.65424,5.46917,5.46993,5.49527,-1.18318,-1.1836,-1.19731
2,0.673121495,2.86299,4.64326,4.64326,5.46259,5.46335,5.48871,-1.60343,-1.60382,-1.61687
2,0.762841121,3.09202,4.59934,4.59934,5.43625,5.43701,5.46245,-1.44832,-1.44872,-1.46208
2,0.807700935,5.51329,4.57739,4.57739,5.42308,5.42384,5.44932,0.0557835,0.0553111,0.0394919
2,0.897420561,4.25358,4.53347,4.53347,5.39674,5.3975,5.42306,-0.708042,-0.708478,-0.723138
2,0.9198504669999999,3.01022,4.52249,4.52249,5.39015,5.39091,5.41649,-1.47468,-1.47508,-1.48851
2,0.9198504669999999,4.79346,4.52249,4.52249,5.39015,5.39091,5.41649,-0.369733,-0.370185,-0.38541
2,0.96471028,5.97137,4.50053,4.50053,5.37698,5.37774,5.40336,0.368608,0.368121,0.35166
2,0.96471028,4.98978,4.50053,4.50053,5.37698,5.37774,5.40336,-0.240128,-0.240586,-0.256059
2,0.9871401869999999,3.51738,4.48956,4.48956,5.3704,5.37116,5.3968,-1.14963,-1.15004,-1.16406
2,0.9871401869999999,4.07362,4.48956,4.48956,5.3704,5.37116,5.3968,-0.804534,-0.804965,-0.819539
2,1.054429907,3.3865,4.45662,4.45662,5.35065,5.3514,5.37711,-1.2201,-1.22051,-1.23446
2,1.121719626,3.1411,4.42368,4.42368,5.33089,5.33165,5.35741,-1.36198,-1.36239,-1.37615
2,1.211439252,4.30266,4.37977,4.37977,5.30455,5.30531,5.33115,-0.624195,-0.624634,-0.639681
2,1.278728972,5.20245,4.34683,4.34683,5.2848,5.28555,5.31146,-0.0513669,-0.0518335,-0.0678802
2,1.323588785,5.48057,4.32487,4.32487,5.27163,5.27238,5.29833,0.130448,0.129973,0.113587
2,1.346018692,4.10634,4.31389,4.31389,5.26504,5.2658,5.29176,-0.723714,-0.724148,-0.739139
2,1.390878505,7.00204,4.29194,4.29194,5.25188,5.25263,5.27863,1.09406,1.09354,1.07549
2,1.413308411,5.10429,4.28096,4.28096,5.24529,5.24604,5.27207,-0.0881759,-0.0886405,-0.104742
2,1.435738318,7.62372,4.26998,4.26998,5.23871,5.23946,5.2655,1.49217,1.49163,1.47287
2,1.480598131,5.79141,4.24802,4.24802,5.22554,5.22628,5.25237,0.354334,0.353849,0.336951
2,1.480598131,5.62781,4.24802,4.24802,5.22554,5.22628,5.25237,0.251893,0.251412,0.234686
2,1.503028037,4.76074,4.23704,4.23704,5.21895,5.2197,5.24581,-0.287042,-0.287497,-0.303343
2,1.660037383,6.11861,4.16019,4.16019,5.17286,5.1736,5.19985,0.594208,0.593711,0.576248
2,1.660037383,4.92434,4.16019,4.16019,5.17286,5.1736,5.19985,-0.156145,-0.156606,-0.172805
2,1.727327103,4.05726,4.12726,4.12726,5.1531,5.15385,5.18016,-0.689386,-0.689822,-0.705177
2,1.817046729,6.51125,4.08334,4.08334,5.12677,5.12751,5.1539,0.872446,0.871936,0.853853
2,1.884336449,5.07157,4.05041,4.05041,5.10701,5.10775,5.1342,-0.0223596,-0.0228268,-0.0394478
2,1.929196262,3.58282,4.02845,4.02845,5.09384,5.09458,5.12107,-0.954212,-0.954635,-0.969702
2,1.951626168,6.31493,4.01747,4.01747,5.08726,5.088,5.11451,0.775606,0.775101,0.757055
2,1.974056075,5.62781,4.0065,4.0065,5.08067,5.08141,5.10795,0.345813,0.345329,0.327998
2,1.996485981,1.68507,3.99552,3.99552,5.07409,5.07483,5.10138,-2.14291,-2.14327,-2.15635
2,2.041345794,6.72393,3.97356,3.97356,5.06092,5.06166,5.08825,1.05243,1.05191,1.03331
2,2.131065421,4.97342,3.92965,3.92965,5.03458,5.03532,5.06199,-0.0387751,-0.0392411,-0.0560517
2,2.153495327,6.21677,3.91867,3.91867,5.028,5.02873,5.05543,0.753921,0.753417,0.735216
2,2.175925234,6.49489,3.90769,3.90769,5.02141,5.02215,5.04886,0.93488,0.934368,0.915831
2,2.243214953,2.94479,3.87476,3.87476,5.00166,5.00239,5.02917,-1.30671,-1.30711,-1.32182
2,2.310504673,4.23722,3.84183,3.84183,4.9819,4.98264,5.00947,-0.473698,-0.474143,-0.490355
2,2.377794393,5.12065,3.80889,3.80889,4.96215,4.96288,4.98978,0.100955,0.100483,0.0832081
2,2.422654206,3.58282,3.78694,3.78694,4.94898,4.94971,4.97665,-0.870888,-0.871314,-0.886924
2,2.422654206,7.80368,3.78694,3.78694,4.94898,4.94971,4.97665,1.81979,1.81924,1.79891
2,2.422654206,5.21881,3.78694,3.78694,4.94898,4.94971,4.97665,0.172011,0.171535,0.154095
2,2.512373832,4.95706,3.74303,3.74303,4.92264,4.92337,4.95039,0.0219746,0.0215063,0.00424838
2,2.534803738,7.0184,3.73205,3.73205,4.91606,4.91679,4.94383,1.34307,1.34254,1.32293
2,2.534803738,5.62781,3.73205,3.73205,4.91606,4.91679,4.94383,0.4547,0.454211,0.436169
2,2.534803738,4.51534,3.73205,3.73205,4.91606,4.91679,4.94383,-0.255999,-0.256454,-0.273241
2,2.669383178,5.54601,3.66619,3.66619,4.87655,4.87728,4.90444,0.428789,0.428301,0.410178
2,2.669383178,5.05521,3.66619,3.66619,4.87655,4.87728,4.90444,0.114433,0.113961,0.0963959
2,2.669383178,4.35174,3.66619,3.66619,4.87655,4.87728,4.90444,-0.336143,-0.336594,-0.353358
2,2.736672897,3.48466,3.63326,3.63326,4.8568,4.85753,4.88474,-0.879993,-0.880418,-0.896271
2,2.826392523,5.95501,3.58935,3.58935,4.83046,4.83119,4.85849,0.722456,0.721955,0.703156
2,2.91611215,3.10838,3.54545,3.54545,4.80412,4.80485,4.83223,-1.0913,-1.09172,-1.10734
2,2.91611215,5.75869,3.54545,3.54545,4.80412,4.80485,4.83223,0.614318,0.613822,0.595129
2,2.960971963,5.05521,3.5235,3.5235,4.79095,4.79168,4.8191,0.170214,0.169739,0.151805
2,2.960971963,3.69734,3.5235,3.5235,4.79095,4.79168,4.8191,-0.704413,-0.704846,-0.721202
2,2.983401869,5.66053,3.51252,3.51252,4.78437,4.78509,4.81253,0.564594,0.564101,0.545432
2,3.005831776,2.68303,3.50154,3.50154,4.77779,4.77851,4.80597,-1.35044,-1.35084,-1.36607
2,3.005831776,4.7771,3.50154,3.50154,4.77779,4.77851,4.80597,-0.00044429,-0.00091086,-0.0185787
2,3.050691589,3.41922,3.47959,3.47959,4.76462,4.76534,4.79284,-0.868096,-0.868521,-0.884657
2,3.050691589,6.26585,3.47959,3.47959,4.76462,4.76534,4.79284,0.968649,0.968136,0.94867
2,3.050691589,5.31697,3.47959,3.47959,4.76462,4.76534,4.79284,0.356401,0.355917,0.337561
2,3.095551402,4.07362,3.45764,3.45764,4.75145,4.75217,4.77971,-0.437739,-0.438185,-0.45514
2,3.140411215,5.90593,3.43569,3.43569,4.73828,4.739,4.76658,0.754725,0.754222,0.735055
2,3.162841121,3.25562,3.42472,3.42472,4.73169,4.73241,4.76001,-0.954488,-0.954909,-0.970982
2,3.162841121,5.49693,3.42472,3.42472,4.73169,4.73241,4.76001,0.494836,0.494346,0.47563
2,3.252560748,5.39877,3.38082,3.38082,4.70535,4.70607,4.73376,0.449177,0.448689,0.42997
2,3.297420561,4.76074,3.35887,3.35887,4.69219,4.6929,4.72063,0.0444441,0.0439758,0.0259559
2,3.319850467,5.67689,3.34789,3.34789,4.6856,4.68632,4.71406,0.642972,0.642475,0.623334
2,3.319850467,4.1227,3.34789,3.34789,4.6856,4.68632,4.71406,-0.36511,-0.365559,-0.382846
2,3.387140187,6.05317,3.31497,3.31497,4.66585,4.66656,4.69437,0.901029,0.90052,0.880835
2,3.409570093,6.51125,3.304,3.304,4.65926,4.65998,4.6878,1.20334,1.20282,1.18255
2,3.409570093,5.00613,3.304,3.304,4.65926,4.65998,4.6878,0.225383,0.224906,0.206447
2,3.432,6.87117,3.29302,3.29302,4.65268,4.6534,4.68124,1.44211,1.44158,1.42085
2,3.432,3.3047,3.29302,3.29302,4.65268,4.6534,4.68124,-0.876241,-0.876665,-0.893108
2,3.454429907,3.97546,3.28205,3.28205,4.64609,4.64681,4.67467,-0.436132,-0.436577,-0.453854
2,3.454429907,4.4499,3.28205,3.28205,4.64609,4.64681,4.67467,-0.127592,-0.128052,-0.1459
2,3.476859813,4.5317,3.27107,3.27107,4.63951,4.64023,4.66811,-0.070144,-0.0706066,-0.0885823
2,3.521719626,5.56237,3.24913,3.24913,4.62634,4.62706,4.65498,0.609528,0.609034,0.589753
2,3.521719626,3.45194,3.24913,3.24913,4.62634,4.62706,4.65498,-0.764749,-0.765178,-0.781905
2,3.544149533,7.31288,3.23816,3.23816,4.61976,4.62047,4.64841,1.75449,1.75394,1.73251
2,3.633869159,4.90798,3.19426,3.19426,4.59342,4.59413,4.62216,0.205285,0.20481,0.186173
2,3.656299065,4.02454,3.18329,3.18329,4.58683,4.58755,4.61559,-0.367124,-0.367572,-0.385159
2,3.678728972,4.56442,3.17232,3.17232,4.58025,4.58096,4.60903,-0.0103415,-0.0108066,-0.0290827
2,3.723588785,3.5501,3.15038,3.15038,4.56708,4.56779,4.5959,-0.664866,-0.6653,-0.68239
2,3.723588785,3.23926,3.15038,3.15038,4.56708,4.56779,4.5959,-0.868082,-0.868506,-0.885214
2,3.813308411,6.05317,3.10649,3.10649,4.54074,4.54145,4.56964,0.99052,0.990008,0.969717
2,3.903028037,4.22086,3.06261,3.06261,4.5144,4.51511,4.54338,-0.192589,-0.193045,-0.211189
2,3.925457944,3.53374,3.05164,3.05164,4.50782,4.50853,4.53682,-0.639355,-0.63979,-0.657107
2,3.925457944,3.41922,3.05164,3.05164,4.50782,4.50853,4.53682,-0.714522,-0.714954,-0.732128
2,3.94788785,3.9591,3.04067,3.04067,4.50124,4.50194,4.53025,-0.355999,-0.356447,-0.374322
2,3.970317757,3.20654,3.0297,3.0297,4.49465,4.49536,4.52369,-0.846224,-0.846648,-0.863612
2,3.992747664,5.12065,3.01873,3.01873,4.48807,4.48877,4.51712,0.415764,0.415279,0.395894
2,3.992747664,3.01022,3.01873,3.01873,4.48807,4.48877,4.51712,-0.9713,-0.971719,-0.988464
2,4.037607477,2.61759,2.9968,2.9968,4.4749,4.4756,4.50399,-1.22179,-1.22219,-1.2385
2,4.060037383,4.59714,2.98583,2.98583,4.46831,4.46902,4.49743,0.0847812,0.0843121,0.0654921
2,4.08246729,5.51329,2.97486,2.97486,4.46173,4.46243,4.49086,0.692359,0.691861,0.671858
2,4.104897196,1.71779,2.96389,2.96389,4.45514,4.45585,4.4843,-1.8031,-1.80348,-1.81873
2,4.104897196,3.3047,2.96389,2.96389,4.45514,4.45585,4.4843,-0.757797,-0.758226,-0.775476
2,4.127327103,6.10225,2.95293,2.95293,4.44856,4.44927,4.47773,1.08977,1.08926,1.06844
2,4.172186916,4.10634,2.93099,2.93099,4.43539,4.4361,4.4646,-0.217036,-0.21749,-0.235839
2,4.239476636,2.71575,2.8981,2.8981,4.41564,4.41634,4.44491,-1.12271,-1.12312,-1.13979
2,4.261906542,4.40082,2.88713,2.88713,4.40905,4.40976,4.43835,-0.00544168,-0.00590608,-0.0247477
2,4.261906542,4.97342,2.88713,2.88713,4.40905,4.40976,4.43835,0.372905,0.372423,0.352851
2,4.351626168,3.69734,2.84327,2.84327,4.38272,4.38342,4.41209,-0.453673,-0.454116,-0.472175
2,4.351626168,4.87526,2.84327,2.84327,4.38272,4.38342,4.41209,0.326029,0.325549,0.305978
2,4.418915888,5.88957,2.81038,2.81038,4.36296,4.36366,4.39239,1.01187,1.01136,0.990384
2,4.418915888,6.59305,2.81038,2.81038,4.36296,4.36366,4.39239,1.47815,1.47761,1.45573
2,4.418915888,2.97751,2.81038,2.81038,4.36296,4.36366,4.39239,-0.918312,-0.918733,-0.93595
2,4.486205607,4.30266,2.7775,2.7775,4.34321,4.34391,4.3727,-0.0269144,-0.0273774,-0.0463945
2,4.486205607,4.1227,2.7775,2.7775,4.34321,4.34391,4.3727,-0.146355,-0.146813,-0.165597
2,4.508635514,4.84254,2.76654,2.76654,4.33663,4.33732,4.36614,0.335929,0.335449,0.3157
2,4.531065421,5.52965,2.75558,2.75558,4.33004,4.33074,4.35957,0.796909,0.796407,0.775734
2,4.531065421,2.81391,2.75558,2.75558,4.33004,4.33074,4.35957,-1.00718,-1.00759,-1.02474
2,4.575925234,6.56033,2.73366,2.73366,4.31687,4.31757,4.34644,1.49168,1.49114,1.46906
2,4.66564486,1.43967,2.68983,2.68983,4.29053,4.29123,4.32018,-1.89895,-1.89932,-1.91482
2,4.66564486,3.07566,2.68983,2.68983,4.29053,4.29123,4.32018,-0.80922,-0.809645,-0.827296
2,4.66564486,4.0409,2.68983,2.68983,4.29053,4.29123,4.32018,-0.166281,-0.166737,-0.185654
2,4.66564486,3.8773,2.68983,2.68983,4.29053,4.29123,4.32018,-0.275254,-0.275705,-0.294407
2,4.732934579,3.45194,2.65696,2.65696,4.27078,4.27148,4.30049,-0.546161,-0.546599,-0.56483
2,4.755364486,3.94274,2.646,2.646,4.2642,4.26489,4.29393,-0.214507,-0.21496,-0.233869
2,4.800224299,4.80982,2.6241,2.6241,4.25103,4.25172,4.2808,0.373211,0.372729,0.352612
2,4.889943925,3.27198,2.58029,2.58029,4.22469,4.22538,4.25454,-0.637457,-0.63789,-0.656086
2,4.912373832,3.56646,2.56934,2.56934,4.21811,4.2188,4.24797,-0.436213,-0.436656,-0.455274
2,4.912373832,2.37219,2.56934,2.56934,4.21811,4.2188,4.24797,-1.23566,-1.23607,-1.25309
2,4.934803738,3.41922,2.55839,2.55839,4.21152,4.21222,4.24141,-0.530607,-0.531045,-0.549496
2,4.934803738,4.41718,2.55839,2.55839,4.21152,4.21222,4.24141,0.137728,0.137257,0.117472
2,4.957233645,4.64622,2.54744,2.54744,4.20494,4.20563,4.23485,0.295659,0.295181,0.275057
2,5.002093458,3.9591,2.52555,2.52555,4.19177,4.19246,4.22172,-0.156032,-0.156488,-0.175752
2,5.002093458,4.49898,2.52555,2.52555,4.19177,4.19246,4.22172,0.206017,0.205543,0.185553
2,5.024523364,3.59918,2.5146,2.5146,4.18519,4.18588,4.21515,-0.39316,-0.393604,-0.412415
2,5.024523364,4.13906,2.5146,2.5146,4.18519,4.18588,4.21515,-0.0309475,-0.0314094,-0.0509469
2,5.069383178,5.38241,2.49271,2.49271,4.17202,4.17271,4.20202,0.812808,0.812306,0.791027
2,5.114242991,1.91411,2.47083,2.47083,4.15885,4.15954,4.18889,-1.50876,-1.50915,-1.5258
2,5.114242991,6.11861,2.47083,2.47083,4.15885,4.15954,4.18889,1.31722,1.31669,1.29435
2,5.114242991,2.83027,2.47083,2.47083,4.15885,4.15954,4.18889,-0.892983,-0.893404,-0.911293
2,5.18153271,1.97955,2.438,2.438,4.1391,4.13979,4.1692,-1.45347,-1.45387,-1.47069
2,5.226392523,5.02249,2.41613,2.41613,4.12593,4.12662,4.15607,0.603978,0.603487,0.582461
2,5.271252336,3.82822,2.39425,2.39425,4.11276,4.11345,4.14294,-0.191856,-0.19231,-0.211767
2,5.293682243,4.90798,2.38332,2.38332,4.10618,4.10686,4.13638,0.540875,0.540386,0.519417
2,5.360971963,4.10634,2.35052,2.35052,4.08642,4.08711,4.11669,0.0134529,0.0129894,-0.00697458
2,5.360971963,2.73211,2.35052,2.35052,4.08642,4.08711,4.11669,-0.914839,-0.915258,-0.933327
2,5.405831776,5.18609,2.32867,2.32867,4.07326,4.07394,4.10356,0.752405,0.751907,0.730386
2,5.405831776,3.10838,2.32867,2.32867,4.07326,4.07394,4.10356,-0.652363,-0.652794,-0.671442
2,5.428261682,7.47648,2.31774,2.31774,4.06667,4.06736,4.09699,2.30647,2.3059,2.28117
2,5.428261682,4.51534,2.31774,2.31774,4.06667,4.06736,4.09699,0.303487,0.30301,0.282384
2,5.450691589,3.6319,2.30681,2.30681,4.06009,4.06077,4.09043,-0.289766,-0.290215,-0.309648
2,5.517981308,4.8589,2.27404,2.27404,4.04034,4.04102,4.07074,0.554704,0.554215,0.532978
2,5.517981308,6.08589,2.27404,2.27404,4.04034,4.04102,4.07074,1.38619,1.38566,1.36271
2,5.540411215,2.96115,2.26312,2.26312,4.03375,4.03443,4.06417,-0.727192,-0.72762,-0.74624
2,5.652560748,4.6953,2.20855,2.20855,4.00083,4.00151,4.03135,0.471903,0.471419,0.450209
2,5.652560748,4.51534,2.20855,2.20855,4.00083,4.00151,4.03135,0.349617,0.349139,0.328182
2,5.652560748,3.66462,2.20855,2.20855,4.00083,4.00151,4.03135,-0.228461,-0.228913,-0.248672
2,5.652560748,2.56851,2.20855,2.20855,4.00083,4.00151,4.03135,-0.973293,-0.973709,-0.991925
2,5.719850467,3.89366,2.17582,2.17582,3.98108,3.98176,4.01166,-0.0594844,-0.0599439,-0.0801212
2,5.719850467,3.2229,2.17582,2.17582,3.98108,3.98176,4.01166,-0.515904,-0.516342,-0.535571
2,5.876859813,3.59918,2.09953,2.09953,3.93499,3.93567,3.96571,-0.229239,-0.229691,-0.249672
2,5.921719626,1.86503,2.07775,2.07775,3.92182,3.9225,3.95258,-1.40536,-1.40575,-1.42331
2,5.966579439,2.66667,2.05598,2.05598,3.90866,3.90933,3.93945,-0.849403,-0.849825,-0.868592
2,5.989009346,4.80982,2.04509,2.04509,3.90207,3.90275,3.93289,0.621097,0.620606,0.59872
2,5.989009346,4.6135,2.04509,2.04509,3.90207,3.90275,3.93289,0.486772,0.486287,0.464684
2,5.989009346,4.0409,2.04509,2.04509,3.90207,3.90275,3.93289,0.0949887,0.0945224,0.0737447
2,5.989009346,3.3047,2.04509,2.04509,3.90207,3.90275,3.93289,-0.408732,-0.409175,-0.428891
2,6.011439252,2.84663,2.03421,2.03421,3.89549,3.89616,3.92632,-0.717985,-0.718413,-0.737499
2,6.101158879,1.76687,1.99072,1.99072,3.86915,3.86983,3.90007,-1.44175,-1.44214,-1.45978
2,6.101158879,3.0593,1.99072,1.99072,3.86915,3.86983,3.90007,-0.555396,-0.555831,-0.575349
2,6.123588785,3.97546,1.97986,1.97986,3.86257,3.86324,3.8935,0.0774565,0.0769913,0.0561099
2,6.146018692,3.59918,1.969,1.969,3.85599,3.85666,3.88694,-0.17628,-0.176733,-0.197099
2,6.235738318,1.91411,1.92557,1.92557,3.82965,3.83032,3.86068,-1.31734,-1.31774,-1.33576
2,6.235738318,5.56237,1.92557,1.92557,3.82965,3.83032,3.86068,1.19161,1.19109,1.16772
2,6.280598131,5.26789,1.90388,1.90388,3.81648,3.81715,3.84756,0.999075,0.998567,0.97555
2,6.280598131,4.22086,1.90388,1.90388,3.81648,3.81715,3.84756,0.278351,0.277877,0.256401
2,6.280598131,3.86094,1.90388,1.90388,3.81648,3.81715,3.84756,0.030602,0.0301393,0.00919308
2,6.370317757,2.96115,1.86054,1.86054,3.79015,3.79082,3.8213,-0.571704,-0.572138,-0.591885
2,6.392747664,4.58078,1.84972,1.84972,3.78357,3.78423,3.81474,0.550035,0.549548,0.527367
2,6.41517757,6.75665,1.83889,1.83889,3.77698,3.77765,3.80817,2.05677,2.05621,2.03076
2,6.437607477,4.76074,1.82808,1.82808,3.7704,3.77107,3.80161,0.683918,0.683425,0.660906
2,6.460037383,5.88957,1.81726,1.81726,3.76381,3.76448,3.79505,1.46871,1.46818,1.44394
2,6.48246729,4.98978,1.80645,1.80645,3.75723,3.7579,3.78848,0.851976,0.851475,0.828543
2,6.504897196,4.25358,1.79565,1.79565,3.75065,3.75131,3.78192,0.347805,0.347328,0.32546
2,6.527327103,1.93047,1.78484,1.78484,3.74406,3.74473,3.77535,-1.25479,-1.25519,-1.27361
2,6.527327103,5.61145,1.78484,1.78484,3.74406,3.74473,3.77535,1.29201,1.29148,1.26755
2,6.527327103,0.670757,1.78484,1.78484,3.74406,3.74473,3.77535,-2.12636,-2.12672,-2.14326
2,6.639476636,3.56646,1.73091,1.73091,3.71115,3.71181,3.74254,-0.100338,-0.100794,-0.121835
2,6.639476636,3.3865,1.73091,1.73091,3.71115,3.71181,3.74254,-0.225139,-0.225589,-0.246358
2,6.639476636,3.25562,1.73091,1.73091,3.71115,3.71181,3.74254,-0.315904,-0.316349,-0.336921
2,6.661906542,2.71575,1.72013,1.72013,3.70456,3.70523,3.73597,-0.686061,-0.68649,-0.706277
2,6.818915888,3.99182,1.64488,1.64488,3.65848,3.65914,3.69003,0.232037,0.231566,0.209607
2,6.886205607,3.77914,1.61271,1.61271,3.63873,3.63939,3.67034,0.0978769,0.0974121,0.0756748
2,6.886205607,3.20654,1.61271,1.61271,3.63873,3.63939,3.67034,-0.301269,-0.301715,-0.322573
2,6.931065421,2.01227,1.59131,1.59131,3.62556,3.62622,3.65721,-1.12565,-1.12606,-1.14514
2,6.953495327,4.25358,1.58061,1.58061,3.61898,3.61964,3.65065,0.442989,0.442508,0.419935
2,6.953495327,3.61554,1.58061,1.58061,3.61898,3.61964,3.65065,-0.0024013,-0.0028613,-0.0244498
2,6.99835514,1.76687,1.55924,1.55924,3.60582,3.60647,3.63752,-1.28491,-1.28531,-1.3041
2,6.99835514,2.19223,1.55924,1.55924,3.60582,3.60647,3.63752,-0.987703,-0.988116,-1.00757
2,7.06564486,3.01022,1.52725,1.52725,3.58607,3.58672,3.61783,-0.402922,-0.403363,-0.424182
2,7.088074766,4.54806,1.5166,1.5166,3.57948,3.58014,3.61127,0.67804,0.677548,0.6543
2,7.110504673,1.96319,1.50596,1.50596,3.5729,3.57356,3.6047,-1.12739,-1.1278,-1.14705
2,7.132934579,3.7955,1.49533,1.49533,3.56632,3.56697,3.59814,0.160589,0.160121,0.137976
2,7.177794393,2.42127,1.47409,1.47409,3.55315,3.55381,3.58501,-0.793862,-0.794285,-0.814346
2,7.200224299,3.17382,1.46348,1.46348,3.54657,3.54722,3.57845,-0.261554,-0.262001,-0.283276
2,7.222654206,4.1227,1.45288,1.45288,3.53999,3.54064,3.57189,0.40908,0.408601,0.3858
2,7.267514019,4.71166,1.43172,1.43172,3.52682,3.52748,3.55876,0.832574,0.832075,0.808273
2,7.334803738,3.3865,1.40004,1.40004,3.50707,3.50773,3.53907,-0.0848443,-0.0852997,-0.107115
2,7.379663551,3.92638,1.37898,1.37898,3.49391,3.49456,3.52595,0.304616,0.304142,0.281399
2,7.402093458,1.32515,1.36847,1.36847,3.48733,3.48798,3.51938,-1.52367,-1.52406,-1.54269
2,7.402093458,5.54601,1.36847,1.36847,3.48733,3.48798,3.51938,1.45074,1.45022,1.42486
2,7.424523364,5.85685,1.35796,1.35796,3.48074,3.48139,3.51282,1.67522,1.67469,1.64879
2,7.424523364,6.72393,1.35796,1.35796,3.48074,3.48139,3.51282,2.28654,2.28597,2.25869
2,7.446953271,4.7771,1.34747,1.34747,3.47416,3.47481,3.50626,0.919044,0.918541,0.894331
2,7.446953271,4.64622,1.34747,1.34747,3.47416,3.47481,3.50626,0.826726,0.826228,0.802226
2,7.469383178,3.68098,1.33699,1.33699,3.46758,3.46823,3.4997,0.150599,0.150132,0.127637
2,7.536672897,1.83231,1.30563,1.30563,3.44783,3.44848,3.48001,-1.1417,-1.14211,-1.16174
2,7.536672897,4.22086,1.30563,1.30563,3.44783,3.44848,3.48001,0.546305,0.54582,0.52235
2,7.536672897,5.00613,1.30563,1.30563,3.44783,3.44848,3.48001,1.10127,1.10075,1.07602
2,7.64882243,2.38855,1.25361,1.25361,3.41492,3.41557,3.44719,-0.727076,-0.727501,-0.748188
2,7.64882243,2.56851,1.25361,1.25361,3.41492,3.41557,3.44719,-0.599594,-0.600025,-0.621004
2,7.671252336,3.56646,1.24325,1.24325,3.40834,3.40899,3.44063,0.112068,0.111604,0.0889716
2,7.671252336,3.32106,1.24325,1.24325,3.40834,3.40899,3.44063,-0.0618544,-0.0623102,-0.084544
2,7.805831776,3.82822,1.18142,1.18142,3.36885,3.36949,3.40126,0.32651,0.326036,0.302758
2,7.895551402,3.3047,1.14054,1.14054,3.34252,3.34316,3.37501,-0.0269298,-0.0273869,-0.0499487
2,7.917981308,2.14315,1.13036,1.13036,3.33594,3.33658,3.36845,-0.849833,-0.850251,-0.87093
2,7.940411215,2.97751,1.12021,1.12021,3.32936,3.33,3.36189,-0.250806,-0.251252,-0.273344
2,7.962841121,2.86299,1.11007,1.11007,3.32277,3.32342,3.35532,-0.327903,-0.328346,-0.350283
2,8.030130841,4.25358,1.07978,1.07978,3.30303,3.30367,3.33564,0.678872,0.678383,0.654025
2,8.030130841,3.7955,1.07978,1.07978,3.30303,3.30367,3.33564,0.351718,0.351243,0.327649
2,8.052560748,3.68098,1.06972,1.06972,3.29645,3.29709,3.32908,0.274762,0.274291,0.25085
2,8.052560748,2.07771,1.06972,1.06972,3.29645,3.29709,3.32908,-0.87083,-0.871247,-0.892014
2,8.097420561,1.94683,1.04968,1.04968,3.28329,3.28393,3.31595,-0.955863,-0.956276,-0.97689
2,8.142280374,3.40286,1.02973,1.02973,3.27012,3.27076,3.30283,0.0950297,0.0945674,0.0714443
2,8.16471028,4.1227,1.01978,1.01978,3.26354,3.26418,3.29627,0.615378,0.614891,0.590521
2,8.232,4.35174,0.990103,0.990103,3.2438,3.24444,3.27658,0.79472,0.794226,0.769353
2,8.232,1.25971,0.990103,0.990103,3.2438,3.24444,3.27658,-1.42318,-1.42357,-1.44322
2,8.254429907,3.3047,0.98026,0.98026,3.23722,3.23786,3.27002,0.04843,0.0479701,0.0248292
2,8.344149533,0.916155,0.941152,0.941152,3.2109,3.21153,3.24378,-1.65,-1.65038,-1.6696
2,8.366579439,3.94274,0.931444,0.931444,3.20432,3.20495,3.23722,0.53121,0.530728,0.506315
2,8.389009346,3.58282,0.921765,0.921765,3.19773,3.19837,3.23065,0.277159,0.276689,0.252852
2,8.411439252,6.08589,0.912115,0.912115,3.19115,3.19179,3.22409,2.08444,2.08389,2.05573
2,8.411439252,2.47035,0.912115,0.912115,3.19115,3.19179,3.22409,-0.519039,-0.519472,-0.541443
2,8.456299065,3.69734,0.892905,0.892905,3.17799,3.17863,3.21097,0.374335,0.373861,0.349714
2,8.478728972,3.33742,0.883346,0.883346,3.17141,3.17205,3.20441,0.119715,0.119252,0.0956857
2,8.501158879,4.33538,0.873819,0.873819,3.16483,3.16547,3.19785,0.844525,0.844029,0.818707
2,8.501158879,0.834356,0.873819,0.873819,3.16483,3.16547,3.19785,-1.68139,-1.68177,-1.70107
2,8.501158879,3.48466,0.873819,0.873819,3.16483,3.16547,3.19785,0.230751,0.230283,0.206426
2,8.523588785,4.02454,0.864324,0.864324,3.15825,3.15889,3.19129,0.625313,0.624826,0.600001
2,8.635738318,2.17587,0.817353,0.817353,3.12535,3.12598,3.15849,-0.687038,-0.687462,-0.709272
2,8.658168224,1.94683,0.808063,0.808063,3.11877,3.1194,3.15193,-0.84842,-0.848838,-0.870284
2,8.658168224,3.10838,0.808063,0.808063,3.11877,3.1194,3.15193,-0.00752127,-0.00797769,-0.0314455
2,8.703028037,1.75051,0.789595,0.789595,3.10561,3.10624,3.13881,-0.981976,-0.982386,-1.00356
2,8.725457944,1.14519,0.780417,0.780417,3.09904,3.09967,3.13225,-1.41654,-1.41693,-1.43708
2,8.792747664,2.56851,0.753116,0.753116,3.0793,3.07993,3.11257,-0.370868,-0.371307,-0.39405
2,8.904897196,6.90389,0.70843,0.70843,3.0464,3.04703,3.07977,2.80766,2.80707,2.77647
2,8.904897196,1.06339,0.70843,0.70843,3.0464,3.04703,3.07977,-1.44333,-1.44372,-1.46397
2,8.904897196,2.83027,0.70843,0.70843,3.0464,3.04703,3.07977,-0.157314,-0.157763,-0.18115
2,8.927327103,3.53374,0.699621,0.699621,3.03982,3.04045,3.07321,0.359674,0.359201,0.334529
2,8.972186916,2.30675,0.682137,0.682137,3.02667,3.02729,3.06009,-0.524762,-0.525194,-0.54776
2,8.972186916,3.27198,0.682137,0.682137,3.02667,3.02729,3.06009,0.178816,0.178352,0.154068
2,8.972186916,3.89366,0.682137,0.682137,3.02667,3.02729,3.06009,0.631968,0.631483,0.606092
2,9.017046729,3.04294,0.664836,0.664836,3.01351,3.01413,3.04697,0.0214767,0.0210197,-0.00293243
2,9.039476636,2.48671,0.656256,0.656256,3.00693,3.00756,3.04041,-0.379761,-0.380199,-0.403194
2,9.061906542,4.84254,0.647723,0.647723,3.00035,3.00098,3.03386,1.34544,1.34493,1.31767
2,9.106766355,1.57055,0.630804,0.630804,2.9872,2.98782,3.02074,-1.03567,-1.03608,-1.05754
2,9.106766355,3.61554,0.630804,0.630804,2.9872,2.98782,3.02074,0.459365,0.458888,0.433755
2,9.129196262,1.29243,0.622419,0.622419,2.98062,2.98124,3.01418,-1.23479,-1.23519,-1.25618
2,9.174056075,4.41718,0.6058,0.6058,2.96746,2.96809,3.00106,1.06141,1.06091,1.03421
2,9.196485981,3.43558,0.597568,0.597568,2.96089,2.96151,2.99451,0.347722,0.34725,0.322283
2,9.241345794,3.73006,0.581262,0.581262,2.94773,2.94835,2.98139,0.573634,0.573151,0.547572
2,9.286205607,2.55215,0.565171,0.565171,2.93458,2.9352,2.96827,-0.28069,-0.281132,-0.30465
2,9.286205607,3.27198,0.565171,0.565171,2.93458,2.9352,2.96827,0.247643,0.247176,0.222349
2,9.308635514,1.35787,0.557207,0.557207,2.928,2.92862,2.96172,-1.15299,-1.15339,-1.17477
2,9.331065421,3.10838,0.549299,0.549299,2.92142,2.92204,2.95516,0.137358,0.136896,0.112289
2,9.375925234,5.54601,0.533653,0.533653,2.90827,2.90889,2.94204,1.93984,1.93929,1.91015
2,9.39835514,4.26994,0.525915,0.525915,2.90169,2.90231,2.93549,1.00673,1.00623,0.979372
2,9.420785047,7.39468,0.518236,0.518236,2.89512,2.89574,2.92893,3.31234,3.31173,3.27909
2,9.443214953,2.38855,0.510615,0.510615,2.88854,2.88916,2.92237,-0.368251,-0.368689,-0.392166
2,9.443214953,2.84663,0.510615,0.510615,2.88854,2.88916,2.92237,-0.0308717,-0.0313253,-0.0556457
2,9.443214953,4.15542,0.510615,0.510615,2.88854,2.88916,2.92237,0.933069,0.93257,0.905842
2,9.510504673,4.89162,0.488111,0.488111,2.86881,2.86943,2.9027,1.49203,1.49151,1.46329
2,9.532934579,0.719836,0.48073,0.48073,2.86224,2.86285,2.89614,-1.58104,-1.58142,-1.60196
2,9.532934579,4.40082,0.48073,0.48073,2.86224,2.86285,2.89614,1.13543,1.13492,1.10757
2,9.645084112,3.41922,0.44476,0.44476,2.82936,2.82998,2.86336,0.436386,0.435911,0.410175
2,9.645084112,2.68303,0.44476,0.44476,2.82936,2.82998,2.86336,-0.108261,-0.10871,-0.133073
2,9.667514019,1.42331,0.437755,0.437755,2.82279,2.8234,2.85681,-1.03586,-1.03627,-1.05832
2,9.667514019,2.48671,0.437755,0.437755,2.82279,2.8234,2.85681,-0.24876,-0.249203,-0.273237
2,9.734803738,3.25562,0.41713,0.41713,2.80306,2.80368,2.83714,0.335478,0.335008,0.309416
2,9.846953271,2.42127,0.38407,0.38407,2.77019,2.77081,2.80437,-0.259302,-0.259744,-0.283959
2,9.869383178,2.78119,0.377659,0.377659,2.76362,2.76423,2.79781,0.0130601,0.0126055,-0.0123297
2,9.959102804,1.79959,0.352692,0.352692,2.73733,2.73794,2.7716,-0.69862,-0.699041,-0.722261
2,9.959102804,3.1411,0.352692,0.352692,2.73733,2.73794,2.7716,0.300815,0.300347,0.274568
2,10.00396262,2.61759,0.340618,0.340618,2.72418,2.72479,2.75849,-0.0794951,-0.0799451,-0.104804
2,10.02639252,2.35583,0.334685,0.334685,2.71761,2.71822,2.75194,-0.269937,-0.270378,-0.294774
2,10.07125234,2.04499,0.323025,0.323025,2.70447,2.70508,2.73883,-0.492549,-0.49298,-0.516855
2,10.13854206,2.53579,0.306054,0.306054,2.68475,2.68536,2.71917,-0.111428,-0.111876,-0.136812
2,10.16097196,3.01022,0.300536,0.300536,2.67818,2.67879,2.71262,0.248494,0.248029,0.222136
2,10.18340187,5.33e-15,0.295088,0.295088,2.67161,2.67222,2.70607,-2.00039,-2.00075,-2.02085
2,10.20583178,3.40286,0.289708,0.289708,2.66504,2.66565,2.69952,0.552728,0.552249,0.525513
2,10.2731215,2.35583,0.273986,0.273986,2.64533,2.64594,2.67986,-0.217206,-0.217648,-0.242469
2,10.2731215,3.9591,0.273986,0.273986,2.64533,2.64594,2.67986,0.985681,0.985182,0.957235
2,10.31798131,2.74847,0.26385,0.26385,2.63219,2.6328,2.66676,0.0873248,0.0868679,0.0612013
2,10.40770093,5.87321,0.244403,0.244403,2.60592,2.60652,2.64056,2.4588,2.45823,2.42625
2,10.40770093,2.30675,0.244403,0.244403,2.60592,2.60652,2.64056,-0.225139,-0.225581,-0.250539
2,10.40770093,3.7955,0.244403,0.244403,2.60592,2.60652,2.64056,0.895219,0.894725,0.866836
2,10.40770093,3.35378,0.244403,0.244403,2.60592,2.60652,2.64056,0.562805,0.562326,0.535307
2,10.40770093,3.01022,0.244403,0.244403,2.60592,2.60652,2.64056,0.304261,0.303794,0.277451
2,10.47499065,2.53579,0.230533,0.230533,2.58621,2.58681,2.62091,-0.0380057,-0.0384563,-0.0639851
2,10.49742056,3.19018,0.226044,0.226044,2.57965,2.58025,2.61436,0.460391,0.459917,0.433053
2,10.51985047,4.46626,0.221623,0.221623,2.57308,2.57368,2.60781,1.42832,1.4278,1.39837
2,10.54228037,3.51738,0.217268,0.217268,2.56651,2.56711,2.60126,0.717755,0.717269,0.68967
2,10.632,1.86503,0.200506,0.200506,2.54025,2.54084,2.57507,-0.510717,-0.511145,-0.535613
2,10.65442991,1.01431,0.196479,0.196479,2.53368,2.53428,2.56853,-1.1498,-1.15019,-1.173
2,10.92358879,2.53579,0.153019,0.153019,2.45492,2.45551,2.48998,0.0615737,0.0611199,0.0347828
2,10.94601869,4.15542,0.149788,0.149788,2.44836,2.44895,2.48344,1.30043,1.29992,1.27023
2,11.03573832,0.327198,0.137429,0.137429,2.42212,2.42271,2.45727,-1.59917,-1.59955,-1.62155
2,11.03573832,1.50511,0.137429,0.137429,2.42212,2.42271,2.45727,-0.700001,-0.70042,-0.724843
2,11.03573832,2.38855,0.137429,0.137429,2.42212,2.42271,2.45727,-0.025624,-0.0260735,-0.0523129
2,11.08059813,1.66871,0.131581,0.131581,2.409,2.40959,2.44418,-0.565682,-0.566107,-0.590943
2,11.14788785,1.42331,0.12321,0.12321,2.38932,2.38991,2.42456,-0.739305,-0.739721,-0.764165
2,11.17031776,2.19223,0.120524,0.120524,2.38276,2.38335,2.41802,-0.145895,-0.146339,-0.172415
2,11.19274766,1.79959,0.117889,0.117889,2.37621,2.37679,2.41148,-0.441749,-0.442179,-0.46748
2,11.26003738,2.58487,0.110282,0.110282,2.35654,2.35712,2.39187,0.175195,0.174737,0.147679
2,11.28246729,1.47239,0.107844,0.107844,2.34998,2.35057,2.38533,-0.673713,-0.674132,-0.698905
2,11.3048972,3.25562,0.105453,0.105453,2.34343,2.34401,2.37879,0.700641,0.700159,0.671612
2,11.39461682,2.91207,0.0963536,0.0963536,2.31721,2.3178,2.35264,0.45784,0.457369,0.42937
2,11.43947664,2.45399,0.092072,0.092072,2.30411,2.30469,2.33957,0.115478,0.115023,0.0879066
2,11.46190654,2.06135,0.0899958,0.0899958,2.29756,2.29814,2.33304,-0.182082,-0.182523,-0.208849
2,11.48433645,1.93047,0.0879619,0.0879619,2.291,2.29159,2.3265,-0.278065,-0.278502,-0.304591
2,11.52919626,2.71575,0.0840182,0.0840182,2.2779,2.27848,2.31344,0.338041,0.337576,0.309737
2,11.52919626,4.38446,0.0840182,0.0840182,2.2779,2.27848,2.31344,1.62638,1.62586,1.59447
2,11.64134579,0.359918,0.0748514,0.0748514,2.24516,2.24574,2.28078,-1.45929,-1.45968,-1.48268
2,11.91050467,0.834356,0.0564764,0.0564764,2.16664,2.16721,2.20245,-1.03773,-1.03813,-1.06259
2,11.93293458,2.15951,0.0551523,0.0551523,2.1601,2.16067,2.19593,-0.000458285,-0.000905554,-0.028302
2,11.93293458,0.687117,0.0551523,0.0551523,2.1601,2.16067,2.19593,-1.14792,-1.14831,-1.17249
2,11.97779439,1.11247,0.0525911,0.0525911,2.14702,2.14759,2.18288,-0.80708,-0.80749,-0.832674
2,12.02265421,1.73415,0.0501421,0.0501421,2.13395,2.13452,2.16984,-0.312218,-0.312651,-0.339277
2,12.04508411,3.69734,0.0489583,0.0489583,2.12741,2.12798,2.16332,1.22667,1.22617,1.19518
2,12.11237383,1.96319,0.0455635,0.0455635,2.10781,2.10838,2.14377,-0.113174,-0.113616,-0.140909
2,12.17966355,1.45603,0.0423927,0.0423927,2.08821,2.08878,2.12422,-0.495508,-0.495932,-0.522221
2,12.24695327,2.84663,0.0394327,0.0394327,2.06862,2.06919,2.10467,0.610768,0.610295,0.580784
2,12.26938318,2.61759,0.0384906,0.0384906,2.06209,2.06266,2.09816,0.436316,0.435851,0.406808
2,12.38153271,3.28834,0.0340947,0.0340947,2.02947,2.03003,2.06561,0.991395,0.990905,0.960135
2,12.42639252,1.89775,0.032475,0.032475,2.01642,2.01699,2.05259,-0.0935553,-0.093996,-0.121715
2,12.42639252,1.60327,0.032475,0.032475,2.01642,2.01699,2.05259,-0.325708,-0.326138,-0.353192
2,12.47125234,2.09407,0.0309295,0.0309295,2.00338,2.00395,2.03958,0.0715692,0.0711212,0.0428758
2,12.47125234,1.06339,0.0309295,0.0309295,2.00338,2.00395,2.03958,-0.741822,-0.742233,-0.768144
2,12.51611215,3.32106,0.029455,0.029455,1.99035,1.99091,2.02657,1.05129,1.0508,1.01968
2,12.53854206,2.20859,0.0287435,0.0287435,1.98383,1.98439,2.02007,0.177658,0.177206,0.148575
2,12.60583178,1.93047,0.0267074,0.0267074,1.96428,1.96484,2.00057,-0.0267698,-0.0272126,-0.0553329
2,12.6955514,0.736196,0.0242089,0.0242089,1.93824,1.9388,1.97458,-0.953652,-0.954052,-0.979591
2,12.91985047,1.79959,0.0189169,0.0189169,1.87321,1.87377,1.90968,-0.0587184,-0.0591578,-0.0875445
2,12.91985047,0.916155,0.0189169,0.0189169,1.87321,1.87377,1.90968,-0.763321,-0.763729,-0.790055
2,12.98714019,4.33538,0.0175628,0.0175628,1.85373,1.85428,1.89024,1.98245,1.98191,1.94747
2,13.05442991,1.66871,0.0163038,0.0163038,1.83426,1.83481,1.8708,-0.132456,-0.132892,-0.161212
2,13.05442991,4.5317,0.0163038,0.0163038,1.83426,1.83481,1.8708,2.15827,2.15773,2.12267
2,13.18900935,0.458078,0.0140459,0.0140459,1.79536,1.7959,1.83197,-1.0734,-1.07379,-1.09948
2,13.23386916,2.38855,0.0133639,0.0133639,1.7824,1.78295,1.81903,0.487058,0.486596,0.456248
2,13.25629907,0.539877,0.0130353,0.0130353,1.77593,1.77647,1.81257,-0.99373,-0.994125,-1.02011
2,13.30115888,3.58282,0.0124016,0.0124016,1.76298,1.76353,1.79964,1.46464,1.46413,1.43081
2,13.3908785,2.02863,0.0112242,0.0112242,1.73711,1.73765,1.77381,0.235121,0.234672,0.204898
2,13.41330841,3.76278,0.0109475,0.0109475,1.73065,1.73119,1.76736,1.63986,1.63935,1.60537
2,13.41330841,4.08998,0.0109475,0.0109475,1.73065,1.73119,1.76736,1.9039,1.90338,1.86861
2,13.45816822,2.65031,0.0104141,0.0104141,1.71773,1.71827,1.75446,0.753365,0.752893,0.7215
2,13.48059813,0.556237,0.0101572,0.0101572,1.71127,1.71181,1.74801,-0.933564,-0.93396,-0.960341
2,13.52545794,2.14315,0.00966189,0.00966189,1.69836,1.6989,1.73512,0.359891,0.359437,0.329146
2,13.74975701,1.40695,0.00752216,0.00752216,1.63393,1.63447,1.67077,-0.184641,-0.185068,-0.213951
2,13.81704673,0.997955,0.00697715,0.00697715,1.61465,1.61518,1.65151,-0.502466,-0.502878,-0.530864
2,13.99648598,0.719836,0.00570794,0.00570794,1.56333,1.56386,1.60023,-0.69021,-0.690613,-0.718186
2,14.0637757,1.55419,0.00529358,0.00529358,1.54413,1.54466,1.58104,0.00824892,0.00781611,-0.0219385
2,14.24321495,0.0981595,0.0043291,0.0043291,1.49305,1.49357,1.52999,-1.14816,-1.14854,-1.17491
2,14.24321495,2.43763,0.0043291,0.0043291,1.49305,1.49357,1.52999,0.777505,0.777041,0.744782
2,14.31050467,2.78119,0.00401437,0.00401437,1.47394,1.47446,1.51089,1.07776,1.07728,1.04404
2,14.4002243,2.87935,0.00362989,0.00362989,1.44851,1.44903,1.48546,1.18219,1.18171,1.14807
2,14.4002243,4.05726,0.00362989,0.00362989,1.44851,1.44903,1.48546,2.15541,2.15488,2.11826
2,14.44508411,0.196319,0.00345163,0.00345163,1.43582,1.43634,1.47277,-1.02521,-1.02559,-1.05247
2,14.44508411,1.01431,0.00345163,0.00345163,1.43582,1.43634,1.47277,-0.348632,-0.349045,-0.378008
2,14.44508411,1.37423,0.00345163,0.00345163,1.43582,1.43634,1.47277,-0.0509399,-0.0513655,-0.081244
2,14.53480374,2.73211,0.00312085,0.00312085,1.41048,1.41099,1.44742,1.09549,1.09501,1.06154
2,14.64695327,1.22699,0.00275144,0.00275144,1.37888,1.37939,1.41581,-0.126236,-0.126655,-0.156436
2,14.87125234,1.79959,0.00213833,0.00213833,1.316,1.3165,1.35287,0.404087,0.403649,0.372099
2,14.98340187,0.179959,0.00188497,0.00188497,1.28472,1.28522,1.32156,-0.925604,-0.925984,-0.953455
2,15.02826168,1.79959,0.00179223,0.00179223,1.27225,1.27274,1.30906,0.4423,0.441862,0.410122
2,15.0955514,1.86503,0.00166158,0.00166158,1.25357,1.25407,1.29036,0.513673,0.513234,0.481246
2,15.25256075,3.68098,0.00139251,0.00139251,1.21018,1.21067,1.24688,2.08343,2.08293,2.04601
2,15.27499065,0.572597,0.00135781,0.00135781,1.204,1.2045,1.24069,-0.532701,-0.533093,-0.561871
2,15.29742056,1.68507,0.00132396,0.00132396,1.19783,1.19832,1.23451,0.411287,0.410856,0.379131
2,15.38714019,1.86503,0.0011968,0.0011968,1.17321,1.1737,1.20982,0.585222,0.584786,0.552505
2,15.47685981,0.883436,0.00108184,0.00108184,1.14869,1.14918,1.18523,-0.224866,-0.225266,-0.255027
2,15.52171963,2.81391,0.00102856,0.00102856,1.13647,1.13696,1.17297,1.42351,1.42304,1.38814
2,15.90302804,1.66871,0.000669517,0.000669517,1.03376,1.03423,1.06983,0.543684,0.543264,0.511187
2,16.08246729,1.81595,0.000547002,0.000547002,0.986235,0.986693,1.02204,0.713427,0.713005,0.6805
2,16.26190654,2.56851,0.000446894,0.000446894,0.9393,0.939749,0.974791,1.40668,1.40623,1.37173
2,16.30676636,1.97955,0.000424871,0.000424871,0.927666,0.928113,0.963072,0.909145,0.908723,0.8758
3,0,0.620408,4.97274,4.97274,6.34802,6.35642,6.80852,-3.34571,-3.34894,-3.51783
3,2.018691589,4.5551,3.98465,3.98465,5.82477,5.84099,6.27786,-0.76562,-0.774622,-1.01057
3,2.041121495,2.61224,3.97367,3.97367,5.81896,5.83526,6.27196,-1.93436,-1.94224,-2.14754
3,3.005607477,5.24082,3.50165,3.50165,5.56896,5.589,6.01829,-0.201049,-0.213056,-0.463287
3,3.857943925,3.72245,3.08466,3.08466,5.34803,5.37137,5.79409,-1.00996,-1.02294,-1.25159
3,4.014953271,2.1551,3.00788,3.00788,5.30734,5.33128,5.75279,-1.96354,-1.97544,-2.17911
3,4.014953271,3.2,3.00788,3.00788,5.30734,5.33128,5.75279,-1.31267,-1.32556,-1.54622
3,4.037383178,5.01224,2.99691,2.99691,5.30152,5.32555,5.74689,-0.180259,-0.194934,-0.445137
3,4.351401869,3.82041,2.84338,2.84338,5.22013,5.24537,5.66429,-0.876768,-0.891139,-1.123
3,5.001869159,3.11837,2.52566,2.52566,5.05153,5.07929,5.49318,-1.22414,-1.23949,-1.46195
3,5.136448598,5.8449,2.45999,2.45999,5.01664,5.04493,5.45778,0.525668,0.506785,0.238848
3,5.226168224,1.94286,2.41624,2.41624,4.99339,5.02202,5.43418,-1.93901,-1.95357,-2.15731
3,5.45046729,4.81633,2.30692,2.30692,4.93525,4.96475,5.37517,-0.0758784,-0.0945192,-0.346607
3,5.876635514,3.59184,2.09963,2.09963,4.82479,4.85594,5.26306,-0.792394,-0.810753,-1.04396
3,5.943925234,4.70204,2.06697,2.06697,4.80735,4.83876,5.24536,-0.0677553,-0.0877845,-0.339778
3,6.011214953,4.3102,2.03432,2.03432,4.7899,4.82158,5.22766,-0.309004,-0.328719,-0.574404
3,6.03364486,6.33469,2.02345,2.02345,4.78409,4.81585,5.22176,0.999219,0.976707,0.697057
3,6.347663551,4.60408,1.87148,1.87148,4.7027,4.73567,5.13915,-0.0638917,-0.0850695,-0.33691
3,6.841121495,5.12653,1.63426,1.63426,4.57479,4.60968,5.00934,0.360521,0.336939,0.0744144
3,6.908411215,6.12245,1.60211,1.60211,4.55735,4.5925,4.99164,1.02387,0.998531,0.718861
3,6.998130841,4.19592,1.55935,1.55935,4.5341,4.56959,4.96803,-0.22158,-0.244254,-0.49159
3,7.020560748,6.17143,1.54868,1.54868,4.52828,4.56386,4.96213,1.07703,1.0512,0.770231
3,7.042990654,5.40408,1.53801,1.53801,4.52247,4.55814,4.95623,0.578094,0.553381,0.285357
3,7.155140187,7.77143,1.48481,1.48481,4.4934,4.5295,4.92673,2.15368,2.12481,1.81605
3,7.244859813,4.76735,1.4424,1.4424,4.47015,4.5066,4.90313,0.195568,0.171164,-0.0868158
3,7.289719626,6.85714,1.42126,1.42126,4.45852,4.49514,4.89133,1.57962,1.55167,1.25789
3,7.334579439,5.81224,1.40015,1.40015,4.44689,4.48369,4.87952,0.89986,0.873441,0.597291
3,7.334579439,4.44082,1.40015,1.40015,4.44689,4.48369,4.87952,-0.00400461,-0.0281853,-0.280938
3,7.379439252,4.01633,1.37909,1.37909,4.43527,4.47223,4.86772,-0.276326,-0.299961,-0.545635
3,7.446728972,6.23673,1.34758,1.34758,4.41782,4.45505,4.85002,1.20114,1.1736,0.889737
3,7.648598131,4.81633,1.25372,1.25372,4.3655,4.40351,4.79692,0.298766,0.272872,0.0124972
3,7.693457944,6.44898,1.23301,1.23301,4.35387,4.39206,4.78512,1.38954,1.36069,1.07213
3,7.85046729,4.76735,1.16105,1.16105,4.31318,4.35197,4.74381,0.302053,0.275526,0.0152067
3,7.962616822,6.80816,1.11017,1.11017,4.28411,4.32334,4.71431,1.682,1.65144,1.35553
3,8.007476636,5.74694,1.08996,1.08996,4.27248,4.31188,4.70251,0.983339,0.954495,0.67668
3,8.007476636,3.6898,1.08996,1.08996,4.27248,4.31188,4.70251,-0.388604,-0.413767,-0.65613
3,8.007476636,5.3551,1.08996,1.08996,4.27248,4.31188,4.70251,0.722017,0.693873,0.422812
3,8.142056075,8.26122,1.02983,1.02983,4.2376,4.27752,4.6671,2.68983,2.65588,2.33409
3,8.231775701,4.5551,0.990201,0.990201,4.21435,4.25462,4.6435,0.228161,0.200644,-0.057499
3,8.321495327,5.48571,0.950986,0.950986,4.19109,4.23171,4.6199,0.868229,0.838652,0.564046
3,8.343925234,4.32653,0.941249,0.941249,4.18528,4.22598,4.614,0.0947669,0.0672711,-0.187349
3,8.456074766,5.9102,0.893001,0.893001,4.15621,4.19735,4.5845,1.17913,1.14822,0.865694
3,8.747663551,4.75102,0.771368,0.771368,4.08064,4.1229,4.50779,0.453024,0.423225,0.159649
3,8.882242991,3.98367,0.717371,0.717371,4.04576,4.08854,4.47239,-0.0420553,-0.0708283,-0.321542
3,8.94953271,6.66122,0.690944,0.690944,4.02832,4.07136,4.45469,1.7857,1.75127,1.4535
3,9.01682243,4.8,0.664922,0.664922,4.01088,4.05418,4.43698,0.535851,0.504924,0.239412
3,9.039252336,5.9102,0.656341,0.656341,4.00506,4.04846,4.43108,1.2942,1.26092,0.975882
3,9.039252336,4.60408,0.656341,0.656341,4.00506,4.04846,4.43108,0.406925,0.376312,0.114139
3,9.151401869,7.72245,0.614167,0.614167,3.976,4.01982,4.40158,2.5502,2.51269,2.19539
3,9.218691589,3.80408,0.58947,0.58947,3.95856,4.00264,4.38388,-0.105279,-0.13491,-0.383758
3,9.285981308,5.06122,0.565251,0.565251,3.94112,3.98546,4.36618,0.764311,0.731783,0.460591
3,9.330841121,6.22041,0.549378,0.549378,3.92949,3.97401,4.35438,1.56449,1.52932,1.23757
3,9.353271028,5.32245,0.541526,0.541526,3.92368,3.96829,4.34848,0.955623,0.92227,0.646205
3,9.375700935,4.39184,0.53373,0.53373,3.91786,3.96256,4.34258,0.323944,0.292482,0.0326959
3,9.487850467,6.26939,0.495627,0.495627,3.8888,3.93393,4.31307,1.63037,1.59441,1.30109
3,9.66728972,4.34286,0.437825,0.437825,3.84229,3.88812,4.26587,0.343936,0.311448,0.0513663
3,9.846728972,4.71837,0.384134,0.384134,3.79579,3.84231,4.21867,0.635982,0.60194,0.334487
3,9.958878505,5.02857,0.352753,0.352753,3.76672,3.81367,4.18917,0.871646,0.836437,0.563016
3,10.00373832,6.92245,0.340678,0.340678,3.7551,3.80222,4.17737,2.18971,2.14996,1.84271
3,10.02616822,4.35918,0.334744,0.334744,3.74929,3.7965,4.17147,0.421819,0.387871,0.126062
3,10.02616822,5.51837,0.334744,0.334744,3.74929,3.7965,4.17147,1.22354,1.18692,0.90451
3,10.11588785,7.24898,0.311698,0.311698,3.72603,3.77359,4.14786,2.44057,2.39953,2.08593
3,10.22803738,3.80408,0.284451,0.284451,3.69697,3.74496,4.11836,0.0743559,0.0409012,-0.211829
3,10.2953271,5.1102,0.268934,0.268934,3.67953,3.72778,4.10066,0.994397,0.957572,0.681272
3,10.34018692,5.20816,0.258935,0.258935,3.66791,3.71633,4.08886,1.07145,1.0342,0.755958
3,10.38504673,3.15102,0.24921,0.24921,3.65628,3.70488,4.07706,-0.351767,-0.38427,-0.625944
3,10.45233645,4.63673,0.235135,0.235135,3.63884,3.6877,4.05936,0.695604,0.659247,0.390746
3,10.65420561,4.70204,0.196519,0.196519,3.58653,3.63617,4.00626,0.780507,0.743133,0.472619
3,10.69906542,4.13061,0.188654,0.188654,3.57491,3.62472,3.99446,0.389143,0.353001,0.0925598
3,10.74392523,3.4449,0.181043,0.181043,3.56328,3.61327,3.98266,-0.08297,-0.11758,-0.365882
3,10.85607477,6.07347,0.163098,0.163098,3.53422,3.58464,3.95316,1.78336,1.74164,1.44559
3,10.94579439,4.21224,0.14982,0.14982,3.51097,3.56174,3.92956,0.493341,0.455961,0.193048
3,10.99065421,5.42041,0.143527,0.143527,3.49935,3.55029,3.91776,1.35259,1.31191,1.02702
3,11.01308411,5.99184,0.140465,0.140465,3.49354,3.54456,3.91186,1.75975,1.71749,1.42219
3,11.03551402,4.81633,0.137459,0.137459,3.48772,3.53884,3.90596,0.936232,0.896908,0.622724
3,11.14766355,6.38367,0.123237,0.123237,3.45866,3.51021,3.87646,2.06551,2.02158,1.71857
3,11.23738318,2.48163,0.112793,0.112793,3.43542,3.48731,3.85286,-0.674653,-0.708694,-0.941467
3,11.28224299,4.65306,0.107868,0.107868,3.42379,3.47586,3.84106,0.870247,0.830256,0.557974
3,11.3271028,3.65714,0.103133,0.103133,3.41217,3.46441,3.82926,0.173572,0.136045,-0.11837
3,11.37196262,2.13878,0.0985827,0.0985827,3.40055,3.45296,3.81746,-0.894765,-0.928398,-1.15544
3,11.41682243,4.16327,0.0942124,0.0942124,3.38892,3.44151,3.80566,0.549576,0.510306,0.246345
3,11.6635514,2.67755,0.0731486,0.0731486,3.325,3.37853,3.74076,-0.461659,-0.497886,-0.735786
3,11.68598131,3.2,0.0714647,0.0714647,3.31919,3.37281,3.73486,-0.0850223,-0.122792,-0.370302
3,11.73084112,2.38367,0.0682036,0.0682036,3.30757,3.36136,3.72306,-0.659616,-0.695289,-0.928077
3,11.86542056,3.36327,0.0592283,0.0592283,3.2727,3.32701,3.68767,0.0648245,0.0258456,-0.225347
3,11.93271028,4.94694,0.0551654,0.0551654,3.25527,3.30984,3.66997,1.21241,1.16862,0.88817
3,12,3.78776,0.0513651,0.0513651,3.23784,3.29267,3.65227,0.394628,0.353855,0.0943526
3,12.02242991,6.22041,0.0501541,0.0501541,3.23203,3.28694,3.64637,2.14541,2.09752,1.79333
3,12.04485981,3.08571,0.04897,0.04897,3.22622,3.28122,3.64047,-0.100911,-0.139851,-0.386662
3,12.11214953,5.64898,0.0455744,0.0455744,3.20878,3.26405,3.62277,1.75486,1.70816,1.41404
3,12.22429907,2.51429,0.0404065,0.0404065,3.17973,3.23543,3.59328,-0.479579,-0.517591,-0.754591
3,12.29158879,4.88163,0.0375792,0.0375792,3.1623,3.21826,3.57558,1.24069,1.19538,0.914545
3,12.31401869,5.19184,0.0366796,0.0366796,3.15649,3.21253,3.56968,1.46937,1.42301,1.13637
3,12.3364486,2.82449,0.0358007,0.0358007,3.15068,3.20681,3.56378,-0.235588,-0.274984,-0.518117
3,12.3588785,2.30204,0.0349419,0.0349419,3.14487,3.20109,3.55788,-0.608985,-0.646912,-0.880502
3,12.44859813,4.73469,0.0317009,0.0317009,3.12164,3.17819,3.53429,1.16752,1.12188,0.843064
3,12.65046729,2.36735,0.0254346,0.0254346,3.06935,3.12669,3.4812,-0.51008,-0.549396,-0.78527
3,12.6728972,3.46122,0.0248174,0.0248174,3.06354,3.12096,3.4753,0.289082,0.24629,-0.00992563
3,12.74018692,3.05306,0.0230521,0.0230521,3.04612,3.1038,3.4576,0.00505465,-0.0367696,-0.28569
3,12.87476636,3.00408,0.0198808,0.0198808,3.01127,3.06946,3.42221,-0.00524281,-0.0475048,-0.296043
3,12.94205607,4.08163,0.0184591,0.0184591,2.99384,3.0523,3.40451,0.794859,0.748872,0.480029
3,12.98691589,4.44082,0.0175672,0.0175672,2.98223,3.04085,3.39272,1.06673,1.01938,0.743665
3,13.00934579,4.57143,0.0171372,0.0171372,2.97642,3.03513,3.38682,1.16701,1.11913,0.840884
3,13.0317757,2.62857,0.0167175,0.0167175,2.97061,3.02941,3.38092,-0.250366,-0.292118,-0.534278
3,13.16635514,4.60408,0.0144032,0.0144032,2.93577,2.99508,3.34553,1.22437,1.1756,0.896059
3,13.23364486,2.10612,0.0133672,0.0133672,2.91834,2.97792,3.32784,-0.596869,-0.637787,-0.870957
3,13.30093458,3.55918,0.0124047,0.0124047,2.90092,2.96075,3.31014,0.484363,0.438364,0.177769
3,13.30093458,2.35102,0.0124047,0.0124047,2.90092,2.96075,3.31014,-0.404632,-0.446643,-0.684641
3,13.32336449,3.13469,0.0120993,0.0120993,2.89512,2.95503,3.30425,0.176363,0.131663,-0.121082
3,13.3682243,2.93878,0.0115106,0.0115106,2.8835,2.94359,3.29245,0.0407228,-0.00353178,-0.252787
3,13.45794393,3.98367,0.0104167,0.0104167,2.86028,2.92071,3.26886,0.829158,0.78099,0.511791
3,13.65981308,5.33e-15,0.00831708,0.00831708,2.80803,2.86923,3.21578,-2.08078,-2.1163,-2.31143
3,13.68224299,2.17143,0.00811138,0.00811138,2.80223,2.86351,3.20989,-0.467634,-0.510691,-0.746742
3,13.74953271,1.69796,0.00752404,0.00752404,2.78481,2.84636,3.1922,-0.80679,-0.848505,-1.07589
3,13.86168224,0.897959,0.00663742,0.00663742,2.75579,2.81776,3.16271,-1.38215,-1.42154,-1.63423
3,13.92897196,3.57551,0.00615606,0.00615606,2.73838,2.80061,3.14502,0.623614,0.574534,0.311043
3,13.99626168,3.5102,0.00570937,0.00570937,2.72097,2.78345,3.12733,0.588715,0.539535,0.277001
3,14.01869159,1.50204,0.00556776,0.00556776,2.71517,2.77774,3.12144,-0.905318,-0.94748,-1.17212
3,14.0411215,2.69388,0.00542963,0.00542963,2.70937,2.77202,3.11554,-0.0115654,-0.0580621,-0.305333
3,14.13084112,5.30612,0.00491036,0.00491036,2.68616,2.74915,3.09196,1.95953,1.90324,1.60612
3,14.24299065,1.6,0.00433019,0.00433019,2.65715,2.72057,3.06248,-0.79243,-0.835898,-1.06319
3,14.28785047,3.88571,0.0041177,0.0041177,2.64555,2.70914,3.05069,0.930442,0.878446,0.607579
3,14.33271028,2.77551,0.00391559,0.00391559,2.63395,2.6977,3.0389,0.106302,0.0581414,-0.191812
3,14.44485981,4.27755,0.00345249,0.00345249,2.60495,2.66913,3.00942,1.25881,1.20455,0.925556
3,14.64672897,2.25306,0.00275214,0.00275214,2.55276,2.6177,2.95637,-0.226467,-0.274161,-0.515358
3,14.69158879,5.07755,0.00261685,0.00261685,2.54117,2.60628,2.94458,1.91832,1.8597,1.56435
3,14.93831776,2.93878,0.00198301,0.00198301,2.47741,2.54345,2.87975,0.35067,0.298943,0.0435002
3,14.98317757,3.10204,0.00188545,0.00188545,2.46582,2.53203,2.86797,0.484008,0.43142,0.172666
3,15.00560748,1.19184,0.00183848,0.00183848,2.46003,2.52632,2.86207,-0.965225,-1.01046,-1.23261
3,15.05046729,1.51837,0.00174801,0.00174801,2.44844,2.5149,2.85029,-0.708523,-0.755232,-0.983812
3,15.11775701,5.38776,0.00162058,0.00162058,2.43106,2.49777,2.83261,2.25544,2.19313,1.88986
3,15.25233645,1.76327,0.00139287,0.00139287,2.39632,2.46352,2.79726,-0.48422,-0.53282,-0.766828
3,15.29719626,2.98776,0.0013243,0.0013243,2.38474,2.45211,2.78548,0.461668,0.407936,0.150145
3,15.36448598,1.25714,0.00122771,0.00122771,2.36737,2.43499,2.76781,-0.85114,-0.898212,-1.12284
3,15.4317757,3.96735,0.00113816,0.00113816,2.35,2.41787,2.75014,1.24161,1.1832,0.905944
3,15.67850467,0.0163265,0.000862121,0.000862121,2.28636,2.35513,2.68535,-1.75143,-1.79474,-1.99635
3,15.92523364,2.59592,0.000652981,0.000652981,2.22276,2.29243,2.62059,0.289362,0.234041,-0.0185447
3,16.1271028,0.881633,0.000520179,0.000520179,2.17077,2.24117,2.56762,-1.00379,-1.0527,-1.27254
3,16.21682243,1.24082,0.000470176,0.000470176,2.14767,2.21839,2.54408,-0.707429,-0.758315,-0.985464
3,16.30654206,2.85714,0.000424978,0.000424978,2.12459,2.19563,2.52055,0.572514,0.514071,0.254982
3,16.35140187,0.914286,0.000404034,0.000404034,2.11305,2.18425,2.50878,-0.937734,-0.987799,-1.20898
3,16.4635514,2.84082,0.000356078,0.000356078,2.08421,2.15581,2.47937,0.593227,0.534022,0.274682
3,16.66542056,2.74286,0.00028364,0.00028364,2.03234,2.10465,2.42645,0.559417,0.499579,0.241448
3,16.97943925,0.163265,0.000199113,0.000199113,1.95178,2.02516,2.34418,-1.41737,-1.46679,-1.67502
3,17.00186916,2.17143,0.000194144,0.000194144,1.94603,2.01949,2.33831,0.178709,0.119755,-0.12823
3,17.11401869,2.23673,0.000171095,0.000171095,1.9173,1.99113,2.30895,0.253858,0.194017,-0.0556151
3,17.20373832,0.555102,0.000154643,0.000154643,1.89433,1.96846,2.28546,-1.06629,-1.11856,-1.33514
3,17.29345794,0.457143,0.000139772,0.000139772,1.87138,1.94581,2.26199,-1.12813,-1.18032,-1.3952
3,17.29345794,1.95918,0.000139772,0.000139772,1.87138,1.94581,2.26199,0.0700379,0.010604,-0.234075
3,17.31588785,3.2,0.000136283,0.000136283,1.86565,1.94015,2.25612,1.0649,0.99936,0.729991
3,17.42803738,2.67755,0.000120103,0.000120103,1.83699,1.91185,2.22678,0.672398,0.608779,0.349432
3,18.03364486,1.81224,6.06936e-05,6.06936e-05,1.68276,1.75949,2.0686,0.104908,0.0424694,-0.201253
3,18.12336449,4.5551,5.48565e-05,5.48565e-05,1.66,1.73699,2.04521,2.34997,2.27293,1.9741
3,18.23551402,0.555102,4.83433e-05,4.83433e-05,1.63158,1.7089,2.01598,-0.875851,-0.93275,-1.15173
3,18.37009346,1.30612,4.15402e-05,4.15402e-05,1.59755,1.67523,1.98093,-0.237785,-0.299231,-0.533515
3,18.43738318,2.20408,3.85065e-05,3.85065e-05,1.58056,1.65842,1.96342,0.509482,0.44297,0.190544
3,18.95327103,2.04082,2.15297e-05,2.15297e-05,1.45093,1.53007,1.82943,0.487278,0.419102,0.169201
3,19.13271028,2.57959,1.75877e-05,1.75877e-05,1.40615,1.48567,1.78296,0.973009,0.900988,0.640086
3,19.26728972,0.359184,1.51126e-05,1.51126e-05,1.37269,1.45248,1.74816,-0.84279,-0.903003,-1.11924
3,19.44672897,1.63265,1.23456e-05,1.23456e-05,1.32826,1.40836,1.70185,0.254083,0.185944,-0.0559717
3,20.43364486,1.66531,4.05933e-06,4.05933e-06,1.08851,1.16951,1.44922,0.491533,0.419539,0.178525
4,0,1.95122,4.97274,4.97274,7.1959,7.18266,6.6965,-2.91577,-2.9106,-2.71531
4,0.993314231,2.05765,4.48653,4.48653,7.20771,7.16768,6.93933,-2.86124,-2.84548,-2.75418
4,1.107927412,5.62306,4.43043,4.43043,7.19109,7.14772,6.95889,-0.871979,-0.849963,-0.752807
4,1.184336199,0.922395,4.39303,4.39303,7.17801,7.13243,6.97071,-3.48134,-3.46497,-3.40621
4,1.222540592,4.25721,4.37433,4.37433,7.17089,7.12421,6.97625,-1.62216,-1.60043,-1.53078
4,1.910219675,7.34368,4.03774,4.03774,6.98407,6.91828,7.02743,0.202363,0.240298,0.17752
4,1.986628462,4.00887,4.00034,4.00034,6.9575,6.8897,7.02695,-1.66183,-1.63,-1.69418
4,2.101241643,5.81818,3.94425,3.94425,6.9159,6.84513,7.02375,-0.620159,-0.582562,-0.676866
4,2.17765043,4.00887,3.90685,3.90685,6.8871,6.81438,7.01996,-1.62877,-1.59434,-1.69094
4,2.215854823,2.80266,3.88815,3.88815,6.87239,6.79871,7.01757,-2.305,-2.27298,-2.3673
4,2.215854823,4.47007,3.88815,3.88815,6.87239,6.79871,7.01757,-1.36062,-1.32455,-1.4308
4,2.521489971,3.051,3.73857,3.73857,6.74842,6.66722,6.98646,-2.1093,-2.0728,-2.21431
4,2.903533906,8.26608,3.5516,3.5516,6.58087,6.49074,6.91857,0.970873,1.02826,0.76116
4,3.018147087,4.82483,3.49552,3.49552,6.52854,6.43582,6.89231,-0.98457,-0.936122,-1.16962
4,3.094555874,6.56319,3.45813,3.45813,6.49323,6.3988,6.8734,0.0405169,0.0957369,-0.175683
4,3.132760267,6.17295,3.43943,3.43943,6.47545,6.38018,6.86353,-0.175368,-0.120818,-0.391332
4,3.209169054,4.15078,3.40205,3.40205,6.43968,6.34272,6.84301,-1.32975,-1.2808,-1.52742
4,3.209169054,4.66519,3.40205,3.40205,6.43968,6.34272,6.84301,-1.0309,-0.980222,-1.23557
4,3.209169054,6.03104,3.40205,3.40205,6.43968,6.34272,6.84301,-0.237401,-0.182123,-0.460667
4,3.896848138,8.26608,3.06563,3.06563,6.10777,5.99624,6.61742,1.27913,1.35439,0.947774
4,3.915950334,7.18404,3.05629,3.05629,6.09836,5.98643,6.61027,0.643798,0.715026,0.329985
4,4.011461318,6.29712,3.00958,3.00958,6.05119,5.93731,6.57393,0.146251,0.215467,-0.159539
4,4.087870105,8.2306,2.97222,2.97222,6.01333,5.8979,6.54419,1.32164,1.40031,0.973673
4,4.106972302,7.55654,2.96288,2.96288,6.00385,5.88804,6.53667,0.926044,1.0022,0.589101
4,4.183381089,7.73392,2.92552,2.92552,5.96587,5.84851,6.50625,1.05694,1.13525,0.710411
4,4.240687679,7.27273,2.8975,2.8975,5.93732,5.81881,6.48309,0.799702,0.877042,0.457558
4,4.240687679,4.50554,2.8975,2.8975,5.93732,5.81881,6.48309,-0.857414,-0.792201,-1.1459
4,4.508118434,7.94678,2.76679,2.76679,5.80352,5.67969,6.37168,1.2941,1.37943,0.918779
4,4.508118434,6.38581,2.76679,2.76679,5.80352,5.67969,6.37168,0.351586,0.429643,0.00824354
4,4.699140401,7.50333,2.67347,2.67347,5.70746,5.57988,6.28918,1.09082,1.17766,0.711732
4,4.890162369,8.54989,2.58018,2.58018,5.6111,5.47979,6.20471,1.7958,1.89158,1.38175
4,4.928366762,7.57428,2.56153,2.56153,5.59179,5.45974,6.18761,1.2129,1.30448,0.81785
4,5.023877746,6.40355,2.51492,2.51492,5.54349,5.40959,6.14459,0.527786,0.615131,0.153128
4,5.062082139,7.25499,2.49627,2.49627,5.52415,5.38951,6.12728,1.06344,1.15595,0.667547
4,5.11938873,8.08869,2.46831,2.46831,5.49513,5.35939,6.10122,1.59642,1.69447,1.17835
4,5.17669532,7.5388,2.44036,2.44036,5.4661,5.32925,6.07504,1.27816,1.37442,0.86923
4,5.214899713,6.7051,2.42173,2.42173,5.44673,5.30915,6.05752,0.776938,0.869444,0.384963
4,5.23400191,6.26164,2.41242,2.41242,5.43704,5.29909,6.04875,0.509432,0.599889,0.126626
4,5.520534862,6.29712,2.2728,2.2728,5.29157,5.14814,5.91586,0.626989,0.723041,0.228616
4,5.539637058,5.10865,2.2635,2.2635,5.28186,5.13807,5.90692,-0.108073,-0.0185282,-0.478937
4,5.711556829,6.52772,2.17985,2.17985,5.19444,5.04738,5.82616,0.836528,0.937655,0.423004
4,5.902578797,7.60976,2.08704,2.08704,5.09721,4.94653,5.73578,1.58633,1.69801,1.13626
4,5.921680993,6.86475,2.07776,2.07776,5.08748,4.93644,5.72671,1.12281,1.23025,0.690425
4,6.036294174,7.41463,2.02216,2.02216,5.0291,4.87589,5.67216,1.5128,1.62613,1.06071
4,6.074498567,5.42794,2.00364,2.00364,5.00963,4.8557,5.65394,0.265606,0.367017,-0.137735
4,6.074498567,5.14412,2.00364,2.00364,5.00963,4.8557,5.65394,0.0853955,0.184986,-0.310701
4,6.112702961,8.42572,1.98513,1.98513,4.99017,4.83552,5.6357,2.1842,2.30573,1.70227
4,6.189111748,5.39246,1.94813,1.94813,4.95122,4.79513,5.59917,0.281235,0.384642,-0.126409
4,6.227316141,6.95344,1.92965,1.92965,4.93175,4.77494,5.58088,1.29022,1.40469,0.840312
4,6.227316141,5.78271,1.92965,1.92965,4.93175,4.77494,5.58088,0.543071,0.649804,0.123561
4,6.227316141,5.85366,1.92965,1.92965,4.93175,4.77494,5.58088,0.588353,0.695554,0.167001
4,6.532951289,4.64745,1.78214,1.78214,4.77589,4.61333,5.43404,-0.0828099,0.0222384,-0.486041
4,6.532951289,5.60532,1.78214,1.78214,4.77589,4.61333,5.43404,0.534783,0.64653,0.105838
4,6.723973257,5.21508,1.69035,1.69035,4.67842,4.51228,5.34188,0.348252,0.461155,-0.0788094
4,6.914995224,5.78271,1.59897,1.59897,4.58093,4.41121,5.24948,0.784953,0.906089,0.333375
4,6.914995224,5.56984,1.59897,1.59897,4.58093,4.41121,5.24948,0.645921,0.765461,0.200293
4,7.029608405,6.03104,1.54437,1.54437,4.52242,4.35056,5.19396,0.989241,1.1148,0.52522
4,7.067812798,6.13747,1.52622,1.52622,4.50292,4.33034,5.17544,1.07322,1.20046,0.604339
4,7.067812798,5.78271,1.52622,1.52622,4.50292,4.33034,5.17544,0.840289,0.964793,0.381479
4,7.106017192,7.84035,1.50809,1.50809,4.48342,4.31012,5.15691,2.20701,2.34833,1.68772
4,7.182425979,4.75388,1.4719,1.4719,4.4444,4.26969,5.11983,0.204,0.322979,-0.230713
4,7.220630372,5.35698,1.45384,1.45384,4.4249,4.24947,5.10129,0.615222,0.739786,0.161395
4,7.220630372,4.50554,1.45384,1.45384,4.4249,4.24947,5.10129,0.05323,0.171052,-0.376033
4,7.258834766,4.36364,1.43581,1.43581,4.40539,4.22924,5.08274,-0.027596,0.0898938,-0.45444
4,7.526265521,6.102,1.31047,1.31047,4.26883,4.08769,4.95275,1.22288,1.36054,0.732429
4,7.526265521,4.32816,1.31047,1.31047,4.26883,4.08769,4.95275,0.0395809,0.162424,-0.398063
4,7.698185291,7.04213,1.23084,1.23084,4.18102,3.99668,4.86909,1.92011,2.07004,1.39251
4,7.908309456,6.91796,1.13475,1.13475,4.0737,3.88544,4.76676,1.92298,2.07733,1.38784
4,7.908309456,4.39911,1.13475,1.13475,4.0737,3.88544,4.76676,0.22001,0.351875,-0.237183
4,8.022922636,4.61197,1.08302,1.08302,4.01516,3.82476,4.7109,0.405145,0.541558,-0.0640605
4,8.022922636,4.15078,1.08302,1.08302,4.01516,3.82476,4.7109,0.092064,0.224279,-0.362701
4,8.06112703,4.39911,1.06589,1.06589,3.99564,3.80454,4.69228,0.274265,0.409619,-0.190071
4,8.099331423,4.89579,1.04883,1.04883,3.97613,3.78431,4.67366,0.626003,0.76682,0.144192
4,8.099331423,5.03769,1.04883,1.04883,3.97613,3.78431,4.67366,0.722597,0.864723,0.236309
4,8.213944604,4.18625,0.998045,0.998045,3.91758,3.72364,4.61778,0.18363,0.320539,-0.281161
4,8.213944604,3.08647,0.998045,0.998045,3.91758,3.72364,4.61778,-0.568045,-0.441477,-0.997728
4,8.213944604,3.33481,0.998045,0.998045,3.91758,3.72364,4.61778,-0.398312,-0.269409,-0.835922
4,8.2330468,4.5765,0.989643,0.989643,3.90783,3.71352,4.60846,0.457335,0.598368,-0.0208388
4,8.519579752,4.77162,0.866019,0.866019,3.76146,3.56183,4.46868,0.698047,0.847972,0.199361
4,8.538681948,4.68293,0.857953,0.857953,3.7517,3.55172,4.45936,0.643946,0.793469,0.147219
4,8.672397326,4.86031,0.802189,0.802189,3.6834,3.48093,4.39411,0.817795,0.972488,0.308357
4,8.901623687,6.03104,0.709719,0.709719,3.56631,3.35959,4.28222,1.72704,1.90007,1.16555
4,9.016236867,2.55432,0.665147,0.665147,3.50776,3.29893,4.22626,-0.670895,-0.531947,-1.11857
4,9.054441261,4.70067,0.650558,0.650558,3.48825,3.2787,4.2076,0.854324,1.01736,0.330293
4,9.073543457,4.23947,0.643316,0.643316,3.47849,3.26859,4.19828,0.536596,0.695139,0.0276102
4,9.092645654,5.42794,0.636109,0.636109,3.46874,3.25848,4.18895,1.38249,1.55447,0.831041
4,9.092645654,4.32816,0.636109,0.636109,3.46874,3.25848,4.18895,0.606443,0.766449,0.0933734
4,9.207258835,1.59645,0.593633,0.593633,3.4102,3.19782,4.13298,-1.28529,-1.15255,-1.70792
4,9.207258835,1.09978,0.593633,0.593633,3.4102,3.19782,4.13298,-1.63725,-1.51002,-2.04235
4,9.245463228,3.1929,0.579776,0.579776,3.39068,3.1776,4.11433,-0.140353,0.0110282,-0.62122
4,9.512893983,1.77384,0.487322,0.487322,3.2541,3.03609,3.98372,-1.06099,-0.919436,-1.50345
4,9.53199618,4.20399,0.481038,0.481038,3.24435,3.02598,3.97439,0.68832,0.858715,0.156307
4,9.70391595,7.29047,0.426525,0.426525,3.15656,2.93503,3.89042,2.98436,3.19662,2.32829
4,9.894937918,1.77384,0.370436,0.370436,3.05903,2.834,3.79711,-0.934545,-0.78405,-1.39462
4,9.914040115,4.949,0.365095,0.365095,3.04928,2.8239,3.78778,1.38241,1.57282,0.800945
4,10.04775549,1.63193,0.329098,0.329098,2.98102,2.75321,3.72246,-0.986739,-0.834346,-1.44861
4,10.04775549,3.22838,0.329098,0.329098,2.98102,2.75321,3.72246,0.180924,0.353581,-0.342368
4,10.12416428,2.09313,0.309628,0.309628,2.94202,2.71282,3.68514,-0.622707,-0.462536,-1.1061
4,10.12416428,3.58315,0.309628,0.309628,2.94202,2.71282,3.68514,0.470303,0.649618,-0.0708598
4,10.20057307,0.922395,0.290963,0.290963,2.90302,2.67243,3.64781,-1.45716,-1.31027,-1.8986
4,10.20057307,1.20621,0.290963,0.290963,2.90302,2.67243,3.64781,-1.24836,-1.09778,-1.70089
4,10.20057307,1.59645,0.290963,0.290963,2.90302,2.67243,3.64781,-0.961253,-0.805598,-1.42904
4,10.27698185,1.41907,0.273103,0.273103,2.86403,2.63206,3.61049,-1.0662,-0.910997,-1.53068
4,10.50620821,2.62528,0.224304,0.224304,2.74708,2.51099,3.49851,-0.0906794,0.086642,-0.614869
4,10.67812798,4.23947,0.192293,0.192293,2.65941,2.42025,3.41454,1.18419,1.38891,0.584392
4,10.88825215,2.34146,0.158228,0.158228,2.55231,2.30945,3.3119,-0.159329,0.0246516,-0.69263
4,10.92645654,5.35698,0.152603,0.152603,2.53284,2.28932,3.29325,2.13734,2.36628,1.47496
4,11.04106972,0.851441,0.136723,0.136723,2.47446,2.22896,3.23727,-1.2339,-1.06766,-1.71217
4,11.06017192,3.40576,0.134217,0.134217,2.46473,2.2189,3.22794,0.715959,0.920621,0.127702
4,11.09837631,2.8204,0.129324,0.129324,2.44528,2.1988,3.20928,0.285833,0.482934,-0.279653
4,11.11747851,2.41242,0.126935,0.126935,2.43555,2.18874,3.19995,-0.0176435,0.173914,-0.566721
4,11.1938873,0.532151,0.117756,0.117756,2.39666,2.14855,3.16264,-1.42612,-1.26085,-1.89815
4,11.1938873,1.70288,0.117756,0.117756,2.39666,2.14855,3.16264,-0.530656,-0.347638,-1.05336
4,11.27029608,0.354767,0.109161,0.109161,2.35778,2.10839,3.12533,-1.53674,-1.37229,-2.00475
4,11.49952245,1.5255,0.0866085,0.0866085,2.24124,1.98808,3.0134,-0.5542,-0.365514,-1.08564
4,11.53772684,2.83814,0.0832866,0.0832866,2.22183,1.96806,2.99475,0.477943,0.688615,-0.114432
4,11.72874881,4.96674,0.0683526,0.0683526,2.12488,1.86812,2.90151,2.22095,2.4724,1.51958
4,11.91977077,2.44789,0.0559258,0.0559258,2.02809,1.7685,2.80829,0.330642,0.54654,-0.26705
4,12.03438395,0.141907,0.0495197,0.0495197,1.97011,1.70891,2.75237,-1.44668,-1.26679,-1.94258
4,12.03438395,2.02217,0.0495197,0.0495197,1.97011,1.70891,2.75237,0.0411971,0.253249,-0.543376
4,12.07258835,0.922395,0.0475427,0.0475427,1.9508,1.68908,2.73373,-0.815065,-0.62082,-1.34983
4,12.11079274,1.38359,0.0456406,0.0456406,1.9315,1.66927,2.7151,-0.434929,-0.231707,-0.993663
4,12.11079274,3.01552,0.0456406,0.0456406,1.9315,1.66927,2.7151,0.860485,1.09191,0.224198
4,12.22540592,0.496674,0.0403584,0.0403584,1.87367,1.60996,2.6592,-1.09821,-0.907434,-1.62075
4,12.22540592,2.76718,0.0403584,0.0403584,1.87367,1.60996,2.6592,0.712612,0.94324,0.0809301
4,12.53104107,0.567627,0.0289796,0.0289796,1.72,1.45289,2.51023,-0.930746,-0.731154,-1.47276
4,12.53104107,2.44789,0.0289796,0.0289796,1.72,1.45289,2.51023,0.587898,0.82179,-0.0472577
4,12.70296084,3.40576,0.024013,0.024013,1.63401,1.3654,2.4265,1.44125,1.69773,0.747277
4,12.913085,2.55432,0.0190586,0.0190586,1.52946,1.25955,2.32424,0.841011,1.08715,0.176989
4,13.04680038,2.92683,0.016442,0.016442,1.46331,1.19295,2.25923,1.20768,1.46423,0.51619
4,13.06590258,0,0.0160982,0.0160982,1.45389,1.18349,2.24994,-1.20069,-1.00025,-1.74094
4,13.10410697,0.354767,0.0154316,0.0154316,1.43507,1.16461,2.23138,-0.893587,-0.685574,-1.4542
4,13.12320917,1.24169,0.0151086,0.0151086,1.42567,1.15519,2.2221,-0.152308,0.0732804,-0.760292
4,13.21872015,1.0643,0.0135905,0.0135905,1.3788,1.10835,2.17572,-0.261388,-0.0374694,-0.865067
4,13.5243553,2.18182,0.00967377,0.00967377,1.23041,0.961505,2.02754,0.800848,1.05157,0.121516
4,13.5243553,1.77384,0.00967377,0.00967377,1.23041,0.961505,2.02754,0.457429,0.700003,-0.19983
4,13.69627507,3.051,0.00798526,0.00798526,1.14825,0.881387,1.94439,1.61306,1.88291,0.877497
4,13.92550143,2.5898,0.00618001,0.00618001,1.04058,0.778015,1.83382,1.32575,1.58694,0.604897
4,14.05921681,2.25277,0.00532068,0.00532068,0.978936,0.719838,1.7695,1.09601,1.34974,0.388734
4,14.0974212,0,0.00509774,0.00509774,0.961505,0.703535,1.75116,-0.82855,-0.62037,-1.41073
4,14.0974212,0.283814,0.00509774,0.00509774,0.961505,0.703535,1.75116,-0.583981,-0.370106,-1.18209
4,14.51766953,1.31264,0.00318148,0.00318148,0.776103,0.535004,1.55041,0.470032,0.696304,-0.194772
4,14.7086915,6.40355,0.00256704,0.00256704,0.696445,0.465864,1.45998,5.03568,5.35059,4.08054
4,14.89971347,0.532151,0.00207098,0.00207098,0.620313,0.402019,1.37022,-0.0783294,0.11796,-0.697048
4,15.05253104,1.70288,0.00174396,0.00174396,0.562263,0.354982,1.299,1.01878,1.22718,0.337975
4,15.70200573,3.76053,0.000839606,0.000839606,0.349093,0.196664,1.00447,3.10761,3.29327,2.36599
4,15.8930277,0.0709534,0.0006771,0.0006771,0.297903,0.162488,0.921304,-0.207729,-0.0848594,-0.735373
4,16.04584527,1.91574,0.000570037,0.000570037,0.260893,0.138808,0.85628,1.51997,1.65105,0.921516
4,16.10315186,0.86918,0.000534404,0.000534404,0.247913,0.130714,0.832283,0.571325,0.686681,0.0321611
4,16.52340019,1.5255,0.00033286,0.00033286,0.167162,0.0829157,0.663917,1.25872,1.34755,0.76246
4,16.71442216,4.45233,0.000268405,0.000268405,0.138295,0.0669407,0.592576,4.00862,4.10277,3.43793
4,16.88634193,0.354767,0.000221136,0.000221136,0.116045,0.0550465,0.531619,0.222292,0.280725,-0.158405
4,17.0582617,2.1286,0.000182191,0.000182191,0.0969832,0.0451567,0.474034,1.89524,1.95325,1.48985
4,17.68863419,2.69623,8.95383e-05,8.95383e-05,0.048899,0.0215205,0.29523,2.48101,2.51327,2.1982
