parameter,value,CV,se_sa,rse_sa,P2.5_sa,P97.5_sa
alpha_pop,4.93e-05,
D_pop,0.325239801209431,,0.0482191309948478,14.8257165376258,0.244347,0.432913
E_pop,5,
C_pop,10,
B_pop,6766.46216953208,,988.651664669758,14.6110572984719,5103.98,8970.46
ECLIPSE0_pop,9.99999999999999e-08,
BUD0_pop,0.033,
ep_pop,0.001,
Time0_pop,13.7474904736155,,5.11660292744062,37.2184504310842,0.0138979,14
omega_alpha,4.75037954823765,7946348.81090948,4.02789456181754,84.791005032679,1.38602,16.2812
omega_D,0.246566589050783,25.0361998455877,0.10615947099352,43.0550916903243,0.115923,0.524444
omega_B,0.103845371432715,10.4125964945062,0.194204931786491,187.013565561103,0.0163394,0.65999
omega_Time0,5.6697884548547,48.9741013692021,5.06846323072009,89.3942211614662,1.58829,20.2397
a,0.00145072250565715,,0.102151408961708,7041.41616080015,2.53756e-05,0.0829379
b,0.269552967833549,,0.0178991351198953,6.64030348608445,0.236759,0.306889