parameter,value,CV,se_sa,rse_sa,P2.5_sa,P97.5_sa
alpha_pop,4.93e-05,
D_pop,0.964721388913555,,0.292316555563954,30.300619321103,0.551778,1.68671
E_pop,5,
C_pop,10,
B_pop,7263.60446012277,,23.7512867096234,0.326990364632575,7217.2,7310.31
ECLIPSE0_pop,9.99999999999999e-08,
BUD0_pop,0.033,
ep_pop,0.001,
Time0_pop,8.89290602613659,,5.44158195366984,61.1901434432887,0.0175041,13.9946
omega_alpha,11.9731716688548,1.34754177222656e+33,6.53226948490617,54.5575530491913,4.82386,29.7183
omega_D,0.565701463013151,61.4127635673092,0.201860657276394,35.6832482279972,0.296889,1.07791
omega_B,0.000275975673916324,0.0275975679326332,0.000309174419682766,112.029591338731,6.48252e-05,0.00117489
omega_Time0,5.77255419280546,79.7799343625525,4.64609501681915,80.485948882208,1.75269,19.0121
a,1.38766086939667,,0.0729256481086238,5.25529325766247,1.25211,1.53789
b,2.22044604925031e-16,,0.0181061935769302,8.15430466461607e+15,3.37986e-21,1.45875e-11