id,time,y10,popPred_medianCOV,popPred,indivPred_SAEM,indivPred_mean,indivPred_mode,indWRes_SAEM,indWRes_mean,indWRes_mode
1,0,0.780488,6.75448,6.75448,3.29565,3.30676,3.30729,-1.81252,-1.82053,-1.82091
1,0,1.59645,6.75448,6.75448,3.29565,3.30676,3.30729,-1.2245,-1.23251,-1.2329
1,0.667302193,5.67627,7.11938,7.11938,4.39674,4.40855,4.4069,0.922081,0.913573,0.914762
1,0.762631077,5.25055,7.16643,7.16643,4.55406,4.56597,4.564,0.501919,0.493339,0.494753
1,1.029551954,3.22838,7.28806,7.28806,4.99457,5.00675,5.00392,-1.27278,-1.28156,-1.27952
1,1.18207817,7.3082,7.34947,7.34947,5.24629,5.25863,5.2553,1.48589,1.477,1.4794
1,1.220209724,3.051,7.36375,7.36375,5.30922,5.3216,5.31814,-1.62736,-1.63628,-1.63379
1,1.258341277,5.32151,7.37757,7.37757,5.37215,5.38457,5.38098,-0.0364973,-0.0454479,-0.0428612
1,1.258341277,5.74723,7.37757,7.37757,5.37215,5.38457,5.38098,0.270293,0.261342,0.263929
1,1.315538608,5.88914,7.3974,7.3974,5.46655,5.47903,5.47525,0.304531,0.295537,0.29826
1,1.315538608,6.38581,7.3974,7.3974,5.46655,5.47903,5.47525,0.662453,0.653459,0.656182
1,1.410867493,4.15078,7.42795,7.42795,5.62388,5.63646,5.63236,-1.06157,-1.07064,-1.06769
1,1.448999047,3.37029,7.43924,7.43924,5.68681,5.69943,5.69521,-1.66937,-1.67846,-1.67542
1,1.468064824,8.17738,7.44468,7.44468,5.71827,5.73091,5.72663,1.77213,1.76302,1.76611
1,1.601525262,5.32151,7.4788,7.4788,5.93853,5.95131,5.94658,-0.44465,-0.453857,-0.450448
1,1.67778837,6.45676,7.49504,7.49504,6.06439,6.07725,6.07226,0.282756,0.273492,0.277089
1,1.754051478,4.15078,7.50882,7.50882,6.19025,6.20319,6.19794,-1.46972,-1.47905,-1.47526
1,1.754051478,4.61197,7.50882,7.50882,6.19025,6.20319,6.19794,-1.13737,-1.14669,-1.1429
1,1.754051478,8.15965,7.50882,7.50882,6.19025,6.20319,6.19794,1.41922,1.40989,1.41368
1,1.811248808,6.79379,7.51751,7.51751,6.28465,6.29765,6.29219,0.366905,0.357541,0.361471
1,1.982840801,3.29933,7.53493,7.53493,6.56784,6.58101,6.57494,-2.35541,-2.3649,-2.36053
1,1.982840801,6.38581,7.53493,7.53493,6.56784,6.58101,6.57494,-0.131179,-0.140671,-0.136298
1,2.020972355,5.14412,7.53704,7.53704,6.63077,6.64398,6.63777,-1.07133,-1.08085,-1.07638
1,2.020972355,6.66962,7.53704,7.53704,6.63077,6.64398,6.63777,0.0279977,0.018477,0.0229524
1,2.097235462,7.20177,7.53937,7.53937,6.75663,6.76992,6.76342,0.320785,0.311207,0.315893
1,2.135367016,5.1796,7.5396,7.5396,6.81956,6.83289,6.82624,-1.18182,-1.19143,-1.18663
1,2.230695901,6.31486,7.53752,7.53752,6.97689,6.99032,6.98326,-0.477088,-0.486765,-0.481678
1,2.249761678,7.80488,7.53666,7.53666,7.00836,7.02181,7.01466,0.574002,0.56431,0.56946
1,2.249761678,7.48559,7.53666,7.53666,7.00836,7.02181,7.01466,0.34391,0.334218,0.339367
1,2.326024786,5.46341,7.53177,7.53177,7.13422,7.14775,7.14023,-1.20404,-1.21379,-1.20838
1,2.326024786,7.27273,7.53177,7.53177,7.13422,7.14775,7.14023,0.0998138,0.0900651,0.0954798
1,2.364156339,6.13747,7.52849,7.52849,7.19715,7.21072,7.203,-0.763644,-0.773421,-0.767859
1,2.402287893,5.74723,7.52468,7.52468,7.26008,7.27369,7.26575,-1.09022,-1.10002,-1.0943
1,2.440419447,6.03104,7.52034,7.52034,7.32301,7.33666,7.32846,-0.931042,-0.940876,-0.934971
1,2.459485224,8.15965,7.51798,7.51798,7.35448,7.36814,7.35981,0.580234,0.570386,0.576391
1,2.592945663,7.59202,7.49812,7.49812,7.57476,7.5885,7.57833,0.0124391,0.00253577,0.0098636
1,2.66920877,8.12417,7.48432,7.48432,7.68707,7.69711,7.6884,0.314992,0.307757,0.314028
1,2.745471878,8.37251,7.46893,7.46893,7.75611,7.76114,7.75627,0.444201,0.440572,0.444079
1,2.745471878,7.41463,7.46893,7.46893,7.75611,7.76114,7.75627,-0.246077,-0.249706,-0.246199
1,2.764537655,5.67627,7.46484,7.46484,7.7661,7.76999,7.76612,-1.50601,-1.50881,-1.50602
1,2.802669209,5.8714,7.45641,7.45641,7.77831,7.78015,7.77816,-1.37419,-1.37552,-1.37408
1,2.974261201,5.92461,7.4145,7.4145,7.74355,7.74032,7.74371,-1.3108,-1.30847,-1.31091
1,2.974261201,7.62749,7.4145,7.4145,7.74355,7.74032,7.74371,-0.0836358,-0.0813087,-0.0837526
1,2.974261201,6.68736,7.4145,7.4145,7.74355,7.74032,7.74371,-0.761131,-0.758804,-0.761247
1,3.012392755,6.102,7.4044,7.4044,7.72405,7.72037,7.72437,-1.16891,-1.16626,-1.16915
1,3.012392755,7.98226,7.4044,7.4044,7.72405,7.72037,7.72437,0.186075,0.188729,0.185844
1,3.088655863,6.77605,7.38344,7.38344,7.67904,7.67484,7.6797,-0.650723,-0.647698,-0.651201
1,3.16491897,6.31486,7.36156,7.36156,7.62917,7.62478,7.63019,-0.94714,-0.943979,-0.947878
1,3.203050524,7.48559,7.35031,7.35031,7.60317,7.59876,7.60438,-0.0847323,-0.0815545,-0.0856034
1,3.241182078,8.37251,7.33886,7.33886,7.57671,7.57231,7.57811,0.573479,0.57665,0.572474
1,3.241182078,8.2306,7.33886,7.33886,7.57671,7.57231,7.57811,0.471216,0.474387,0.47021
1,3.241182078,6.95344,7.33886,7.33886,7.57671,7.57231,7.57811,-0.449155,-0.445983,-0.45016
1,3.317445186,4.82483,7.31544,7.31544,7.52289,7.51857,7.52466,-1.94432,-1.94121,-1.9456
1,3.317445186,8.08869,7.31544,7.31544,7.52289,7.51857,7.52466,0.407738,0.41085,0.406461
1,3.317445186,7.7694,7.31544,7.31544,7.52289,7.51857,7.52466,0.177645,0.180758,0.176369
1,3.35557674,5.96009,7.30347,7.30347,7.49568,7.49142,7.49764,-1.10661,-1.10354,-1.10802
1,3.35557674,5.39246,7.30347,7.30347,7.49568,7.49142,7.49764,-1.51566,-1.51259,-1.51707
1,3.393708294,8.2306,7.29136,7.29136,7.46835,7.46416,7.4705,0.549307,0.552325,0.547756
1,3.393708294,6.95344,7.29136,7.29136,7.46835,7.46416,7.4705,-0.371064,-0.368045,-0.372614
1,3.469971401,7.55654,7.2667,7.2667,7.41342,7.40939,7.41596,0.103136,0.106041,0.101311
1,3.469971401,7.27273,7.2667,7.2667,7.41342,7.40939,7.41596,-0.101391,-0.0984859,-0.103216
1,3.508102955,9.15299,7.25417,7.25417,7.38588,7.38193,7.3886,1.27345,1.27629,1.27149
1,3.546234509,6.95344,7.24152,7.24152,7.3583,7.35444,7.36121,-0.291757,-0.288976,-0.293859
1,3.584366063,7.59202,7.22876,7.22876,7.33069,7.32692,7.3338,0.188323,0.19104,0.186083
1,3.698760724,8.33703,7.18984,7.18984,7.24777,7.24428,7.25146,0.784958,0.787478,0.782303
1,3.736892278,8.01774,7.17668,7.17668,7.22012,7.21671,7.22399,0.574796,0.577249,0.572002
1,3.775023832,5.49889,7.16343,7.16343,7.19245,7.18914,7.19652,-1.22044,-1.21806,-1.22338
1,3.775023832,7.00665,7.16343,7.16343,7.19245,7.18914,7.19652,-0.133895,-0.13151,-0.136828
1,3.813155386,4.75388,7.1501,7.1501,7.16479,7.16157,7.16905,-1.73739,-1.73507,-1.74046
1,3.889418494,8.58537,7.12321,7.12321,7.10945,7.10642,7.11409,1.0636,1.06579,1.06025
1,3.908484271,8.85144,7.11644,7.11644,7.09561,7.09263,7.10035,1.26532,1.26747,1.2619
1,3.965681602,7.37916,7.09605,7.09605,7.0541,7.05126,7.05913,0.234249,0.236298,0.230623
1,3.965681602,5.81818,7.09605,7.09605,7.0541,7.05126,7.05913,-0.890648,-0.888599,-0.894274
1,3.965681602,6.63415,7.09605,7.09605,7.0541,7.05126,7.05913,-0.302634,-0.300585,-0.30626
1,4.003813155,6.84701,7.08237,7.08237,7.02642,7.02368,7.03165,-0.129295,-0.127314,-0.13306
1,4.003813155,6.98891,7.08237,7.08237,7.02642,7.02368,7.03165,-0.0270318,-0.0250505,-0.030797
1,4.061010486,8.03548,7.06174,7.06174,6.98491,6.9823,6.99043,0.757076,0.758956,0.753103
1,4.156339371,8.26608,7.0271,7.0271,6.91572,6.91335,6.92172,0.973115,0.974826,0.968795
1,4.194470925,7.96452,7.01316,7.01316,6.88804,6.88576,6.89423,0.77575,0.777393,0.771291
1,4.232602479,7.1663,6.99917,6.99917,6.86037,6.85818,6.86675,0.220464,0.222039,0.215865
1,4.232602479,7.69845,6.99917,6.99917,6.86037,6.85818,6.86675,0.603951,0.605527,0.599352
1,4.289799809,8.07095,6.97812,6.97812,6.81885,6.81681,6.82552,0.90231,0.903784,0.897502
1,4.308865586,6.13747,6.97108,6.97108,6.80501,6.80302,6.81178,-0.481056,-0.479616,-0.485933
1,4.308865586,6.66962,6.97108,6.97108,6.80501,6.80302,6.81178,-0.0975684,-0.0961284,-0.102446
1,4.327931363,8.26608,6.96403,6.96403,6.79118,6.78923,6.79804,1.06287,1.06427,1.05792
1,4.327931363,5.78271,6.96403,6.96403,6.79118,6.78923,6.79804,-0.726742,-0.725336,-0.731689
1,4.327931363,6.26164,6.96403,6.96403,6.79118,6.78923,6.79804,-0.381603,-0.380197,-0.38655
1,4.34699714,7.62749,6.95697,6.95697,6.77734,6.77543,6.7843,0.612655,0.614027,0.607638
1,4.385128694,6.77605,6.94282,6.94282,6.74966,6.74785,6.75682,0.0190197,0.0203235,0.0138632
1,4.423260248,6.91796,6.92864,6.92864,6.72198,6.72027,6.72933,0.141228,0.142465,0.135932
1,4.461391802,7.02439,6.91443,6.91443,6.69431,6.69268,6.70185,0.237869,0.23904,0.232436
1,4.499523356,7.52106,6.90019,6.90019,6.66663,6.6651,6.67436,0.615735,0.616839,0.610164
1,4.59485224,8.01774,6.86445,6.86445,6.59744,6.59615,6.60565,1.02352,1.02445,1.0176
1,4.652049571,7.66297,6.84292,6.84292,6.55593,6.55477,6.56443,0.797776,0.798609,0.791652
1,4.747378456,7.18404,6.80692,6.80692,6.48674,6.48582,6.49572,0.502498,0.503163,0.496029
1,4.766444233,4.36364,6.79971,6.79971,6.4729,6.47202,6.48197,-1.52001,-1.51938,-1.52655
1,4.804575786,4.75388,6.78526,6.78526,6.44523,6.44444,6.45449,-1.21885,-1.21828,-1.22552
1,4.880838894,8.01774,6.7563,6.7563,6.38987,6.38928,6.39952,1.1731,1.17353,1.16615
1,4.957102002,5.07317,6.72727,6.72727,6.33452,6.33411,6.34455,-0.908976,-0.908679,-0.916204
1,4.995233556,3.5122,6.71272,6.71272,6.30685,6.30653,6.31707,-2.01393,-2.0137,-2.0213
1,4.995233556,6.88248,6.71272,6.71272,6.30685,6.30653,6.31707,0.414826,0.415057,0.40746
1,4.995233556,7.02439,6.71272,6.71272,6.30685,6.30653,6.31707,0.517089,0.51732,0.509723
1,4.995233556,7.27273,6.71272,6.71272,6.30685,6.30653,6.31707,0.69605,0.696281,0.688684
1,4.995233556,6.17295,6.71272,6.71272,6.30685,6.30653,6.31707,-0.096491,-0.09626,-0.103857
1,5.03336511,7.52106,6.69816,6.69816,6.27917,6.27894,6.28958,0.894955,0.89512,0.887451
1,5.03336511,5.46341,6.69816,6.69816,6.27917,6.27894,6.28958,-0.587864,-0.587699,-0.595368
1,5.071496663,5.96009,6.68359,6.68359,6.25149,6.25136,6.2621,-0.209998,-0.209899,-0.21764
1,5.147759771,7.41463,6.65439,6.65439,6.19614,6.19619,6.20713,0.878091,0.878055,0.870172
1,5.147759771,5.28603,6.65439,6.65439,6.19614,6.19619,6.20713,-0.65586,-0.655896,-0.663778
1,5.224022879,5.07317,6.62514,6.62514,6.14079,6.14103,6.15216,-0.769366,-0.769537,-0.777561
1,5.300285987,7.94678,6.59584,6.59584,6.08544,6.08586,6.09719,1.34136,1.34105,1.33289
1,5.300285987,7.20177,6.59584,6.59584,6.08544,6.08586,6.09719,0.804473,0.804168,0.796003
1,5.319351764,2.44789,6.58851,6.58851,6.0716,6.07207,6.08345,-2.61138,-2.61172,-2.61992
1,5.319351764,6.56319,6.58851,6.58851,6.0716,6.07207,6.08345,0.35426,0.353922,0.345721
1,5.338417541,3.68958,6.58117,6.58117,6.05776,6.05828,6.06971,-1.7066,-1.70697,-1.71521
1,5.338417541,6.11973,6.58117,6.58117,6.05776,6.05828,6.06971,0.0446588,0.0442873,0.0360506
1,5.338417541,5.74723,6.58117,6.58117,6.05776,6.05828,6.06971,-0.223783,-0.224154,-0.232391
1,5.376549094,5.46341,6.56649,6.56649,6.03009,6.0307,6.04222,-0.408365,-0.408804,-0.417111
1,5.395614871,6.03104,6.55915,6.55915,6.01625,6.0169,6.02848,0.0106606,0.0101885,0.00184544
1,5.452812202,6.97118,6.5371,6.5371,5.97473,5.97553,5.98725,0.718072,0.717499,0.70905
1,5.452812202,4.47007,6.5371,6.5371,5.97473,5.97553,5.98725,-1.08432,-1.08489,-1.09334
1,5.510009533,7.23725,6.51503,6.51503,5.93322,5.93416,5.94603,0.939732,0.939059,0.930503
1,5.52907531,6.75831,6.50767,6.50767,5.91938,5.92036,5.93229,0.604565,0.603858,0.595267
1,5.605338418,7.62749,6.47821,6.47821,5.86403,5.8652,5.87732,1.27082,1.26998,1.26124
1,5.605338418,6.56319,6.47821,6.47821,5.86403,5.8652,5.87732,0.503842,0.503,0.494268
1,5.643469971,5.32151,6.46346,6.46346,5.83635,5.83761,5.84983,-0.371018,-0.371926,-0.380731
1,5.681601525,7.73392,6.44871,6.44871,5.80868,5.81003,5.82235,1.3874,1.38643,1.37755
1,5.681601525,5.56984,6.44871,6.44871,5.80868,5.81003,5.82235,-0.172112,-0.173087,-0.181963
1,5.738798856,3.26386,6.42656,6.42656,5.76716,5.76866,5.78112,-1.80397,-1.80505,-1.81403
1,5.757864633,6.35033,6.41918,6.41918,5.75332,5.75487,5.76738,0.430226,0.429116,0.420097
1,5.834127741,5.10865,6.38962,6.38962,5.69797,5.6997,5.71241,-0.424689,-0.425934,-0.435095
1,5.872259295,6.45676,6.37483,6.37483,5.6703,5.67212,5.68493,0.566758,0.565445,0.556213
1,5.929456625,0.674058,6.35263,6.35263,5.62878,5.63074,5.6437,-3.57056,-3.57197,-3.58131
1,5.929456625,5.90687,6.35263,6.35263,5.62878,5.63074,5.6437,0.200404,0.198991,0.189652
1,5.948522402,5.46341,6.34523,6.34523,5.61494,5.61695,5.62996,-0.109196,-0.110644,-0.120018
1,5.986653956,4.1153,6.33042,6.33042,5.58727,5.58937,5.60247,-1.06075,-1.06227,-1.07171
1,6.02478551,5.1796,6.31561,6.31561,5.55959,5.56178,5.57499,-0.273833,-0.275416,-0.284932
1,6.062917064,3.97339,6.30079,6.30079,5.53191,5.5342,5.54751,-1.12313,-1.12478,-1.13436
1,6.081982841,3.77827,6.29338,6.29338,5.51807,5.52041,5.53376,-1.25377,-1.25545,-1.26507
1,6.101048618,4.93126,6.28597,6.28597,5.50424,5.50662,5.52002,-0.412905,-0.414622,-0.424281
1,6.139180172,6.35033,6.27114,6.27114,5.47656,5.47904,5.49254,0.629674,0.627889,0.618159
1,6.139180172,6.102,6.27114,6.27114,5.47656,5.47904,5.49254,0.450713,0.448928,0.439198
1,6.234509056,5.97783,6.23404,6.23404,5.40737,5.41008,5.42383,0.411095,0.409142,0.399233
1,6.253574833,5.81818,6.22662,6.22662,5.39353,5.39629,5.41008,0.30602,0.304034,0.29409
1,6.253574833,5.00222,6.22662,6.22662,5.39353,5.39629,5.41008,-0.281994,-0.28398,-0.293924
1,6.291706387,3.90244,6.21177,6.21177,5.36585,5.3687,5.3826,-1.05459,-1.05664,-1.06666
1,6.291706387,3.6541,6.21177,6.21177,5.36585,5.3687,5.3826,-1.23355,-1.23561,-1.24562
1,6.329837941,6.91796,6.19692,6.19692,5.33818,5.34112,5.35512,1.13845,1.13633,1.12624
1,6.329837941,4.15078,6.19692,6.19692,5.33818,5.34112,5.35512,-0.855685,-0.857806,-0.867892
1,6.348903718,6.4745,6.18949,6.18949,5.32434,5.32733,5.34137,0.82885,0.826695,0.816574
1,6.367969495,6.03104,6.18207,6.18207,5.3105,5.31354,5.32763,0.519249,0.51706,0.506904
1,6.406101049,4.64745,6.16721,6.16721,5.28282,5.28596,5.30015,-0.457875,-0.46013,-0.470358
1,6.406101049,4.43459,6.16721,6.16721,5.28282,5.28596,5.30015,-0.61127,-0.613525,-0.623753
1,6.444232602,7.13082,6.15234,6.15234,5.25515,5.25837,5.27266,1.35168,1.34936,1.33906
1,6.444232602,2.98004,6.15234,6.15234,5.25515,5.25837,5.27266,-1.63952,-1.64185,-1.65215
1,6.52049571,4.15078,6.12261,6.12261,5.1998,5.20321,5.21769,-0.755963,-0.75842,-0.768861
1,6.52049571,4.96674,6.12261,6.12261,5.1998,5.20321,5.21769,-0.167949,-0.170406,-0.180847
1,6.596758818,4.29268,6.09286,6.09286,5.14444,5.14804,5.16273,-0.613811,-0.616402,-0.626985
1,6.615824595,5.25055,6.08542,6.08542,5.13061,5.13425,5.14898,0.0864386,0.0838142,0.0731954
1,6.634890372,5.03769,6.07798,6.07798,5.11677,5.12046,5.13524,-0.0569843,-0.0596422,-0.0702967
1,6.673021926,5.60532,6.06309,6.06309,5.08909,5.09287,5.10776,0.372014,0.369288,0.358563
1,6.749285033,3.58315,6.03332,6.03332,5.03374,5.03771,5.05279,-1.04535,-1.04821,-1.05908
1,6.787416587,4.5765,6.01843,6.01843,5.00606,5.01013,5.02531,-0.309563,-0.31249,-0.323429
1,6.787416587,5.00222,6.01843,6.01843,5.00606,5.01013,5.02531,-0.00277277,-0.00569998,-0.0166385
1,6.863679695,5.92461,5.98864,5.98864,4.95071,4.95496,4.97034,0.701828,0.698766,0.687685
1,6.882745472,4.77162,5.98119,5.98119,4.93687,4.94117,4.9566,-0.119089,-0.122185,-0.133302
1,6.95900858,5.12639,5.95139,5.95139,4.88152,4.88601,4.90163,0.176459,0.173227,0.161969
1,6.978074357,2.60754,5.94394,5.94394,4.86768,4.87221,4.88789,-1.62874,-1.63201,-1.6433
1,6.978074357,6.06652,5.94394,5.94394,4.86768,4.87221,4.88789,0.863926,0.86066,0.849366
1,6.978074357,4.00887,5.94394,5.94394,4.86768,4.87221,4.88789,-0.618893,-0.622158,-0.633452
1,6.978074357,3.90244,5.94394,5.94394,4.86768,4.87221,4.88789,-0.695591,-0.698856,-0.71015
1,6.978074357,3.68958,5.94394,5.94394,4.86768,4.87221,4.88789,-0.848986,-0.852251,-0.863545
1,7.01620591,5.55211,5.92903,5.92903,4.84001,4.84463,4.8604,0.513166,0.509833,0.498468
1,7.01620591,3.49446,5.92903,5.92903,4.84001,4.84463,4.8604,-0.969653,-0.972986,-0.984351
1,7.054337464,3.83149,5.91412,5.91412,4.81233,4.81705,4.83292,-0.706833,-0.710234,-0.72167
1,7.092469018,5.33925,5.89921,5.89921,4.78465,4.78947,4.80543,0.39966,0.396192,0.384684
1,7.092469018,4.64745,5.89921,5.89921,4.78465,4.78947,4.80543,-0.0988738,-0.102342,-0.11385
1,7.20686368,3.40576,5.85448,5.85448,4.70162,4.70672,4.72298,-0.933844,-0.937516,-0.949237
1,7.244995234,3.22838,5.83956,5.83956,4.67395,4.67914,4.6955,-1.04173,-1.04547,-1.05726
1,7.244995234,5.97783,5.83956,5.83956,4.67395,4.67914,4.6955,0.939624,0.935885,0.924093
1,7.283126787,3.86696,5.82464,5.82464,4.64627,4.65155,4.66802,-0.561599,-0.565406,-0.577269
1,7.321258341,2.87361,5.80972,5.80972,4.61859,4.62397,4.64053,-1.2575,-1.26137,-1.27331
1,7.321258341,5.32151,5.80972,5.80972,4.61859,4.62397,4.64053,0.506545,0.50267,0.490736
1,7.321258341,4.25721,5.80972,5.80972,4.61859,4.62397,4.64053,-0.26043,-0.264305,-0.276239
1,7.321258341,3.97339,5.80972,5.80972,4.61859,4.62397,4.64053,-0.464957,-0.468832,-0.480766
1,7.359389895,3.72506,5.7948,5.7948,4.59092,4.59639,4.61305,-0.623973,-0.627917,-0.639921
1,7.359389895,4.7184,5.7948,5.7948,4.59092,4.59639,4.61305,0.0918704,0.087927,0.0759224
1,7.397521449,4.07982,5.77988,5.77988,4.56324,4.56881,4.58557,-0.34837,-0.352382,-0.364457
1,7.435653003,3.97339,5.76495,5.76495,4.53557,4.54123,4.55808,-0.405123,-0.409202,-0.421349
1,7.473784557,3.29933,5.75003,5.75003,4.50789,4.51364,4.5306,-0.87093,-0.875077,-0.887294
1,7.473784557,5.88914,5.75003,5.75003,4.50789,4.51364,4.5306,0.995377,0.99123,0.979012
1,7.511916111,3.86696,5.7351,5.7351,4.48021,4.48606,4.50312,-0.441932,-0.446147,-0.458435
1,7.607244995,1.04656,5.69778,5.69778,4.41102,4.41711,4.43441,-2.42456,-2.42894,-2.44141
1,7.607244995,2.55432,5.69778,5.69778,4.41102,4.41711,4.43441,-1.33801,-1.34239,-1.35486
1,7.626310772,4.1153,5.69031,5.69031,4.39719,4.40332,4.42067,-0.203138,-0.207556,-0.220058
1,7.626310772,3.97339,5.69031,5.69031,4.39719,4.40332,4.42067,-0.305402,-0.309819,-0.322321
1,7.664442326,4.7184,5.67538,5.67538,4.36951,4.37573,4.39318,0.251425,0.24694,0.234367
1,7.740705434,3.58315,5.64551,5.64551,4.31416,4.32057,4.33822,-0.526794,-0.531414,-0.54413
1,7.740705434,5.35698,5.64551,5.64551,4.31416,4.32057,4.33822,0.751498,0.746878,0.734162
1,7.778836988,3.22838,5.63058,5.63058,4.28648,4.29299,4.31073,-0.762508,-0.767196,-0.779983
1,7.797902765,4.27494,5.62311,5.62311,4.27265,4.2792,4.29699,0.00165627,-0.00306518,-0.0158879
1,7.912297426,5.42794,5.5783,5.5783,4.18962,4.19645,4.21454,0.892377,0.887454,0.874417
1,7.931363203,4.86031,5.57083,5.57083,4.17578,4.18266,4.2008,0.493296,0.488338,0.475266
1,7.969494757,0.461197,5.55589,5.55589,4.14811,4.15508,4.17332,-2.65693,-2.66195,-2.67509
1,7.969494757,3.44124,5.55589,5.55589,4.14811,4.15508,4.17332,-0.509395,-0.514419,-0.527563
1,7.969494757,2.83814,5.55589,5.55589,4.14811,4.15508,4.17332,-0.944014,-0.949039,-0.962182
1,7.988560534,1.54324,5.54842,5.54842,4.13427,4.14129,4.15958,-1.8672,-1.87225,-1.88543
1,8.007626311,3.33481,5.54095,5.54095,4.12043,4.1275,4.14584,-0.566149,-0.57124,-0.584455
1,8.026692088,4.55876,5.53348,5.53348,4.1066,4.11371,4.1321,0.325844,0.320719,0.307469
1,8.083889418,3.86696,5.51106,5.51106,4.06509,4.07234,4.09087,-0.142775,-0.148,-0.161358
1,8.083889418,2.55432,5.51106,5.51106,4.06509,4.07234,4.09087,-1.08871,-1.09394,-1.10729
1,8.141086749,1.38359,5.48865,5.48865,4.02357,4.03097,4.04965,-1.90247,-1.9078,-1.92126
1,8.160152526,1.84479,5.48118,5.48118,4.00974,4.01718,4.03591,-1.56014,-1.5655,-1.579
1,8.236415634,4.00887,5.45129,5.45129,3.95439,3.96202,3.98095,0.039261,0.0337641,0.0201224
1,8.236415634,2.16408,5.45129,5.45129,3.95439,3.96202,3.98095,-1.29016,-1.29566,-1.3093
1,8.236415634,4.7184,5.45129,5.45129,3.95439,3.96202,3.98095,0.550578,0.545081,0.531439
1,8.312678742,2.98004,5.42139,5.42139,3.89904,3.90686,3.92598,-0.662263,-0.667896,-0.681679
1,8.312678742,5.25055,5.42139,5.42139,3.89904,3.90686,3.92598,0.973951,0.968318,0.954535
1,8.331744519,1.20621,5.41392,5.41392,3.8852,3.89307,3.91224,-1.93058,-1.93625,-1.95007
1,8.350810296,4.00887,5.40645,5.40645,3.87137,3.87928,3.8985,0.0990894,0.0933884,0.0795341
1,8.350810296,3.47672,5.40645,5.40645,3.87137,3.87928,3.8985,-0.284398,-0.290099,-0.303954
1,8.369876072,2.80266,5.39897,5.39897,3.85753,3.86549,3.88476,-0.760178,-0.765913,-0.779803
1,8.408007626,2.19956,5.38403,5.38403,3.82986,3.83791,3.85728,-1.17485,-1.18066,-1.19462
1,8.465204957,2.30599,5.3616,5.3616,3.78835,3.79654,3.81606,-1.06824,-1.07415,-1.08822
1,8.465204957,5.32151,5.3616,5.3616,3.78835,3.79654,3.81606,1.10485,1.09895,1.08488
1,8.503336511,2.44789,5.34665,5.34665,3.76067,3.76896,3.78858,-0.946039,-0.952011,-0.96615
1,8.579599619,2.94457,5.31675,5.31675,3.70533,3.71381,3.73362,-0.548234,-0.554342,-0.568622
1,8.598665396,2.23503,5.30928,5.30928,3.69149,3.70002,3.71988,-1.04958,-1.05572,-1.07004
1,8.617731173,3.5122,5.3018,5.3018,3.67766,3.68623,3.70614,-0.11924,-0.125415,-0.139766
1,8.617731173,2.76718,5.3018,5.3018,3.67766,3.68623,3.70614,-0.656122,-0.662298,-0.676649
1,8.732125834,5.62306,5.25695,5.25695,3.59465,3.6035,3.62371,1.46175,1.45537,1.44081
1,8.751191611,3.08647,5.24947,5.24947,3.58081,3.58972,3.60997,-0.356238,-0.362654,-0.37725
1,8.808388942,3.90244,5.22704,5.22704,3.53931,3.54835,3.56875,0.261686,0.255167,0.240466
1,8.88465205,6.66962,5.19713,5.19713,3.48397,3.49321,3.5138,2.2957,2.28904,2.2742
1,8.903717827,7.02439,5.18966,5.18966,3.47014,3.47942,3.50006,2.56133,2.55464,2.53976
1,8.94184938,1.54324,5.1747,5.1747,3.44247,3.45185,3.47259,-1.36866,-1.37542,-1.39036
1,8.979980934,2.55432,5.15975,5.15975,3.4148,3.42428,3.44511,-0.620094,-0.62692,-0.641936
1,8.979980934,5.28603,5.15975,5.15975,3.4148,3.42428,3.44511,1.34848,1.34165,1.32663
1,9.037178265,1.17073,5.13732,5.13732,3.37331,3.38292,3.4039,-1.58726,-1.59419,-1.60931
1,9.075309819,4.15078,5.12236,5.12236,3.34564,3.35535,3.37643,0.580211,0.573213,0.558023
1,9.151572927,3.68958,5.09245,5.09245,3.29031,3.30021,3.32149,0.287726,0.280592,0.265262
1,9.151572927,1.38359,5.09245,5.09245,3.29031,3.30021,3.32149,-1.37405,-1.38119,-1.39652
1,9.208770257,1.11752,5.07001,5.07001,3.24882,3.25886,3.28028,-1.5359,-1.54313,-1.55857
1,9.246901811,1.72062,5.05506,5.05506,3.22116,3.2313,3.25281,-1.08134,-1.08865,-1.10415
1,9.304099142,4.15078,5.03262,5.03262,3.17967,3.18995,3.21161,0.699814,0.692408,0.6768
1,9.304099142,2.94457,5.03262,5.03262,3.17967,3.18995,3.21161,-0.169424,-0.176831,-0.192439
1,9.304099142,2.73171,5.03262,5.03262,3.17967,3.18995,3.21161,-0.322819,-0.330226,-0.345834
1,9.304099142,1.88027,5.03262,5.03262,3.17967,3.18995,3.21161,-0.9364,-0.943806,-0.959414
1,9.342230696,3.40576,5.01766,5.01766,3.15201,3.16239,3.18414,0.182863,0.175389,0.159711
1,9.342230696,2.51885,5.01766,5.01766,3.15201,3.16239,3.18414,-0.456283,-0.463757,-0.479435
1,9.456625357,4.39911,4.97279,4.97279,3.06905,3.0797,3.10175,0.958494,0.950816,0.934931
1,9.475691134,1.91574,4.96531,4.96531,3.05522,3.06592,3.08802,-0.821151,-0.828863,-0.844783
1,9.532888465,2.76718,4.94287,4.94287,3.01375,3.02459,3.04682,-0.177681,-0.185495,-0.201519
1,9.571020019,1.0643,4.92792,4.92792,2.9861,2.99703,3.01936,-1.38492,-1.3928,-1.40889
1,9.571020019,1.73836,4.92792,4.92792,2.9861,2.99703,3.01936,-0.899165,-0.907047,-0.92314
1,9.609151573,0.248337,4.91296,4.91296,2.95845,2.96948,2.99191,-1.95301,-1.96096,-1.97712
1,9.666348904,2.02217,4.89052,4.89052,2.91698,2.92815,2.95072,-0.644832,-0.652883,-0.669148
1,9.723546235,3.58315,4.86808,4.86808,2.87552,2.88683,2.90954,0.509945,0.501792,0.485424
1,9.742612011,4.54102,4.8606,4.8606,2.8617,2.87306,2.89582,1.21018,1.20199,1.18559
1,9.818875119,4.20399,4.83068,4.83068,2.80643,2.81797,2.84093,1.00714,0.998815,0.982276
1,9.87607245,4.96674,4.80824,4.80824,2.76498,2.77667,2.79976,1.58667,1.57825,1.56161
1,9.971401335,7.21951,4.77084,4.77084,2.69591,2.70784,2.73117,3.25987,3.25128,3.23447
1,9.990467112,3.1929,4.76336,4.76336,2.6821,2.69407,2.71745,0.368102,0.359475,0.342628
1,10.06673022,1.84479,4.73344,4.73344,2.62687,2.63903,2.6626,-0.563599,-0.57236,-0.589343
1,10.06673022,2.94457,4.73344,4.73344,2.62687,2.63903,2.6626,0.228942,0.220182,0.203198
1,10.14299333,1.02882,4.70352,4.70352,2.57166,2.584,2.60776,-1.11182,-1.12072,-1.13784
1,10.21925643,1.41907,4.67359,4.67359,2.51647,2.52899,2.55293,-0.790825,-0.799849,-0.817104
1,10.21925643,1.91574,4.67359,4.67359,2.51647,2.52899,2.55293,-0.432903,-0.441927,-0.459183
1,10.29551954,2.62528,4.64367,4.64367,2.46129,2.474,2.49813,0.118174,0.109018,0.0916282
1,10.3336511,0.31929,4.62871,4.62871,2.43371,2.44651,2.47073,-1.52373,-1.53295,-1.55041
1,10.3336511,0.709534,4.62871,4.62871,2.43371,2.44651,2.47073,-1.24251,-1.25173,-1.26919
1,10.3336511,1.84479,4.62871,4.62871,2.43371,2.44651,2.47073,-0.424401,-0.433623,-0.451079
1,10.3336511,2.80266,4.62871,4.62871,2.43371,2.44651,2.47073,0.265877,0.256655,0.239199
1,10.37178265,2.30599,4.61375,4.61375,2.40614,2.41903,2.44335,-0.0721755,-0.081463,-0.0989862
1,10.4099142,2.73171,4.59879,4.59879,2.37858,2.39156,2.41596,0.254479,0.245126,0.227536
1,10.44804576,3.4235,4.58383,4.58383,2.35102,2.36409,2.38859,0.772872,0.763453,0.745798
1,10.44804576,2.02217,4.58383,4.58383,2.35102,2.36409,2.38859,-0.236979,-0.246398,-0.264053
1,10.56244042,0,4.53894,4.53894,2.26839,2.28174,2.30651,-1.63469,-1.6443,-1.66215
1,10.60057197,3.29933,4.52398,4.52398,2.24087,2.2543,2.27916,0.762768,0.753089,0.735174
1,10.60057197,1.73836,4.52398,4.52398,2.24087,2.2543,2.27916,-0.362129,-0.371808,-0.389723
1,10.67683508,2.98004,4.49406,4.49406,2.18586,2.19946,2.2245,0.57232,0.562515,0.544471
1,10.71496663,1.73836,4.47909,4.47909,2.15837,2.17206,2.19719,-0.302673,-0.312541,-0.330649
1,10.73403241,3.37029,4.47161,4.47161,2.14463,2.15836,2.18353,0.883258,0.873358,0.855219
1,10.81029552,3.1929,4.44169,4.44169,2.0897,2.10361,2.12895,0.795014,0.784989,0.766725
1,10.88655863,6.42129,4.41176,4.41176,2.03482,2.0489,2.07442,3.16105,3.1509,3.13252
1,10.9056244,3.051,4.40428,4.40428,2.02111,2.03524,2.06079,0.742173,0.731996,0.713579
1,10.94375596,0.390244,4.38932,4.38932,1.99371,2.00791,2.03355,-1.15552,-1.16575,-1.18423
1,10.94375596,1.02882,4.38932,4.38932,1.99371,2.00791,2.03355,-0.695331,-0.705568,-0.724046
1,10.96282173,1.27716,4.38184,4.38184,1.98001,1.99426,2.01994,-0.5065,-0.516768,-0.535275
1,11.05815062,2.23503,4.34443,4.34443,1.91161,1.92606,1.95194,0.233074,0.222657,0.204006
1,11.05815062,1.95122,4.34443,4.34443,1.91161,1.92606,1.95194,0.0285475,0.0181306,-0.000520564
1,11.09628217,0.177384,4.32947,4.32947,1.88428,1.89882,1.92477,-1.23005,-1.24053,-1.25923
1,11.13441373,2.19956,4.31451,4.31451,1.85697,1.87159,1.89763,0.246877,0.236344,0.217581
1,11.22974261,2.53659,4.2771,4.2771,1.78882,1.80364,1.82986,0.538866,0.52819,0.509294
1,11.24880839,0.603104,4.26962,4.26962,1.77521,1.79007,1.81632,-0.844664,-0.855369,-0.874291
1,11.30600572,4.38137,4.24718,4.24718,1.73443,1.7494,1.77576,1.90749,1.8967,1.87771
1,11.3250715,0,4.2397,4.2397,1.72085,1.73585,1.76225,-1.24011,-1.25092,-1.26994
1,11.3250715,0.886918,4.2397,4.2397,1.72085,1.73585,1.76225,-0.600961,-0.611774,-0.630795
1,11.3250715,2.80266,4.2397,4.2397,1.72085,1.73585,1.76225,0.779595,0.768781,0.74976
1,11.36320305,1.45455,4.22473,4.22473,1.69371,1.70879,1.73525,-0.172354,-0.18322,-0.202289
1,11.4013346,1.0643,4.20977,4.20977,1.66662,1.68177,1.70829,-0.43405,-0.444968,-0.464083
1,11.43946616,1.59645,4.19481,4.19481,1.63955,1.65478,1.68136,-0.0310605,-0.0420298,-0.0611895
1,11.55386082,0.957871,4.14992,4.14992,1.55862,1.57404,1.6008,-0.432919,-0.444035,-0.463316
1,11.59199237,1.24169,4.13496,4.13496,1.53173,1.54722,1.57402,-0.209015,-0.220179,-0.239496
1,11.59199237,4.39911,4.13496,4.13496,1.53173,1.54722,1.57402,2.06634,2.05518,2.03586
1,11.63012393,2.87361,4.11999,4.11999,1.50489,1.52044,1.5473,0.986354,0.975145,0.955795
1,11.74451859,2.55432,4.07511,4.07511,1.42471,1.44044,1.46741,0.814041,0.802709,0.78327
1,11.8207817,1.70288,4.04518,4.04518,1.37157,1.3874,1.41444,0.238756,0.227351,0.207866
1,11.87797903,6.31486,4.02274,4.02274,1.3319,1.3478,1.37487,3.5909,3.57945,3.55994
1,11.8970448,1.80931,4.01526,4.01526,1.31872,1.33463,1.36172,0.35354,0.342072,0.322554
1,11.93517636,0.425721,4.0003,4.0003,1.29241,1.30837,1.33547,-0.62457,-0.636067,-0.655596
1,11.97330791,0.141907,3.98533,3.98533,1.26619,1.28218,1.30929,-0.8102,-0.821723,-0.841259
1,11.97330791,0.993348,3.98533,3.98533,1.26619,1.28218,1.30929,-0.19662,-0.208143,-0.227679
1,12.01143947,0.283814,3.97037,3.97037,1.24006,1.25608,1.28319,-0.689106,-0.700652,-0.720191
1,12.04957102,0.815965,3.95541,3.95541,1.21402,1.23007,1.25719,-0.286856,-0.298423,-0.317961
1,12.12583413,0.815965,3.92548,3.92548,1.16226,1.17836,1.20545,-0.249554,-0.261153,-0.280676
1,12.16396568,1.09978,3.91052,3.91052,1.13655,1.15266,1.17973,-0.0264963,-0.0381067,-0.0576142
1,12.27836034,1.88027,3.86563,3.86563,1.06015,1.07627,1.10324,0.591008,0.579386,0.559956
1,12.3164919,0.10643,3.85067,3.85067,1.03495,1.05107,1.07798,-0.669127,-0.680745,-0.700138
1,12.3164919,0.851441,3.85067,3.85067,1.03495,1.05107,1.07798,-0.132245,-0.143862,-0.163255
1,12.3164919,1.41907,3.85067,3.85067,1.03495,1.05107,1.07798,0.276809,0.265191,0.245799
1,12.43088656,1.34812,3.80579,3.80579,0.960285,0.976353,1.00305,0.279485,0.267906,0.248665
1,12.46901811,0.780488,3.79083,3.79083,0.935728,0.951766,0.978377,-0.111872,-0.12343,-0.142606
1,12.58341277,0.266075,3.74594,3.74594,0.863179,0.879085,0.905365,-0.430295,-0.441757,-0.460696
1,12.58341277,2.87361,3.74594,3.74594,0.863179,0.879085,0.905365,1.44879,1.43733,1.41839
1,12.60247855,4.87805,3.73846,3.73846,0.851263,0.86714,0.893355,2.90185,2.89041,2.87152
1,12.73593899,2.23503,3.6861,3.6861,0.769415,0.785036,0.810712,1.05618,1.04492,1.02642
1,12.8122021,1.56098,3.65617,3.65617,0.723985,0.739414,0.764712,0.603167,0.592048,0.573817
1,12.92659676,1.63193,3.61129,3.61129,0.657893,0.672967,0.697594,0.701926,0.691064,0.673317
1,12.96472831,4.32816,3.59633,3.59633,0.636454,0.651389,0.675765,2.66038,2.64962,2.63205
1,12.96472831,1.27716,3.59633,3.59633,0.636454,0.651389,0.675765,0.461718,0.450955,0.433389
1,13.04099142,0.674058,3.56641,3.56641,0.594527,0.609156,0.632987,0.0573131,0.0467709,0.0295969
1,13.15538608,1.73836,3.52153,3.52153,0.534169,0.548266,0.571176,0.867784,0.857625,0.841116
1,13.19351764,1.9867,3.50657,3.50657,0.514766,0.528667,0.551242,1.06073,1.05071,1.03444
1,13.26978074,0.745011,3.47665,3.47665,0.477093,0.490575,0.512437,0.193072,0.183356,0.167602
1,13.3079123,0.0709534,3.46169,3.46169,0.458841,0.472098,0.493585,-0.279526,-0.28908,-0.304564
1,13.34604385,0.567627,3.44673,3.44673,0.440989,0.454014,0.475113,0.0912603,0.0818744,0.0666697
1,13.49857007,1.09978,3.3869,3.3869,0.373716,0.385737,0.405171,0.523227,0.514565,0.50056
1,13.53670162,0.709534,3.37194,3.37194,0.357961,0.369714,0.388707,0.253357,0.244887,0.2312
1,13.57483317,1.70288,3.35698,3.35698,0.342639,0.35412,0.372664,0.980242,0.971968,0.958605
1,13.61296473,4.1153,3.34202,3.34202,0.327754,0.338958,0.357045,2.72945,2.72137,2.70834
1,13.89895138,2.46563,3.22985,3.22985,0.230127,0.239152,0.253678,1.61099,1.60448,1.59402
1,13.99428027,4.89579,3.19246,3.19246,0.202987,0.211277,0.224611,3.38181,3.37583,3.36622
1,13.99428027,1.27716,3.19246,3.19246,0.202987,0.211277,0.224611,0.77409,0.768116,0.758507
1,14.0514776,1.91574,3.17003,3.17003,0.187947,0.195802,0.208432,1.24511,1.23945,1.23035
1,14.2993327,0.886918,3.07283,3.07283,0.132854,0.138927,0.148675,0.543406,0.53903,0.532005
1,14.2993327,0.638581,3.07283,3.07283,0.132854,0.138927,0.148675,0.364445,0.360069,0.353045
1,14.37559581,1.0643,3.04293,3.04293,0.118937,0.124508,0.133443,0.681265,0.67725,0.670811
1,14.45185891,1.27716,3.01303,3.01303,0.106304,0.111399,0.119565,0.843764,0.840092,0.834207
1,14.48999047,0.425721,2.99808,2.99808,0.100443,0.10531,0.113108,0.234407,0.2309,0.22528
1,14.56625357,0.709534,2.96818,2.96818,0.089577,0.0940089,0.101105,0.446764,0.443571,0.438457
1,14.60438513,1.84479,2.95323,2.95323,0.0845505,0.0887757,0.095538,1.26849,1.26545,1.26058
1,14.60438513,1.9867,2.95323,2.95323,0.0845505,0.0887757,0.095538,1.37076,1.36771,1.36284
1,14.90943756,1.27716,2.83367,2.83367,0.0527269,0.0555524,0.0600581,0.882373,0.880337,0.87709
1,15.02383222,0.638581,2.78885,2.78885,0.0439993,0.0464103,0.050249,0.428478,0.42674,0.423974
1,15.36701621,0.10643,2.65442,2.65442,0.0253401,0.0268108,0.0291397,0.0584365,0.0573767,0.0556983
1,15.40514776,0.638581,2.63949,2.63949,0.0238177,0.0252079,0.027408,0.443021,0.442019,0.440434
1,15.55767398,0.496674,2.57978,2.57978,0.0185714,0.0196785,0.0214269,0.344539,0.343741,0.342481
1,15.90085796,1.13525,2.44552,2.44552,0.0105637,0.0112204,0.0122523,0.810494,0.810021,0.809277
1,15.97712107,0.567627,2.4157,2.4157,0.00931359,0.00989689,0.0108136,0.402342,0.401921,0.401261
1,16.01525262,0.674058,2.40079,2.40079,0.00874434,0.00929431,0.0101582,0.47945,0.479053,0.478431
1,16.2821735,1.09978,2.29651,2.29651,0.0056164,0.00598131,0.00654995,0.788494,0.788231,0.787821
1,16.32030505,1.31264,2.28162,2.28162,0.00527162,0.0056156,0.00615111,0.942137,0.941889,0.941503
1,16.47283127,0.922395,2.2221,2.2221,0.00409072,0.00436205,0.00478302,0.661764,0.661568,0.661265
1,16.54909438,0.141907,2.19236,2.19236,0.00360315,0.00384398,0.00421714,0.0996668,0.0994933,0.0992243
1,16.62535748,0,2.16263,2.16263,0.00317351,0.00338722,0.00371791,-0.00228695,-0.00244096,-0.00267927
1,16.89227836,0.851441,2.05869,2.05869,0.00203404,0.0021745,0.00239097,0.612114,0.612013,0.611857
1,17.04480458,1.0643,1.99939,1.99939,0.00157718,0.00168771,0.0018574,0.765839,0.765759,0.765637
1,17.57864633,0.425721,1.79257,1.79257,0.000647039,0.000694959,0.000766782,0.306324,0.306289,0.306238
1,18.03622498,2.37694,1.61657,1.61657,0.000301254,0.000323274,0.000358976,1.71269,1.71268,1.71265
1,19.04671115,1.56098,1.2354,1.2354,5.57162e-05,6.01873e-05,6.7126e-05,1.12486,1.12485,1.12485
2,0.000224299,0.556237,6.75461,6.75461,nan,5.35615,5.36132,nan,-3.459,-3.46272
2,0.045084112,2.87935,6.78056,6.78056,nan,5.34469,5.3499,nan,-1.77662,-1.78037
2,0.067514019,2.97751,6.79348,6.79348,nan,5.33896,5.34418,nan,-1.70175,-1.70552
2,0.134803738,4.05726,6.832,6.832,nan,5.32176,5.32704,nan,-0.911247,-0.915053
2,0.157233645,3.27198,6.84475,6.84475,nan,5.31603,5.32133,nan,-1.47302,-1.47684
2,0.269383178,3.40286,6.9078,6.9078,nan,5.28737,5.29277,nan,-1.35805,-1.36193
2,0.426392523,2.01227,6.99382,6.99382,nan,5.24726,5.25278,nan,-2.33125,-2.33523
2,0.426392523,4.13906,6.99382,6.99382,nan,5.24726,5.25278,nan,-0.798608,-0.802587
2,0.51611215,4.90798,7.04158,7.04158,nan,5.22433,5.22993,nan,-0.227979,-0.23201
2,0.650691589,3.81186,7.11102,7.11102,nan,5.18995,5.19565,nan,-0.993099,-0.99721
2,0.650691589,3.5501,7.11102,7.11102,nan,5.18995,5.19565,nan,-1.18173,-1.18584
2,0.673121495,2.86299,7.1223,7.1223,nan,5.18421,5.18994,nan,-1.67276,-1.67689
2,0.762841121,3.09202,7.16653,7.16653,nan,5.16129,5.16709,nan,-1.49119,-1.49537
2,0.807700935,5.51329,7.18807,7.18807,nan,5.14983,5.15566,nan,0.261925,0.257722
2,0.897420561,4.25358,7.22988,7.22988,nan,5.1269,5.13281,nan,-0.629351,-0.633607
2,0.9198504669999999,3.01022,7.24005,7.24005,nan,5.12117,5.1271,nan,-1.52123,-1.5255
2,0.9198504669999999,4.79346,7.24005,7.24005,nan,5.12117,5.1271,nan,-0.236166,-0.240435
2,0.96471028,5.97137,7.26004,7.26004,nan,5.10971,5.11567,nan,0.620943,0.616648
2,0.96471028,4.98978,7.26004,7.26004,nan,5.10971,5.11567,nan,-0.0864307,-0.0907264
2,0.9871401869999999,3.51738,7.26986,7.26986,nan,5.10398,5.10996,nan,-1.14336,-1.14767
2,0.9871401869999999,4.07362,7.26986,7.26986,nan,5.10398,5.10996,nan,-0.742516,-0.746825
2,1.054429907,3.3865,7.29852,7.29852,nan,5.08679,5.09282,nan,-1.22529,-1.22964
2,1.121719626,3.1411,7.32596,7.32596,nan,5.06959,5.07568,nan,-1.38974,-1.39413
2,1.211439252,4.30266,7.3605,7.3605,nan,5.04667,5.05283,nan,-0.536161,-0.540603
2,1.278728972,5.20245,7.38476,7.38476,nan,5.02948,5.03569,nan,0.124655,0.120173
2,1.323588785,5.48057,7.40011,7.40011,nan,5.01801,5.02427,nan,0.333338,0.328829
2,1.346018692,4.10634,7.40752,7.40752,nan,5.01228,5.01856,nan,-0.652856,-0.657377
2,1.390878505,7.00204,7.42181,7.42181,nan,5.00082,5.00713,nan,1.44216,1.43761
2,1.413308411,5.10429,7.42869,7.42869,nan,4.99509,5.00142,nan,0.0786981,0.0741363
2,1.435738318,7.62372,7.43538,7.43538,nan,4.98936,4.99571,nan,1.89842,1.89385
2,1.480598131,5.79141,7.44819,7.44819,nan,4.97789,4.98428,nan,0.58625,0.581648
2,1.480598131,5.62781,7.44819,7.44819,nan,4.97789,4.98428,nan,0.468354,0.463753
2,1.503028037,4.76074,7.4543,7.4543,nan,4.97216,4.97857,nan,-0.152362,-0.156977
2,1.660037383,6.11861,7.49148,7.49148,nan,4.93205,4.93858,nan,0.855082,0.850375
2,1.660037383,4.92434,7.49148,7.49148,nan,4.93205,4.93858,nan,-0.0055562,-0.0102637
2,1.727327103,4.05726,7.50428,7.50428,nan,4.91485,4.92144,nan,-0.618013,-0.62276
2,1.817046729,6.51125,7.51831,7.51831,nan,4.89193,4.89859,nan,1.16694,1.16214
2,1.884336449,5.07157,7.52651,7.52651,nan,4.87473,4.88145,nan,0.141851,0.137011
2,1.929196262,3.58282,7.53088,7.53088,nan,4.86327,4.87003,nan,-0.92274,-0.927606
2,1.951626168,6.31493,7.53273,7.53273,nan,4.85754,4.86431,nan,1.05025,1.04537
2,1.974056075,5.62781,7.53435,7.53435,nan,4.85181,4.8586,nan,0.559216,0.554323
2,1.996485981,1.68507,7.53576,7.53576,nan,4.84608,4.85289,nan,-2.27794,-2.28285
2,2.041345794,6.72393,7.53791,7.53791,nan,4.83462,4.84146,nan,1.36151,1.35657
2,2.131065421,4.97342,7.53961,7.53961,nan,4.81169,4.81861,nan,0.116544,0.111557
2,2.153495327,6.21677,7.5395,7.5395,nan,4.80596,4.8129,nan,1.01668,1.01168
2,2.175925234,6.49489,7.53918,7.53918,nan,4.80023,4.80719,nan,1.22123,1.21622
2,2.243214953,2.94479,7.53697,7.53697,nan,4.78304,4.79005,nan,-1.32471,-1.32977
2,2.310504673,4.23722,7.53295,7.53295,nan,4.76584,4.77291,nan,-0.380946,-0.38604
2,2.377794393,5.12065,7.52719,7.52719,nan,4.74865,4.75577,nan,0.268081,0.262947
2,2.422654206,3.58282,7.52243,7.52243,nan,4.73719,4.74435,nan,-0.831878,-0.837038
2,2.422654206,7.80368,7.52243,7.52243,nan,4.73719,4.74435,nan,2.20983,2.20467
2,2.422654206,5.21881,7.52243,7.52243,nan,4.73719,4.74435,nan,0.347078,0.341918
2,2.512373832,4.95706,7.5108,7.5108,nan,4.71426,4.7215,nan,0.174965,0.169752
2,2.534803738,7.0184,7.50747,7.50747,nan,4.70853,4.71578,nan,1.66458,1.65935
2,2.534803738,5.62781,7.50747,7.50747,nan,4.70853,4.71578,nan,0.662468,0.657241
2,2.534803738,4.51534,7.50747,7.50747,nan,4.70853,4.71578,nan,-0.139223,-0.144449
2,2.669383178,5.54601,7.48429,7.48429,nan,4.67414,4.68151,nan,0.6283,0.622994
2,2.669383178,5.05521,7.48429,7.48429,nan,4.67414,4.68151,nan,0.274613,0.269307
2,2.669383178,4.35174,7.48429,7.48429,nan,4.67414,4.68151,nan,-0.232338,-0.237644
2,2.736672897,3.48466,7.47078,7.47078,nan,4.65695,4.66437,nan,-0.844795,-0.850141
2,2.826392523,5.95501,7.451,7.451,nan,4.63403,4.64152,nan,0.951949,0.94655
2,2.91611215,3.10838,7.42939,7.42939,nan,4.6111,4.61867,nan,-1.08291,-1.08837
2,2.91611215,5.75869,7.42939,7.42939,nan,4.6111,4.61867,nan,0.826995,0.821543
2,2.960971963,5.05521,7.41796,7.41796,nan,4.59964,4.60724,nan,0.328303,0.322825
2,2.960971963,3.69734,7.41796,7.41796,nan,4.59964,4.60724,nan,-0.650231,-0.655709
2,2.983401869,5.66053,7.4121,7.4121,nan,4.59391,4.60153,nan,0.768647,0.763155
2,3.005831776,2.68303,7.40615,7.40615,nan,4.58818,4.59582,nan,-1.37292,-1.37843
2,3.005831776,4.7771,7.40615,7.40615,nan,4.58818,4.59582,nan,0.136141,0.130636
2,3.050691589,3.41922,7.39399,7.39399,nan,4.57672,4.58439,nan,-0.834133,-0.839665
2,3.050691589,6.26585,7.39399,7.39399,nan,4.57672,4.58439,nan,1.21725,1.21172
2,3.050691589,5.31697,7.39399,7.39399,nan,4.57672,4.58439,nan,0.533456,0.527925
2,3.095551402,4.07362,7.3815,7.3815,nan,4.56525,4.57297,nan,-0.354291,-0.359849
2,3.140411215,5.90593,7.36868,7.36868,nan,4.55379,4.56154,nan,0.974401,0.968816
2,3.162841121,3.25562,7.36217,7.36217,nan,4.54806,4.55583,nan,-0.931379,-0.936977
2,3.162841121,5.49693,7.36217,7.36217,nan,4.54806,4.55583,nan,0.683792,0.678193
2,3.252560748,5.39877,7.33541,7.33541,nan,4.52514,4.53298,nan,0.629574,0.623922
2,3.297420561,4.76074,7.32165,7.32165,nan,4.51368,4.52156,nan,0.178041,0.172363
2,3.319850467,5.67689,7.31469,7.31469,nan,4.50794,4.51584,nan,0.842387,0.836695
2,3.319850467,4.1227,7.31469,7.31469,nan,4.50794,4.51584,nan,-0.277622,-0.283314
2,3.387140187,6.05317,7.29346,7.29346,nan,4.49075,4.49871,nan,1.12594,1.1202
2,3.409570093,6.51125,7.28627,7.28627,nan,4.48502,4.49299,nan,1.46017,1.45443
2,3.409570093,5.00613,7.28627,7.28627,nan,4.48502,4.49299,nan,0.375535,0.369789
2,3.432,6.87117,7.27905,7.27905,nan,4.47929,4.48728,nan,1.72367,1.71792
2,3.432,3.3047,7.27905,7.27905,nan,4.47929,4.48728,nan,-0.84645,-0.852209
2,3.454429907,3.97546,7.27177,7.27177,nan,4.47356,4.48157,nan,-0.358948,-0.36472
2,3.454429907,4.4499,7.27177,7.27177,nan,4.47356,4.48157,nan,-0.0170507,-0.0228228
2,3.476859813,4.5317,7.26445,7.26445,nan,4.46783,4.47586,nan,0.0460271,0.0402416
2,3.521719626,5.56237,7.24967,7.24967,nan,4.45637,4.46443,nan,0.79703,0.791217
2,3.521719626,3.45194,7.24967,7.24967,nan,4.45637,4.46443,nan,-0.723824,-0.729637
2,3.544149533,7.31288,7.24222,7.24222,nan,4.45063,4.45872,nan,2.06264,2.05682
2,3.633869159,4.90798,7.21203,7.21203,nan,4.42771,4.43587,nan,0.346097,0.340218
2,3.656299065,4.02454,7.20439,7.20439,nan,4.42198,4.43016,nan,-0.28641,-0.292302
2,3.678728972,4.56442,7.19672,7.19672,nan,4.41625,4.42444,nan,0.106776,0.10087
2,3.723588785,3.5501,7.18128,7.18128,nan,4.40479,4.41302,nan,-0.615917,-0.62185
2,3.723588785,3.23926,7.18128,7.18128,nan,4.40479,4.41302,nan,-0.839919,-0.845852
2,3.813308411,6.05317,7.15005,7.15005,nan,4.38186,4.39017,nan,1.20441,1.19842
2,3.903028037,4.22086,7.11838,7.11838,nan,4.35894,4.36732,nan,-0.0995054,-0.105545
2,3.925457944,3.53374,7.11041,7.11041,nan,4.35321,4.36161,nan,-0.590537,-0.59659
2,3.925457944,3.41922,7.11041,7.11041,nan,4.35321,4.36161,nan,-0.673064,-0.679117
2,3.94788785,3.9591,7.10241,7.10241,nan,4.34748,4.35589,nan,-0.279879,-0.285945
2,3.970317757,3.20654,7.09439,7.09439,nan,4.34175,4.35018,nan,-0.818069,-0.824148
2,3.992747664,5.12065,7.08634,7.08634,nan,4.33601,4.34447,nan,0.56544,0.559347
2,3.992747664,3.01022,7.08634,7.08634,nan,4.33601,4.34447,nan,-0.955414,-0.961507
2,4.037607477,2.61759,7.0702,7.0702,nan,4.32455,4.33305,nan,-1.2301,-1.23622
2,4.060037383,4.59714,7.0621,7.0621,nan,4.31882,4.32733,nan,0.200564,0.194431
2,4.08246729,5.51329,7.05397,7.05397,nan,4.31309,4.32162,nan,0.86491,0.858763
2,4.104897196,1.71779,7.04583,7.04583,nan,4.30736,4.31591,nan,-1.86614,-1.8723
2,4.104897196,3.3047,7.04583,7.04583,nan,4.30736,4.31591,nan,-0.722552,-0.728712
2,4.127327103,6.10225,7.03768,7.03768,nan,4.30163,4.3102,nan,1.29759,1.29142
2,4.172186916,4.10634,7.02131,7.02131,nan,4.29017,4.29877,nan,-0.132473,-0.138673
2,4.239476636,2.71575,6.99665,6.99665,nan,4.27297,4.28163,nan,-1.1222,-1.12844
2,4.261906542,4.40082,6.9884,6.9884,nan,4.26724,4.27592,nan,0.0962583,0.0900051
2,4.261906542,4.97342,6.9884,6.9884,nan,4.26724,4.27592,nan,0.508893,0.50264
2,4.351626168,3.69734,6.95525,6.95525,nan,4.24432,4.25307,nan,-0.394174,-0.40048
2,4.351626168,4.87526,6.95525,6.95525,nan,4.24432,4.25307,nan,0.454675,0.448369
2,4.418915888,5.88957,6.93026,6.93026,nan,4.22713,4.23594,nan,1.19802,1.19167
2,4.418915888,6.59305,6.93026,6.93026,nan,4.22713,4.23594,nan,1.70497,1.69862
2,4.418915888,2.97751,6.93026,6.93026,nan,4.22713,4.23594,nan,-0.900525,-0.906871
2,4.486205607,4.30266,6.90516,6.90516,nan,4.20994,4.2188,nan,0.0668193,0.0604328
2,4.486205607,4.1227,6.90516,6.90516,nan,4.20994,4.2188,nan,-0.062866,-0.0692524
2,4.508635514,4.84254,6.89678,6.89678,nan,4.20421,4.21309,nan,0.460005,0.453605
2,4.531065421,5.52965,6.88838,6.88838,nan,4.19847,4.20737,nan,0.959296,0.952883
2,4.531065421,2.81391,6.88838,6.88838,nan,4.19847,4.20737,nan,-0.997772,-1.00418
2,4.575925234,6.56033,6.87156,6.87156,nan,4.18701,4.19595,nan,1.7103,1.70386
2,4.66564486,1.43967,6.8378,6.8378,nan,4.16409,4.1731,nan,-1.96332,-1.96981
2,4.66564486,3.07566,6.8378,6.8378,nan,4.16409,4.1731,nan,-0.784359,-0.790853
2,4.66564486,4.0409,6.8378,6.8378,nan,4.16409,4.1731,nan,-0.0887751,-0.0952685
2,4.66564486,3.8773,6.8378,6.8378,nan,4.16409,4.1731,nan,-0.206671,-0.213164
2,4.732934579,3.45194,6.81239,6.81239,nan,4.1469,4.15596,nan,-0.50081,-0.507343
2,4.755364486,3.94274,6.8039,6.8039,nan,4.14117,4.15025,nan,-0.142993,-0.14954
2,4.800224299,4.80982,6.78691,6.78691,nan,4.1297,4.13883,nan,0.490113,0.48354
2,4.889943925,3.27198,6.75284,6.75284,nan,4.10678,4.11598,nan,-0.601586,-0.608214
2,4.912373832,3.56646,6.7443,6.7443,nan,4.10105,4.11027,nan,-0.385245,-0.391885
2,4.912373832,2.37219,6.7443,6.7443,nan,4.10105,4.11027,nan,-1.24588,-1.25252
2,4.934803738,3.41922,6.73576,6.73576,nan,4.09532,4.10455,nan,-0.487221,-0.493875
2,4.934803738,4.41718,6.73576,6.73576,nan,4.09532,4.10455,nan,0.231943,0.225289
2,4.957233645,4.64622,6.72722,6.72722,nan,4.08959,4.09884,nan,0.401126,0.394459
2,5.002093458,3.9591,6.71011,6.71011,nan,4.07813,4.08742,nan,-0.0857758,-0.0924698
2,5.002093458,4.49898,6.71011,6.71011,nan,4.07813,4.08742,nan,0.30328,0.296586
2,5.024523364,3.59918,6.70154,6.70154,nan,4.0724,4.0817,nan,-0.341016,-0.347724
2,5.024523364,4.13906,6.70154,6.70154,nan,4.0724,4.0817,nan,0.0480392,0.0413318
2,5.069383178,5.38241,6.6844,6.6844,nan,4.06094,4.07028,nan,0.952306,0.945571
2,5.114242991,1.91411,6.66723,6.66723,nan,4.04947,4.05886,nan,-1.53882,-1.54558
2,5.114242991,6.11861,6.66723,6.66723,nan,4.04947,4.05886,nan,1.4911,1.48433
2,5.114242991,2.83027,6.66723,6.66723,nan,4.04947,4.05886,nan,-0.878607,-0.885368
2,5.18153271,1.97955,6.64145,6.64145,nan,4.03228,4.04172,nan,-1.47928,-1.48608
2,5.226392523,5.02249,6.62423,6.62423,nan,4.02082,4.0303,nan,0.721843,0.715016
2,5.271252336,3.82822,6.607,6.607,nan,4.00936,4.01887,nan,-0.130535,-0.13739
2,5.293682243,4.90798,6.59838,6.59838,nan,4.00363,4.01316,nan,0.651706,0.644838
2,5.360971963,4.10634,6.57249,6.57249,nan,3.98644,3.99602,nan,0.086406,0.0794982
2,5.360971963,2.73211,6.57249,6.57249,nan,3.98644,3.99602,nan,-0.903917,-0.910825
2,5.405831776,5.18609,6.55521,6.55521,nan,3.97498,3.9846,nan,0.872777,0.865842
2,5.405831776,3.10838,6.55521,6.55521,nan,3.97498,3.9846,nan,-0.624498,-0.631433
2,5.428261682,7.47648,6.54657,6.54657,nan,3.96925,3.97889,nan,2.52745,2.5205
2,5.428261682,4.51534,6.54657,6.54657,nan,3.96925,3.97889,nan,0.393534,0.386586
2,5.450691589,3.6319,6.53792,6.53792,nan,3.96351,3.97317,nan,-0.238973,-0.245934
2,5.517981308,4.8589,6.51196,6.51196,nan,3.94632,3.95604,nan,0.657634,0.650632
2,5.517981308,6.08589,6.51196,6.51196,nan,3.94632,3.95604,nan,1.54185,1.53485
2,5.540411215,2.96115,6.5033,6.5033,nan,3.94059,3.95033,nan,-0.705826,-0.712841
2,5.652560748,4.6953,6.45995,6.45995,nan,3.91194,3.92177,nan,0.564516,0.557434
2,5.652560748,4.51534,6.45995,6.45995,nan,3.91194,3.92177,nan,0.434831,0.427749
2,5.652560748,3.66462,6.45995,6.45995,nan,3.91194,3.92177,nan,-0.178227,-0.185308
2,5.652560748,2.56851,6.45995,6.45995,nan,3.91194,3.92177,nan,-0.968128,-0.975209
2,5.719850467,3.89366,6.4339,6.4339,nan,3.89475,3.90463,nan,-0.000784231,-0.00790558
2,5.719850467,3.2229,6.4339,6.4339,nan,3.89475,3.90463,nan,-0.484156,-0.491278
2,5.876859813,3.59918,6.37304,6.37304,nan,3.85464,3.86465,nan,-0.18409,-0.191304
2,5.921719626,1.86503,6.35564,6.35564,nan,3.84318,3.85322,nan,-1.42552,-1.43277
2,5.966579439,2.66667,6.33822,6.33822,nan,3.83171,3.8418,nan,-0.839577,-0.846845
2,5.989009346,4.80982,6.32951,6.32951,nan,3.82598,3.83609,nan,0.708986,0.701704
2,5.989009346,4.6135,6.32951,6.32951,nan,3.82598,3.83609,nan,0.567511,0.560229
2,5.989009346,4.0409,6.32951,6.32951,nan,3.82598,3.83609,nan,0.154876,0.147595
2,5.989009346,3.3047,6.32951,6.32951,nan,3.82598,3.83609,nan,-0.375654,-0.382936
2,6.011439252,2.84663,6.32079,6.32079,nan,3.82025,3.83038,nan,-0.701633,-0.708927
2,6.101158879,1.76687,6.28592,6.28592,nan,3.79733,3.80753,nan,-1.46323,-1.47057
2,6.101158879,3.0593,6.28592,6.28592,nan,3.79733,3.80753,nan,-0.53185,-0.539199
2,6.123588785,3.97546,6.2772,6.2772,nan,3.7916,3.80182,nan,0.132495,0.125133
2,6.146018692,3.59918,6.26848,6.26848,nan,3.78587,3.79611,nan,-0.134536,-0.141911
2,6.235738318,1.91411,6.23356,6.23356,nan,3.76295,3.77326,nan,-1.33234,-1.33977
2,6.235738318,5.56237,6.23356,6.23356,nan,3.76295,3.77326,nan,1.29673,1.2893
2,6.280598131,5.26789,6.2161,6.2161,nan,3.75149,3.76184,nan,1.09278,1.08532
2,6.280598131,4.22086,6.2161,6.2161,nan,3.75149,3.76184,nan,0.338244,0.330789
2,6.280598131,3.86094,6.2161,6.2161,nan,3.75149,3.76184,nan,0.0788734,0.0714186
2,6.370317757,2.96115,6.18115,6.18115,nan,3.72857,3.73899,nan,-0.553035,-0.560543
2,6.392747664,4.58078,6.17241,6.17241,nan,3.72284,3.73328,nan,0.618261,0.610739
2,6.41517757,6.75665,6.16367,6.16367,nan,3.71711,3.72757,nan,2.1904,2.18287
2,6.437607477,4.76074,6.15493,6.15493,nan,3.71138,3.72185,nan,0.756205,0.748657
2,6.460037383,5.88957,6.14618,6.14618,nan,3.70565,3.71614,nan,1.57381,1.56625
2,6.48246729,4.98978,6.13744,6.13744,nan,3.69992,3.71043,nan,0.929517,0.921943
2,6.504897196,4.25358,6.12869,6.12869,nan,3.69419,3.70472,nan,0.403116,0.395528
2,6.527327103,1.93047,6.11994,6.11994,nan,3.68846,3.69901,nan,-1.26687,-1.27447
2,6.527327103,5.61145,6.11994,6.11994,nan,3.68846,3.69901,nan,1.38578,1.37818
2,6.527327103,0.670757,6.11994,6.11994,nan,3.68846,3.69901,nan,-2.17467,-2.18227
2,6.639476636,3.56646,6.07619,6.07619,nan,3.65981,3.67045,nan,-0.0672703,-0.0749384
2,6.639476636,3.3865,6.07619,6.07619,nan,3.65981,3.67045,nan,-0.196956,-0.204624
2,6.639476636,3.25562,6.07619,6.07619,nan,3.65981,3.67045,nan,-0.291272,-0.29894
2,6.661906542,2.71575,6.06743,6.06743,nan,3.65408,3.66474,nan,-0.676199,-0.68388
2,6.818915888,3.99182,6.00613,6.00613,nan,3.61397,3.62476,nan,0.272292,0.264517
2,6.886205607,3.77914,5.97984,5.97984,nan,3.59678,3.60763,nan,0.131414,0.1236
2,6.886205607,3.20654,5.97984,5.97984,nan,3.59678,3.60763,nan,-0.28122,-0.289035
2,6.931065421,2.01227,5.96231,5.96231,nan,3.58532,3.5962,nan,-1.1336,-1.14144
2,6.953495327,4.25358,5.95354,5.95354,nan,3.57959,3.59049,nan,0.485699,0.477844
2,6.953495327,3.61554,5.95354,5.95354,nan,3.57959,3.59049,nan,0.0259059,0.0180513
2,6.99835514,1.76687,5.93601,5.93601,nan,3.56813,3.57907,nan,-1.29806,-1.30594
2,6.99835514,2.19223,5.93601,5.93601,nan,3.56813,3.57907,nan,-0.991528,-0.99941
2,7.06564486,3.01022,5.9097,5.9097,nan,3.55094,3.56194,nan,-0.389663,-0.397584
2,7.088074766,4.54806,5.90093,5.90093,nan,3.54521,3.55623,nan,0.722686,0.71475
2,7.110504673,1.96319,5.89216,5.89216,nan,3.53949,3.55052,nan,-1.13594,-1.14389
2,7.132934579,3.7955,5.88339,5.88339,nan,3.53376,3.5448,nan,0.188624,0.180661
2,7.177794393,2.42127,5.86585,5.86585,nan,3.5223,3.53338,nan,-0.793442,-0.801431
2,7.200224299,3.17382,5.85707,5.85707,nan,3.51657,3.52767,nan,-0.246993,-0.254995
2,7.222654206,4.1227,5.8483,5.8483,nan,3.51084,3.52196,nan,0.44093,0.432915
2,7.267514019,4.71166,5.83075,5.83075,nan,3.49938,3.51054,nan,0.873612,0.86557
2,7.334803738,3.3865,5.80442,5.80442,nan,3.48219,3.49341,nan,-0.0689569,-0.0770382
2,7.379663551,3.92638,5.78687,5.78687,nan,3.47073,3.48198,nan,0.328356,0.320248
2,7.402093458,1.32515,5.77809,5.77809,nan,3.465,3.47627,nan,-1.54206,-1.55018
2,7.402093458,5.54601,5.77809,5.77809,nan,3.465,3.47627,nan,1.49965,1.49153
2,7.424523364,5.85685,5.76931,5.76931,nan,3.45928,3.47056,nan,1.72778,1.71965
2,7.424523364,6.72393,5.76931,5.76931,nan,3.45928,3.47056,nan,2.35263,2.34449
2,7.446953271,4.7771,5.76053,5.76053,nan,3.45355,3.46485,nan,0.953799,0.945652
2,7.446953271,4.64622,5.76053,5.76053,nan,3.45355,3.46485,nan,0.859483,0.851335
2,7.469383178,3.68098,5.75175,5.75175,nan,3.44782,3.45914,nan,0.168027,0.159866
2,7.536672897,1.83231,5.72541,5.72541,nan,3.43063,3.44201,nan,-1.15181,-1.16001
2,7.536672897,4.22086,5.72541,5.72541,nan,3.43063,3.44201,nan,0.569468,0.561268
2,7.536672897,5.00613,5.72541,5.72541,nan,3.43063,3.44201,nan,1.13537,1.12717
2,7.64882243,2.38855,5.6815,5.6815,nan,3.40199,3.41346,nan,-0.730321,-0.738588
2,7.64882243,2.56851,5.6815,5.6815,nan,3.40199,3.41346,nan,-0.600636,-0.608902
2,7.671252336,3.56646,5.67271,5.67271,nan,3.39626,3.40775,nan,0.122656,0.114376
2,7.671252336,3.32106,5.67271,5.67271,nan,3.39626,3.40775,nan,-0.0541875,-0.0624672
2,7.805831776,3.82822,5.62,5.62,nan,3.36189,3.37348,nan,0.336059,0.3277
2,7.895551402,3.3047,5.58486,5.58486,nan,3.33897,3.35064,nan,-0.024695,-0.0331066
2,7.917981308,2.14315,5.57607,5.57607,nan,3.33324,3.34493,nan,-0.857626,-0.866051
2,7.940411215,2.97751,5.56728,5.56728,nan,3.32752,3.33922,nan,-0.25223,-0.260668
2,7.962841121,2.86299,5.5585,5.5585,nan,3.32179,3.33351,nan,-0.330629,-0.33908
2,8.030130841,4.25358,5.53213,5.53213,nan,3.3046,3.31638,nan,0.683868,0.675377
2,8.030130841,3.7955,5.53213,5.53213,nan,3.3046,3.31638,nan,0.35376,0.345269
2,8.052560748,3.68098,5.52334,5.52334,nan,3.29887,3.31067,nan,0.275361,0.266857
2,8.052560748,2.07771,5.52334,5.52334,nan,3.29887,3.31067,nan,-0.880017,-0.88852
2,8.097420561,1.94683,5.50576,5.50576,nan,3.28742,3.29925,nan,-0.966077,-0.974607
2,8.142280374,3.40286,5.48818,5.48818,nan,3.27596,3.28784,nan,0.09145,0.0828933
2,8.16471028,4.1227,5.47939,5.47939,nan,3.27023,3.28213,nan,0.614319,0.605749
2,8.232,4.35174,5.45302,5.45302,nan,3.25305,3.265,nan,0.791756,0.783146
2,8.232,1.25971,5.45302,5.45302,nan,3.25305,3.265,nan,-1.43647,-1.44508
2,8.254429907,3.3047,5.44423,5.44423,nan,3.24732,3.25929,nan,0.041352,0.0327287
2,8.344149533,0.916155,5.40906,5.40906,nan,3.22441,3.23645,nan,-1.66341,-1.67209
2,8.366579439,3.94274,5.40027,5.40027,nan,3.21868,3.23074,nan,0.521784,0.513094
2,8.389009346,3.58282,5.39147,5.39147,nan,3.21295,3.22503,nan,0.266541,0.257838
2,8.411439252,6.08589,5.38268,5.38268,nan,3.20723,3.21932,nan,2.07447,2.06576
2,8.411439252,2.47035,5.38268,5.38268,nan,3.20723,3.21932,nan,-0.531022,-0.539739
2,8.456299065,3.69734,5.36509,5.36509,nan,3.19577,3.2079,nan,0.361451,0.352707
2,8.478728972,3.33742,5.3563,5.3563,nan,3.19004,3.20219,nan,0.106208,0.097451
2,8.501158879,4.33538,5.34751,5.34751,nan,3.18432,3.19649,nan,0.829499,0.820729
2,8.501158879,0.834356,5.34751,5.34751,nan,3.18432,3.19649,nan,-1.69347,-1.70224
2,8.501158879,3.48466,5.34751,5.34751,nan,3.18432,3.19649,nan,0.216441,0.207671
2,8.523588785,4.02454,5.33871,5.33871,nan,3.17859,3.19078,nan,0.609624,0.600841
2,8.635738318,2.17587,5.29474,5.29474,nan,3.14995,3.16223,nan,-0.70196,-0.71081
2,8.658168224,1.94683,5.28595,5.28595,nan,3.14422,3.15652,nan,-0.862887,-0.87175
2,8.658168224,3.10838,5.28595,5.28595,nan,3.14422,3.15652,nan,-0.0258276,-0.0346908
2,8.703028037,1.75051,5.26836,5.26836,nan,3.13277,3.14511,nan,-0.996107,-1.005
2,8.725457944,1.14519,5.25956,5.25956,nan,3.12704,3.1394,nan,-1.42819,-1.4371
2,8.792747664,2.56851,5.23318,5.23318,nan,3.10986,3.12227,nan,-0.390121,-0.399064
2,8.904897196,6.90389,5.1892,5.1892,nan,3.08123,3.09373,nan,2.75475,2.74574
2,8.904897196,1.06339,5.1892,5.1892,nan,3.08123,3.09373,nan,-1.45413,-1.46314
2,8.904897196,2.83027,5.1892,5.1892,nan,3.08123,3.09373,nan,-0.180854,-0.189863
2,8.927327103,3.53374,5.1804,5.1804,nan,3.0755,3.08802,nan,0.330224,0.321202
2,8.972186916,2.30675,5.16281,5.16281,nan,3.06405,3.07661,nan,-0.545739,-0.554789
2,8.972186916,3.27198,5.16281,5.16281,nan,3.06405,3.07661,nan,0.149845,0.140795
2,8.972186916,3.89366,5.16281,5.16281,nan,3.06405,3.07661,nan,0.597848,0.588799
2,9.017046729,3.04294,5.14521,5.14521,nan,3.0526,3.06519,nan,-0.0069556,-0.0160323
2,9.039476636,2.48671,5.13641,5.13641,nan,3.04687,3.05948,nan,-0.403674,-0.412764
2,9.061906542,4.84254,5.12762,5.12762,nan,3.04114,3.05378,nan,1.29815,1.28905
2,9.106766355,1.57055,5.11002,5.11002,nan,3.02969,3.04236,nan,-1.05151,-1.06064
2,9.106766355,3.61554,5.11002,5.11002,nan,3.02969,3.04236,nan,0.422185,0.413055
2,9.129196262,1.29243,5.10123,5.10123,nan,3.02397,3.03665,nan,-1.24781,-1.25695
2,9.174056075,4.41718,5.08363,5.08363,nan,3.01251,3.02524,nan,1.01225,1.00308
2,9.196485981,3.43558,5.07483,5.07483,nan,3.00679,3.01953,nan,0.309005,0.299821
2,9.241345794,3.73006,5.05724,5.05724,nan,2.99534,3.00812,nan,0.52947,0.520259
2,9.286205607,2.55215,5.03964,5.03964,nan,2.98389,2.9967,nan,-0.311127,-0.320364
2,9.286205607,3.27198,5.03964,5.03964,nan,2.98389,2.9967,nan,0.207614,0.198376
2,9.308635514,1.35787,5.03084,5.03084,nan,2.97816,2.991,nan,-1.16764,-1.17689
2,9.331065421,3.10838,5.02204,5.02204,nan,2.97244,2.98529,nan,0.0979695,0.0887059
2,9.375925234,5.54601,5.00445,5.00445,nan,2.96099,2.97388,nan,1.86287,1.85358
2,9.39835514,4.26994,4.99565,4.99565,nan,2.95526,2.96817,nan,0.947405,0.938102
2,9.420785047,7.39468,4.98685,4.98685,nan,2.94954,2.96246,nan,3.20334,3.19402
2,9.443214953,2.38855,4.97805,4.97805,nan,2.94381,2.95676,nan,-0.400144,-0.409473
2,9.443214953,2.84663,4.97805,4.97805,nan,2.94381,2.95676,nan,-0.070036,-0.0793654
2,9.443214953,4.15542,4.97805,4.97805,nan,2.94381,2.95676,nan,0.873129,0.8638
2,9.510504673,4.89162,4.95166,4.95166,nan,2.92664,2.93964,nan,1.41604,1.40667
2,9.532934579,0.719836,4.94286,4.94286,nan,2.92091,2.93393,nan,-1.58618,-1.59556
2,9.532934579,4.40082,4.94286,4.94286,nan,2.92091,2.93393,nan,1.06647,1.05709
2,9.645084112,3.41922,4.89886,4.89886,nan,2.89229,2.9054,nan,0.379724,0.370277
2,9.645084112,2.68303,4.89886,4.89886,nan,2.89229,2.9054,nan,-0.150806,-0.160254
2,9.667514019,1.42331,4.89006,4.89006,nan,2.88657,2.8997,nan,-1.05448,-1.06394
2,9.667514019,2.48671,4.89006,4.89006,nan,2.88657,2.8997,nan,-0.288156,-0.297617
2,9.734803738,3.25562,4.86366,4.86366,nan,2.8694,2.88258,nan,0.278327,0.268827
2,9.846953271,2.42127,4.81966,4.81966,nan,2.84078,2.85406,nan,-0.302319,-0.311885
2,9.869383178,2.78119,4.81086,4.81086,nan,2.83506,2.84835,nan,-0.0388239,-0.0484037
2,9.959102804,1.79959,4.77567,4.77567,nan,2.81217,2.82554,nan,-0.729702,-0.739335
2,9.959102804,3.1411,4.77567,4.77567,nan,2.81217,2.82554,nan,0.237042,0.22741
2,10.00396262,2.61759,4.75806,4.75806,nan,2.80073,2.81413,nan,-0.131976,-0.141635
2,10.02639252,2.35583,4.74926,4.74926,nan,2.795,2.80842,nan,-0.316486,-0.326158
2,10.07125234,2.04499,4.73166,4.73166,nan,2.78356,2.79702,nan,-0.532241,-0.541939
2,10.13854206,2.53579,4.70526,4.70526,nan,2.76639,2.77991,nan,-0.166184,-0.175922
2,10.16097196,3.01022,4.69646,4.69646,nan,2.76067,2.7742,nan,0.179836,0.170085
2,10.18340187,5.33e-15,4.68766,4.68766,nan,2.75495,2.7685,nan,-1.98532,-1.99509
2,10.20583178,3.40286,4.67886,4.67886,nan,2.74923,2.7628,nan,0.471031,0.461254
2,10.2731215,2.35583,4.65246,4.65246,nan,2.73207,2.74569,nan,-0.271133,-0.28095
2,10.2731215,3.9591,4.65246,4.65246,nan,2.73207,2.74569,nan,0.884244,0.874428
2,10.31798131,2.74847,4.63486,4.63486,nan,2.72063,2.73429,nan,0.0200609,0.0102185
2,10.40770093,5.87321,4.59966,4.59966,nan,2.69775,2.71148,nan,2.28836,2.27846
2,10.40770093,2.30675,4.59966,4.59966,nan,2.69775,2.71148,nan,-0.281769,-0.291664
2,10.40770093,3.7955,4.59966,4.59966,nan,2.69775,2.71148,nan,0.791081,0.781187
2,10.40770093,3.35378,4.59966,4.59966,nan,2.69775,2.71148,nan,0.472763,0.462868
2,10.40770093,3.01022,4.59966,4.59966,nan,2.69775,2.71148,nan,0.225182,0.215287
2,10.47499065,2.53579,4.57325,4.57325,nan,2.68059,2.69438,nan,-0.10435,-0.114284
2,10.49742056,3.19018,4.56445,4.56445,nan,2.67487,2.68867,nan,0.371354,0.361407
2,10.51985047,4.46626,4.55565,4.55565,nan,2.66915,2.68297,nan,1.29506,1.2851
2,10.54228037,3.51738,4.54685,4.54685,nan,2.66343,2.67727,nan,0.615387,0.605414
2,10.632,1.86503,4.51165,4.51165,nan,2.64056,2.65447,nan,-0.558875,-0.5689
2,10.65442991,1.01431,4.50285,4.50285,nan,2.63484,2.64877,nan,-1.16781,-1.17785
2,10.92358879,2.53579,4.39723,4.39723,nan,2.56624,2.58039,nan,-0.0219456,-0.0321396
2,10.94601869,4.15542,4.38843,4.38843,nan,2.56052,2.57469,nan,1.14934,1.13913
2,11.03573832,0.327198,4.35323,4.35323,nan,2.53766,2.5519,nan,-1.59294,-1.6032
2,11.03573832,1.50511,4.35323,4.35323,nan,2.53766,2.5519,nan,-0.744096,-0.754355
2,11.03573832,2.38855,4.35323,4.35323,nan,2.53766,2.5519,nan,-0.107459,-0.117718
2,11.08059813,1.66871,4.33562,4.33562,nan,2.52624,2.54051,nan,-0.617964,-0.628249
2,11.14788785,1.42331,4.30922,4.30922,nan,2.5091,2.52342,nan,-0.782455,-0.792778
2,11.17031776,2.19223,4.30042,4.30042,nan,2.50338,2.51772,nan,-0.224228,-0.234564
2,11.19274766,1.79959,4.29162,4.29162,nan,2.49767,2.51203,nan,-0.503061,-0.51341
2,11.26003738,2.58487,4.26521,4.26521,nan,2.48053,2.49495,nan,0.0751882,0.0648008
2,11.28246729,1.47239,4.25641,4.25641,nan,2.47482,2.48925,nan,-0.722386,-0.732786
2,11.3048972,3.25562,4.24761,4.24761,nan,2.46911,2.48356,nan,0.566793,0.55638
2,11.39461682,2.91207,4.21241,4.21241,nan,2.44626,2.46078,nan,0.335674,0.32521
2,11.43947664,2.45399,4.1948,4.1948,nan,2.43484,2.4494,nan,0.0137968,0.00330718
2,11.46190654,2.06135,4.186,4.186,nan,2.42913,2.44371,nan,-0.265038,-0.27554
2,11.48433645,1.93047,4.1772,4.1772,nan,2.42342,2.43801,nan,-0.35524,-0.365755
2,11.52919626,2.71575,4.1596,4.1596,nan,2.412,2.42663,nan,0.218888,0.208347
2,11.52919626,4.38446,4.1596,4.1596,nan,2.412,2.42663,nan,1.42142,1.41088
2,11.64134579,0.359918,4.11559,4.11559,nan,2.38346,2.39818,nan,-1.45824,-1.46885
2,11.91050467,0.834356,4.00998,4.00998,nan,2.315,2.32992,nan,-1.067,-1.07776
2,11.93293458,2.15951,4.00117,4.00117,nan,2.30929,2.32424,nan,-0.107939,-0.11871
2,11.93293458,0.687117,4.00117,4.00117,nan,2.30929,2.32424,nan,-1.169,-1.17977
2,11.97779439,1.11247,3.98357,3.98357,nan,2.29789,2.31287,nan,-0.854252,-0.865048
2,12.02265421,1.73415,3.96597,3.96597,nan,2.28648,2.3015,nan,-0.39803,-0.408852
2,12.04508411,3.69734,3.95717,3.95717,nan,2.28078,2.29581,nan,1.02083,1.00999
2,12.11237383,1.96319,3.93077,3.93077,nan,2.26368,2.27877,nan,-0.216543,-0.227415
2,12.17966355,1.45603,3.90436,3.90436,nan,2.24658,2.26172,nan,-0.569698,-0.580608
2,12.24695327,2.84663,3.87796,3.87796,nan,2.22949,2.24468,nan,0.444734,0.433787
2,12.26938318,2.61759,3.86916,3.86916,nan,2.22379,2.239,nan,0.283786,0.272826
2,12.38153271,3.28834,3.82515,3.82515,nan,2.19531,2.2106,nan,0.787682,0.776659
2,12.42639252,1.89775,3.80755,3.80755,nan,2.18392,2.19925,nan,-0.206224,-0.217272
2,12.42639252,1.60327,3.80755,3.80755,nan,2.18392,2.19925,nan,-0.418437,-0.429484
2,12.47125234,2.09407,3.78995,3.78995,nan,2.17253,2.1879,nan,-0.0565441,-0.0676162
2,12.47125234,1.06339,3.78995,3.78995,nan,2.17253,2.1879,nan,-0.799287,-0.810359
2,12.51611215,3.32106,3.77235,3.77235,nan,2.16115,2.17655,nan,0.835877,0.82478
2,12.53854206,2.20859,3.76355,3.76355,nan,2.15546,2.17087,nan,0.0382884,0.0271792
2,12.60583178,1.93047,3.73714,3.73714,nan,2.13839,2.15385,nan,-0.149832,-0.160978
2,12.6955514,0.736196,3.70194,3.70194,nan,2.11563,2.13117,nan,-0.994073,-1.00527
2,12.91985047,1.79959,3.61394,3.61394,nan,2.05879,2.07449,nan,-0.186787,-0.198104
2,12.91985047,0.916155,3.61394,3.61394,nan,2.05879,2.07449,nan,-0.823424,-0.83474
2,12.98714019,4.33538,3.58754,3.58754,nan,2.04175,2.0575,nan,1.65288,1.64152
2,13.05442991,1.66871,3.56114,3.56114,nan,2.02471,2.04052,nan,-0.256548,-0.267937
2,13.05442991,4.5317,3.56114,3.56114,nan,2.02471,2.04052,nan,1.80663,1.79524
2,13.18900935,0.458078,3.50834,3.50834,nan,1.99066,2.00657,nan,-1.10444,-1.1159
2,13.23386916,2.38855,3.49074,3.49074,nan,1.97932,1.99525,nan,0.294904,0.283422
2,13.25629907,0.539877,3.48194,3.48194,nan,1.97365,1.9896,nan,-1.03323,-1.04472
2,13.30115888,3.58282,3.46434,3.46434,nan,1.96231,1.97829,nan,1.1678,1.15628
2,13.3908785,2.02863,3.42914,3.42914,nan,1.93964,1.95569,nan,0.0641271,0.0525639
2,13.41330841,3.76278,3.42034,3.42034,nan,1.93398,1.95004,nan,1.3179,1.30633
2,13.41330841,4.08998,3.42034,3.42034,nan,1.93398,1.95004,nan,1.55369,1.54212
2,13.45816822,2.65031,3.40275,3.40275,nan,1.92265,1.93874,nan,0.524376,0.512778
2,13.48059813,0.556237,3.39395,3.39395,nan,1.91699,1.9331,nan,-0.980608,-0.992217
2,13.52545794,2.14315,3.37635,3.37635,nan,1.90567,1.92181,nan,0.171138,0.159507
2,13.74975701,1.40695,3.28837,3.28837,nan,1.84912,1.86541,nan,-0.318639,-0.330383
2,13.81704673,0.997955,3.26197,3.26197,nan,1.83217,1.84851,nan,-0.601167,-0.612943
2,13.99648598,0.719836,3.1916,3.1916,nan,1.78703,1.80349,nan,-0.769061,-0.780924
2,14.0637757,1.55419,3.16521,3.16521,nan,1.77012,1.78663,nan,-0.155609,-0.167504
2,14.24321495,0.0981595,3.09484,3.09484,nan,1.7251,1.74172,nan,-1.17243,-1.18441
2,14.24321495,2.43763,3.09484,3.09484,nan,1.7251,1.74172,nan,0.513477,0.5015
2,14.31050467,2.78119,3.06845,3.06845,nan,1.70823,1.7249,nan,0.77321,0.761203
2,14.4002243,2.87935,3.03327,3.03327,nan,1.68577,1.70249,nan,0.860136,0.848089
2,14.4002243,4.05726,3.03327,3.03327,nan,1.68577,1.70249,nan,1.70898,1.69694
2,14.44508411,0.196319,3.01569,3.01569,nan,1.67455,1.69129,nan,-1.06526,-1.07733
2,14.44508411,1.01431,3.01569,3.01569,nan,1.67455,1.69129,nan,-0.475787,-0.487854
2,14.44508411,1.37423,3.01569,3.01569,nan,1.67455,1.69129,nan,-0.216416,-0.228483
2,14.53480374,2.73211,2.98051,2.98051,nan,1.65212,1.66892,nan,0.77828,0.766173
2,14.64695327,1.22699,2.93655,2.93655,nan,1.62412,1.64099,nan,-0.286185,-0.298338
2,14.87125234,1.79959,2.84864,2.84864,nan,1.56826,1.58525,nan,0.166703,0.15446
2,14.98340187,0.179959,2.80469,2.80469,nan,1.54041,1.55746,nan,-0.980389,-0.992676
2,15.02826168,1.79959,2.78711,2.78711,nan,1.52928,1.54635,nan,0.194797,0.182493
2,15.0955514,1.86503,2.76075,2.76075,nan,1.5126,1.52971,nan,0.253972,0.241644
2,15.25256075,3.68098,2.69925,2.69925,nan,1.47377,1.49096,nan,1.5906,1.57821
2,15.27499065,0.572597,2.69046,2.69046,nan,1.46824,1.48543,nan,-0.645432,-0.657821
2,15.29742056,1.68507,2.68168,2.68168,nan,1.4627,1.47991,nan,0.160248,0.14785
2,15.38714019,1.86503,2.64654,2.64654,nan,1.44059,1.45783,nan,0.305869,0.293443
2,15.47685981,0.883436,2.61142,2.61142,nan,1.41852,1.4358,nan,-0.385599,-0.398053
2,15.52171963,2.81391,2.59385,2.59385,nan,1.4075,1.4248,nan,1.01351,1.00104
2,15.90302804,1.66871,2.44467,2.44467,nan,1.31432,1.33175,nan,0.255388,0.242824
2,16.08246729,1.81595,2.37452,2.37452,nan,1.27081,1.28829,nan,0.392849,0.38025
2,16.26190654,2.56851,2.30442,2.30442,nan,1.22754,1.24507,nan,0.966348,0.953721
2,16.30676636,1.97955,2.28691,2.28691,nan,1.21677,1.2343,nan,0.549689,0.537056
3,0,0.620408,6.75448,6.75448,6.15618,6.1354,6.53783,-3.98928,-3.97431,-4.26431
3,2.018691589,4.5551,7.53694,7.53694,5.70149,5.68771,6.0567,-0.826126,-0.816201,-1.08211
3,2.041121495,2.61224,7.5379,7.5379,5.69643,5.68274,6.05136,-2.22258,-2.21271,-2.47835
3,3.005607477,5.24082,7.40621,7.40621,5.47919,5.46884,5.82149,-0.171781,-0.164323,-0.418453
3,3.857943925,3.72245,7.13434,7.13434,5.28721,5.27982,5.61835,-1.12763,-1.1223,-1.36625
3,4.014953271,2.1551,7.07836,7.07836,5.25185,5.245,5.58093,-2.23163,-2.22669,-2.46878
3,4.014953271,3.2,7.07836,7.07836,5.25185,5.245,5.58093,-1.47864,-1.4737,-1.71578
3,4.037383178,5.01224,7.07028,7.07028,5.2468,5.24002,5.57558,-0.169026,-0.164146,-0.40596
3,4.351401869,3.82041,6.95534,6.95534,5.17607,5.17038,5.50074,-0.976938,-0.972843,-1.21091
3,5.001869159,3.11837,6.71019,6.71019,5.02956,5.02613,5.34571,-1.37728,-1.37481,-1.60511
3,5.136448598,5.8449,6.65873,6.65873,4.99925,4.99629,5.31364,0.609408,0.61154,0.382845
3,5.226168224,1.94286,6.62432,6.62432,4.97904,4.97639,5.29226,-2.18798,-2.18608,-2.4137
3,5.45046729,4.81633,6.53801,6.53801,4.92852,4.92665,5.2388,-0.080849,-0.0795028,-0.304449
3,5.876635514,3.59184,6.37313,6.37313,4.83253,4.83214,5.13723,-0.894089,-0.893808,-1.11367
3,5.943925234,4.70204,6.34702,6.34702,4.81737,4.81722,5.12119,-0.083113,-0.0830001,-0.302054
3,6.011214953,4.3102,6.32088,6.32088,4.80222,4.80229,5.10515,-0.354563,-0.354618,-0.572869
3,6.03364486,6.33469,6.31217,6.31217,4.79717,4.79732,5.09981,1.108,1.10789,0.889906
3,6.347663551,4.60408,6.18998,6.18998,4.72644,4.72768,5.02496,-0.0881743,-0.0890702,-0.303304
3,6.841121495,5.12653,5.99745,5.99745,4.61529,4.61825,4.90736,0.368416,0.366287,0.157944
3,6.908411215,6.12245,5.97116,5.97116,4.60014,4.60333,4.89132,1.09703,1.09474,0.887197
3,6.998130841,4.19592,5.9361,5.9361,4.57993,4.58343,4.86994,-0.276734,-0.279256,-0.485724
3,7.020560748,6.17143,5.92733,5.92733,4.57488,4.57846,4.86459,1.15053,1.14795,0.941755
3,7.042990654,5.40408,5.91856,5.91856,4.56983,4.57348,4.85925,0.601195,0.59856,0.392628
3,7.155140187,7.77143,5.87471,5.87471,4.54457,4.54861,4.83252,2.3254,2.32248,2.11789
3,7.244859813,4.76735,5.83961,5.83961,nan,4.52872,4.81114,nan,0.171966,-0.0315555
3,7.289719626,6.85714,5.82206,5.82206,nan,4.51877,4.80044,nan,1.68512,1.48213
3,7.334579439,5.81224,5.80451,5.80451,nan,4.50882,4.78975,nan,0.939296,0.736846
3,7.334579439,4.44082,5.80451,5.80451,nan,4.50882,4.78975,nan,-0.0490065,-0.251456
3,7.379439252,4.01633,5.78695,5.78695,nan,4.49887,4.77906,nan,-0.347741,-0.549655
3,7.446728972,6.23673,5.76062,5.76062,nan,4.48395,4.76302,nan,1.26312,1.06201
3,7.648598131,4.81633,5.68158,5.68158,nan,4.43919,4.71491,nan,0.271782,0.0730828
3,7.693457944,6.44898,5.66402,5.66402,nan,4.42924,4.70422,nan,1.4555,1.25734
3,7.85046729,4.76735,5.60252,5.60252,nan,4.39442,4.6668,nan,0.268745,0.072457
3,7.962616822,6.80816,5.55858,5.55858,nan,4.36955,4.64007,nan,1.75736,1.56241
3,8.007476636,5.74694,5.54101,5.54101,nan,4.3596,4.62938,nan,0.999767,0.805353
3,8.007476636,3.6898,5.54101,5.54101,nan,4.3596,4.62938,nan,-0.482687,-0.6771
3,8.007476636,5.3551,5.54101,5.54101,nan,4.3596,4.62938,nan,0.717394,0.522981
3,8.142056075,8.26122,5.48827,5.48827,nan,4.32976,4.59731,nan,2.83316,2.64035
3,8.231775701,4.5551,5.45311,5.45311,nan,4.30986,4.57592,nan,0.176729,-0.0150056
3,8.321495327,5.48571,5.41794,5.41794,nan,4.28997,4.55454,nan,0.8617,0.671037
3,8.343925234,4.32653,5.40915,5.40915,nan,4.28499,4.5492,nan,0.0299333,-0.160461
3,8.456074766,5.9102,5.36518,5.36518,nan,4.26012,4.52247,nan,1.18911,1.00005
3,8.747663551,4.75102,5.25085,5.25085,nan,4.19546,4.45297,nan,0.400355,0.214783
3,8.882242991,3.98367,5.19808,5.19808,nan,4.16562,4.4209,nan,-0.131118,-0.315083
3,8.94953271,6.66122,5.17169,5.17169,nan,4.1507,4.40486,nan,1.80918,1.62602
3,9.01682243,4.8,5.1453,5.1453,nan,4.13578,4.38883,nan,0.478663,0.296306
3,9.039252336,5.9102,5.1365,5.1365,nan,4.1308,4.38348,nan,1.2823,1.10021
3,9.039252336,4.60408,5.1365,5.1365,nan,4.1308,4.38348,nan,0.341061,0.158972
3,9.151401869,7.72245,5.09252,5.09252,nan,4.10594,4.35675,nan,2.60619,2.42544
3,9.218691589,3.80408,5.06612,5.06612,nan,4.09101,4.34072,nan,-0.206774,-0.38672
3,9.285981308,5.06122,5.03973,5.03973,nan,4.07609,4.32468,nan,0.709922,0.530781
3,9.330841121,6.22041,5.02213,5.02213,nan,4.06615,4.31399,nan,1.55244,1.37384
3,9.353271028,5.32245,5.01333,5.01333,nan,4.06117,4.30864,nan,0.908923,0.730585
3,9.375700935,4.39184,5.00454,5.00454,nan,4.0562,4.3033,nan,0.241874,0.0638039
3,9.487850467,6.26939,4.96054,4.96054,nan,4.03133,4.27657,nan,1.61283,1.4361
3,9.66728972,4.34286,4.89015,4.89015,nan,3.99154,4.23381,nan,0.253172,0.0785857
3,9.846728972,4.71837,4.81975,4.81975,nan,3.95175,4.19104,nan,0.552452,0.38001
3,9.958878505,5.02857,4.77575,4.77575,nan,3.92688,4.16432,nan,0.793917,0.622815
3,10.00373832,6.92245,4.75815,4.75815,nan,3.91694,4.15362,nan,2.16588,1.99532
3,10.02616822,4.35918,4.74935,4.74935,nan,3.91196,4.14828,nan,0.322284,0.151985
3,10.02616822,5.51837,4.74935,4.74935,nan,3.91196,4.14828,nan,1.15763,0.987336
3,10.11588785,7.24898,4.71415,4.71415,nan,3.89207,4.1269,nan,2.41911,2.24989
3,10.22803738,3.80408,4.67015,4.67015,nan,3.8672,4.10017,nan,-0.0454865,-0.213373
3,10.2953271,5.1102,4.64375,4.64375,nan,3.85228,4.08413,nan,0.906506,0.739424
3,10.34018692,5.20816,4.62615,4.62615,nan,3.84233,4.07344,nan,0.984267,0.817721
3,10.38504673,3.15102,4.60855,4.60855,nan,3.83239,4.06275,nan,-0.491018,-0.657029
3,10.45233645,4.63673,4.58214,4.58214,nan,3.81747,4.04672,nan,0.590395,0.425189
3,10.65420561,4.70204,4.50293,4.50293,nan,3.77271,3.99861,nan,0.669713,0.506919
3,10.69906542,4.13061,4.48533,4.48533,nan,3.76276,3.98792,nan,0.265088,0.10283
3,10.74392523,3.4449,4.46773,4.46773,nan,3.75281,3.97723,nan,-0.221895,-0.383617
3,10.85607477,6.07347,4.42372,4.42372,nan,3.72795,3.9505,nan,1.69027,1.52989
3,10.94579439,4.21224,4.38852,4.38852,nan,3.70805,3.92912,nan,0.36334,0.204029
3,10.99065421,5.42041,4.37092,4.37092,nan,3.69811,3.91843,nan,1.24115,1.08238
3,11.01308411,5.99184,4.36212,4.36212,nan,3.69313,3.91309,nan,1.65653,1.49803
3,11.03551402,4.81633,4.35331,4.35331,nan,3.68816,3.90774,nan,0.812999,0.654761
3,11.14766355,6.38367,4.30931,4.30931,nan,3.66329,3.88102,nan,1.96041,1.80351
3,11.23738318,2.48163,4.2741,4.2741,nan,3.6434,3.85963,nan,-0.837213,-0.99304
3,11.28224299,4.65306,4.2565,4.2565,nan,3.63345,3.84894,nan,0.734767,0.579476
3,11.3271028,3.65714,4.2389,4.2389,nan,3.62351,3.83825,nan,0.0242384,-0.130516
3,11.37196262,2.13878,4.2213,4.2213,nan,3.61356,3.82756,nan,-1.06279,-1.217
3,11.41682243,4.16327,4.20369,4.20369,nan,3.60362,3.81687,nan,0.403304,0.249622
3,11.6635514,2.67755,4.10688,4.10688,nan,3.54891,3.75808,nan,-0.627935,-0.77867
3,11.68598131,3.2,4.09808,4.09808,nan,3.54394,3.75274,nan,-0.247855,-0.398322
3,11.73084112,2.38367,4.08047,4.08047,nan,3.53399,3.74205,nan,-0.828963,-0.978894
3,11.86542056,3.36327,4.02767,4.02767,nan,3.50416,3.70998,nan,-0.101531,-0.249853
3,11.93271028,4.94694,4.00126,4.00126,nan,3.48924,3.69394,nan,1.05047,0.902955
3,12,3.78776,3.97486,3.97486,nan,3.47432,3.67791,nan,0.225873,0.0791593
3,12.02242991,6.22041,3.96606,3.96606,nan,3.46935,3.67256,nan,1.98252,1.83607
3,12.04485981,3.08571,3.95726,3.95726,nan,3.46437,3.66722,nan,-0.272877,-0.419054
3,12.11214953,5.64898,3.93085,3.93085,nan,3.44946,3.65119,nan,1.58506,1.43968
3,12.22429907,2.51429,3.88685,3.88685,nan,3.42459,3.62446,nan,-0.656002,-0.800035
3,12.29158879,4.88163,3.86044,3.86044,nan,3.40968,3.60843,nan,1.06075,0.917518
3,12.31401869,5.19184,3.85164,3.85164,nan,3.4047,3.60308,nan,1.28787,1.14491
3,12.3364486,2.82449,3.84284,3.84284,nan,3.39973,3.59774,nan,-0.414541,-0.557233
3,12.3588785,2.30204,3.83404,3.83404,nan,3.39476,3.5924,nan,-0.787454,-0.929878
3,12.44859813,4.73469,3.79884,3.79884,nan,3.37487,3.57102,nan,0.979939,0.838588
3,12.65046729,2.36735,3.71963,3.71963,nan,3.33012,3.52292,nan,-0.69381,-0.832749
3,12.6728972,3.46122,3.71083,3.71083,nan,3.32515,3.51758,nan,0.098062,-0.0406088
3,12.74018692,3.05306,3.68443,3.68443,nan,3.31023,3.50154,nan,-0.185326,-0.323193
3,12.87476636,3.00408,3.63163,3.63163,nan,3.2804,3.46948,nan,-0.199125,-0.335383
3,12.94205607,4.08163,3.60523,3.60523,nan,3.26549,3.45345,nan,0.588146,0.452694
3,12.98691589,4.44082,3.58763,3.58763,nan,3.25554,3.44276,nan,0.854153,0.719237
3,13.00934579,4.57143,3.57883,3.57883,nan,3.25057,3.43742,nan,0.951859,0.817212
3,13.0317757,2.62857,3.57003,3.57003,nan,3.2456,3.43207,nan,-0.444653,-0.579032
3,13.16635514,4.60408,3.51723,3.51723,nan,3.21577,3.40001,nan,1.00047,0.867699
3,13.23364486,2.10612,3.49083,3.49083,nan,3.20086,3.38398,nan,-0.788907,-0.92087
3,13.30093458,3.55918,3.46443,3.46443,nan,3.18594,3.36795,nan,0.26897,0.137812
3,13.30093458,2.35102,3.46443,3.46443,nan,3.18594,3.36795,nan,-0.601677,-0.732836
3,13.32336449,3.13469,3.45563,3.45563,nan,3.18097,3.3626,nan,-0.033351,-0.164241
3,13.3682243,2.93878,3.43803,3.43803,nan,3.17103,3.35192,nan,-0.167372,-0.297725
3,13.45794393,3.98367,3.40283,3.40283,nan,3.15115,3.33054,nan,0.599949,0.470669
3,13.65981308,5.33e-15,3.32365,3.32365,nan,3.10641,3.28246,nan,-2.2386,-2.36546
3,13.68224299,2.17143,3.31485,3.31485,nan,3.10144,3.27711,nan,-0.670202,-0.796797
3,13.74953271,1.69796,3.28845,3.28845,nan,3.08653,3.26108,nan,-1.00066,-1.12645
3,13.86168224,0.897959,3.24447,3.24447,nan,3.06168,3.23437,nan,-1.55926,-1.6837
3,13.92897196,3.57551,3.21807,3.21807,nan,3.04677,3.21834,nan,0.381029,0.257389
3,13.99626168,3.5102,3.19168,3.19168,nan,3.03186,3.20231,nan,0.344711,0.221877
3,14.01869159,1.50204,3.18289,3.18289,nan,3.02689,3.19697,nan,-1.09886,-1.22143
3,14.0411215,2.69388,3.17409,3.17409,nan,3.02192,3.19163,nan,-0.236401,-0.358699
3,14.13084112,5.30612,3.1389,3.1389,nan,3.00204,3.17026,nan,1.6604,1.53918
3,14.24299065,1.6,3.09493,3.09493,nan,2.9772,3.14355,nan,-0.992461,-1.11234
3,14.28785047,3.88571,3.07734,3.07734,nan,2.96726,3.13287,nan,0.661872,0.54253
3,14.33271028,2.77551,3.05975,3.05975,nan,2.95732,3.12218,nan,-0.131021,-0.249825
3,14.44485981,4.27755,3.01577,3.01577,nan,2.93248,3.09547,nan,0.969308,0.851848
3,14.64672897,2.25306,2.93664,2.93664,nan,2.88777,3.0474,nan,-0.457392,-0.572432
3,14.69158879,5.07755,2.91905,2.91905,nan,2.87783,3.03672,nan,1.5852,1.4707
3,14.93831776,2.93878,2.82235,2.82235,nan,2.82319,2.97798,nan,0.0832949,-0.028249
3,14.98317757,3.10204,2.80478,2.80478,nan,2.81326,2.9673,nan,0.208108,0.0971026
3,15.00560748,1.19184,2.79599,2.79599,nan,2.80829,2.96196,nan,-1.16488,-1.27561
3,15.05046729,1.51837,2.77841,2.77841,nan,2.79836,2.95128,nan,-0.922408,-1.03261
3,15.11775701,5.38776,2.75205,2.75205,nan,2.78346,2.93526,nan,1.87675,1.76736
3,15.25233645,1.76327,2.69933,2.69933,nan,2.75366,2.90322,nan,-0.713718,-0.821494
3,15.29719626,2.98776,2.68176,2.68176,nan,2.74373,2.89254,nan,0.175851,0.068614
3,15.36448598,1.25714,2.65541,2.65541,nan,2.72884,2.87653,nan,-1.06056,-1.16699
3,15.4317757,3.96735,2.62907,2.62907,nan,2.71394,2.86051,nan,0.90325,0.797628
3,15.67850467,0.0163265,2.53249,2.53249,nan,2.65934,2.80179,nan,-1.90465,-2.00731
3,15.92523364,2.59592,2.43598,2.43598,nan,2.60475,2.74309,nan,-0.00636393,-0.106056
3,16.1271028,0.881633,2.35708,2.35708,nan,2.5601,2.69507,nan,-1.20956,-1.30683
3,16.21682243,1.24082,2.32203,2.32203,nan,2.54026,2.67373,nan,-0.936425,-1.03261
3,16.30654206,2.85714,2.287,2.287,nan,2.52042,2.65239,nan,0.242656,0.147551
3,16.35140187,0.914286,2.26948,2.26948,nan,2.5105,2.64173,nan,-1.15029,-1.24486
3,16.4635514,2.84082,2.22572,2.22572,nan,2.48571,2.61506,nan,0.255905,0.162689
3,16.66542056,2.74286,2.14701,2.14701,nan,2.44109,2.56707,nan,0.217462,0.126678
3,16.97943925,0.163265,2.02479,2.02479,nan,2.37173,2.49245,nan,-1.5915,-1.6785
3,17.00186916,2.17143,2.01607,2.01607,nan,2.36677,2.48712,nan,-0.140773,-0.227501
3,17.11401869,2.23673,1.97251,1.97251,nan,2.34201,2.46048,nan,-0.0758665,-0.161241
3,17.20373832,0.555102,1.93769,1.93769,nan,2.32221,2.43918,nan,-1.27344,-1.35773
3,17.29345794,0.457143,1.9029,1.9029,nan,2.30241,2.41787,nan,-1.32977,-1.41297
3,17.29345794,1.95918,1.9029,1.9029,nan,2.30241,2.41787,nan,-0.247339,-0.330548
3,17.31588785,3.2,1.89421,1.89421,nan,2.29746,2.41255,nan,0.650406,0.567468
3,17.42803738,2.67755,1.85079,1.85079,nan,2.27271,2.38592,nan,0.291741,0.210157
3,18.03364486,1.81224,1.61756,1.61756,nan,2.13925,2.24229,nan,-0.235649,-0.309908
3,18.12336449,4.5551,1.58323,1.58323,nan,2.1195,2.22103,nan,1.75519,1.68202
3,18.23551402,0.555102,1.54043,1.54043,nan,2.09482,2.19447,nan,-1.10958,-1.18139
3,18.37009346,1.30612,1.48923,1.48923,nan,2.06522,2.16261,nan,-0.547035,-0.617216
3,18.43738318,2.20408,1.4637,1.4637,nan,2.05043,2.14668,nan,0.110728,0.0413633
3,18.95327103,2.04082,1.27002,1.27002,nan,1.93718,2.02474,nan,0.0746817,0.0115832
3,19.13271028,2.57959,1.20369,1.20369,nan,1.89787,1.9824,nan,0.491274,0.430358
3,19.26728972,0.359184,1.15437,1.15437,nan,1.86842,1.95067,nan,-1.08761,-1.14689
3,19.44672897,1.63265,1.08928,1.08928,nan,1.82919,1.90841,nan,-0.141629,-0.19872
3,20.43364486,1.66531,0.7501,0.7501,nan,1.61451,1.67703,nan,0.0366031,-0.00844986
4,0,1.95122,6.75448,6.75448,1.2287,1.23978,1.43068,0.520671,0.512689,0.375122
4,0.993314231,2.05765,7.27253,7.27253,2.8693,2.87738,3.02311,-0.584904,-0.590725,-0.695747
4,1.107927412,5.62306,7.32044,7.32044,3.05738,3.06547,3.20794,1.84893,1.84309,1.74042
4,1.184336199,0.922395,7.35032,7.35032,3.18281,3.19091,3.33119,-1.62894,-1.63478,-1.73587
4,1.222540592,4.25721,7.3646,7.3646,3.24553,3.25364,3.39282,0.729051,0.723208,0.622907
4,1.910219675,7.34368,7.52914,7.52914,4.37502,4.38321,4.5025,2.13933,2.13343,2.04746
4,1.986628462,4.00887,7.53517,7.53517,4.50054,4.50873,4.62581,-0.354316,-0.360222,-0.444593
4,2.101241643,5.81818,7.53943,7.53943,4.68882,4.69703,4.81078,0.813859,0.807945,0.725971
4,2.17765043,4.00887,7.53914,7.53914,4.81434,4.82256,4.93409,-0.580455,-0.586375,-0.666749
4,2.215854823,2.80266,7.53809,7.53809,4.8771,4.88532,4.99575,-1.49492,-1.50084,-1.58042
4,2.215854823,4.47007,7.53809,7.53809,4.8771,4.88532,4.99575,-0.293327,-0.29925,-0.378824
4,2.521489971,3.051,7.50947,7.50947,5.3792,5.38745,5.48897,-1.67779,-1.68373,-1.75689
4,2.903533906,8.26608,7.43252,7.43252,6.00682,6.01511,6.10537,1.62811,1.62213,1.55708
4,3.018147087,4.82483,7.40285,7.40285,6.1951,6.20341,6.29022,-0.987468,-0.993453,-1.05601
4,3.094555874,6.56319,7.38178,7.38178,6.32063,6.32894,6.41341,0.174801,0.16881,0.107937
4,3.132760267,6.17295,7.37089,7.37089,6.38339,6.39171,6.475,-0.151652,-0.157646,-0.217666
4,3.209169054,4.15078,7.34848,7.34848,6.50891,6.51724,6.59812,-1.69936,-1.70536,-1.76365
4,3.209169054,4.66519,7.34848,7.34848,6.50891,6.51724,6.59812,-1.32866,-1.33466,-1.39294
4,3.209169054,6.03104,7.34848,7.34848,6.50891,6.51724,6.59812,-0.344373,-0.350372,-0.408657
4,3.896848138,8.26608,7.12058,7.12058,7.63593,7.64339,7.6753,0.454105,0.448733,0.425734
4,3.915950334,7.18404,7.11379,7.11379,7.66286,7.66963,7.69632,-0.345057,-0.349938,-0.369169
4,4.011461318,6.29712,7.07962,7.07962,7.75452,7.75739,7.76208,-1.05026,-1.05233,-1.0557
4,4.087870105,8.2306,7.05202,7.05202,7.77759,7.77787,7.77161,0.326452,0.326251,0.330765
4,4.106972302,7.55654,7.04508,7.04508,7.7777,7.77747,7.76929,-0.159376,-0.15921,-0.153316
4,4.183381089,7.73392,7.01722,7.01722,7.76158,7.75983,7.74642,-0.0199314,-0.0186702,-0.00900811
4,4.240687679,7.27273,6.9962,6.9962,7.73701,7.73456,7.71905,-0.33458,-0.332813,-0.321639
4,4.240687679,4.50554,6.9962,6.9962,7.73701,7.73456,7.71905,-2.32872,-2.32695,-2.31577
4,4.508118434,7.94678,6.89697,6.89697,7.56496,7.5615,7.54447,0.275155,0.277649,0.289921
4,4.508118434,6.38581,6.89697,6.89697,7.56496,7.5615,7.54447,-0.849742,-0.847248,-0.834976
4,4.699140401,7.50333,6.82516,6.82516,7.42551,7.42201,7.40626,0.0560797,0.058599,0.0699499
4,4.890162369,8.54989,6.75275,6.75275,7.28398,7.28054,7.26636,0.91226,0.914742,0.924956
4,4.928366762,7.57428,6.73821,6.73821,7.25561,7.25218,7.23833,0.229647,0.23212,0.242099
4,5.023877746,6.40355,6.70179,6.70179,7.18463,7.18124,7.16821,-0.562879,-0.560432,-0.551043
4,5.062082139,7.25499,6.68719,6.68719,7.15623,7.15285,7.14015,0.0711667,0.0736038,0.0827552
4,5.11938873,8.08869,6.66526,6.66526,7.11363,7.11027,7.09806,0.702667,0.705088,0.713883
4,5.17669532,7.5388,6.6433,6.6433,7.07102,7.06768,7.05597,0.337102,0.339508,0.347945
4,5.214899713,6.7051,6.62864,6.62864,7.04261,7.03929,7.02791,-0.243223,-0.240828,-0.232629
4,5.23400191,6.26164,6.62131,6.62131,7.02841,7.02509,7.01388,-0.55256,-0.550171,-0.54209
4,5.520534862,6.29712,6.51097,6.51097,6.81533,6.81212,6.80339,-0.373443,-0.371132,-0.364841
4,5.539637058,5.10865,6.5036,6.5036,6.80112,6.79792,6.78936,-1.21966,-1.21736,-1.21118
4,5.711556829,6.52772,6.43711,6.43711,6.67327,6.67014,6.66306,-0.104893,-0.102635,-0.097537
4,5.902578797,7.60976,6.36306,6.36306,6.53121,6.52815,6.52274,0.777237,0.779443,0.783347
4,5.921680993,6.86475,6.35565,6.35565,6.51701,6.51396,6.5087,0.250591,0.252792,0.256577
4,6.036294174,7.41463,6.31114,6.31114,6.43178,6.42877,6.4245,0.708282,0.710453,0.713524
4,6.074498567,5.42794,6.29629,6.29629,6.40337,6.40037,6.39644,-0.702932,-0.700771,-0.697937
4,6.074498567,5.14412,6.29629,6.29629,6.40337,6.40037,6.39644,-0.907458,-0.905298,-0.902464
4,6.112702961,8.42572,6.28143,6.28143,6.37496,6.37197,6.36837,1.47786,1.48001,1.4826
4,6.189111748,5.39246,6.25171,6.25171,6.31814,6.31518,6.31224,-0.667077,-0.664947,-0.662828
4,6.227316141,6.95344,6.23684,6.23684,6.28973,6.28679,6.28418,0.478293,0.480413,0.482294
4,6.227316141,5.78271,6.23684,6.23684,6.28973,6.28679,6.28418,-0.365379,-0.363259,-0.361379
4,6.227316141,5.85366,6.23684,6.23684,6.28973,6.28679,6.28418,-0.314248,-0.312128,-0.310247
4,6.532951289,4.64745,6.11775,6.11775,6.06245,6.05962,6.05965,-1.0197,-1.01766,-1.01769
4,6.532951289,5.60532,6.11775,6.11775,6.06245,6.05962,6.05965,-0.329421,-0.327382,-0.327409
4,6.723973257,5.21508,6.0432,6.0432,5.92039,5.91764,5.91933,-0.508277,-0.50629,-0.50751
4,6.914995224,5.78271,5.96859,5.96859,5.77834,5.77566,5.779,0.00314346,0.0050793,0.00266837
4,6.914995224,5.56984,5.96859,5.96859,5.77834,5.77566,5.779,-0.150252,-0.148316,-0.150727
4,7.029608405,6.03104,5.92379,5.92379,5.69311,5.69047,5.69481,0.243525,0.245432,0.242303
4,7.067812798,6.13747,5.90886,5.90886,5.6647,5.66207,5.66674,0.340696,0.342593,0.339225
4,7.067812798,5.78271,5.90886,5.90886,5.6647,5.66207,5.66674,0.0850373,0.0869344,0.0835666
4,7.106017192,7.84035,5.89392,5.89392,5.63629,5.63367,5.63868,1.58833,1.59022,1.58661
4,7.182425979,4.75388,5.86403,5.86403,nan,5.57688,5.58255,nan,-0.593085,-0.597169
4,7.220630372,5.35698,5.84909,5.84909,nan,5.54849,5.55448,nan,-0.138002,-0.142324
4,7.220630372,4.50554,5.84909,5.84909,nan,5.54849,5.55448,nan,-0.751583,-0.755905
4,7.258834766,4.36364,5.83415,5.83415,nan,5.52009,5.52642,nan,-0.833383,-0.837943
4,7.526265521,6.102,5.72948,5.72948,nan,5.32131,5.32996,nan,0.56259,0.556356
4,7.526265521,4.32816,5.72948,5.72948,nan,5.32131,5.32996,nan,-0.715702,-0.721936
4,7.698185291,7.04213,5.66217,5.66217,nan,5.19352,5.20367,nan,1.33217,1.32486
4,7.908309456,6.91796,5.57986,5.57986,nan,5.03734,5.04931,nan,1.35524,1.34662
4,7.908309456,4.39911,5.57986,5.57986,nan,5.03734,5.04931,nan,-0.459933,-0.468558
4,8.022922636,4.61197,5.53495,5.53495,nan,4.95216,4.96512,nan,-0.24515,-0.254489
4,8.022922636,4.15078,5.53495,5.53495,nan,4.95216,4.96512,nan,-0.577506,-0.586845
4,8.06112703,4.39911,5.51998,5.51998,nan,4.92376,4.93705,nan,-0.378082,-0.38766
4,8.099331423,4.89579,5.50501,5.50501,nan,4.89537,4.90899,nan,0.000302007,-0.00951337
4,8.099331423,5.03769,5.50501,5.50501,nan,4.89537,4.90899,nan,0.102565,0.09275
4,8.213944604,4.18625,5.46009,5.46009,nan,4.81018,4.82479,nan,-0.449627,-0.460157
4,8.213944604,3.08647,5.46009,5.46009,nan,4.81018,4.82479,nan,-1.24217,-1.2527
4,8.213944604,3.33481,5.46009,5.46009,nan,4.81018,4.82479,nan,-1.06321,-1.07374
4,8.2330468,4.5765,5.45261,5.45261,nan,4.79599,4.81076,nan,-0.158172,-0.16882
4,8.519579752,4.77162,5.34029,5.34029,nan,4.58302,4.60028,nan,0.135908,0.123475
4,8.538681948,4.68293,5.3328,5.3328,nan,4.56883,4.58625,nan,0.0822244,0.0696724
4,8.672397326,4.86031,5.28037,5.28037,nan,4.46945,4.48802,nan,0.281671,0.268286
4,8.901623687,6.03104,5.19048,5.19048,nan,4.29908,4.31964,nan,1.24812,1.2333
4,9.016236867,2.55432,5.14553,5.14553,nan,4.2139,4.23545,nan,-1.19595,-1.21148
4,9.054441261,4.70067,5.13055,5.13055,nan,4.18551,4.20738,nan,0.371243,0.355479
4,9.073543457,4.23947,5.12305,5.12305,nan,4.17131,4.19335,nan,0.0491178,0.0332343
4,9.092645654,5.42794,5.11556,5.11556,nan,4.15711,4.17932,nan,0.915804,0.899802
4,9.092645654,4.32816,5.11556,5.11556,nan,4.15711,4.17932,nan,0.123263,0.107261
4,9.207258835,1.59645,5.07061,5.07061,nan,4.07193,4.09513,nan,-1.78392,-1.80064
4,9.207258835,1.09978,5.07061,5.07061,nan,4.07193,4.09513,nan,-2.14184,-2.15856
4,9.245463228,3.1929,5.05562,5.05562,nan,4.04354,4.06707,nan,-0.612999,-0.629953
4,9.512893983,1.77384,4.95072,4.95072,nan,3.84479,3.87063,nan,-1.49241,-1.51103
4,9.53199618,4.20399,4.94322,4.94322,nan,3.8306,3.8566,nan,0.26908,0.250342
4,9.70391595,7.29047,4.87578,4.87578,nan,3.70284,3.73033,nan,2.58538,2.56557
4,9.894937918,1.77384,4.80084,4.80084,nan,3.56089,3.59003,nan,-1.28782,-1.30882
4,9.914040115,4.949,4.79334,4.79334,nan,3.54669,3.576,nan,1.01056,0.989433
4,10.04775549,1.63193,4.74088,4.74088,nan,3.44734,3.47781,nan,-1.30825,-1.33021
4,10.04775549,3.22838,4.74088,4.74088,nan,3.44734,3.47781,nan,-0.157786,-0.179744
4,10.12416428,2.09313,4.7109,4.7109,nan,3.39056,3.4217,nan,-0.934981,-0.957416
4,10.12416428,3.58315,4.7109,4.7109,nan,3.39056,3.4217,nan,0.138785,0.116349
4,10.20057307,0.922395,4.68093,4.68093,nan,3.33379,3.36559,nan,-1.73774,-1.76066
4,10.20057307,1.20621,4.68093,4.68093,nan,3.33379,3.36559,nan,-1.53322,-1.55613
4,10.20057307,1.59645,4.68093,4.68093,nan,3.33379,3.36559,nan,-1.25199,-1.2749
4,10.27698185,1.41907,4.65095,4.65095,nan,3.27703,3.30948,nan,-1.33891,-1.3623
4,10.50620821,2.62528,4.56101,4.56101,nan,3.10676,3.14119,nan,-0.346973,-0.371788
4,10.67812798,4.23947,4.49355,4.49355,nan,2.97909,3.01501,nan,0.908276,0.882393
4,10.88825215,2.34146,4.4111,4.4111,nan,2.8231,2.86083,nan,-0.347088,-0.374272
4,10.92645654,5.35698,4.39611,4.39611,nan,2.79475,2.8328,nan,1.84644,1.81902
4,11.04106972,0.851441,4.35113,4.35113,nan,2.70971,2.74874,nan,-1.33914,-1.36727
4,11.06017192,3.40576,4.34364,4.34364,nan,2.69554,2.73474,nan,0.511813,0.483569
4,11.09837631,2.8204,4.32865,4.32865,nan,2.66721,2.70672,nan,0.110397,0.0819188
4,11.11747851,2.41242,4.32115,4.32115,nan,2.65304,2.69272,nan,-0.173401,-0.201996
4,11.1938873,0.532151,4.29117,4.29117,nan,2.59638,2.63671,nan,-1.48756,-1.51662
4,11.1938873,1.70288,4.29117,4.29117,nan,2.59638,2.63671,nan,-0.643888,-0.672951
4,11.27029608,0.354767,4.26119,4.26119,nan,2.53974,2.58072,nan,-1.57457,-1.6041
4,11.49952245,1.5255,4.17124,4.17124,nan,2.36996,2.41287,nan,-0.60855,-0.639471
4,11.53772684,2.83814,4.15625,4.15625,nan,2.34169,2.38491,nan,0.35776,0.32661
4,11.72874881,4.96674,4.0813,4.0813,nan,2.20047,2.24527,nan,1.99348,1.96119
4,11.91977077,2.44789,4.00634,4.00634,nan,2.05954,2.10589,nan,0.27986,0.246464
4,12.03438395,0.141907,3.96137,3.96137,nan,1.97517,2.02242,nan,-1.32112,-1.35517
4,12.03438395,2.02217,3.96137,3.96137,nan,1.97517,2.02242,nan,0.0338702,-0.000176443
4,12.07258835,0.922395,3.94638,3.94638,nan,1.94709,1.99463,nan,-0.738431,-0.772691
4,12.11079274,1.38359,3.93139,3.93139,nan,1.91902,1.96686,nan,-0.385851,-0.420322
4,12.11079274,3.01552,3.93139,3.93139,nan,1.91902,1.96686,nan,0.790178,0.755707
4,12.22540592,0.496674,3.88641,3.88641,nan,1.83497,1.88366,nan,-0.964423,-0.999515
4,12.22540592,2.76718,3.88641,3.88641,nan,1.83497,1.88366,nan,0.671791,0.636699
4,12.53104107,0.567627,3.76649,3.76649,nan,1.61213,1.66297,nan,-0.75271,-0.789343
4,12.53104107,2.44789,3.76649,3.76649,nan,1.61213,1.66297,nan,0.60228,0.565647
4,12.70296084,3.40576,3.69903,3.69903,nan,1.48796,1.53985,nan,1.38204,1.34465
4,12.913085,2.55432,3.61659,3.61659,nan,1.33785,1.3908,nan,0.876638,0.838476
4,13.04680038,2.92683,3.56413,3.56413,nan,1.24356,1.29704,nan,1.21303,1.17449
4,13.06590258,0,3.55664,3.55664,nan,1.23018,1.28372,nan,-0.886517,-0.925097
4,13.10410697,0.354767,3.54165,3.54165,nan,1.20351,1.25716,nan,-0.611638,-0.6503
4,13.12320917,1.24169,3.53415,3.53415,nan,1.19022,1.24392,nan,0.0370898,-0.00160904
4,13.21872015,1.0643,3.49668,3.49668,nan,1.12417,1.17808,nan,-0.0431466,-0.0819901
4,13.5243553,2.18182,3.37678,3.37678,nan,0.918862,0.97264,nan,0.910133,0.871379
4,13.5243553,1.77384,3.37678,3.37678,nan,0.918862,0.97264,nan,0.616126,0.577372
4,13.69627507,3.051,3.30934,3.30934,nan,0.808627,0.861683,nan,1.61594,1.5777
4,13.92550143,2.5898,3.21944,3.21944,nan,0.66951,0.720694,nan,1.38383,1.34695
4,14.05921681,2.25277,3.16699,3.16699,nan,0.593391,0.642944,nan,1.19581,1.1601
4,14.0974212,0,3.15201,3.15201,nan,0.572416,0.621427,nan,-0.412504,-0.447823
4,14.0974212,0.283814,3.15201,3.15201,nan,0.572416,0.621427,nan,-0.207977,-0.243296
4,14.51766953,1.31264,2.98723,2.98723,nan,0.36788,0.408798,nan,0.680828,0.651341
4,14.7086915,6.40355,2.91235,2.91235,nan,0.292508,0.328717,nan,4.40384,4.37775
4,14.89971347,0.532151,2.83748,2.83748,nan,0.228687,0.25988,nan,0.218687,0.196209
4,15.05253104,1.70288,2.7776,2.7776,nan,0.185713,0.212879,nan,1.09333,1.07375
4,15.70200573,3.76053,2.5233,2.5233,nan,0.070252,0.0830984,nan,2.65935,2.6501
4,15.8930277,0.0709534,2.44858,2.44858,nan,0.0517764,0.0616971,nan,0.0138197,0.00667044
4,16.04584527,1.91574,2.38883,2.38883,nan,0.0403959,0.0483945,nan,1.35144,1.34568
4,16.10315186,0.86918,2.36644,2.36644,nan,0.0367772,0.044143,nan,0.59986,0.594552
4,16.52340019,1.5255,2.20238,2.20238,nan,0.0183043,0.0222451,nan,1.08614,1.0833
4,16.71442216,4.45233,2.12792,2.12792,nan,0.0132763,0.016216,nan,3.19895,3.19683
4,16.88634193,0.354767,2.061,2.061,nan,0.00993069,0.0121809,nan,0.248502,0.24688
4,17.0582617,2.1286,1.99416,1.99416,nan,0.00742098,0.00913933,nan,1.5286,1.52736
4,17.68863419,2.69623,1.75014,1.75014,nan,0.00253754,0.00316834,nan,1.94118,1.94072
