id,time,y10_,popPred_medianCOV,popPred,indivPred_SAEM,indivPred_mean,indivPred_mode,indWRes_SAEM,indWRes_mean,indWRes_mode
1,0,0.780488,6.74178,6.74178,4.5231,4.52128,4.50263,-2.68126,-2.67996,-2.6666
1,0,1.59645,6.74178,6.74178,4.5231,4.52128,4.50263,-2.09669,-2.09539,-2.08203
1,0.667302193,5.67627,7.01944,7.01944,5.20859,5.20737,5.1871,0.335054,0.335929,0.350449
1,0.762631077,5.25055,7.05575,7.05575,5.30652,5.30539,5.28489,-0.0400969,-0.0392817,-0.0245959
1,1.029551954,3.22838,7.15126,7.15126,5.58073,5.57982,5.55868,-1.68525,-1.68461,-1.66946
1,1.18207817,7.3082,7.20104,7.20104,5.73741,5.73665,5.71512,1.12534,1.12589,1.14131
1,1.220209724,3.051,7.21287,7.21287,5.77658,5.77585,5.75424,-1.95265,-1.95213,-1.93664
1,1.258341277,5.32151,7.22443,7.22443,5.81576,5.81506,5.79335,-0.354087,-0.353587,-0.338032
1,1.258341277,5.74723,7.22443,7.22443,5.81576,5.81506,5.79335,-0.0490941,-0.0485948,-0.0330398
1,1.315538608,5.88914,7.24127,7.24127,5.87451,5.87387,5.85201,0.0104751,0.010938,0.0265953
1,1.315538608,6.38581,7.24127,7.24127,5.87451,5.87387,5.85201,0.3663,0.366763,0.38242
1,1.410867493,4.15078,7.26788,7.26788,5.97244,5.97188,5.94979,-1.30507,-1.30467,-1.28884
1,1.448999047,3.37029,7.278,7.278,6.01162,6.01109,5.9889,-1.89229,-1.89191,-1.87601
1,1.468064824,8.17738,7.28294,7.28294,6.0312,6.03069,6.00845,1.53756,1.53792,1.55385
1,1.601525262,5.32151,7.31526,7.31526,6.1683,6.16791,6.14534,-0.606656,-0.606375,-0.590203
1,1.67778837,6.45676,7.33185,7.33185,6.24665,6.24632,6.22355,0.150531,0.150763,0.167074
1,1.754051478,4.15078,7.34698,7.34698,6.32499,6.32473,6.30177,-1.55764,-1.55746,-1.541
1,1.754051478,4.61197,7.34698,7.34698,6.32499,6.32473,6.30177,-1.22723,-1.22705,-1.21059
1,1.754051478,8.15965,7.34698,7.34698,6.32499,6.32473,6.30177,1.31437,1.31456,1.33101
1,1.811248808,6.79379,7.35735,7.35735,6.38375,6.38354,6.36043,0.293762,0.293909,0.310467
1,1.982840801,3.29933,7.38315,7.38315,6.56002,6.55997,6.5364,-2.336,-2.33597,-2.31908
1,1.982840801,6.38581,7.38315,7.38315,6.56002,6.55997,6.5364,-0.124808,-0.12477,-0.107887
1,2.020972355,5.14412,7.38777,7.38777,6.59919,6.59917,6.5755,-1.04243,-1.04242,-1.02546
1,2.020972355,6.66962,7.38777,7.38777,6.59919,6.59917,6.5755,0.0504573,0.0504707,0.0674278
1,2.097235462,7.20177,7.39575,7.39575,6.67754,6.67759,6.65371,0.375571,0.375536,0.392644
1,2.135367016,5.1796,7.39911,7.39911,6.71671,6.71679,6.6928,-1.10121,-1.10127,-1.08408
1,2.230695901,6.31486,7.40563,7.40563,6.81464,6.81481,6.79054,-0.358051,-0.358171,-0.340791
1,2.249761678,7.80488,7.40661,7.40661,6.83422,6.83441,6.81009,0.695391,0.695258,0.71268
1,2.249761678,7.48559,7.40661,7.40661,6.83422,6.83441,6.81009,0.466647,0.466514,0.483935
1,2.326024786,5.46341,7.40946,7.40946,6.91257,6.91282,6.88827,-1.03819,-1.03838,-1.02079
1,2.326024786,7.27273,7.40946,7.40946,6.91257,6.91282,6.88827,0.258024,0.257843,0.275429
1,2.364156339,6.13747,7.41023,7.41023,6.95174,6.95203,6.92736,-0.583353,-0.583558,-0.565886
1,2.402287893,5.74723,7.41058,7.41058,6.99091,6.99123,6.96644,-0.890993,-0.891222,-0.873462
1,2.440419447,6.03104,7.4105,7.4105,7.03008,7.03044,7.00552,-0.715728,-0.715982,-0.69813
1,2.459485224,8.15965,7.4103,7.4103,7.04967,7.05004,7.02506,0.795203,0.794937,0.812835
1,2.592945663,7.59202,7.40597,7.40597,7.18677,7.18726,7.16178,0.290326,0.289974,0.308229
1,2.66920877,8.12417,7.40123,7.40123,7.26511,7.26567,7.23986,0.615441,0.615041,0.633534
1,2.745471878,8.37251,7.3949,7.3949,7.34345,7.34408,7.31787,0.737229,0.73678,0.755557
1,2.745471878,7.41463,7.3949,7.3949,7.34345,7.34408,7.31787,0.0509957,0.0505468,0.0693243
1,2.764537655,5.67627,7.39307,7.39307,7.36304,7.36368,7.33736,-1.20842,-1.20888,-1.19002
1,2.802669209,5.8714,7.38914,7.38914,7.40221,7.40289,7.3763,-1.0967,-1.09718,-1.07814
1,2.974261201,5.92461,7.36693,7.36693,7.56554,7.56625,7.54422,-1.17559,-1.17609,-1.16031
1,2.974261201,7.62749,7.36693,7.36693,7.56554,7.56625,7.54422,0.044383,0.0438786,0.059658
1,2.974261201,6.68736,7.36693,7.36693,7.56554,7.56625,7.54422,-0.629142,-0.629647,-0.613867
1,3.012392755,6.102,7.36105,7.36105,7.58742,7.58807,7.57158,-1.06418,-1.06464,-1.05283
1,3.012392755,7.98226,7.36105,7.36105,7.58742,7.58807,7.57158,0.282873,0.282407,0.294218
1,3.088655863,6.77605,7.34832,7.34832,7.60436,7.60491,7.60086,-0.59341,-0.593803,-0.590902
1,3.16491897,6.31486,7.33436,7.33436,7.59165,7.59214,7.59783,-0.914713,-0.915066,-0.919139
1,3.203050524,7.48559,7.32694,7.32694,7.57753,7.57802,7.58714,-0.0658702,-0.0662173,-0.0727507
1,3.241182078,8.37251,7.31925,7.31925,7.55983,7.56031,7.57205,0.582213,0.581865,0.573458
1,3.241182078,8.2306,7.31925,7.31925,7.55983,7.56031,7.57205,0.480549,0.480201,0.471794
1,3.241182078,6.95344,7.31925,7.31925,7.55983,7.56031,7.57205,-0.434428,-0.434776,-0.443184
1,3.317445186,4.82483,7.30305,7.30305,7.51711,7.51762,7.53275,-1.92879,-1.92915,-1.93999
1,3.317445186,8.08869,7.30305,7.30305,7.51711,7.51762,7.53275,0.409489,0.409123,0.398284
1,3.317445186,7.7694,7.30305,7.30305,7.51711,7.51762,7.53275,0.180744,0.180378,0.169539
1,3.35557674,5.96009,7.29458,7.29458,7.49333,7.49386,7.51004,-1.09844,-1.09882,-1.11041
1,3.35557674,5.39246,7.29458,7.29458,7.49333,7.49386,7.51004,-1.50509,-1.50547,-1.51707
1,3.393708294,8.2306,7.28586,7.28586,7.4685,7.46905,7.486,0.545979,0.545581,0.533438
1,3.393708294,6.95344,7.28586,7.28586,7.4685,7.46905,7.486,-0.368999,-0.369396,-0.381539
1,3.469971401,7.55654,7.26773,7.26773,7.41677,7.41737,7.43528,0.100137,0.0997008,0.0868713
1,3.469971401,7.27273,7.26773,7.26773,7.41677,7.41737,7.43528,-0.103191,-0.103628,-0.116457
1,3.508102955,9.15299,7.25834,7.25834,7.39022,7.39086,7.40906,1.26288,1.26242,1.24938
1,3.546234509,6.95344,7.24875,7.24875,7.36338,7.36405,7.38246,-0.293693,-0.294172,-0.30736
1,3.584366063,7.59202,7.23895,7.23895,7.33634,7.33704,7.3556,0.183173,0.182671,0.169376
1,3.698760724,8.33703,7.20844,7.20844,7.25443,7.25523,7.27402,0.77559,0.775018,0.761552
1,3.736892278,8.01774,7.19793,7.19793,7.22698,7.22781,7.24664,0.566513,0.565918,0.552424
1,3.775023832,5.49889,7.18725,7.18725,7.19948,7.20034,7.21921,-1.21833,-1.21895,-1.23246
1,3.775023832,7.00665,7.18725,7.18725,7.19948,7.20034,7.21921,-0.138145,-0.138764,-0.152277
1,3.813155386,4.75388,7.17642,7.17642,7.17195,7.17285,7.19173,-1.73234,-1.73299,-1.74651
1,3.889418494,8.58537,7.15432,7.15432,7.11684,7.1178,7.1367,1.05208,1.05138,1.03785
1,3.908484271,8.85144,7.14871,7.14871,7.10305,7.10403,7.12293,1.25257,1.25187,1.23833
1,3.965681602,7.37916,7.13168,7.13168,7.06167,7.0627,7.0816,0.227451,0.226712,0.213171
1,3.965681602,5.81818,7.13168,7.13168,7.06167,7.0627,7.0816,-0.890855,-0.891594,-0.905135
1,3.965681602,6.63415,7.13168,7.13168,7.06167,7.0627,7.0816,-0.306286,-0.307025,-0.320566
1,4.003813155,6.84701,7.12017,7.12017,7.03408,7.03514,7.05404,-0.134021,-0.134784,-0.148325
1,4.003813155,6.98891,7.12017,7.12017,7.03408,7.03514,7.05404,-0.0323568,-0.03312,-0.0466603
1,4.061010486,8.03548,7.10269,7.10269,6.99268,6.9938,7.01269,0.747075,0.746276,0.732738
1,4.156339371,8.26608,7.07299,7.07299,6.92367,6.92487,6.94376,0.961719,0.96086,0.947329
1,4.194470925,7.96452,7.06094,7.06094,6.89606,6.8973,6.91618,0.765461,0.764578,0.75105
1,4.232602479,7.1663,7.04879,7.04879,6.86846,6.86972,6.8886,0.213378,0.212471,0.198947
1,4.232602479,7.69845,7.04879,7.04879,6.86846,6.86972,6.8886,0.594619,0.593712,0.580188
1,4.289799809,8.07095,7.0304,7.0304,6.82704,6.82836,6.84723,0.891156,0.890213,0.876694
1,4.308865586,6.13747,7.02422,7.02422,6.81324,6.81457,6.83344,-0.484129,-0.485083,-0.4986
1,4.308865586,6.66962,7.02422,7.02422,6.81324,6.81457,6.83344,-0.102888,-0.103843,-0.11736
1,4.327931363,8.26608,7.01803,7.01803,6.79943,6.80078,6.81965,1.05072,1.04976,1.03624
1,4.327931363,5.78271,7.01803,7.01803,6.79943,6.80078,6.81965,-0.7284,-0.729366,-0.742881
1,4.327931363,6.26164,7.01803,7.01803,6.79943,6.80078,6.81965,-0.385283,-0.386249,-0.399764
1,4.34699714,7.62749,7.01181,7.01181,6.78563,6.787,6.80586,0.603124,0.602146,0.588633
1,4.385128694,6.77605,6.99932,6.99932,6.75802,6.75942,6.77828,0.0129189,0.0119169,-0.00159212
1,4.423260248,6.91796,6.98675,6.98675,6.73041,6.73184,6.75069,0.134363,0.133337,0.119832
1,4.461391802,7.02439,6.97412,6.97412,6.7028,6.70427,6.72311,0.230392,0.229341,0.21584
1,4.499523356,7.52106,6.96141,6.96141,6.67519,6.67669,6.69553,0.605997,0.604922,0.591425
1,4.59485224,8.01774,6.92935,6.92935,6.60616,6.60775,6.62657,1.01127,1.01014,0.99665
1,4.652049571,7.66297,6.90993,6.90993,6.56475,6.56638,6.5852,0.786783,0.785611,0.77213
1,4.747378456,7.18404,6.87729,6.87729,6.49572,6.49744,6.51625,0.493118,0.491886,0.478415
1,4.766444233,4.36364,6.87073,6.87073,6.48192,6.48365,6.50245,-1.51757,-1.51881,-1.53228
1,4.804575786,4.75388,6.85756,6.85756,6.45431,6.45608,6.47487,-1.21821,-1.21948,-1.23294
1,4.880838894,8.01774,6.83108,6.83108,6.39908,6.40092,6.41971,1.15963,1.15831,1.14485
1,4.957102002,5.07317,6.80443,6.80443,6.34386,6.34577,6.36454,-0.910343,-0.911709,-0.925158
1,4.995233556,3.5122,6.79104,6.79104,6.31625,6.31819,6.33696,-2.00887,-2.01026,-2.0237
1,4.995233556,6.88248,6.79104,6.79104,6.31625,6.31819,6.33696,0.405656,0.404265,0.390821
1,4.995233556,7.02439,6.79104,6.79104,6.31625,6.31819,6.33696,0.50732,0.50593,0.492485
1,4.995233556,7.27273,6.79104,6.79104,6.31625,6.31819,6.33696,0.685232,0.683842,0.670397
1,4.995233556,6.17295,6.79104,6.79104,6.31625,6.31819,6.33696,-0.102665,-0.104055,-0.1175
1,5.03336511,7.52106,6.77762,6.77762,6.28864,6.29062,6.30938,0.882926,0.88151,0.86807
1,5.03336511,5.46341,6.77762,6.77762,6.28864,6.29062,6.30938,-0.591205,-0.59262,-0.60606
1,5.071496663,5.96009,6.76416,6.76416,6.26103,6.26304,6.2818,-0.2156,-0.217039,-0.230475
1,5.147759771,7.41463,6.73713,6.73713,6.20581,6.20789,6.22663,0.866018,0.864531,0.851103
1,5.147759771,5.28603,6.73713,6.73713,6.20581,6.20789,6.22663,-0.658944,-0.660431,-0.673859
1,5.224022879,5.07317,6.70998,6.70998,6.15059,6.15273,6.17147,-0.77188,-0.773415,-0.786835
1,5.300285987,7.94678,6.6827,6.6827,6.09537,6.09758,6.1163,1.32638,1.3248,1.31139
1,5.300285987,7.20177,6.6827,6.6827,6.09537,6.09758,6.1163,0.792644,0.791061,0.777649
1,5.319351764,2.44789,6.67587,6.67587,6.08157,6.08379,6.10251,-2.60322,-2.60481,-2.61822
1,5.319351764,6.56319,6.67587,6.67587,6.08157,6.08379,6.10251,0.345045,0.34345,0.33004
1,5.338417541,3.68958,6.66903,6.66903,6.06776,6.07,6.08872,-1.70376,-1.70537,-1.71878
1,5.338417541,6.11973,6.66903,6.66903,6.06776,6.07,6.08872,0.0372351,0.0356276,0.0222199
1,5.338417541,5.74723,6.66903,6.66903,6.06776,6.07,6.08872,-0.229633,-0.231241,-0.244649
1,5.376549094,5.46341,6.65532,6.65532,6.04015,6.04243,6.06114,-0.413181,-0.414813,-0.428216
1,5.395614871,6.03104,6.64846,6.64846,6.02634,6.02864,6.04734,0.00336626,0.00172197,-0.0116796
1,5.452812202,6.97118,6.62784,6.62784,5.98493,5.98727,6.00597,0.706563,0.704882,0.691486
1,5.452812202,4.47007,6.62784,6.62784,5.98493,5.98727,6.00597,-1.08527,-1.08695,-1.10034
1,5.510009533,7.23725,6.60716,6.60716,5.94351,5.94591,5.9646,0.926854,0.925136,0.911747
1,5.52907531,6.75831,6.60026,6.60026,5.92971,5.93212,5.95081,0.593628,0.591898,0.578511
1,5.605338418,7.62749,6.57259,6.57259,5.87448,5.87697,5.89564,1.25588,1.2541,1.24072
1,5.605338418,6.56319,6.57259,6.57259,5.87448,5.87697,5.89564,0.493401,0.491622,0.478243
1,5.643469971,5.32151,6.55873,6.55873,5.84687,5.84939,5.86806,-0.37638,-0.378183,-0.391558
1,5.681601525,7.73392,6.54484,6.54484,5.81926,5.82181,5.84048,1.37169,1.36986,1.35649
1,5.681601525,5.56984,6.54484,6.54484,5.81926,5.82181,5.84048,-0.178686,-0.180514,-0.193885
1,5.738798856,3.26386,6.52399,6.52399,5.77785,5.78045,5.7991,-1.80106,-1.80292,-1.81629
1,5.757864633,6.35033,6.51703,6.51703,5.76404,5.76666,5.78531,0.420028,0.418152,0.404789
1,5.834127741,5.10865,6.48914,6.48914,5.70882,5.71151,5.73015,-0.429972,-0.431897,-0.445252
1,5.872259295,6.45676,6.47517,6.47517,5.68121,5.68393,5.70257,0.555619,0.553669,0.540318
1,5.929456625,0.674058,6.45419,6.45419,5.63979,5.64257,5.66119,-3.55753,-3.55951,-3.57286
1,5.929456625,5.90687,6.45419,6.45419,5.63979,5.64257,5.66119,0.19134,0.189354,0.17601
1,5.948522402,5.46341,6.44719,6.44719,5.62599,5.62878,5.6474,-0.11647,-0.118468,-0.13181
1,5.986653956,4.1153,6.43317,6.43317,5.59838,5.6012,5.61982,-1.0625,-1.06452,-1.07786
1,6.02478551,5.1796,6.41915,6.41915,5.57077,5.57362,5.59224,-0.280237,-0.282284,-0.295618
1,6.062917064,3.97339,6.40511,6.40511,5.54316,5.54605,5.56465,-1.1246,-1.12667,-1.14
1,6.081982841,3.77827,6.39809,6.39809,5.52935,5.53226,5.55086,-1.2545,-1.25658,-1.26991
1,6.101048618,4.93126,6.39106,6.39106,5.51555,5.51847,5.53707,-0.418589,-0.420683,-0.43401
1,6.139180172,6.35033,6.37699,6.37699,5.48794,5.49089,5.50949,0.617833,0.615715,0.602393
1,6.139180172,6.102,6.37699,6.37699,5.48794,5.49089,5.50949,0.439921,0.437802,0.42448
1,6.234509056,5.97783,6.34178,6.34178,5.41891,5.42195,5.44053,0.400416,0.398237,0.384925
1,6.253574833,5.81818,6.33473,6.33473,5.40511,5.40816,5.42674,0.295934,0.293743,0.280433
1,6.253574833,5.00222,6.33473,6.33473,5.40511,5.40816,5.42674,-0.288635,-0.290826,-0.304136
1,6.291706387,3.90244,6.32062,6.32062,5.3775,5.38059,5.39916,-1.05675,-1.05897,-1.07227
1,6.291706387,3.6541,6.32062,6.32062,5.3775,5.38059,5.39916,-1.23466,-1.23688,-1.25018
1,6.329837941,6.91796,6.30651,6.30651,5.34989,5.35301,5.37158,1.12339,1.12115,1.10785
1,6.329837941,4.15078,6.30651,6.30651,5.34989,5.35301,5.37158,-0.859059,-0.861299,-0.8746
1,6.348903718,6.4745,6.29944,6.29944,5.33608,5.33922,5.35779,0.815581,0.81333,0.800031
1,6.367969495,6.03104,6.29238,6.29238,5.32227,5.32543,5.34399,0.507771,0.505508,0.492211
1,6.406101049,4.64745,6.27824,6.27824,5.29466,5.29786,5.31641,-0.463673,-0.465961,-0.479254
1,6.406101049,4.43459,6.27824,6.27824,5.29466,5.29786,5.31641,-0.616169,-0.618458,-0.63175
1,6.444232602,7.13082,6.26409,6.26409,5.26705,5.27028,5.28883,1.33523,1.33292,1.31963
1,6.444232602,2.98004,6.26409,6.26409,5.26705,5.27028,5.28883,-1.63845,-1.64076,-1.65405
1,6.52049571,4.15078,6.23577,6.23577,5.21183,5.21513,5.23366,-0.760157,-0.762517,-0.775797
1,6.52049571,4.96674,6.23577,6.23577,5.21183,5.21513,5.23366,-0.175588,-0.177948,-0.191228
1,6.596758818,4.29268,6.20742,6.20742,5.15661,5.15997,5.1785,-0.618933,-0.621341,-0.634612
1,6.615824595,5.25055,6.20033,6.20033,5.14281,5.14619,5.16471,0.0771905,0.0747705,0.0615009
1,6.634890372,5.03769,6.19323,6.19323,5.129,5.1324,5.15092,-0.0654157,-0.0678476,-0.0811151
1,6.673021926,5.60532,6.17904,6.17904,5.10139,5.10482,5.12334,0.361021,0.358565,0.345302
1,6.749285033,3.58315,6.15063,6.15063,5.04617,5.04967,5.06817,-1.04813,-1.05064,-1.06389
1,6.787416587,4.5765,6.13641,6.13641,5.01856,5.02209,5.04059,-0.316703,-0.319231,-0.332482
1,6.787416587,5.00222,6.13641,6.13641,5.01856,5.02209,5.04059,-0.01171,-0.0142389,-0.0274892
1,6.863679695,5.92461,6.10796,6.10796,4.96334,4.96694,4.98542,0.688668,0.68609,0.672849
1,6.882745472,4.77162,6.10085,6.10085,4.94954,4.95315,4.97163,-0.127463,-0.130053,-0.143292
1,6.95900858,5.12639,6.07237,6.07237,4.89432,4.898,4.91647,0.166259,0.16362,0.150389
1,6.978074357,2.60754,6.06524,6.06524,4.88051,4.88421,4.90268,-1.62839,-1.63104,-1.64427
1,6.978074357,6.06652,6.06524,6.06524,4.88051,4.88421,4.90268,0.849674,0.847023,0.833794
1,6.978074357,4.00887,6.06524,6.06524,4.88051,4.88421,4.90268,-0.624456,-0.627107,-0.640336
1,6.978074357,3.90244,6.06524,6.06524,4.88051,4.88421,4.90268,-0.700704,-0.703356,-0.716584
1,6.978074357,3.68958,6.06524,6.06524,4.88051,4.88421,4.90268,-0.853201,-0.855852,-0.869081
1,7.01620591,5.55211,6.05099,6.05099,4.8529,4.85663,4.87509,0.500922,0.498246,0.485021
1,7.01620591,3.49446,6.05099,6.05099,4.8529,4.85663,4.87509,-0.973208,-0.975884,-0.989109
1,7.054337464,3.83149,6.03674,6.03674,4.82529,4.82906,4.84751,-0.711976,-0.714676,-0.727897
1,7.092469018,5.33925,6.02248,6.02248,4.79768,4.80148,4.81993,0.387986,0.385262,0.372045
1,7.092469018,4.64745,6.02248,6.02248,4.79768,4.80148,4.81993,-0.107627,-0.11035,-0.123568
1,7.20686368,3.40576,5.97967,5.97967,4.71485,4.71875,4.73718,-0.937848,-0.940644,-0.953849
1,7.244995234,3.22838,5.96539,5.96539,4.68724,4.69118,4.7096,-1.04515,-1.04797,-1.06117
1,7.244995234,5.97783,5.96539,5.96539,4.68724,4.69118,4.7096,0.924596,0.921776,0.908574
1,7.283126787,3.86696,5.9511,5.9511,4.65963,4.6636,4.68202,-0.567878,-0.570723,-0.58392
1,7.321258341,2.87361,5.93682,5.93682,4.63202,4.63602,4.65444,-1.25975,-1.26262,-1.27581
1,7.321258341,5.32151,5.93682,5.93682,4.63202,4.63602,4.65444,0.49396,0.491091,0.477897
1,7.321258341,4.25721,5.93682,5.93682,4.63202,4.63602,4.65444,-0.268521,-0.27139,-0.284584
1,7.321258341,3.97339,5.93682,5.93682,4.63202,4.63602,4.65444,-0.47185,-0.474719,-0.487912
1,7.359389895,3.72506,5.92253,5.92253,4.60441,4.60845,4.62686,-0.629981,-0.632875,-0.646065
1,7.359389895,4.7184,5.92253,5.92253,4.60441,4.60845,4.62686,0.0816679,0.0787744,0.0655845
1,7.397521449,4.07982,5.90823,5.90823,4.5768,4.58087,4.59928,-0.35604,-0.358958,-0.372144
1,7.435653003,3.97339,5.89393,5.89393,4.54919,4.55329,4.57169,-0.412508,-0.41545,-0.428633
1,7.473784557,3.29933,5.87963,5.87963,4.52158,4.52572,4.54411,-0.875633,-0.878599,-0.891778
1,7.473784557,5.88914,5.87963,5.87963,4.52158,4.52572,4.54411,0.979738,0.976772,0.963593
1,7.511916111,3.86696,5.86533,5.86533,4.49397,4.49814,4.51653,-0.449196,-0.452186,-0.465361
1,7.607244995,1.04656,5.82955,5.82955,4.42495,4.4292,4.44758,-2.42032,-2.42337,-2.43654
1,7.607244995,2.55432,5.82955,5.82955,4.42495,4.4292,4.44758,-1.34014,-1.34319,-1.35636
1,7.626310772,4.1153,5.82239,5.82239,4.41114,4.41541,4.43379,-0.211945,-0.215006,-0.22817
1,7.626310772,3.97339,5.82239,5.82239,4.41114,4.41541,4.43379,-0.313609,-0.31667,-0.329834
1,7.664442326,4.7184,5.80808,5.80808,4.38353,4.38784,4.40621,0.239907,0.236823,0.223662
1,7.740705434,3.58315,5.77943,5.77943,4.32831,4.33269,4.35104,-0.533847,-0.536979,-0.550132
1,7.740705434,5.35698,5.77943,5.77943,4.32831,4.33269,4.35104,0.736955,0.733823,0.72067
1,7.778836988,3.22838,5.76511,5.76511,4.3007,4.30511,4.32346,-0.768228,-0.771385,-0.784533
1,7.797902765,4.27494,5.75794,5.75794,4.2869,4.29132,4.30967,-0.00856459,-0.0117337,-0.0248798
1,7.912297426,5.42794,5.71495,5.71495,4.20407,4.2086,4.22693,0.876795,0.873554,0.860419
1,7.931363203,4.86031,5.70778,5.70778,4.19027,4.19481,4.21314,0.480028,0.476774,0.463642
1,7.969494757,0.461197,5.69344,5.69344,4.16266,4.16723,4.18556,-2.65178,-2.65506,-2.66819
1,7.969494757,3.44124,5.69344,5.69344,4.16266,4.16723,4.18556,-0.516834,-0.520112,-0.53324
1,7.969494757,2.83814,5.69344,5.69344,4.16266,4.16723,4.18556,-0.948907,-0.952185,-0.965313
1,7.988560534,1.54324,5.68627,5.68627,4.14886,4.15345,4.17177,-1.8667,-1.86999,-1.88312
1,8.007626311,3.33481,5.6791,5.6791,4.13505,4.13966,4.15798,-0.573304,-0.576605,-0.589729
1,8.026692088,4.55876,5.67193,5.67193,4.12125,4.12587,4.14419,0.313439,0.310126,0.297004
1,8.083889418,3.86696,5.65041,5.65041,4.07983,4.08451,4.10282,-0.152505,-0.155855,-0.168971
1,8.083889418,2.55432,5.65041,5.65041,4.07983,4.08451,4.10282,-1.0929,-1.09625,-1.10936
1,8.141086749,1.38359,5.62889,5.62889,4.03842,4.04315,4.06145,-1.90196,-1.90535,-1.91846
1,8.160152526,1.84479,5.62172,5.62172,4.02462,4.02936,4.04766,-1.56166,-1.56506,-1.57817
1,8.236415634,4.00887,5.59302,5.59302,3.9694,3.97421,3.9925,0.0282739,0.0248271,0.0117278
1,8.236415634,2.16408,5.59302,5.59302,3.9694,3.97421,3.9925,-1.29336,-1.29681,-1.30991
1,8.236415634,4.7184,5.59302,5.59302,3.9694,3.97421,3.9925,0.536595,0.533148,0.520049
1,8.312678742,2.98004,5.56431,5.56431,3.91419,3.91907,3.93734,-0.669235,-0.67273,-0.685821
1,8.312678742,5.25055,5.56431,5.56431,3.91419,3.91907,3.93734,0.957392,0.953897,0.940806
1,8.331744519,1.20621,5.55713,5.55713,3.90039,3.90528,3.92355,-1.93015,-1.93365,-1.94674
1,8.350810296,4.00887,5.54995,5.54995,3.88658,3.89149,3.90976,0.0876084,0.0840893,0.0710024
1,8.350810296,3.47672,5.54995,5.54995,3.88658,3.89149,3.90976,-0.293632,-0.297151,-0.310238
1,8.369876072,2.80266,5.54278,5.54278,3.87278,3.87771,3.89597,-0.766648,-0.770179,-0.783264
1,8.408007626,2.19956,5.52842,5.52842,3.84517,3.85013,3.86839,-1.17894,-1.1825,-1.19558
1,8.465204957,2.30599,5.50688,5.50688,3.80376,3.80878,3.82703,-1.07303,-1.07662,-1.08969
1,8.465204957,5.32151,5.50688,5.50688,3.80376,3.80878,3.82703,1.08733,1.08374,1.07067
1,8.503336511,2.44789,5.49251,5.49251,3.77616,3.7812,3.79945,-0.951587,-0.955203,-0.968273
1,8.579599619,2.94457,5.46378,5.46378,3.72095,3.72606,3.74429,-0.556209,-0.559872,-0.572934
1,8.598665396,2.23503,5.4566,5.4566,3.70714,3.71227,3.7305,-1.05464,-1.05832,-1.07138
1,8.617731173,3.5122,5.44942,5.44942,3.69334,3.69849,3.71671,-0.129776,-0.133463,-0.146521
1,8.617731173,2.76718,5.44942,5.44942,3.69334,3.69849,3.71671,-0.663512,-0.6672,-0.680258
1,8.732125834,5.62306,5.40631,5.40631,3.61053,3.61578,3.63398,1.44181,1.43805,1.425
1,8.751191611,3.08647,5.39913,5.39913,3.59673,3.60199,3.6202,-0.365552,-0.369323,-0.382367
1,8.808388942,3.90244,5.37757,5.37757,3.55532,3.56064,3.57883,0.24868,0.244873,0.231835
1,8.88465205,6.66962,5.34882,5.34882,3.50012,3.5055,3.52368,2.27068,2.26683,2.2538
1,8.903717827,7.02439,5.34163,5.34163,3.48632,3.49171,3.5099,2.53473,2.53086,2.51783
1,8.94184938,1.54324,5.32726,5.32726,3.45872,3.46415,3.48232,-1.37228,-1.37617,-1.38919
1,8.979980934,2.55432,5.31288,5.31288,3.43112,3.43658,3.45475,-0.628148,-0.63206,-0.645079
1,8.979980934,5.28603,5.31288,5.31288,3.43112,3.43658,3.45475,1.32889,1.32497,1.31196
1,9.037178265,1.17073,5.29132,5.29132,3.38972,3.39523,3.41339,-1.58971,-1.59366,-1.60668
1,9.075309819,4.15078,5.27694,5.27694,3.36212,3.36766,3.38582,0.565005,0.561034,0.548025
1,9.151572927,3.68958,5.24818,5.24818,3.30693,3.31253,3.33068,0.274138,0.270121,0.25712
1,9.151572927,1.38359,5.24818,5.24818,3.30693,3.31253,3.33068,-1.3779,-1.38192,-1.39492
1,9.208770257,1.11752,5.22661,5.22661,3.26553,3.27119,3.28933,-1.53887,-1.54292,-1.55592
1,9.246901811,1.72062,5.21223,5.21223,3.23794,3.24363,3.26176,-1.08703,-1.0911,-1.10409
1,9.304099142,4.15078,5.19065,5.19065,3.19655,3.20229,3.22041,0.683623,0.679511,0.666528
1,9.304099142,2.94457,5.19065,5.19065,3.19655,3.20229,3.22041,-0.180523,-0.184635,-0.197617
1,9.304099142,2.73171,5.19065,5.19065,3.19655,3.20229,3.22041,-0.333019,-0.337131,-0.350113
1,9.304099142,1.88027,5.19065,5.19065,3.19655,3.20229,3.22041,-0.943004,-0.947116,-0.960099
1,9.342230696,3.40576,5.17627,5.17627,3.16896,3.17473,3.19284,0.169653,0.165517,0.15254
1,9.342230696,2.51885,5.17627,5.17627,3.16896,3.17473,3.19284,-0.465748,-0.469884,-0.482862
1,9.456625357,4.39911,5.13311,5.13311,3.08619,3.09206,3.11016,0.940599,0.936392,0.923428
1,9.475691134,1.91574,5.12592,5.12592,3.07239,3.07828,3.09637,-0.828642,-0.832861,-0.845822
1,9.532888465,2.76718,5.10434,5.10434,3.03102,3.03695,3.05504,-0.189013,-0.193267,-0.206221
1,9.571020019,1.0643,5.08995,5.08995,3.00343,3.0094,3.02748,-1.38922,-1.3935,-1.40645
1,9.571020019,1.73836,5.08995,5.08995,3.00343,3.0094,3.02748,-0.906317,-0.910595,-0.923544
1,9.609151573,0.248337,5.07556,5.07556,2.97585,2.98185,2.99992,-1.95403,-1.95833,-1.97128
1,9.666348904,2.02217,5.05398,5.05398,2.93448,2.94053,2.95859,-0.653591,-0.657928,-0.670864
1,9.723546235,3.58315,5.0324,5.0324,2.89312,2.89922,2.91727,0.49435,0.489977,0.477048
1,9.742612011,4.54102,5.0252,5.0252,2.87933,2.88545,2.90349,1.19046,1.18608,1.17315
1,9.818875119,4.20399,4.99642,4.99642,2.82419,2.83037,2.8484,0.988513,0.984081,0.971165
1,9.87607245,4.96674,4.97484,4.97484,2.78283,2.78907,2.80709,1.56458,1.56011,1.54721
1,9.971401335,7.21951,4.93886,4.93886,2.71393,2.72025,2.73825,3.22786,3.22334,3.21044
1,9.990467112,3.1929,4.93166,4.93166,2.70015,2.70649,2.72448,0.353014,0.348475,0.335583
1,10.06673022,1.84479,4.90288,4.90288,2.64505,2.65145,2.66943,-0.573318,-0.577904,-0.590786
1,10.06673022,2.94457,4.90288,4.90288,2.64505,2.65145,2.66943,0.214579,0.209993,0.197112
1,10.14299333,1.02882,4.87409,4.87409,2.58996,2.59643,2.61439,-1.11842,-1.12305,-1.13592
1,10.21925643,1.41907,4.8453,4.8453,2.53489,2.54142,2.55937,-0.799393,-0.804072,-0.81693
1,10.21925643,1.91574,4.8453,4.8453,2.53489,2.54142,2.55937,-0.443568,-0.448248,-0.461105
1,10.29551954,2.62528,4.81651,4.81651,2.47984,2.48644,2.50437,0.104191,0.0994653,0.0866205
1,10.3336511,0.31929,4.80212,4.80212,2.45233,2.45896,2.47688,-1.52814,-1.53289,-1.54573
1,10.3336511,0.709534,4.80212,4.80212,2.45233,2.45896,2.47688,-1.24856,-1.25331,-1.26615
1,10.3336511,1.84479,4.80212,4.80212,2.45233,2.45896,2.47688,-0.435249,-0.439998,-0.452836
1,10.3336511,2.80266,4.80212,4.80212,2.45233,2.45896,2.47688,0.250984,0.246235,0.233397
1,10.37178265,2.30599,4.78772,4.78772,2.42482,2.43148,2.44939,-0.0851321,-0.0899035,-0.102735
1,10.4099142,2.73171,4.77333,4.77333,2.39731,2.40401,2.42191,0.239564,0.23477,0.221945
1,10.44804576,3.4235,4.75893,4.75893,2.36982,2.37654,2.39443,0.754875,0.750059,0.737241
1,10.44804576,2.02217,4.75893,4.75893,2.36982,2.37654,2.39443,-0.249059,-0.253875,-0.266693
1,10.56244042,0,4.71574,4.71574,2.28738,2.29419,2.31205,-1.63871,-1.64359,-1.65639
1,10.60057197,3.29933,4.70135,4.70135,2.25992,2.26676,2.28461,0.744655,0.739751,0.726964
1,10.60057197,1.73836,4.70135,4.70135,2.25992,2.26676,2.28461,-0.37365,-0.378554,-0.391342
1,10.67683508,2.98004,4.67255,4.67255,2.20502,2.21192,2.22975,0.55524,0.550292,0.537521
1,10.71496663,1.73836,4.65816,4.65816,2.17758,2.18452,2.20234,-0.314668,-0.319638,-0.3324
1,10.73403241,3.37029,4.65096,4.65096,2.16387,2.17083,2.18863,0.864294,0.859313,0.846555
1,10.81029552,3.1929,4.62216,4.62216,2.10906,2.11607,2.13385,0.776486,0.771461,0.758723
1,10.88655863,6.42129,4.59337,4.59337,2.05429,2.06137,2.07912,3.12858,3.12351,3.11079
1,10.9056244,3.051,4.58617,4.58617,2.04061,2.0477,2.06544,0.723856,0.718778,0.706066
1,10.94375596,0.390244,4.57177,4.57177,2.01326,2.02038,2.0381,-1.16275,-1.16785,-1.18055
1,10.94375596,1.02882,4.57177,4.57177,2.01326,2.02038,2.0381,-0.705264,-0.710362,-0.723063
1,10.96282173,1.27716,4.56457,4.56457,1.99959,2.00672,2.02444,-0.517559,-0.522668,-0.535363
1,11.05815062,2.23503,4.52857,4.52857,1.93131,1.93852,1.95619,0.21759,0.21243,0.199766
1,11.05815062,1.95122,4.52857,4.52857,1.93131,1.93852,1.95619,0.0142616,0.00910135,-0.00356259
1,11.09628217,0.177384,4.51417,4.51417,1.90404,1.91127,1.92892,-1.237,-1.24218,-1.25483
1,11.13441373,2.19956,4.49978,4.49978,1.87678,1.88404,1.90168,0.231241,0.22604,0.213405
1,11.22974261,2.53659,4.46378,4.46378,1.80875,1.81607,1.83366,0.521434,0.516185,0.503587
1,11.24880839,0.603104,4.45658,4.45658,1.79516,1.8025,1.82007,-0.854006,-0.859264,-0.871854
1,11.30600572,4.38137,4.43498,4.43498,1.75444,1.76182,1.77936,1.88197,1.87669,1.86412
1,11.3250715,0,4.42778,4.42778,1.74088,1.74827,1.7658,-1.24719,-1.25249,-1.26504
1,11.3250715,0.886918,4.42778,4.42778,1.74088,1.74827,1.7658,-0.611792,-0.617086,-0.629642
1,11.3250715,2.80266,4.42778,4.42778,1.74088,1.74827,1.7658,0.760674,0.75538,0.742824
1,11.36320305,1.45455,4.41338,4.41338,1.71379,1.7212,1.7387,-0.185725,-0.191037,-0.203575
1,11.4013346,1.0643,4.39898,4.39898,1.68673,1.69417,1.71164,-0.445916,-0.451244,-0.463763
1,11.43946616,1.59645,4.38458,4.38458,1.6597,1.66717,1.68461,-0.0453144,-0.0506597,-0.063158
1,11.55386082,0.957871,4.34138,4.34138,1.57887,1.58639,1.60374,-0.444889,-0.450282,-0.462713
1,11.59199237,1.24169,4.32698,4.32698,1.55201,1.55955,1.57687,-0.222319,-0.227726,-0.240132
1,11.59199237,4.39911,4.32698,4.32698,1.55201,1.55955,1.57687,2.03971,2.0343,2.0219
1,11.63012393,2.87361,4.31258,4.31258,1.52519,1.53276,1.55004,0.966028,0.960606,0.948227
1,11.74451859,2.55432,4.26938,4.26938,1.44508,1.4527,1.46986,0.79468,0.78922,0.776928
1,11.8207817,1.70288,4.24058,4.24058,1.39197,1.39961,1.41668,0.222745,0.217266,0.205039
1,11.87797903,6.31486,4.21898,4.21898,1.35231,1.35997,1.37697,3.55524,3.54975,3.53758
1,11.8970448,1.80931,4.21178,4.21178,1.33913,1.3468,1.36376,0.336848,0.331353,0.319197
1,11.93517636,0.425721,4.19738,4.19738,1.31282,1.3205,1.33741,-0.635531,-0.641033,-0.65315
1,11.97330791,0.141907,4.18298,4.18298,1.28659,1.29428,1.31114,-0.820071,-0.825578,-0.837654
1,11.97330791,0.993348,4.18298,4.18298,1.28659,1.29428,1.31114,-0.210086,-0.215593,-0.227669
1,12.01143947,0.283814,4.16858,4.16858,1.26046,1.26815,1.28494,-0.69968,-0.705192,-0.717225
1,12.04957102,0.815965,4.15418,4.15418,1.23441,1.2421,1.25884,-0.299778,-0.305293,-0.31728
1,12.12583413,0.815965,4.12537,4.12537,1.1826,1.19031,1.2069,-0.262666,-0.268183,-0.280073
1,12.16396568,1.09978,4.11097,4.11097,1.15686,1.16456,1.18108,-0.0408953,-0.0464117,-0.0582488
1,12.27836034,1.88027,4.06777,4.06777,1.08034,1.08803,1.1043,0.573077,0.567573,0.555911
1,12.3164919,0.10643,4.05337,4.05337,1.05509,1.06277,1.07896,-0.679637,-0.685134,-0.696731
1,12.3164919,0.851441,4.05337,4.05337,1.05509,1.06277,1.07896,-0.1459,-0.151397,-0.162995
1,12.3164919,1.41907,4.05337,4.05337,1.05509,1.06277,1.07896,0.260756,0.25526,0.243662
1,12.43088656,1.34812,4.01017,4.01017,0.980229,0.987853,1.00374,0.263559,0.258097,0.246713
1,12.46901811,0.780488,3.99577,3.99577,0.955591,0.963195,0.978975,-0.125447,-0.130894,-0.142199
1,12.58341277,0.266075,3.95257,3.95257,0.882752,0.890273,0.905692,-0.441796,-0.447185,-0.458231
1,12.58341277,2.87361,3.95257,3.95257,0.882752,0.890273,0.905692,1.42628,1.42089,1.40985
1,12.60247855,4.87805,3.94537,3.94537,0.870781,0.878285,0.893638,2.87087,2.86549,2.85449
1,12.73593899,2.23503,3.89496,3.89496,0.788479,0.79584,0.810696,1.03633,1.03106,1.02042
1,12.8122021,1.56098,3.86616,3.86616,0.742739,0.749996,0.764534,0.586197,0.580998,0.570583
1,12.92659676,1.63193,3.82296,3.82296,0.676103,0.683177,0.697187,0.684768,0.6797,0.669663
1,12.96472831,4.32816,3.80856,3.80856,0.654461,0.661465,0.675286,2.63189,2.62687,2.61697
1,12.96472831,1.27716,3.80856,3.80856,0.654461,0.661465,0.675286,0.446112,0.441094,0.431193
1,13.04099142,0.674058,3.77976,3.77976,0.612096,0.618949,0.632371,0.0443903,0.0394807,0.0298651
1,13.15538608,1.73836,3.73656,3.73656,0.551004,0.557599,0.570373,0.850639,0.845914,0.836763
1,13.19351764,1.9867,3.72216,3.72216,0.531337,0.537837,0.550382,1.04264,1.03798,1.029
1,13.26978074,0.745011,3.69336,3.69336,0.493104,0.499403,0.511473,0.18047,0.175957,0.16731
1,13.3079123,0.0709534,3.67896,3.67896,0.474558,0.480749,0.492574,-0.289148,-0.293584,-0.302055
1,13.34604385,0.567627,3.66456,3.66456,0.456402,0.462483,0.474057,0.0796833,0.0753268,0.0670356
1,13.49857007,1.09978,3.60696,3.60696,0.387842,0.393447,0.40397,0.510041,0.506026,0.498487
1,13.53670162,0.709534,3.59256,3.59256,0.371749,0.377227,0.387479,0.241994,0.23807,0.230725
1,13.57483317,1.70288,3.57816,3.57816,0.356085,0.361434,0.371411,0.964866,0.961034,0.953886
1,13.61296473,4.1153,3.56376,3.56376,0.340853,0.346071,0.355771,2.70407,2.70033,2.69338
1,13.89895138,2.46563,3.45577,3.45577,0.240544,0.24474,0.252348,1.59409,1.59108,1.58563
1,13.99428027,4.89579,3.41978,3.41978,0.212518,0.21637,0.223299,3.35516,3.3524,3.34744
1,13.99428027,1.27716,3.41978,3.41978,0.212518,0.21637,0.223299,0.762727,0.759967,0.755003
1,14.0514776,1.91574,3.39818,3.39818,0.196956,0.200606,0.207138,1.23136,1.22875,1.22407
1,14.2993327,0.886918,3.3046,3.3046,0.139749,0.142567,0.147507,0.535283,0.533264,0.529725
1,14.2993327,0.638581,3.3046,3.3046,0.139749,0.142567,0.147507,0.357371,0.355351,0.351813
1,14.37559581,1.0643,3.27581,3.27581,0.125242,0.127826,0.132326,0.672756,0.670905,0.667681
1,14.45185891,1.27716,3.24702,3.24702,0.112053,0.114415,0.118502,0.834701,0.833009,0.830081
1,14.48999047,0.425721,3.23263,3.23263,0.105926,0.108182,0.112073,0.229105,0.227489,0.224702
1,14.56625357,0.709534,3.20384,3.20384,0.0945557,0.0966088,0.100127,0.44058,0.439109,0.436588
1,14.60438513,1.84479,3.18944,3.18944,0.0892901,0.0912468,0.0945891,1.25767,1.25626,1.25387
1,14.60438513,1.9867,3.18944,3.18944,0.0892901,0.0912468,0.0945891,1.35933,1.35793,1.35553
1,14.90943756,1.27716,3.0743,3.0743,0.0558601,0.057165,0.0593375,0.874959,0.874024,0.872467
1,15.02383222,0.638581,3.03113,3.03113,0.0466617,0.0477738,0.0496077,0.42406,0.423263,0.421949
1,15.36701621,0.10643,2.90164,2.90164,0.026944,0.0276197,0.0287024,0.0569451,0.056461,0.0556853
1,15.40514776,0.638581,2.88726,2.88726,0.0253318,0.0259701,0.0269899,0.439341,0.438883,0.438153
1,15.55767398,0.496674,2.82972,2.82972,0.0197711,0.0202786,0.0210792,0.34166,0.341297,0.340723
1,15.90085796,1.13525,2.70031,2.70031,0.0112671,0.0115672,0.0120273,0.805241,0.805026,0.804697
1,15.97712107,0.567627,2.67157,2.67157,0.00993715,0.0102038,0.01061,0.399538,0.399347,0.399056
1,16.01525262,0.674058,2.65719,2.65719,0.00933153,0.00958297,0.00996455,0.47622,0.476039,0.475766
1,16.2821735,1.09978,2.55662,2.55662,0.00600271,0.0061685,0.00641449,0.783597,0.783478,0.783302
1,16.32030505,1.31264,2.54226,2.54226,0.00563518,0.0057915,0.00602249,0.936356,0.936244,0.936079
1,16.47283127,0.922395,2.48482,2.48482,0.00437479,0.00449916,0.00467865,0.657683,0.657594,0.657465
1,16.54909438,0.141907,2.45611,2.45611,0.00385415,0.003965,0.0041232,0.098903,0.0988236,0.0987103
1,16.62535748,0,2.42741,2.42741,0.00339603,0.003494,0.00363341,-0.00243297,-0.00250315,-0.00260303
1,16.89227836,0.851441,2.32701,2.32701,0.00218002,0.00224343,0.00233287,0.608423,0.608378,0.608314
1,17.04480458,1.0643,2.26968,2.26968,0.00169096,0.00174126,0.0018106,0.76127,0.761234,0.761184
1,17.57864633,0.425721,2.06941,2.06941,0.000695747,0.000716455,0.000745081,0.304494,0.304479,0.304459
1,18.03622498,2.37694,1.89838,1.89838,0.000324744,0.000334594,0.000347868,1.70264,1.70264,1.70263
1,19.04671115,1.56098,1.52435,1.52435,6.03019e-05,6.28861e-05,6.46601e-05,1.11826,1.11826,1.11826
2,0.000224299,0.556237,6.74187,6.74187,nan,nan,5.46364,nan,nan,-3.51574
2,0.045084112,2.87935,6.76155,6.76155,nan,nan,5.45166,nan,nan,-1.84285
2,0.067514019,2.97751,6.77134,6.77134,nan,nan,5.44567,nan,nan,-1.76823
2,0.134803738,4.05726,6.80053,6.80053,nan,nan,5.42771,nan,nan,-0.981808
2,0.157233645,3.27198,6.8102,6.8102,nan,nan,5.42172,nan,nan,-1.5401
2,0.269383178,3.40286,6.85803,6.85803,nan,nan,5.39177,nan,nan,-1.42488
2,0.426392523,2.01227,6.92341,6.92341,nan,nan,5.34985,nan,nan,-2.39109
2,0.426392523,4.13906,6.92341,6.92341,nan,nan,5.34985,nan,nan,-0.867429
2,0.51611215,4.90798,6.95983,6.95983,nan,nan,5.3259,nan,nan,-0.299405
2,0.650691589,3.81186,7.01301,7.01301,nan,nan,5.28996,nan,nan,-1.05893
2,0.650691589,3.5501,7.01301,7.01301,nan,nan,5.28996,nan,nan,-1.24646
2,0.673121495,2.86299,7.02169,7.02169,nan,nan,5.28397,nan,nan,-1.73443
2,0.762841121,3.09202,7.05583,7.05583,nan,nan,5.26002,nan,nan,-1.55318
2,0.807700935,5.51329,7.07255,7.07255,nan,nan,5.24804,nan,nan,0.19003
2,0.897420561,4.25358,7.1052,7.1052,nan,nan,5.22409,nan,nan,-0.695286
2,0.9198504669999999,3.01022,7.1132,7.1132,nan,nan,5.2181,nan,nan,-1.58175
2,0.9198504669999999,4.79346,7.1132,7.1132,nan,nan,5.2181,nan,nan,-0.304219
2,0.96471028,5.97137,7.12897,7.12897,nan,nan,5.20612,nan,nan,0.548237
2,0.96471028,4.98978,7.12897,7.12897,nan,nan,5.20612,nan,nan,-0.154992
2,0.9871401869999999,3.51738,7.13675,7.13675,nan,nan,5.20013,nan,nan,-1.20555
2,0.9871401869999999,4.07362,7.13675,7.13675,nan,nan,5.20013,nan,nan,-0.807049
2,1.054429907,3.3865,7.15963,7.15963,nan,nan,5.18216,nan,nan,-1.28644
2,1.121719626,3.1411,7.1818,7.1818,nan,nan,5.1642,nan,nan,-1.44937
2,1.211439252,4.30266,7.21017,7.21017,nan,nan,5.14024,nan,nan,-0.600056
2,1.278728972,5.20245,7.2305,7.2305,nan,nan,5.12227,nan,nan,0.0574423
2,1.323588785,5.48057,7.24358,7.24358,nan,nan,5.1103,nan,nan,0.265272
2,1.346018692,4.10634,7.24997,7.24997,nan,nan,5.10431,nan,nan,-0.714958
2,1.390878505,7.00204,7.26245,7.26245,nan,nan,5.09233,nan,nan,1.36815
2,1.413308411,5.10429,7.26854,7.26854,nan,nan,5.08634,nan,nan,0.0128632
2,1.435738318,7.62372,7.27452,7.27452,nan,nan,5.08035,nan,nan,1.82211
2,1.480598131,5.79141,7.28615,7.28615,nan,nan,5.06837,nan,nan,0.517995
2,1.480598131,5.62781,7.28615,7.28615,nan,nan,5.06837,nan,nan,0.40079
2,1.503028037,4.76074,7.2918,7.2918,nan,nan,5.06238,nan,nan,-0.216105
2,1.660037383,6.11861,7.32811,7.32811,nan,nan,5.02046,nan,nan,0.786729
2,1.660037383,4.92434,7.32811,7.32811,nan,nan,5.02046,nan,nan,-0.0688667
2,1.727327103,4.05726,7.34185,7.34185,nan,nan,5.0025,nan,nan,-0.677181
2,1.817046729,6.51125,7.35835,7.35835,nan,nan,4.97854,nan,nan,1.09805
2,1.884336449,5.07157,7.36933,7.36933,nan,nan,4.96057,nan,nan,0.0795218
2,1.929196262,3.58282,7.37596,7.37596,nan,nan,4.9486,nan,nan,-0.978462
2,1.951626168,6.31493,7.37907,7.37907,nan,nan,4.94261,nan,nan,0.98315
2,1.974056075,5.62781,7.38203,7.38203,nan,nan,4.93662,nan,nan,0.49518
2,1.996485981,1.68507,7.38485,7.38485,nan,nan,4.93063,nan,nan,-2.32517
2,2.041345794,6.72393,7.39007,7.39007,nan,nan,4.91865,nan,nan,1.29332
2,2.131065421,4.97342,7.39875,7.39875,nan,nan,4.8947,nan,nan,0.0563937
2,2.153495327,6.21677,7.40055,7.40055,nan,nan,4.88871,nan,nan,0.951441
2,2.175925234,6.49489,7.40221,7.40221,nan,nan,4.88272,nan,nan,1.15498
2,2.243214953,2.94479,7.40628,7.40628,nan,nan,4.86475,nan,nan,-1.37549
2,2.310504673,4.23722,7.40902,7.40902,nan,nan,4.84679,nan,nan,-0.436704
2,2.377794393,5.12065,7.41041,7.41041,nan,nan,4.82882,nan,nan,0.209073
2,2.422654206,3.58282,7.41059,7.41059,nan,nan,4.81684,nan,nan,-0.884072
2,2.422654206,7.80368,7.41059,7.41059,nan,nan,4.81684,nan,nan,2.13981
2,2.422654206,5.21881,7.41059,7.41059,nan,nan,4.81684,nan,nan,0.287977
2,2.512373832,4.95706,7.4092,7.4092,nan,nan,4.79289,nan,nan,0.117611
2,2.534803738,7.0184,7.40849,7.40849,nan,nan,4.7869,nan,nan,1.59868
2,2.534803738,5.62781,7.40849,7.40849,nan,nan,4.7869,nan,nan,0.602441
2,2.534803738,4.51534,7.40849,7.40849,nan,nan,4.7869,nan,nan,-0.194552
2,2.669383178,5.54601,7.40122,7.40122,nan,nan,4.75097,nan,nan,0.56958
2,2.669383178,5.05521,7.40122,7.40122,nan,nan,4.75097,nan,nan,0.217966
2,2.669383178,4.35174,7.40122,7.40122,nan,nan,4.75097,nan,nan,-0.286015
2,2.736672897,3.48466,7.39571,7.39571,nan,nan,4.733,nan,nan,-0.89433
2,2.826392523,5.95501,7.3865,7.3865,nan,nan,4.70905,nan,nan,0.892625
2,2.91611215,3.10838,7.37526,7.37526,nan,nan,4.68509,nan,nan,-1.12958
2,2.91611215,5.75869,7.37526,7.37526,nan,nan,4.68509,nan,nan,0.76914
2,2.960971963,5.05521,7.36891,7.36891,nan,nan,4.67312,nan,nan,0.27374
2,2.960971963,3.69734,7.36891,7.36891,nan,nan,4.67312,nan,nan,-0.69906
2,2.983401869,5.66053,7.36555,7.36555,nan,nan,4.66713,nan,nan,0.711689
2,3.005831776,2.68303,7.36209,7.36209,nan,nan,4.66114,nan,nan,-1.41715
2,3.005831776,4.7771,7.36209,7.36209,nan,nan,4.66114,nan,nan,0.0830729
2,3.050691589,3.41922,7.35482,7.35482,nan,nan,4.64916,nan,nan,-0.881147
2,3.050691589,6.26585,7.35482,7.35482,nan,nan,4.64916,nan,nan,1.15822
2,3.050691589,5.31697,7.35482,7.35482,nan,nan,4.64916,nan,nan,0.47843
2,3.095551402,4.07362,7.34711,7.34711,nan,nan,4.63718,nan,nan,-0.403746
2,3.140411215,5.90593,7.33897,7.33897,nan,nan,4.62521,nan,nan,0.917529
2,3.162841121,3.25562,7.33475,7.33475,nan,nan,4.61922,nan,nan,-0.976899
2,3.162841121,5.49693,7.33475,7.33475,nan,nan,4.61922,nan,nan,0.628807
2,3.252560748,5.39877,7.3169,7.3169,nan,nan,4.59526,nan,nan,0.575646
2,3.297420561,4.76074,7.30741,7.30741,nan,nan,4.58329,nan,nan,0.127128
2,3.319850467,5.67689,7.30253,7.30253,nan,nan,4.5773,nan,nan,0.787765
2,3.319850467,4.1227,7.30253,7.30253,nan,nan,4.5773,nan,nan,-0.325681
2,3.387140187,6.05317,7.28738,7.28738,nan,nan,4.55933,nan,nan,1.07021
2,3.409570093,6.51125,7.28216,7.28216,nan,nan,4.55334,nan,nan,1.40267
2,3.409570093,5.00613,7.28216,7.28216,nan,nan,4.55334,nan,nan,0.324387
2,3.432,6.87117,7.27687,7.27687,nan,nan,4.54735,nan,nan,1.66481
2,3.432,3.3047,7.27687,7.27687,nan,nan,4.54735,nan,nan,-0.890253
2,3.454429907,3.97546,7.2715,7.2715,nan,nan,4.54137,nan,nan,-0.405423
2,3.454429907,4.4499,7.2715,7.2715,nan,nan,4.54137,nan,nan,-0.0655287
2,3.476859813,4.5317,7.26605,7.26605,nan,nan,4.53538,nan,nan,-0.00263596
2,3.521719626,5.56237,7.25494,7.25494,nan,nan,4.5234,nan,nan,0.744335
2,3.521719626,3.45194,7.25494,7.25494,nan,nan,4.5234,nan,nan,-0.767607
2,3.544149533,7.31288,7.24928,7.24928,nan,nan,4.51741,nan,nan,2.00272
2,3.633869159,4.90798,7.22595,7.22595,nan,nan,4.49346,nan,nan,0.296968
2,3.656299065,4.02454,7.21996,7.21996,nan,nan,4.48747,nan,nan,-0.331648
2,3.678728972,4.56442,7.2139,7.2139,nan,nan,4.48148,nan,nan,0.059418
2,3.723588785,3.5501,7.20162,7.20162,nan,nan,4.4695,nan,nan,-0.658672
2,3.723588785,3.23926,7.20162,7.20162,nan,nan,4.4695,nan,nan,-0.881361
2,3.813308411,6.05317,7.17638,7.17638,nan,nan,4.44555,nan,nan,1.15172
2,3.903028037,4.22086,7.15032,7.15032,nan,nan,4.42159,nan,nan,-0.143809
2,3.925457944,3.53374,7.14369,7.14369,nan,nan,4.4156,nan,nan,-0.631779
2,3.925457944,3.41922,7.14369,7.14369,nan,nan,4.4156,nan,nan,-0.713822
2,3.94788785,3.9591,7.13701,7.13701,nan,nan,4.40962,nan,nan,-0.322756
2,3.970317757,3.20654,7.13029,7.13029,nan,nan,4.40363,nan,nan,-0.857608
2,3.992747664,5.12065,7.12352,7.12352,nan,nan,4.39764,nan,nan,0.517979
2,3.992747664,3.01022,7.12352,7.12352,nan,nan,4.39764,nan,nan,-0.993964
2,4.037607477,2.61759,7.10987,7.10987,nan,nan,4.38566,nan,nan,-1.26667
2,4.060037383,4.59714,7.10299,7.10299,nan,nan,4.37967,nan,nan,0.155795
2,4.08246729,5.51329,7.09606,7.09606,nan,nan,4.37368,nan,nan,0.816432
2,4.104897196,1.71779,7.0891,7.0891,nan,nan,4.3677,nan,nan,-1.89843
2,4.104897196,3.3047,7.0891,7.0891,nan,nan,4.3677,nan,nan,-0.761543
2,4.127327103,6.10225,7.0821,7.0821,nan,nan,4.36171,nan,nan,1.24695
2,4.172186916,4.10634,7.068,7.068,nan,nan,4.34973,nan,nan,-0.174368
2,4.239476636,2.71575,7.04659,7.04659,nan,nan,4.33176,nan,nan,-1.15774
2,4.261906542,4.40082,7.03939,7.03939,nan,nan,4.32578,nan,nan,0.0537614
2,4.261906542,4.97342,7.03939,7.03939,nan,nan,4.32578,nan,nan,0.463978
2,4.351626168,3.69734,7.0103,7.0103,nan,nan,4.30182,nan,nan,-0.433058
2,4.351626168,4.87526,7.0103,7.0103,nan,nan,4.30182,nan,nan,0.410817
2,4.418915888,5.88957,6.98819,6.98819,nan,nan,4.28386,nan,nan,1.15036
2,4.418915888,6.59305,6.98819,6.98819,nan,nan,4.28386,nan,nan,1.65434
2,4.418915888,2.97751,6.98819,6.98819,nan,nan,4.28386,nan,nan,-0.935889
2,4.486205607,4.30266,6.96585,6.96585,nan,nan,4.26589,nan,nan,0.0263411
2,4.486205607,4.1227,6.96585,6.96585,nan,nan,4.26589,nan,nan,-0.102584
2,4.508635514,4.84254,6.95836,6.95836,nan,nan,4.2599,nan,nan,0.417407
2,4.531065421,5.52965,6.95084,6.95084,nan,nan,4.25391,nan,nan,0.913958
2,4.531065421,2.81391,6.95084,6.95084,nan,nan,4.25391,nan,nan,-1.03164
2,4.575925234,6.56033,6.93574,6.93574,nan,nan,4.24194,nan,nan,1.66093
2,4.66564486,1.43967,6.9053,6.9053,nan,nan,4.21798,nan,nan,-1.99042
2,4.66564486,3.07566,6.9053,6.9053,nan,nan,4.21798,nan,nan,-0.818373
2,4.66564486,4.0409,6.9053,6.9053,nan,nan,4.21798,nan,nan,-0.126865
2,4.66564486,3.8773,6.9053,6.9053,nan,nan,4.21798,nan,nan,-0.24407
2,4.732934579,3.45194,6.88226,6.88226,nan,nan,4.20002,nan,nan,-0.535932
2,4.755364486,3.94274,6.87455,6.87455,nan,nan,4.19403,nan,nan,-0.180027
2,4.800224299,4.80982,6.85906,6.85906,nan,nan,4.18205,nan,nan,0.449739
2,4.889943925,3.27198,6.82791,6.82791,nan,nan,4.1581,nan,nan,-0.634825
2,4.912373832,3.56646,6.82008,6.82008,nan,nan,4.15211,nan,nan,-0.419566
2,4.912373832,2.37219,6.82008,6.82008,nan,nan,4.15211,nan,nan,-1.27516
2,4.934803738,3.41922,6.81224,6.81224,nan,nan,4.14612,nan,nan,-0.520761
2,4.934803738,4.41718,6.81224,6.81224,nan,nan,4.14612,nan,nan,0.194189
2,4.957233645,4.64622,6.80438,6.80438,nan,nan,4.14013,nan,nan,0.362566
2,5.002093458,3.9591,6.78863,6.78863,nan,nan,4.12816,nan,nan,-0.121114
2,5.002093458,4.49898,6.78863,6.78863,nan,nan,4.12816,nan,nan,0.265662
2,5.024523364,3.59918,6.78074,6.78074,nan,nan,4.12217,nan,nan,-0.374675
2,5.024523364,4.13906,6.78074,6.78074,nan,nan,4.12217,nan,nan,0.0121015
2,5.069383178,5.38241,6.76491,6.76491,nan,nan,4.11019,nan,nan,0.911439
2,5.114242991,1.91411,6.74903,6.74903,nan,nan,4.09821,nan,nan,-1.56472
2,5.114242991,6.11861,6.74903,6.74903,nan,nan,4.09821,nan,nan,1.44744
2,5.114242991,2.83027,6.74903,6.74903,nan,nan,4.09821,nan,nan,-0.908377
2,5.18153271,1.97955,6.72512,6.72512,nan,nan,4.08025,nan,nan,-1.50497
2,5.226392523,5.02249,6.70913,6.70913,nan,nan,4.06827,nan,nan,0.683619
2,5.271252336,3.82822,6.6931,6.6931,nan,nan,4.0563,nan,nan,-0.163396
2,5.293682243,4.90798,6.68507,6.68507,nan,nan,4.05031,nan,nan,0.614446
2,5.360971963,4.10634,6.66092,6.66092,nan,nan,4.03234,nan,nan,0.0530122
2,5.360971963,2.73211,6.66092,6.66092,nan,nan,4.03234,nan,nan,-0.931509
2,5.405831776,5.18609,6.64478,6.64478,nan,nan,4.02037,nan,nan,0.835144
2,5.405831776,3.10838,6.64478,6.64478,nan,nan,4.02037,nan,nan,-0.653357
2,5.428261682,7.47648,6.63669,6.63669,nan,nan,4.01438,nan,nan,2.4803
2,5.428261682,4.51534,6.63669,6.63669,nan,nan,4.01438,nan,nan,0.358894
2,5.450691589,3.6319,6.6286,6.6286,nan,nan,4.00839,nan,nan,-0.269722
2,5.517981308,4.8589,6.60427,6.60427,nan,nan,3.99043,nan,nan,0.622185
2,5.517981308,6.08589,6.60427,6.60427,nan,nan,3.99043,nan,nan,1.50122
2,5.540411215,2.96115,6.59615,6.59615,nan,nan,3.98444,nan,nan,-0.733102
2,5.652560748,4.6953,6.55542,6.55542,nan,nan,3.9545,nan,nan,0.53072
2,5.652560748,4.51534,6.55542,6.55542,nan,nan,3.9545,nan,nan,0.401794
2,5.652560748,3.66462,6.55542,6.55542,nan,nan,3.9545,nan,nan,-0.207671
2,5.652560748,2.56851,6.55542,6.55542,nan,nan,3.9545,nan,nan,-0.992944
2,5.719850467,3.89366,6.5309,6.5309,nan,nan,3.93653,nan,nan,-0.0307144
2,5.719850467,3.2229,6.5309,6.5309,nan,nan,3.93653,nan,nan,-0.511254
2,5.876859813,3.59918,6.47348,6.47348,nan,nan,3.89462,nan,nan,-0.211653
2,5.921719626,1.86503,6.45703,6.45703,nan,nan,3.88264,nan,nan,-1.44544
2,5.966579439,2.66667,6.44055,6.44055,nan,nan,3.87066,nan,nan,-0.862561
2,5.989009346,4.80982,6.43231,6.43231,nan,nan,3.86468,nan,nan,0.677112
2,5.989009346,4.6135,6.43231,6.43231,nan,nan,3.86468,nan,nan,0.536467
2,5.989009346,4.0409,6.43231,6.43231,nan,nan,3.86468,nan,nan,0.12625
2,5.989009346,3.3047,6.43231,6.43231,nan,nan,3.86468,nan,nan,-0.401172
2,6.011439252,2.84663,6.42406,6.42406,nan,nan,3.85869,nan,nan,-0.725056
2,6.101158879,1.76687,6.39102,6.39102,nan,nan,3.83474,nan,nan,-1.48145
2,6.101158879,3.0593,6.39102,6.39102,nan,nan,3.83474,nan,nan,-0.55553
2,6.123588785,3.97546,6.38275,6.38275,nan,nan,3.82875,nan,nan,0.105107
2,6.146018692,3.59918,6.37447,6.37447,nan,nan,3.82276,nan,nan,-0.160174
2,6.235738318,1.91411,6.34133,6.34133,nan,nan,3.79881,nan,nan,-1.35022
2,6.235738318,5.56237,6.34133,6.34133,nan,nan,3.79881,nan,nan,1.26344
2,6.280598131,5.26789,6.32474,6.32474,nan,nan,3.78683,nan,nan,1.06105
2,6.280598131,4.22086,6.32474,6.32474,nan,nan,3.78683,nan,nan,0.310943
2,6.280598131,3.86094,6.32474,6.32474,nan,nan,3.78683,nan,nan,0.0530925
2,6.370317757,2.96115,6.29151,6.29151,nan,nan,3.76288,nan,nan,-0.574375
2,6.392747664,4.58078,6.28319,6.28319,nan,nan,3.75689,nan,nan,0.590243
2,6.41517757,6.75665,6.27487,6.27487,nan,nan,3.7509,nan,nan,2.15336
2,6.437607477,4.76074,6.26655,6.26655,nan,nan,3.74492,nan,nan,0.727748
2,6.460037383,5.88957,6.25823,6.25823,nan,nan,3.73893,nan,nan,1.54075
2,6.48246729,4.98978,6.2499,6.2499,nan,nan,3.73294,nan,nan,0.900414
2,6.504897196,4.25358,6.24157,6.24157,nan,nan,3.72695,nan,nan,0.377282
2,6.527327103,1.93047,6.23323,6.23323,nan,nan,3.72097,nan,nan,-1.28274
2,6.527327103,5.61145,6.23323,6.23323,nan,nan,3.72097,nan,nan,1.35437
2,6.527327103,0.670757,6.23323,6.23323,nan,nan,3.72097,nan,nan,-2.18521
2,6.639476636,3.56646,6.19153,6.19153,nan,nan,3.69103,nan,nan,-0.0892401
2,6.639476636,3.3865,6.19153,6.19153,nan,nan,3.69103,nan,nan,-0.218165
2,6.639476636,3.25562,6.19153,6.19153,nan,nan,3.69103,nan,nan,-0.311929
2,6.661906542,2.71575,6.18318,6.18318,nan,nan,3.68504,nan,nan,-0.694416
2,6.818915888,3.99182,6.12466,6.12466,nan,nan,3.64313,nan,nan,0.24981
2,6.886205607,3.77914,6.09955,6.09955,nan,nan,3.62516,nan,nan,0.110312
2,6.886205607,3.20654,6.09955,6.09955,nan,nan,3.62516,nan,nan,-0.299905
2,6.931065421,2.01227,6.0828,6.0828,nan,nan,3.61319,nan,nan,-1.14692
2,6.953495327,4.25358,6.07443,6.07443,nan,nan,3.6072,nan,nan,0.463074
2,6.953495327,3.61554,6.07443,6.07443,nan,nan,3.6072,nan,nan,0.00597548
2,6.99835514,1.76687,6.05766,6.05766,nan,nan,3.59523,nan,nan,-1.30986
2,6.99835514,2.19223,6.05766,6.05766,nan,nan,3.59523,nan,nan,-1.00513
2,7.06564486,3.01022,6.03251,6.03251,nan,nan,3.57726,nan,nan,-0.406236
2,7.088074766,4.54806,6.02412,6.02412,nan,nan,3.57128,nan,nan,0.699779
2,7.110504673,1.96319,6.01573,6.01573,nan,nan,3.56529,nan,nan,-1.14777
2,7.132934579,3.7955,6.00734,6.00734,nan,nan,3.5593,nan,nan,0.169216
2,7.177794393,2.42127,5.99055,5.99055,nan,nan,3.54733,nan,nan,-0.806727
2,7.200224299,3.17382,5.98215,5.98215,nan,nan,3.54134,nan,nan,-0.263295
2,7.222654206,4.1227,5.97375,5.97375,nan,nan,3.53535,nan,nan,0.420782
2,7.267514019,4.71166,5.95695,5.95695,nan,nan,3.52338,nan,nan,0.851298
2,7.334803738,3.3865,5.93174,5.93174,nan,nan,3.50542,nan,nan,-0.0851935
2,7.379663551,3.92638,5.91493,5.91493,nan,nan,3.49345,nan,nan,0.310161
2,7.402093458,1.32515,5.90652,5.90652,nan,nan,3.48746,nan,nan,-1.54911
2,7.402093458,5.54601,5.90652,5.90652,nan,nan,3.48746,nan,nan,1.47478
2,7.424523364,5.85685,5.89811,5.89811,nan,nan,3.48147,nan,nan,1.70176
2,7.424523364,6.72393,5.89811,5.89811,nan,nan,3.48147,nan,nan,2.32294
2,7.446953271,4.7771,5.8897,5.8897,nan,nan,3.47548,nan,nan,0.932493
2,7.446953271,4.64622,5.8897,5.8897,nan,nan,3.47548,nan,nan,0.83873
2,7.469383178,3.68098,5.88128,5.88128,nan,nan,3.4695,nan,nan,0.15151
2,7.536672897,1.83231,5.85604,5.85604,nan,nan,3.45154,nan,nan,-1.16004
2,7.536672897,4.22086,5.85604,5.85604,nan,nan,3.45154,nan,nan,0.551153
2,7.536672897,5.00613,5.85604,5.85604,nan,nan,3.45154,nan,nan,1.11374
2,7.64882243,2.38855,5.81394,5.81394,nan,nan,3.4216,nan,nan,-0.740097
2,7.64882243,2.56851,5.81394,5.81394,nan,nan,3.4216,nan,nan,-0.611171
2,7.671252336,3.56646,5.80552,5.80552,nan,nan,3.41562,nan,nan,0.108067
2,7.671252336,3.32106,5.80552,5.80552,nan,nan,3.41562,nan,nan,-0.0677402
2,7.805831776,3.82822,5.75496,5.75496,nan,nan,3.3797,nan,nan,0.321327
2,7.895551402,3.3047,5.72124,5.72124,nan,nan,3.35575,nan,nan,-0.0365735
2,7.917981308,2.14315,5.71281,5.71281,nan,nan,3.34977,nan,nan,-0.864439
2,7.940411215,2.97751,5.70438,5.70438,nan,nan,3.34378,nan,nan,-0.262406
2,7.962841121,2.86299,5.69594,5.69594,nan,nan,3.3378,nan,nan,-0.340161
2,8.030130841,4.25358,5.67064,5.67064,nan,nan,3.31984,nan,nan,0.668946
2,8.030130841,3.7955,5.67064,5.67064,nan,nan,3.31984,nan,nan,0.340772
2,8.052560748,3.68098,5.6622,5.6622,nan,nan,3.31385,nan,nan,0.263017
2,8.052560748,2.07771,5.6622,5.6622,nan,nan,3.31385,nan,nan,-0.88559
2,8.097420561,1.94683,5.64532,5.64532,nan,nan,3.30188,nan,nan,-0.970777
2,8.142280374,3.40286,5.62845,5.62845,nan,nan,3.28991,nan,nan,0.0809224
2,8.16471028,4.1227,5.62001,5.62001,nan,nan,3.28392,nan,nan,0.600912
2,8.232,4.35174,5.59468,5.59468,nan,nan,3.26597,nan,nan,0.777864
2,8.232,1.25971,5.59468,5.59468,nan,nan,3.26597,nan,nan,-1.43731
2,8.254429907,3.3047,5.58624,5.58624,nan,nan,3.25998,nan,nan,0.0320406
2,8.344149533,0.916155,5.55246,5.55246,nan,nan,3.23604,nan,nan,-1.662
2,8.366579439,3.94274,5.54402,5.54402,nan,nan,3.23005,nan,nan,0.51058
2,8.389009346,3.58282,5.53557,5.53557,nan,nan,3.22407,nan,nan,0.257017
2,8.411439252,6.08589,5.52712,5.52712,nan,nan,3.21808,nan,nan,2.05454
2,8.411439252,2.47035,5.52712,5.52712,nan,nan,3.21808,nan,nan,-0.535688
2,8.456299065,3.69734,5.51023,5.51023,nan,nan,3.20611,nan,nan,0.351924
2,8.478728972,3.33742,5.50178,5.50178,nan,nan,3.20013,nan,nan,0.0983613
2,8.501158879,4.33538,5.49333,5.49333,nan,nan,3.19414,nan,nan,0.817599
2,8.501158879,0.834356,5.49333,5.49333,nan,nan,3.19414,nan,nan,-1.69059
2,8.501158879,3.48466,5.49333,5.49333,nan,nan,3.19414,nan,nan,0.208133
2,8.523588785,4.02454,5.48488,5.48488,nan,nan,3.18816,nan,nan,0.599197
2,8.635738318,2.17587,5.44263,5.44263,nan,nan,3.15823,nan,nan,-0.70378
2,8.658168224,1.94683,5.43418,5.43418,nan,nan,3.15225,nan,nan,-0.863579
2,8.658168224,3.10838,5.43418,5.43418,nan,nan,3.15225,nan,nan,-0.0314244
2,8.703028037,1.75051,5.41728,5.41728,nan,nan,3.14028,nan,nan,-0.99565
2,8.725457944,1.14519,5.40882,5.40882,nan,nan,3.13429,nan,nan,-1.42502
2,8.792747664,2.56851,5.38346,5.38346,nan,nan,3.11634,nan,nan,-0.392476
2,8.904897196,6.90389,5.34119,5.34119,nan,nan,3.08642,nan,nan,2.73489
2,8.904897196,1.06339,5.34119,5.34119,nan,nan,3.08642,nan,nan,-1.44933
2,8.904897196,2.83027,5.34119,5.34119,nan,nan,3.08642,nan,nan,-0.183513
2,8.927327103,3.53374,5.33273,5.33273,nan,nan,3.08044,nan,nan,0.324755
2,8.972186916,2.30675,5.31582,5.31582,nan,nan,3.06847,nan,nan,-0.545708
2,8.972186916,3.27198,5.31582,5.31582,nan,nan,3.06847,nan,nan,0.145801
2,8.972186916,3.89366,5.31582,5.31582,nan,nan,3.06847,nan,nan,0.591179
2,9.017046729,3.04294,5.29891,5.29891,nan,nan,3.0565,nan,nan,-0.00971218
2,9.039476636,2.48671,5.29045,5.29045,nan,nan,3.05052,nan,nan,-0.403922
2,9.061906542,4.84254,5.28199,5.28199,nan,nan,3.04453,nan,nan,1.28811
2,9.106766355,1.57055,5.26508,5.26508,nan,nan,3.03257,nan,nan,-1.04741
2,9.106766355,3.61554,5.26508,5.26508,nan,nan,3.03257,nan,nan,0.417651
2,9.129196262,1.29243,5.25662,5.25662,nan,nan,3.02658,nan,nan,-1.24237
2,9.174056075,4.41718,5.2397,5.2397,nan,nan,3.01462,nan,nan,1.00481
2,9.196485981,3.43558,5.23124,5.23124,nan,nan,3.00863,nan,nan,0.305872
2,9.241345794,3.73006,5.21432,5.21432,nan,nan,2.99667,nan,nan,0.525413
2,9.286205607,2.55215,5.1974,5.1974,nan,nan,2.9847,nan,nan,-0.30989
2,9.286205607,3.27198,5.1974,5.1974,nan,nan,2.9847,nan,nan,0.205812
2,9.308635514,1.35787,5.18894,5.18894,nan,nan,2.97872,nan,nan,-1.1612
2,9.331065421,3.10838,5.18048,5.18048,nan,nan,2.97274,nan,nan,0.0971788
2,9.375925234,5.54601,5.16356,5.16356,nan,nan,2.96077,nan,nan,1.8521
2,9.39835514,4.26994,5.1551,5.1551,nan,nan,2.95479,nan,nan,0.942191
2,9.420785047,7.39468,5.14663,5.14663,nan,nan,2.94881,nan,nan,3.18509
2,9.443214953,2.38855,5.13817,5.13817,nan,nan,2.94283,nan,nan,-0.397094
2,9.443214953,2.84663,5.13817,5.13817,nan,nan,2.94283,nan,nan,-0.0689201
2,9.443214953,4.15542,5.13817,5.13817,nan,nan,2.94283,nan,nan,0.868719
2,9.510504673,4.89162,5.11278,5.11278,nan,nan,2.92488,nan,nan,1.409
2,9.532934579,0.719836,5.10432,5.10432,nan,nan,2.9189,nan,nan,-1.57544
2,9.532934579,4.40082,5.10432,5.10432,nan,nan,2.9189,nan,nan,1.06167
2,9.645084112,3.41922,5.06201,5.06201,nan,nan,2.88899,nan,nan,0.379865
2,9.645084112,2.68303,5.06201,5.06201,nan,nan,2.88899,nan,nan,-0.147557
2,9.667514019,1.42331,5.05354,5.05354,nan,nan,2.88301,nan,nan,-1.04575
2,9.667514019,2.48671,5.05354,5.05354,nan,nan,2.88301,nan,nan,-0.283918
2,9.734803738,3.25562,5.02815,5.02815,nan,nan,2.86507,nan,nan,0.279799
2,9.846953271,2.42127,4.98583,4.98583,nan,nan,2.83517,nan,nan,-0.296523
2,9.869383178,2.78119,4.97736,4.97736,nan,nan,2.82919,nan,nan,-0.034388
2,9.959102804,1.79959,4.9435,4.9435,nan,nan,2.80527,nan,nan,-0.720481
2,9.959102804,3.1411,4.9435,4.9435,nan,nan,2.80527,nan,nan,0.240599
2,10.00396262,2.61759,4.92657,4.92657,nan,nan,2.79331,nan,nan,-0.125889
2,10.02639252,2.35583,4.9181,4.9181,nan,nan,2.78733,nan,nan,-0.309133
2,10.07125234,2.04499,4.90117,4.90117,nan,nan,2.77537,nan,nan,-0.523256
2,10.13854206,2.53579,4.87577,4.87577,nan,nan,2.75744,nan,nan,-0.158792
2,10.16097196,3.01022,4.8673,4.8673,nan,nan,2.75146,nan,nan,0.185385
2,10.18340187,5.33e-15,4.85884,4.85884,nan,nan,2.74548,nan,nan,-1.9669
2,10.20583178,3.40286,4.85037,4.85037,nan,nan,2.7395,nan,nan,0.475243
2,10.2731215,2.35583,4.82497,4.82497,nan,nan,2.72157,nan,nan,-0.262021
2,10.2731215,3.9591,4.82497,4.82497,nan,nan,2.72157,nan,nan,0.886587
2,10.31798131,2.74847,4.80803,4.80803,nan,nan,2.70961,nan,nan,0.027835
2,10.40770093,5.87321,4.77416,4.77416,nan,nan,2.68571,nan,nan,2.28358
2,10.40770093,2.30675,4.77416,4.77416,nan,nan,2.68571,nan,nan,-0.271491
2,10.40770093,3.7955,4.77416,4.77416,nan,nan,2.68571,nan,nan,0.795074
2,10.40770093,3.35378,4.77416,4.77416,nan,nan,2.68571,nan,nan,0.47862
2,10.40770093,3.01022,4.77416,4.77416,nan,nan,2.68571,nan,nan,0.23249
2,10.47499065,2.53579,4.74876,4.74876,nan,nan,2.66778,nan,nan,-0.0945595
2,10.49742056,3.19018,4.74029,4.74029,nan,nan,2.6618,nan,nan,0.378541
2,10.51985047,4.46626,4.73182,4.73182,nan,nan,2.65583,nan,nan,1.29702
2,10.54228037,3.51738,4.72335,4.72335,nan,nan,2.64985,nan,nan,0.621513
2,10.632,1.86503,4.68948,4.68948,nan,nan,2.62595,nan,nan,-0.545134
2,10.65442991,1.01431,4.68101,4.68101,nan,nan,2.61998,nan,nan,-1.15032
2,10.92358879,2.53579,4.57938,4.57938,nan,nan,2.5483,nan,nan,-0.00896179
2,10.94601869,4.15542,4.57091,4.57091,nan,nan,2.54232,nan,nan,1.15564
2,11.03573832,0.327198,4.53704,4.53704,nan,nan,2.51844,nan,nan,-1.56984
2,11.03573832,1.50511,4.53704,4.53704,nan,nan,2.51844,nan,nan,-0.725963
2,11.03573832,2.38855,4.53704,4.53704,nan,nan,2.51844,nan,nan,-0.0930566
2,11.08059813,1.66871,4.5201,4.5201,nan,nan,2.5065,nan,nan,-0.600203
2,11.14788785,1.42331,4.49469,4.49469,nan,nan,2.48859,nan,nan,-0.76318
2,11.17031776,2.19223,4.48622,4.48622,nan,nan,2.48262,nan,nan,-0.208041
2,11.19274766,1.79959,4.47775,4.47775,nan,nan,2.47665,nan,nan,-0.485056
2,11.26003738,2.58487,4.45234,4.45234,nan,nan,2.45875,nan,nan,0.0903547
2,11.28246729,1.47239,4.44387,4.44387,nan,nan,2.45278,nan,nan,-0.702363
2,11.3048972,3.25562,4.4354,4.4354,nan,nan,2.44681,nan,nan,0.579445
2,11.39461682,2.91207,4.40152,4.40152,nan,nan,2.42294,nan,nan,0.350414
2,11.43947664,2.45399,4.38458,4.38458,nan,nan,2.41101,nan,nan,0.0307886
2,11.46190654,2.06135,4.37611,4.37611,nan,nan,2.40505,nan,nan,-0.246229
2,11.48433645,1.93047,4.36764,4.36764,nan,nan,2.39908,nan,nan,-0.33572
2,11.52919626,2.71575,4.3507,4.3507,nan,nan,2.38715,nan,nan,0.23541
2,11.52919626,4.38446,4.3507,4.3507,nan,nan,2.38715,nan,nan,1.4309
2,11.64134579,0.359918,4.30834,4.30834,nan,nan,2.35733,nan,nan,-1.43098
2,11.91050467,0.834356,4.2067,4.2067,nan,nan,2.28581,nan,nan,-1.03984
2,11.93293458,2.15951,4.19822,4.19822,nan,nan,2.27985,nan,nan,-0.0862171
2,11.93293458,0.687117,4.19822,4.19822,nan,nan,2.27985,nan,nan,-1.14106
2,11.97779439,1.11247,4.18128,4.18128,nan,nan,2.26794,nan,nan,-0.827793
2,12.02265421,1.73415,4.16434,4.16434,nan,nan,2.25603,nan,nan,-0.37388
2,12.04508411,3.69734,4.15587,4.15587,nan,nan,2.25007,nan,nan,1.03684
2,12.11237383,1.96319,4.13046,4.13046,nan,nan,2.23221,nan,nan,-0.192729
2,12.17966355,1.45603,4.10505,4.10505,nan,nan,2.21435,nan,nan,-0.54327
2,12.24695327,2.84663,4.07963,4.07963,nan,nan,2.1965,nan,nan,0.465763
2,12.26938318,2.61759,4.07116,4.07116,nan,nan,2.19055,nan,nan,0.305939
2,12.38153271,3.28834,4.02881,4.02881,nan,nan,2.1608,nan,nan,0.807788
2,12.42639252,1.89775,4.01187,4.01187,nan,nan,2.14891,nan,nan,-0.179932
2,12.42639252,1.60327,4.01187,4.01187,nan,nan,2.14891,nan,nan,-0.390901
2,12.47125234,2.09407,3.99492,3.99492,nan,nan,2.13702,nan,nan,-0.0307673
2,12.47125234,1.06339,3.99492,3.99492,nan,nan,2.13702,nan,nan,-0.769158
2,12.51611215,3.32106,3.97798,3.97798,nan,nan,2.12513,nan,nan,0.856787
2,12.53854206,2.20859,3.96951,3.96951,nan,nan,2.11918,nan,nan,0.0640517
2,12.60583178,1.93047,3.9441,3.9441,nan,nan,2.10136,nan,nan,-0.122425
2,12.6955514,0.736196,3.91022,3.91022,nan,nan,2.0776,nan,nan,-0.960998
2,12.91985047,1.79959,3.82551,3.82551,nan,nan,2.01824,nan,nan,-0.156646
2,12.91985047,0.916155,3.82551,3.82551,nan,nan,2.01824,nan,nan,-0.789552
2,12.98714019,4.33538,3.8001,3.8001,nan,nan,2.00045,nan,nan,1.67277
2,13.05442991,1.66871,3.77468,3.77468,nan,nan,1.98267,nan,nan,-0.224924
2,13.05442991,4.5317,3.77468,3.77468,nan,nan,1.98267,nan,nan,1.82616
2,13.18900935,0.458078,3.72386,3.72386,nan,nan,1.94713,nan,nan,-1.06678
2,13.23386916,2.38855,3.70692,3.70692,nan,nan,1.93529,nan,nan,0.324723
2,13.25629907,0.539877,3.69845,3.69845,nan,nan,1.92937,nan,nan,-0.995451
2,13.30115888,3.58282,3.68151,3.68151,nan,nan,1.91753,nan,nan,1.19304
2,13.3908785,2.02863,3.64763,3.64763,nan,nan,1.89387,nan,nan,0.0965405
2,13.41330841,3.76278,3.63916,3.63916,nan,nan,1.88796,nan,nan,1.34315
2,13.41330841,4.08998,3.63916,3.63916,nan,nan,1.88796,nan,nan,1.57756
2,13.45816822,2.65031,3.62222,3.62222,nan,nan,1.87614,nan,nan,0.554623
2,13.48059813,0.556237,3.61375,3.61375,nan,nan,1.87023,nan,nan,-0.941366
2,13.52545794,2.14315,3.59681,3.59681,nan,nan,1.85842,nan,nan,0.203984
2,13.74975701,1.40695,3.51211,3.51211,nan,nan,1.79942,nan,nan,-0.281169
2,13.81704673,0.997955,3.4867,3.4867,nan,nan,1.78174,nan,nan,-0.561518
2,13.99648598,0.719836,3.41895,3.41895,nan,nan,1.73467,nan,nan,-0.727042
2,14.0637757,1.55419,3.39354,3.39354,nan,nan,1.71704,nan,nan,-0.116668
2,14.24321495,0.0981595,3.32579,3.32579,nan,nan,1.6701,nan,nan,-1.12616
2,14.24321495,2.43763,3.32579,3.32579,nan,nan,1.6701,nan,nan,0.549867
2,14.31050467,2.78119,3.30039,3.30039,nan,nan,1.65253,nan,nan,0.808588
2,14.4002243,2.87935,3.26651,3.26651,nan,nan,1.62912,nan,nan,0.89568
2,14.4002243,4.05726,3.26651,3.26651,nan,nan,1.62912,nan,nan,1.73956
2,14.44508411,0.196319,3.24958,3.24958,nan,nan,1.61743,nan,nan,-1.0181
2,14.44508411,1.01431,3.24958,3.24958,nan,nan,1.61743,nan,nan,-0.432078
2,14.44508411,1.37423,3.24958,3.24958,nan,nan,1.61743,nan,nan,-0.174228
2,14.53480374,2.73211,3.21571,3.21571,nan,nan,1.59407,nan,nan,0.815309
2,14.64695327,1.22699,3.17337,3.17337,nan,nan,1.56491,nan,nan,-0.242088
2,14.87125234,1.79959,3.08871,3.08871,nan,nan,1.50677,nan,nan,0.209783
2,14.98340187,0.179959,3.04639,3.04639,nan,nan,1.47779,nan,nan,-0.929783
2,15.02826168,1.79959,3.02946,3.02946,nan,nan,1.46621,nan,nan,0.238837
2,15.0955514,1.86503,3.00407,3.00407,nan,nan,1.44887,nan,nan,0.298141
2,15.25256075,3.68098,2.94482,2.94482,nan,nan,1.40851,nan,nan,1.62803
2,15.27499065,0.572597,2.93636,2.93636,nan,nan,1.40276,nan,nan,-0.594741
2,15.29742056,1.68507,2.9279,2.9279,nan,nan,1.39701,nan,nan,0.206371
2,15.38714019,1.86503,2.89405,2.89405,nan,nan,1.37404,nan,nan,0.351752
2,15.47685981,0.883436,2.8602,2.8602,nan,nan,1.35113,nan,nan,-0.33506
2,15.52171963,2.81391,2.84328,2.84328,nan,nan,1.33969,nan,nan,1.05615
2,15.90302804,1.66871,2.6995,2.6995,nan,nan,1.24309,nan,nan,0.304918
2,16.08246729,1.81595,2.63186,2.63186,nan,nan,1.19807,nan,nan,0.44266
2,16.26190654,2.56851,2.56426,2.56426,nan,nan,1.15336,nan,nan,1.01383
2,16.30676636,1.97955,2.54736,2.54736,nan,nan,1.14223,nan,nan,0.599868
3,0,0.620408,6.74178,6.74178,nan,6.19272,6.54162,nan,-3.99209,-4.24204
3,2.018691589,4.5551,7.38751,7.38751,nan,5.73986,6.05983,nan,-0.848776,-1.07801
3,2.041121495,2.61224,7.39004,7.39004,nan,5.73483,6.05448,nan,-2.23706,-2.46607
3,3.005607477,5.24082,7.36212,7.36212,nan,5.51846,5.8243,nan,-0.198907,-0.418013
3,3.857943925,3.72245,7.16351,7.16351,nan,5.32725,5.62088,nan,-1.1497,-1.36006
3,4.014953271,2.1551,7.11679,7.11679,nan,5.29203,5.58341,nan,-2.24734,-2.45609
3,4.014953271,3.2,7.11679,7.11679,nan,5.29203,5.58341,nan,-1.49876,-1.70751
3,4.037383178,5.01224,7.10994,7.10994,nan,5.287,5.57806,nan,-0.196837,-0.405356
3,4.351401869,3.82041,7.01037,7.01037,nan,5.21655,5.50311,nan,-1.00022,-1.20552
3,5.001869159,3.11837,6.78871,6.78871,nan,5.07064,5.34788,nan,-1.39863,-1.59725
3,5.136448598,5.8449,6.74115,6.74115,nan,5.04045,5.31576,nan,0.576321,0.379083
3,5.226168224,1.94286,6.70921,6.70921,nan,5.02032,5.29435,nan,-2.20474,-2.40106
3,5.45046729,4.81633,6.62868,6.62868,nan,4.97,5.24082,nan,-0.110096,-0.304112
3,5.876635514,3.59184,6.47356,6.47356,nan,4.8744,5.13911,nan,-0.918848,-1.10849
3,5.943925234,4.70204,6.44888,6.44888,nan,4.85931,5.12305,nan,-0.112667,-0.301618
3,6.011214953,4.3102,6.42414,6.42414,nan,4.84421,5.10699,nan,-0.382571,-0.570831
3,6.03364486,6.33469,6.41589,6.41589,nan,4.83918,5.10164,nan,1.07141,0.883378
3,6.347663551,4.60408,6.2999,6.2999,nan,4.76874,5.0267,nan,-0.117961,-0.302769
3,6.841121495,5.12653,6.11638,6.11638,nan,4.65804,4.90893,nan,0.335633,0.15589
3,6.908411215,6.12245,6.09126,6.09126,nan,4.64295,4.89287,nan,1.05994,0.880885
3,6.998130841,4.19592,6.05775,6.05775,nan,4.62282,4.87146,nan,-0.305839,-0.48397
3,7.020560748,6.17143,6.04936,6.04936,nan,4.61779,4.86611,nan,1.11305,0.93515
3,7.042990654,5.40408,6.04098,6.04098,nan,4.61276,4.86076,nan,0.566917,0.389246
3,7.155140187,7.77143,5.99903,5.99903,nan,4.5876,4.83399,nan,2.28094,2.10442
3,7.244859813,4.76735,5.96544,5.96544,nan,4.56747,4.81258,nan,0.143193,-0.0324056
3,7.289719626,6.85714,5.94863,5.94863,nan,4.55741,4.80187,nan,1.64756,1.47242
3,7.334579439,5.81224,5.93183,5.93183,nan,4.54735,4.79117,nan,0.906192,0.731514
3,7.334579439,4.44082,5.93183,5.93183,nan,4.54735,4.79117,nan,-0.0763196,-0.250997
3,7.379439252,4.01633,5.91501,5.91501,nan,4.53728,4.78046,nan,-0.373221,-0.547438
3,7.446728972,6.23673,5.88978,5.88978,nan,4.52219,4.7644,nan,1.22833,1.0548
3,7.648598131,4.81633,5.81402,5.81402,nan,4.4769,4.71623,nan,0.243168,0.0717125
3,7.693457944,6.44898,5.79718,5.79718,nan,4.46684,4.70552,nan,1.42003,1.24904
3,7.85046729,4.76735,5.73819,5.73819,nan,4.43162,4.66805,nan,0.24052,0.0711369
3,7.962616822,6.80816,5.69603,5.69603,nan,4.40646,4.64129,nan,1.72061,1.55238
3,8.007476636,5.74694,5.67916,5.67916,nan,4.3964,4.63058,nan,0.967547,0.799775
3,8.007476636,3.6898,5.67916,5.67916,nan,4.3964,4.63058,nan,-0.50622,-0.673992
3,8.007476636,5.3551,5.67916,5.67916,nan,4.3964,4.63058,nan,0.686829,0.519058
3,8.142056075,8.26122,5.62853,5.62853,nan,4.36621,4.59846,nan,2.79045,2.62406
3,8.231775701,4.5551,5.59477,5.59477,nan,4.34608,4.57705,nan,0.149744,-0.0157253
3,8.321495327,5.48571,5.56099,5.56099,nan,4.32596,4.55564,nan,0.830867,0.666318
3,8.343925234,4.32653,5.55255,5.55255,nan,4.32093,4.55029,nan,0.00401535,-0.160303
3,8.456074766,5.9102,5.51031,5.51031,nan,4.29577,4.52352,nan,1.15661,0.993438
3,8.747663551,4.75102,5.40046,5.40046,nan,4.23036,4.45394,nan,0.37301,0.212835
3,8.882242991,3.98367,5.34973,5.34973,nan,4.20017,4.42182,nan,-0.155101,-0.313894
3,8.94953271,6.66122,5.32436,5.32436,nan,4.18508,4.40576,nan,1.77395,1.61585
3,9.01682243,4.8,5.29899,5.29899,nan,4.16998,4.3897,nan,0.451355,0.293943
3,9.039252336,5.9102,5.29053,5.29053,nan,4.16495,4.38435,nan,1.25033,1.09314
3,9.039252336,4.60408,5.29053,5.29053,nan,4.16495,4.38435,nan,0.314601,0.157419
3,9.151401869,7.72245,5.24824,5.24824,nan,4.13979,4.35759,nan,2.56667,2.41064
3,9.218691589,3.80408,5.22287,5.22287,nan,4.1247,4.34153,nan,-0.229694,-0.385034
3,9.285981308,5.06122,5.19749,5.19749,nan,4.1096,4.32547,nan,0.681755,0.527106
3,9.330841121,6.22041,5.18056,5.18056,nan,4.09954,4.31476,nan,1.51942,1.36523
3,9.353271028,5.32245,5.1721,5.1721,nan,4.09451,4.30941,nan,0.879714,0.725755
3,9.375700935,4.39184,5.16364,5.16364,nan,4.08948,4.30406,nan,0.216615,0.0628858
3,9.487850467,6.26939,5.12133,5.12133,nan,4.06432,4.27729,nan,1.57974,1.42716
3,9.66728972,4.34286,5.05363,5.05363,nan,4.02407,4.23447,nan,0.228384,0.0776482
3,9.846728972,4.71837,4.98591,4.98591,nan,3.98382,4.19165,nan,0.526241,0.377347
3,9.958878505,5.02857,4.94358,4.94358,nan,3.95866,4.16489,nan,0.766498,0.618756
3,10.00373832,6.92245,4.92665,4.92665,nan,3.9486,4.15418,nan,2.13051,1.98323
3,10.02616822,4.35918,4.91819,4.91819,nan,3.94357,4.14883,nan,0.297753,0.150701
3,10.02616822,5.51837,4.91819,4.91819,nan,3.94357,4.14883,nan,1.12821,0.981157
3,10.11588785,7.24898,4.88432,4.88432,nan,3.92344,4.12742,nan,2.38246,2.23633
3,10.22803738,3.80408,4.84199,4.84199,nan,3.89829,4.10066,nan,-0.0674903,-0.212471
3,10.2953271,5.1102,4.81659,4.81659,nan,3.88319,4.0846,nan,0.879048,0.734759
3,10.34018692,5.20816,4.79965,4.79965,nan,3.87313,4.07389,nan,0.956437,0.812608
3,10.38504673,3.15102,4.78272,4.78272,nan,3.86307,4.06319,nan,-0.510122,-0.653491
3,10.45233645,4.63673,4.75731,4.75731,nan,3.84797,4.04713,nan,0.565079,0.422401
3,10.65420561,4.70204,4.6811,4.6811,nan,3.80269,3.99896,nan,0.644305,0.503699
3,10.69906542,4.13061,4.66416,4.66416,nan,3.79263,3.98825,nan,0.242134,0.101988
3,10.74392523,3.4449,4.64722,4.64722,nan,3.78257,3.97755,nan,-0.241914,-0.381599
3,10.85607477,6.07347,4.60488,4.60488,nan,3.75742,3.95079,nan,1.65925,1.52072
3,10.94579439,4.21224,4.571,4.571,nan,3.73729,3.92938,nan,0.340263,0.202651
3,10.99065421,5.42041,4.55406,4.55406,nan,3.72723,3.91867,nan,1.21302,1.07587
3,11.01308411,5.99184,4.54559,4.54559,nan,3.7222,3.91332,nan,1.626,1.48908
3,11.03551402,4.81633,4.53712,4.53712,nan,3.71717,3.90797,nan,0.787452,0.650762
3,11.14766355,6.38367,4.49477,4.49477,nan,3.69202,3.88121,nan,1.92834,1.79281
3,11.23738318,2.48163,4.46089,4.46089,nan,3.67189,3.8598,nan,-0.85272,-0.987337
3,11.28224299,4.65306,4.44395,4.44395,nan,3.66183,3.84909,nan,0.710132,0.575976
3,11.3271028,3.65714,4.42701,4.42701,nan,3.65177,3.83839,nan,0.0038493,-0.129846
3,11.37196262,2.13878,4.41007,4.41007,nan,3.64171,3.82768,nan,-1.07672,-1.20996
3,11.41682243,4.16327,4.39313,4.39313,nan,3.63165,3.81698,nan,0.380859,0.248085
3,11.6635514,2.67755,4.29996,4.29996,nan,3.57631,3.7581,nan,-0.643885,-0.774124
3,11.68598131,3.2,4.29149,4.29149,nan,3.57128,3.75275,nan,-0.265991,-0.396
3,11.73084112,2.38367,4.27455,4.27455,nan,3.56122,3.74205,nan,-0.843612,-0.97316
3,11.86542056,3.36327,4.22372,4.22372,nan,3.53104,3.70994,nan,-0.120195,-0.24836
3,11.93271028,4.94694,4.19831,4.19831,nan,3.51595,3.69388,nan,1.02518,0.897709
3,12,3.78776,4.1729,4.1729,nan,3.50086,3.67782,nan,0.205538,0.0787557
3,12.02242991,6.22041,4.16443,4.16443,nan,3.49583,3.67247,nan,1.95193,1.82538
3,12.04485981,3.08571,4.15596,4.15596,nan,3.4908,3.66712,nan,-0.290207,-0.416528
3,12.11214953,5.64898,4.13054,4.13054,nan,3.47571,3.65107,nan,1.55697,1.43134
3,12.22429907,2.51429,4.08819,4.08819,nan,3.45056,3.62431,nan,-0.670758,-0.795235
3,12.29158879,4.88163,4.06278,4.06278,nan,3.43547,3.60825,nan,1.03606,0.912269
3,12.31401869,5.19184,4.05431,4.05431,nan,3.43044,3.6029,nan,1.26189,1.13834
3,12.3364486,2.82449,4.04583,4.04583,nan,3.42541,3.59755,nan,-0.430505,-0.55383
3,12.3588785,2.30204,4.03736,4.03736,nan,3.42038,3.5922,nan,-0.801192,-0.924286
3,12.44859813,4.73469,4.00348,4.00348,nan,3.40026,3.57079,nan,0.95601,0.833838
3,12.65046729,2.36735,3.92724,3.92724,nan,3.35499,3.52263,nan,-0.707562,-0.827659
3,12.6728972,3.46122,3.91877,3.91877,nan,3.34996,3.51727,nan,0.0797113,-0.0401554
3,12.74018692,3.05306,3.89336,3.89336,nan,3.33487,3.50122,nan,-0.201893,-0.321068
3,12.87476636,3.00408,3.84253,3.84253,nan,3.3047,3.46911,nan,-0.215364,-0.333156
3,12.94205607,4.08163,3.81712,3.81712,nan,3.28961,3.45306,nan,0.567418,0.450319
3,12.98691589,4.44082,3.80018,3.80018,nan,3.27955,3.44236,nan,0.831949,0.715311
3,13.00934579,4.57143,3.79171,3.79171,nan,3.27452,3.43701,nan,0.929124,0.812717
3,13.0317757,2.62857,3.78324,3.78324,nan,3.26949,3.43166,nan,-0.459164,-0.575341
3,13.16635514,4.60408,3.73242,3.73242,nan,3.23932,3.39955,nan,0.977737,0.862944
3,13.23364486,2.10612,3.707,3.707,nan,3.22423,3.3835,nan,-0.801029,-0.91513
3,13.30093458,3.55918,3.68159,3.68159,nan,3.20914,3.36744,nan,0.250773,0.137365
3,13.30093458,2.35102,3.68159,3.68159,nan,3.20914,3.36744,nan,-0.614773,-0.728181
3,13.32336449,3.13469,3.67312,3.67312,nan,3.20412,3.36209,nan,-0.0497351,-0.162913
3,13.3682243,2.93878,3.65618,3.65618,nan,3.19406,3.35139,nan,-0.182889,-0.295605
3,13.45794393,3.98367,3.6223,3.6223,nan,3.17394,3.32999,nan,0.580101,0.468308
3,13.65981308,5.33e-15,3.54607,3.54607,nan,3.12869,3.28184,nan,-2.24144,-2.35116
3,13.68224299,2.17143,3.5376,3.5376,nan,3.12366,3.27649,nan,-0.682195,-0.79168
3,13.74953271,1.69796,3.51219,3.51219,nan,3.10858,3.26044,nan,-1.01059,-1.11938
3,13.86168224,0.897959,3.46985,3.46985,nan,3.08344,3.23369,nan,-1.56571,-1.67335
3,13.92897196,3.57551,3.44444,3.44444,nan,3.06836,3.21764,nan,0.363331,0.256385
3,13.99626168,3.5102,3.41903,3.41903,nan,3.05328,3.20159,nan,0.32735,0.221097
3,14.01869159,1.50204,3.41056,3.41056,nan,3.04825,3.19624,nan,-1.10773,-1.21375
3,14.0411215,2.69388,3.40209,3.40209,nan,3.04322,3.19089,nan,-0.250275,-0.356066
3,14.13084112,5.30612,3.36822,3.36822,nan,3.02311,3.16949,nan,1.63558,1.53071
3,14.24299065,1.6,3.32587,3.32587,nan,2.99798,3.14274,nan,-1.00153,-1.10524
3,14.28785047,3.88571,3.30894,3.30894,nan,2.98793,3.13205,nan,0.643189,0.539939
3,14.33271028,2.77551,3.292,3.292,nan,2.97787,3.12135,nan,-0.144976,-0.247763
3,14.44485981,4.27755,3.24966,3.24966,nan,2.95274,3.0946,nan,0.949113,0.847481
3,14.64672897,2.25306,3.17346,3.17346,nan,2.90751,3.04647,nan,-0.468856,-0.568408
3,14.69158879,5.07755,3.15653,3.15653,nan,2.89746,3.03577,nan,1.56185,1.46276
3,14.93831776,2.93878,3.0634,3.0634,nan,2.84218,2.97695,nan,0.0692001,-0.0273462
3,14.98317757,3.10204,3.04647,3.04647,nan,2.83213,2.96625,nan,0.193365,0.0972812
3,15.00560748,1.19184,3.03801,3.03801,nan,2.82711,2.9609,nan,-1.17153,-1.26739
3,15.05046729,1.51837,3.02108,3.02108,nan,2.81706,2.95021,nan,-0.930404,-1.02579
3,15.11775701,5.38776,2.99569,2.99569,nan,2.80199,2.93417,nan,1.85248,1.75778
3,15.25233645,1.76327,2.94491,2.94491,nan,2.77185,2.90209,nan,-0.722563,-0.815871
3,15.29719626,2.98776,2.92798,2.92798,nan,2.7618,2.8914,nan,0.161877,0.0690317
3,15.36448598,1.25714,2.90259,2.90259,nan,2.74673,2.87536,nan,-1.06716,-1.15931
3,15.4317757,3.96735,2.87721,2.87721,nan,2.73166,2.85932,nan,0.885261,0.793805
3,15.67850467,0.0163265,2.78415,2.78415,nan,2.67643,2.80053,nan,-1.90573,-1.99464
3,15.92523364,2.59592,2.69113,2.69113,nan,2.6212,2.74174,nan,-0.0181132,-0.104471
3,16.1271028,0.881633,2.61504,2.61504,nan,2.57603,2.69366,nan,-1.21389,-1.29816
3,16.21682243,1.24082,2.58124,2.58124,nan,2.55596,2.67229,nan,-0.942186,-1.02553
3,16.30654206,2.85714,2.54744,2.54744,nan,2.53589,2.65093,nan,0.230152,0.147737
3,16.35140187,0.914286,2.53055,2.53055,nan,2.52585,2.64024,nan,-1.15455,-1.2365
3,16.4635514,2.84082,2.48831,2.48831,nan,2.50077,2.61354,nan,0.243613,0.162823
3,16.66542056,2.74286,2.41233,2.41233,nan,2.45564,2.56549,nan,0.205769,0.12707
3,16.97943925,0.163265,2.29425,2.29425,nan,2.38546,2.49077,nan,-1.59201,-1.66746
3,17.00186916,2.17143,2.28582,2.28582,nan,2.38045,2.48543,nan,-0.149743,-0.224957
3,17.11401869,2.23673,2.24369,2.24369,nan,2.35539,2.45876,nan,-0.0850098,-0.159061
3,17.20373832,0.555102,2.21,2.21,nan,2.33536,2.43742,nan,-1.2754,-1.34852
3,17.29345794,0.457143,2.17632,2.17632,nan,2.31533,2.41609,nan,-1.33123,-1.40342
3,17.29345794,1.95918,2.17632,2.17632,nan,2.31533,2.41609,nan,-0.255145,-0.327335
3,17.31588785,3.2,2.16791,2.16791,nan,2.31032,2.41076,nan,0.637381,0.565424
3,17.42803738,2.67755,2.12585,2.12585,nan,2.28529,2.3841,nan,0.281024,0.210232
3,18.03364486,1.81224,1.89934,1.89934,nan,2.15025,2.24028,nan,-0.242155,-0.306648
3,18.12336449,4.5551,1.86589,1.86589,nan,2.13027,2.21899,nan,1.73718,1.67362
3,18.23551402,0.555102,1.82414,1.82414,nan,2.10531,2.19239,nan,-1.11059,-1.17298
3,18.37009346,1.30612,1.77411,1.77411,nan,2.07536,2.16049,nan,-0.551094,-0.61208
3,18.43738318,2.20408,1.74913,1.74913,nan,2.06039,2.14454,nan,0.102939,0.042655
3,18.95327103,2.04082,1.55863,1.55863,nan,1.94581,2.02244,nan,0.0680606,0.0131637
3,19.13271028,2.57959,1.49287,1.49287,nan,1.90604,1.98004,nan,0.482545,0.429524
3,19.26728972,0.359184,1.44376,1.44376,nan,1.87623,1.94828,nan,-1.08684,-1.13845
3,19.44672897,1.63265,1.37862,1.37862,nan,1.83654,1.90596,nan,-0.146069,-0.1958
3,20.43364486,1.66531,1.02984,1.02984,nan,1.61933,1.67429,nan,0.0329364,-0.00643703
4,0,1.95122,6.74178,6.74178,3.17473,3.18689,3.14577,-0.876542,-0.885251,-0.855791
4,0.993314231,2.05765,7.13888,7.13888,4.15874,4.17184,4.12662,-1.50525,-1.51464,-1.48224
4,1.107927412,5.62306,7.17732,7.17732,4.2723,4.28552,4.23982,0.967702,0.958237,0.990973
4,1.184336199,0.922395,7.20175,7.20175,4.34801,4.3613,4.31529,-2.45416,-2.46368,-2.43072
4,1.222540592,4.25721,7.21358,7.21358,4.38587,4.39919,4.35302,-0.0921754,-0.101718,-0.0686438
4,1.910219675,7.34368,7.37322,7.37322,5.06727,5.08124,5.03225,1.63085,1.62084,1.65594
4,1.986628462,4.00887,7.38363,7.38363,5.14299,5.15703,5.10772,-0.812498,-0.822558,-0.787233
4,2.101241643,5.81818,7.39612,7.39612,5.25655,5.27071,5.22093,0.402358,0.39222,0.427883
4,2.17765043,4.00887,7.40233,7.40233,5.33227,5.34649,5.2964,-0.948102,-0.958291,-0.922403
4,2.215854823,2.80266,7.40479,7.40479,5.37012,5.38438,5.33413,-1.83937,-1.84958,-1.81358
4,2.215854823,4.47007,7.40479,7.40479,5.37012,5.38438,5.33413,-0.644814,-0.65503,-0.619028
4,2.521489971,3.051,7.40893,7.40893,5.67298,5.68752,5.63601,-1.87842,-1.88885,-1.85194
4,2.903533906,8.26608,7.37695,7.37695,6.05154,6.06645,6.01334,1.58652,1.57584,1.61389
4,3.018147087,4.82483,7.36014,7.36014,6.16511,6.18013,6.12653,-0.960194,-0.970953,-0.932556
4,3.094555874,6.56319,7.34728,7.34728,6.24082,6.25591,6.20199,0.23095,0.22014,0.258769
4,3.132760267,6.17295,7.34039,7.34039,6.27868,6.29381,6.23972,-0.0757476,-0.0865837,-0.047837
4,3.209169054,4.15078,7.32572,7.32572,6.35439,6.36959,6.31518,-1.5787,-1.58959,-1.55061
4,3.209169054,4.66519,7.32572,7.32572,6.35439,6.36959,6.31518,-1.21017,-1.22106,-1.18208
4,3.209169054,6.03104,7.32572,7.32572,6.35439,6.36959,6.31518,-0.231654,-0.242542,-0.20356
4,3.896848138,8.26608,7.15214,7.15214,7.03581,7.05166,6.99407,0.881379,0.870025,0.911286
4,3.915950334,7.18404,7.14651,7.14651,7.05474,7.07061,7.01291,0.0926288,0.0812625,0.122596
4,4.011461318,6.29712,7.11785,7.11785,7.14938,7.16534,7.10711,-0.610575,-0.622006,-0.580292
4,4.087870105,8.2306,7.09439,7.09439,7.22509,7.24112,7.18243,0.720359,0.708876,0.750922
4,4.106972302,7.55654,7.08845,7.08845,7.24402,7.26007,7.20125,0.223894,0.212398,0.254533
4,4.183381089,7.73392,7.06446,7.06446,7.31973,7.33585,7.2765,0.296734,0.285187,0.327707
4,4.240687679,7.27273,7.0462,7.0462,7.37651,7.39269,7.33286,-0.0743546,-0.0859407,-0.0430793
4,4.240687679,4.50554,7.0462,7.0462,7.37651,7.39269,7.33286,-2.05681,-2.06839,-2.02553
4,4.508118434,7.94678,6.95853,6.95853,7.57988,7.58208,7.56413,0.262855,0.261281,0.274142
4,4.508118434,6.38581,6.95853,6.95853,7.57988,7.58208,7.56413,-0.855451,-0.857025,-0.844164
4,4.699140401,7.50333,6.89385,6.89385,7.52848,7.52025,7.54971,-0.0180195,-0.0121211,-0.033233
4,4.890162369,8.54989,6.82783,6.82783,7.40358,7.39299,7.43466,0.821236,0.828823,0.798968
4,4.928366762,7.57428,6.81449,6.81449,7.37595,7.36522,7.40772,0.142088,0.149777,0.119328
4,5.023877746,6.40355,6.78096,6.78096,7.30541,7.2945,7.33816,-0.646105,-0.638293,-0.669571
4,5.062082139,7.25499,6.76749,6.76749,7.27682,7.2659,7.30979,-0.0156436,-0.00781502,-0.0392618
4,5.11938873,8.08869,6.7472,6.7472,7.23372,7.22279,7.2669,0.612511,0.620345,0.588745
4,5.17669532,7.5388,6.72684,6.72684,7.19044,7.17953,7.22373,0.24957,0.257392,0.225719
4,5.214899713,6.7051,6.71323,6.71323,7.16152,7.15062,7.19486,-0.326989,-0.319181,-0.350873
4,5.23400191,6.26164,6.70642,6.70642,7.14705,7.13616,7.1804,-0.63432,-0.62652,-0.658215
4,5.520534862,6.29712,6.60335,6.60335,6.92943,6.91878,6.96278,-0.453001,-0.445366,-0.476891
4,5.539637058,5.10865,6.59643,6.59643,6.91491,6.90427,6.94825,-1.29403,-1.28641,-1.31792
4,5.711556829,6.52772,6.53393,6.53393,6.78419,6.77371,6.81746,-0.183745,-0.176235,-0.207575
4,5.902578797,7.60976,6.46405,6.46405,6.63894,6.62863,6.67211,0.695508,0.702892,0.671746
4,5.921680993,6.86475,6.45704,6.45704,6.62441,6.61412,6.65757,0.172177,0.179549,0.148423
4,6.036294174,7.41463,6.41491,6.41491,6.53726,6.52707,6.57036,0.628564,0.635862,0.604853
4,6.074498567,5.42794,6.40084,6.40084,6.50821,6.49806,6.54129,-0.773921,-0.766648,-0.797618
4,6.074498567,5.14412,6.40084,6.40084,6.50821,6.49806,6.54129,-0.977249,-0.969976,-1.00095
4,6.112702961,8.42572,6.38676,6.38676,6.47916,6.46904,6.51221,1.39455,1.4018,1.37086
4,6.189111748,5.39246,6.35856,6.35856,6.42105,6.411,6.45407,-0.736898,-0.729699,-0.760552
4,6.227316141,6.95344,6.34444,6.34444,6.392,6.38199,6.425,0.402221,0.409395,0.378581
4,6.227316141,5.78271,6.34444,6.34444,6.392,6.38199,6.425,-0.436509,-0.429335,-0.460149
4,6.227316141,5.85366,6.34444,6.34444,6.392,6.38199,6.425,-0.385677,-0.378503,-0.409317
4,6.532951289,4.64745,6.23114,6.23114,6.15959,6.14986,6.19243,-1.08332,-1.07635,-1.10684
4,6.532951289,5.60532,6.23114,6.23114,6.15959,6.14986,6.19243,-0.397085,-0.390113,-0.420611
4,6.723973257,5.21508,6.16006,6.16006,6.01433,6.00478,6.04707,-0.572597,-0.565753,-0.59605
4,6.914995224,5.78271,6.0888,6.0888,5.86907,5.8597,5.90171,-0.0618747,-0.0551592,-0.085257
4,6.914995224,5.56984,6.0888,6.0888,5.86907,5.8597,5.90171,-0.214371,-0.207655,-0.237753
4,7.029608405,6.03104,6.04598,6.04598,5.78191,5.77265,5.8145,0.178479,0.185115,0.155137
4,7.067812798,6.13747,6.0317,6.0317,5.75286,5.74364,5.78542,0.27554,0.282151,0.252213
4,7.067812798,5.78271,6.0317,6.0317,5.75286,5.74364,5.78542,0.0213799,0.0279902,-0.00194759
4,7.106017192,7.84035,6.01741,6.01741,5.72381,5.71462,5.75635,1.51632,1.52291,1.49301
4,7.182425979,4.75388,5.98882,5.98882,5.66571,5.65659,5.69821,-0.653246,-0.646713,-0.676531
4,7.220630372,5.35698,5.97451,5.97451,5.63665,5.62757,5.66914,-0.20036,-0.193853,-0.223631
4,7.220630372,4.50554,5.97451,5.97451,5.63665,5.62757,5.66914,-0.810345,-0.803838,-0.833616
4,7.258834766,4.36364,5.9602,5.9602,5.6076,5.59856,5.64007,-0.891195,-0.884715,-0.914453
4,7.526265521,6.102,5.85994,5.85994,5.40423,5.39545,5.43656,0.499886,0.506182,0.476725
4,7.526265521,4.32816,5.85994,5.85994,5.40423,5.39545,5.43656,-0.770916,-0.76462,-0.794078
4,7.698185291,7.04213,5.7954,5.7954,5.2735,5.26487,5.30574,1.26707,1.27325,1.24397
4,7.908309456,6.91796,5.71645,5.71645,5.11371,5.10528,5.14585,1.29259,1.29863,1.26957
4,7.908309456,4.39911,5.71645,5.71645,5.11371,5.10528,5.14585,-0.511949,-0.505907,-0.534973
4,8.022922636,4.61197,5.67335,5.67335,5.02656,5.01823,5.05863,-0.297012,-0.291047,-0.319995
4,8.022922636,4.15078,5.67335,5.67335,5.02656,5.01823,5.05863,-0.627421,-0.621455,-0.650403
4,8.06112703,4.39911,5.65898,5.65898,4.9975,4.98921,5.02956,-0.428695,-0.422755,-0.451664
4,8.099331423,4.89579,5.6446,5.6446,4.96845,4.96019,5.00049,-0.0520574,-0.0461423,-0.0750117
4,8.099331423,5.03769,5.6446,5.6446,4.96845,4.96019,5.00049,0.0496068,0.0555219,0.0266525
4,8.213944604,4.18625,5.60148,5.60148,4.88129,4.87315,4.91328,-0.497938,-0.4921,-0.520851
4,8.213944604,3.08647,5.60148,5.60148,4.88129,4.87315,4.91328,-1.28584,-1.28,-1.30875
4,8.213944604,3.33481,5.60148,5.60148,4.88129,4.87315,4.91328,-1.10792,-1.10209,-1.13084
4,8.2330468,4.5765,5.59429,5.59429,4.86677,4.85864,4.89874,-0.207955,-0.20213,-0.23086
4,8.519579752,4.77162,5.48639,5.48639,4.64888,4.64101,4.68071,0.0879309,0.0935689,0.0651313
4,8.538681948,4.68293,5.4792,5.4792,4.63436,4.6265,4.66617,0.0347974,0.0404228,0.0120046
4,8.672397326,4.86031,5.42882,5.42882,4.53267,4.52494,4.56442,0.234724,0.240261,0.211979
4,8.901623687,6.03104,5.34242,5.34242,4.35837,4.35085,4.39,1.19833,1.20372,1.17567
4,9.016236867,2.55432,5.29921,5.29921,4.27121,4.2638,4.30279,-1.23,-1.22469,-1.25263
4,9.054441261,4.70067,5.28481,5.28481,4.24216,4.23478,4.27372,0.328481,0.333765,0.305871
4,9.073543457,4.23947,5.2776,5.2776,4.22763,4.22027,4.25918,0.00847832,0.0137503,-0.0141242
4,9.092645654,5.42794,5.2704,5.2704,4.21311,4.20577,4.24465,0.870322,0.875581,0.847726
4,9.092645654,4.32816,5.2704,5.2704,4.21311,4.20577,4.24465,0.0824243,0.087684,0.0598289
4,9.207258835,1.59645,5.22718,5.22718,4.12596,4.11872,4.15744,-1.81218,-1.80699,-1.83473
4,9.207258835,1.09978,5.22718,5.22718,4.12596,4.11872,4.15744,-2.168,-2.16282,-2.19055
4,9.245463228,3.1929,5.21277,5.21277,4.09691,4.08971,4.12837,-0.647643,-0.642481,-0.670181
4,9.512893983,1.77384,5.11188,5.11188,3.89356,3.88661,3.92489,-1.5186,-1.51362,-1.54105
4,9.53199618,4.20399,5.10468,5.10468,3.87904,3.8721,3.91035,0.2328,0.237769,0.210366
4,9.70391595,7.29047,5.03981,5.03981,3.74832,3.74155,3.77955,2.53764,2.5425,2.51527
4,9.894937918,1.77384,4.96772,4.96772,3.60309,3.59649,3.63422,-1.3105,-1.30578,-1.33281
4,9.914040115,4.949,4.96051,4.96051,3.58857,3.58199,3.61969,0.974636,0.97935,0.952339
4,10.04775549,1.63193,4.91004,4.91004,3.48691,3.48046,3.51797,-1.32894,-1.32431,-1.35118
4,10.04775549,3.22838,4.91004,4.91004,3.48691,3.48046,3.51797,-0.185216,-0.180591,-0.207463
4,10.12416428,2.09313,4.8812,4.8812,3.42883,3.42244,3.45984,-0.956917,-0.952343,-0.979135
4,10.12416428,3.58315,4.8812,4.8812,3.42883,3.42244,3.45984,0.110557,0.115131,0.0883385
4,10.20057307,0.922395,4.85235,4.85235,3.37075,3.36443,3.40172,-1.75404,-1.74951,-1.77623
4,10.20057307,1.20621,4.85235,4.85235,3.37075,3.36443,3.40172,-1.55071,-1.54618,-1.5729
4,10.20057307,1.59645,4.85235,4.85235,3.37075,3.36443,3.40172,-1.27113,-1.26661,-1.29332
4,10.27698185,1.41907,4.82351,4.82351,3.31267,3.30643,3.3436,-1.3566,-1.35213,-1.37876
4,10.50620821,2.62528,4.73697,4.73697,3.13846,3.13243,3.16927,-0.367651,-0.363332,-0.389725
4,10.67812798,4.23947,4.67206,4.67206,3.00783,3.00197,3.03855,0.88236,0.886564,0.860354
4,10.88825215,2.34146,4.59273,4.59273,2.84823,2.84257,2.87884,-0.363059,-0.358997,-0.384981
4,10.92645654,5.35698,4.5783,4.5783,2.81922,2.81359,2.8498,1.81809,1.82212,1.79618
4,11.04106972,0.851441,4.53502,4.53502,2.73221,2.72669,2.76273,-1.34741,-1.34345,-1.36927
4,11.06017192,3.40576,4.52781,4.52781,2.71771,2.71221,2.74821,0.49293,0.496875,0.471079
4,11.09837631,2.8204,4.51338,4.51338,2.68872,2.68325,2.7192,0.0943377,0.0982563,0.0725027
4,11.11747851,2.41242,4.50617,4.50617,2.67422,2.66877,2.70469,-0.187561,-0.183656,-0.209388
4,11.1938873,0.532151,4.47732,4.47732,2.61625,2.61087,2.64667,-1.49308,-1.48923,-1.51487
4,11.1938873,1.70288,4.47732,4.47732,2.61625,2.61087,2.64667,-0.654348,-0.650496,-0.676143
4,11.27029608,0.354767,4.44846,4.44846,2.55829,2.55299,2.58867,-1.57864,-1.57484,-1.6004
4,11.49952245,1.5255,4.3619,4.3619,2.38457,2.37949,2.41479,-0.615452,-0.61181,-0.637101
4,11.53772684,2.83814,4.34747,4.34747,2.35564,2.3506,2.38583,0.345666,0.349282,0.324037
4,11.72874881,4.96674,4.27534,4.27534,2.21114,2.20628,2.24119,1.97415,1.97764,1.95263
4,11.91977077,2.44789,4.2032,4.2032,2.06694,2.06226,2.09682,0.272922,0.276273,0.251516
4,12.03438395,0.141907,4.15991,4.15991,1.98061,1.97604,2.01038,-1.31727,-1.314,-1.3386
4,12.03438395,2.02217,4.15991,4.15991,1.98061,1.97604,2.01038,0.0297779,0.0330473,0.00845191
4,12.07258835,0.922395,4.14548,4.14548,1.95187,1.94734,1.9816,-0.737531,-0.734289,-0.758828
4,12.11079274,1.38359,4.13106,4.13106,1.92315,1.91867,1.95284,-0.386549,-0.383335,-0.407817
4,12.11079274,3.01552,4.13106,4.13106,1.92315,1.91867,1.95284,0.782589,0.785803,0.761321
4,12.22540592,0.496674,4.08777,4.08777,1.83714,1.83277,1.8667,-0.960332,-0.957202,-0.981507
4,12.22540592,2.76718,4.08777,4.08777,1.83714,1.83277,1.8667,0.666295,0.669424,0.64512
4,12.53104107,0.567627,3.97234,3.97234,1.60917,1.60513,1.63829,-0.746177,-0.743283,-0.767038
4,12.53104107,2.44789,3.97234,3.97234,1.60917,1.60513,1.63829,0.600873,0.603767,0.580013
4,12.70296084,3.40576,3.90742,3.90742,1.48217,1.47832,1.51096,1.37809,1.38085,1.35746
4,12.913085,2.55432,3.82806,3.82806,1.3287,1.32509,1.35699,0.878051,0.880643,0.857787
4,13.04680038,2.92683,3.77757,3.77757,1.23236,1.22891,1.26025,1.21394,1.21642,1.19396
4,13.06590258,0,3.77035,3.77035,1.2187,1.21527,1.24653,-0.873095,-0.870637,-0.89303
4,13.10410697,0.354767,3.75592,3.75592,1.19146,1.18808,1.21916,-0.599419,-0.596995,-0.61926
4,13.12320917,1.24169,3.74871,3.74871,1.17788,1.17452,1.20551,0.0457087,0.0481157,0.0259155
4,13.21872015,1.0643,3.71264,3.71264,1.11047,1.10723,1.13773,-0.0330744,-0.0307555,-0.0526077
4,13.5243553,2.18182,3.59722,3.59722,0.901251,0.898433,0.927004,0.917417,0.919436,0.898967
4,13.5243553,1.77384,3.59722,3.59722,0.901251,0.898433,0.927004,0.625133,0.627152,0.606683
4,13.69627507,3.051,3.5323,3.5323,0.789254,0.786689,0.813877,1.62035,1.62218,1.60271
4,13.92550143,2.5898,3.44575,3.44575,0.648458,0.646248,0.671209,1.39081,1.39239,1.37451
4,14.05921681,2.25277,3.39526,3.39526,0.571781,0.569786,0.593241,1.20429,1.20572,1.18891
4,14.0974212,0,3.38084,3.38084,0.550709,0.548775,0.571773,-0.394536,-0.39315,-0.409627
4,14.0974212,0.283814,3.38084,3.38084,0.550709,0.548775,0.571773,-0.191208,-0.189822,-0.206298
4,14.51766953,1.31264,3.22218,3.22218,0.347053,0.34579,0.363154,0.691759,0.692665,0.680225
4,14.7086915,6.40355,3.15007,3.15007,0.273171,0.272181,0.286823,4.39189,4.3926,4.38211
4,14.89971347,0.532151,3.07797,3.07797,0.211326,0.210576,0.222585,0.229843,0.230381,0.221777
4,15.05253104,1.70288,3.0203,3.0203,0.170151,0.169566,0.179617,1.09807,1.09849,1.09129
4,15.70200573,3.76053,2.77529,2.77529,0.0621375,0.0619782,0.0660096,2.64958,2.6497,2.64681
4,15.8930277,0.0709534,2.70327,2.70327,0.0453574,0.0452574,0.0482318,0.0183374,0.018409,0.0162781
4,16.04584527,1.91574,2.64566,2.64566,0.0351259,0.0350591,0.0373736,1.3473,1.34735,1.34569
4,16.10315186,0.86918,2.62407,2.62407,0.0318927,0.0318352,0.033939,0.599845,0.599886,0.598379
4,16.52340019,1.5255,2.46578,2.46578,0.0155727,0.0155572,0.0165834,1.08173,1.08174,1.08101
4,16.71442216,4.45233,2.3939,2.3939,0.0112021,0.0111953,0.0119304,3.18169,3.18169,3.18117
4,16.88634193,0.354767,2.32924,2.32924,0.00831748,0.00831598,0.0088588,0.248202,0.248203,0.247814
4,17.0582617,2.1286,2.26463,2.26463,0.00617046,0.00617297,0.00657203,1.52054,1.52054,1.52025
4,17.68863419,2.69623,2.02824,2.02824,0.00205647,0.00205918,0.00218884,1.93015,1.93014,1.93005
