parameter,value,CV,se_sa,rse_sa,P2.5_sa,P97.5_sa
alpha_pop,4.93e-05,
D_pop,0.323522223745248,,0.0443334698777606,13.7033769626504,0.248227,0.421657
E_pop,5,
C_pop,10,
B_pop,6979.52589622211,,1409.91752276359,20.2007635436493,4750.92,10253.5
ECLIPSE0_pop,9.99999999999999e-08,
BUD0_pop,0.033,
ep_pop,0.001,
Time0_pop,13.7916408434069,,5.66839547087657,41.1002253846129,0.00134116,14
omega_alpha,3.28892935405858,22330.0438068241,2.31496984450938,70.3867306134953,1.10446,9.79399
omega_D,0.227293647633306,23.0261124071172,0.0968174131575611,42.5957408689912,0.107569,0.480273
omega_B,0.0685384511405398,6.86190201417642,0.131370707619205,191.674462193238,0.0105818,0.443926
omega_Time0,6.10790912636779,50.209597968671,7.60087588290852,124.443172379491,1.32093,28.2427
a,0.000406070769283747,,0.110106287870076,27115.0489517599,3.92174e-06,0.042046
b,0.269412389883599,,0.019293729099155,7.16141121330424,0.234257,0.309844