parameter,value,CV,se_sa,rse_sa,P2.5_sa,P97.5_sa
alpha_pop,4.93e-05,
D_pop,0.962220764611644,,0.290861282773932,30.2281236771402,0.551004,1.68033
E_pop,5,
C_pop,10,
B_pop,8827.75575849213,,1.14402039984997,0.0129593571814609,8825.51,8830
ECLIPSE0_pop,9.99999999999999e-08,
BUD0_pop,0.033,
ep_pop,0.001,
Time0_pop,8.6031674749017,,5.10317013989332,59.3173404421217,0.0650643,13.9747
omega_alpha,10.8874535563961,5.49421184622565e+27,6.18840752130629,56.8398063812703,4.26405,27.7991
omega_D,0.564296826548072,61.2346812837237,0.20419153736995,36.1851294856707,0.293858,1.08362
omega_B,2.09768815669826e-05,0.00209768817591705,5.09902590414466e-05,243.078356897932,2.70426e-06,0.000162717
omega_Time0,5.01769629061959,78.0866578739256,3.45747041843054,68.9055338979795,1.71169,14.709
a,1.38606552926133,,0.0762212940036026,5.49911186697087,1.24475,1.54343
b,2.22044604925031e-16,,0.0190765655851417,8.59132136607531e+15,3.34946e-21,1.47199e-11