parameter,value,CV,se_sa,rse_sa,P2.5_sa,P97.5_sa
alpha_pop,4.93e-05,
D_pop,1.18335833111668,,0.705176417541381,59.5911144577769,0.448346,3.12334
E_pop,5,
C_pop,10,
B_pop,42466.5023079555,,4542.9464628843,10.6977175326098,34494.7,52280.5
ECLIPSE0_pop,9.99999999999999e-08,
BUD0_pop,0.033,
ep_pop,0.001,
Time0_pop,13.2259450734666,,5.60578003811717,42.384721900617,0.00329047,14
omega_D,0.748401148138396,86.6518936537579,0.486765289052326,65.0406924499149,0.266315,2.10317
omega_B,0.0879977763198772,8.81684065502101,0.239382136356245,272.032028952728,0.0104339,0.742157
omega_Time0,8.99843406618673,70.8616149994448,8.38733538756906,93.2088330689227,2.44048,33.1786
a,1.43862266291834,,0.192479577051265,13.3794345113963,1.11056,1.8636
b,2.22044604925031e-16,,0.0448208641450586,2.0185522706211e+16,2.8921e-21,1.70478e-11