parameter,value,CV,se_sa,rse_sa,P2.5_sa,P97.5_sa
alpha_pop,4.93e-05,
D_pop,0.939758548954863,,0.263137195926597,28.0005110056451,0.558441,1.58145
E_pop,5,
C_pop,10,
B_pop,7997.08963323288,,2.87015411263508,0.0358899830346755,7991.47,8002.72
ECLIPSE0_pop,9.99999999999999e-08,
BUD0_pop,0.033,
ep_pop,0.001,
Time0_pop,10.1786264700949,,5.51722755414741,54.2040477696787,0.0131421,13.9983
omega_alpha,12.1032650416741,6.45189864908338e+33,7.55991629918046,62.4617925258189,4.43451,33.0339
omega_D,0.526235736035899,56.4859437379846,0.190969454412282,36.2897160597345,0.273596,1.01216
omega_C,93.5455872716089,86.3247833261518,209.740128902539,224.211675846943,12.8153,682.838
omega_B,4.68464929001724e-05,0.00468464922911855,0.000170115304588851,363.133489952725,4.5072e-06,0.000486909
omega_Time0,6.30831721353271,77.1813210549748,4.6791302929103,74.1739854627561,2.03726,19.5335
a,1.37851557447234,,0.0746709876225769,5.41676779032103,1.23995,1.53256
b,2.22044604925031e-16,,0.0185017198668602,8.33243386981047e+15,3.36724e-21,1.46422e-11