id,time,y10,popPred_medianCOV,popPred,indivPred_SAEM,indivPred_mean,indivPred_mode,indWRes_SAEM,indWRes_mean,indWRes_mode
1,0,0.780488,7.40463,7.40463,3.03159,3.06894,3.06197,-1.63299,-1.66008,-1.65503
1,0,1.59645,7.40463,7.40463,3.03159,3.06894,3.06197,-1.04107,-1.06817,-1.06311
1,0.667302193,5.67627,7.53187,7.53187,4.1685,4.20633,4.19519,1.09377,1.06632,1.0744
1,0.762631077,5.25055,7.53447,7.53447,4.33096,4.36886,4.35712,0.667093,0.639599,0.648112
1,1.029551954,3.22838,7.52201,7.52201,4.78586,4.82394,4.81054,-1.12982,-1.15745,-1.14772
1,1.18207817,7.3082,7.50316,7.50316,5.0458,5.08399,5.06963,1.64119,1.61348,1.6239
1,1.220209724,3.051,7.49727,7.49727,5.11079,5.149,5.13441,-1.49421,-1.52193,-1.51134
1,1.258341277,5.32151,7.49096,7.49096,5.17578,5.21402,5.19918,0.105715,0.077975,0.0887394
1,1.258341277,5.74723,7.49096,7.49096,5.17578,5.21402,5.19918,0.41454,0.3868,0.397565
1,1.315538608,5.88914,7.4807,7.4807,5.27326,5.31154,5.29634,0.446768,0.419,0.430025
1,1.315538608,6.38581,7.4807,7.4807,5.27326,5.31154,5.29634,0.807064,0.779296,0.790321
1,1.410867493,4.15078,7.4617,7.4617,5.43573,5.47407,5.45827,-0.932127,-0.959942,-0.948482
1,1.448999047,3.37029,7.45348,7.45348,5.50071,5.53908,5.52305,-1.54545,-1.57328,-1.56165
1,1.468064824,8.17738,7.44924,7.44924,5.53321,5.57159,5.55543,1.91813,1.89029,1.90201
1,1.601525262,5.32151,7.41744,7.41744,5.76066,5.79914,5.78213,-0.318572,-0.346482,-0.334141
1,1.67778837,6.45676,7.39775,7.39775,5.89064,5.92917,5.91166,0.410676,0.382729,0.395426
1,1.754051478,4.15078,7.3771,7.3771,6.02062,6.05919,6.04119,-1.35641,-1.3844,-1.37134
1,1.754051478,4.61197,7.3771,7.3771,6.02062,6.05919,6.04119,-1.02185,-1.04984,-1.03678
1,1.754051478,8.15965,7.3771,7.3771,6.02062,6.05919,6.04119,1.55169,1.52371,1.53676
1,1.811248808,6.79379,7.36103,7.36103,6.1181,6.15671,6.13834,0.490161,0.462148,0.475477
1,1.982840801,3.29933,7.31032,7.31032,6.41054,6.44927,6.42974,-2.25692,-2.28502,-2.27086
1,1.982840801,6.38581,7.31032,7.31032,6.41054,6.44927,6.42974,-0.0179406,-0.0460382,-0.0318717
1,2.020972355,5.14412,7.2986,7.2986,6.47553,6.51429,6.49449,-0.965825,-0.993941,-0.979582
1,2.020972355,6.66962,7.2986,7.2986,6.47553,6.51429,6.49449,0.1408,0.112683,0.127042
1,2.097235462,7.20177,7.27473,7.27473,6.6055,6.64431,6.62397,0.432545,0.404391,0.419146
1,2.135367016,5.1796,7.2626,7.2626,6.67049,6.70933,6.68871,-1.08152,-1.10969,-1.09473
1,2.230695901,6.31486,7.23175,7.23175,6.83296,6.87186,6.85049,-0.375842,-0.404062,-0.388562
1,2.249761678,7.80488,7.2255,7.2255,6.86545,6.90437,6.88284,0.681475,0.653246,0.668861
1,2.249761678,7.48559,7.2255,7.2255,6.86545,6.90437,6.88284,0.449856,0.421627,0.437242
1,2.326024786,5.46341,7.20025,7.20025,6.99543,7.0344,7.0122,-1.11135,-1.13962,-1.12351
1,2.326024786,7.27273,7.20025,7.20025,6.99543,7.0344,7.0122,0.201157,0.17289,0.188995
1,2.364156339,6.13747,7.18748,7.18748,7.06042,7.09941,7.07684,-0.669521,-0.697807,-0.681431
1,2.402287893,5.74723,7.17463,7.17463,7.1254,7.16442,7.14144,-0.999754,-1.02806,-1.01139
1,2.440419447,6.03104,7.16169,7.16169,7.19039,7.22943,7.206,-0.841013,-0.869335,-0.852335
1,2.459485224,8.15965,7.15519,7.15519,7.22289,7.26194,7.23825,0.679543,0.651212,0.668395
1,2.592945663,7.59202,7.10922,7.10922,7.45037,7.48859,7.46232,0.102754,0.0750287,0.094083
1,2.66920877,8.12417,7.0826,7.0826,7.56228,7.5856,7.56783,0.407602,0.390689,0.403578
1,2.745471878,8.37251,7.05575,7.05575,7.61897,7.6252,7.61925,0.546628,0.542108,0.546427
1,2.745471878,7.41463,7.05575,7.05575,7.61897,7.6252,7.61925,-0.148229,-0.152749,-0.14843
1,2.764537655,5.67627,7.04901,7.04901,7.6244,7.62706,7.62373,-1.41321,-1.41514,-1.41272
1,2.802669209,5.8714,7.03548,7.03548,7.62658,7.62334,7.62447,-1.27325,-1.27089,-1.27171
1,2.974261201,5.92461,6.97409,6.97409,7.55446,7.54051,7.55036,-1.18232,-1.1722,-1.17935
1,2.974261201,7.62749,6.97409,6.97409,7.55446,7.54051,7.55036,0.0529839,0.0631019,0.0559533
1,2.974261201,6.68736,6.97409,6.97409,7.55446,7.54051,7.55036,-0.629006,-0.618888,-0.626036
1,3.012392755,6.102,6.96033,6.96033,7.53058,7.51608,7.5265,-1.03632,-1.02581,-1.03336
1,3.012392755,7.98226,6.96033,6.96033,7.53058,7.51608,7.5265,0.327659,0.338174,0.330615
1,3.088655863,6.77605,6.93273,6.93273,7.48046,7.46549,7.47657,-0.510989,-0.50013,-0.508166
1,3.16491897,6.31486,6.90499,6.90499,7.42892,7.41386,7.4253,-0.808166,-0.797235,-0.805539
1,3.203050524,7.48559,6.89108,6.89108,7.40294,7.38788,7.39947,0.0599562,0.0708802,0.0624748
1,3.241182078,8.37251,6.87714,6.87714,7.37688,7.36185,7.37356,0.722247,0.73315,0.724654
1,3.241182078,8.2306,6.87714,6.87714,7.37688,7.36185,7.37356,0.619305,0.630208,0.621712
1,3.241182078,6.95344,6.87714,6.87714,7.37688,7.36185,7.37356,-0.307171,-0.296268,-0.304764
1,3.317445186,4.82483,6.84919,6.84919,7.32464,7.3097,7.32164,-1.81341,-1.80257,-1.81123
1,3.317445186,8.08869,6.84919,6.84919,7.32464,7.3097,7.32164,0.554254,0.565094,0.556431
1,3.317445186,7.7694,6.84919,6.84919,7.32464,7.3097,7.32164,0.322635,0.333474,0.324812
1,3.35557674,5.96009,6.83517,6.83517,7.2985,7.28361,7.29566,-0.970907,-0.960105,-0.968846
1,3.35557674,5.39246,6.83517,6.83517,7.2985,7.28361,7.29566,-1.38267,-1.37187,-1.38061
1,3.393708294,8.2306,6.82114,6.82114,7.27235,7.25751,7.26966,0.695134,0.705898,0.697079
1,3.393708294,6.95344,6.82114,6.82114,7.27235,7.25751,7.26966,-0.231342,-0.220579,-0.229397
1,3.469971401,7.55654,6.793,6.793,7.22002,7.2053,7.21766,0.244117,0.254799,0.245828
1,3.469971401,7.27273,6.793,6.793,7.22002,7.2053,7.21766,0.0382333,0.0489155,0.0399448
1,3.508102955,9.15299,6.7789,6.7789,7.19386,7.17919,7.19166,1.42119,1.43183,1.42279
1,3.546234509,6.95344,6.76478,6.76478,7.16769,7.15308,7.16565,-0.155423,-0.144824,-0.153946
1,3.584366063,7.59202,6.75064,6.75064,7.14152,7.12697,7.13965,0.326797,0.337355,0.328157
1,3.698760724,8.33703,6.70813,6.70813,7.06302,7.04864,7.06163,0.924189,0.934621,0.925198
1,3.736892278,8.01774,6.69393,6.69393,7.03685,7.02253,7.03562,0.711553,0.721943,0.712445
1,3.775023832,5.49889,6.67971,6.67971,7.01068,6.99642,7.00962,-1.09668,-1.08633,-1.09591
1,3.775023832,7.00665,6.67971,6.67971,7.01068,6.99642,7.00962,-0.0029246,0.00742409,-0.00214999
1,3.813155386,4.75388,6.66548,6.66548,6.98452,6.97031,6.98361,-1.61814,-1.60784,-1.61749
1,3.889418494,8.58537,6.63698,6.63698,6.93218,6.91809,6.9316,1.19925,1.20947,1.19967
1,3.908484271,8.85144,6.62985,6.62985,6.91909,6.90503,6.91859,1.40176,1.41196,1.40212
1,3.965681602,7.37916,6.60843,6.60843,6.87984,6.86586,6.87958,0.362213,0.372352,0.362401
1,3.965681602,5.81818,6.60843,6.60843,6.87984,6.86586,6.87958,-0.770147,-0.760008,-0.769959
1,3.965681602,6.63415,6.60843,6.60843,6.87984,6.86586,6.87958,-0.178232,-0.168093,-0.178044
1,4.003813155,6.84701,6.59413,6.59413,6.85367,6.83975,6.85358,-0.00483665,0.00526119,-0.00476505
1,4.003813155,6.98891,6.59413,6.59413,6.85367,6.83975,6.85358,0.0981051,0.108203,0.0981767
1,4.061010486,8.03548,6.57268,6.57268,6.81442,6.80059,6.81457,0.885775,0.89581,0.885671
1,4.156339371,8.26608,6.53686,6.53686,6.749,6.73531,6.74955,1.10051,1.11044,1.10012
1,4.194470925,7.96452,6.52251,6.52251,6.72284,6.7092,6.72354,0.900742,0.910634,0.90023
1,4.232602479,7.1663,6.50816,6.50816,6.69667,6.68309,6.69753,0.340677,0.350527,0.340049
1,4.232602479,7.69845,6.50816,6.50816,6.69667,6.68309,6.69753,0.726708,0.736559,0.72608
1,4.289799809,8.07095,6.48662,6.48662,6.65742,6.64392,6.65852,1.0254,1.03519,1.0246
1,4.308865586,6.13747,6.47943,6.47943,6.64433,6.63087,6.64552,-0.367687,-0.357918,-0.368548
1,4.308865586,6.66962,6.47943,6.47943,6.64433,6.63087,6.64552,0.0183451,0.0281138,0.0174837
1,4.327931363,8.26608,6.47225,6.47225,6.63125,6.61781,6.63252,1.18593,1.19568,1.18501
1,4.327931363,5.78271,6.47225,6.47225,6.63125,6.61781,6.63252,-0.61555,-0.605802,-0.61647
1,4.327931363,6.26164,6.47225,6.47225,6.63125,6.61781,6.63252,-0.268121,-0.258373,-0.269041
1,4.34699714,7.62749,6.46506,6.46506,6.61817,6.60476,6.61951,0.732185,0.741912,0.731207
1,4.385128694,6.77605,6.45067,6.45067,6.592,6.57865,6.59351,0.133518,0.143202,0.132422
1,4.423260248,6.91796,6.43628,6.43628,6.56583,6.55254,6.5675,0.255443,0.265085,0.254229
1,4.461391802,7.02439,6.42188,6.42188,6.53966,6.52643,6.54149,0.351632,0.361232,0.350301
1,4.499523356,7.52106,6.40748,6.40748,6.51349,6.50032,6.51549,0.730911,0.74047,0.729463
1,4.59485224,8.01774,6.37143,6.37143,6.44807,6.43504,6.45047,1.13867,1.14812,1.13692
1,4.652049571,7.66297,6.34979,6.34979,6.40882,6.39587,6.41146,0.909786,0.919176,0.907868
1,4.747378456,7.18404,6.31369,6.31369,6.3434,6.3306,6.34644,0.609815,0.619099,0.607604
1,4.766444233,4.36364,6.30647,6.30647,6.33031,6.31754,6.33344,-1.42666,-1.4174,-1.42893
1,4.804575786,4.75388,6.29201,6.29201,6.30414,6.29143,6.30743,-1.12459,-1.11537,-1.12698
1,4.880838894,8.01774,6.2631,6.2631,6.25181,6.23921,6.25542,1.28104,1.29017,1.27842
1,4.957102002,5.07317,6.23416,6.23416,6.19947,6.18699,6.20341,-0.817038,-0.807986,-0.819895
1,4.995233556,3.5122,6.21969,6.21969,6.1733,6.16088,6.1774,-1.93041,-1.9214,-1.93339
1,4.995233556,6.88248,6.21969,6.21969,6.1733,6.16088,6.1774,0.514453,0.523463,0.511479
1,4.995233556,7.02439,6.21969,6.21969,6.1733,6.16088,6.1774,0.617395,0.626405,0.614421
1,4.995233556,7.27273,6.21969,6.21969,6.1733,6.16088,6.1774,0.797543,0.806553,0.794569
1,4.995233556,6.17295,6.21969,6.21969,6.1733,6.16088,6.1774,-0.000256111,0.00875425,-0.00323019
1,5.03336511,7.52106,6.20521,6.20521,6.14713,6.13477,6.1514,0.996674,1.00564,0.993583
1,5.03336511,5.46341,6.20521,6.20521,6.14713,6.13477,6.1514,-0.495982,-0.487014,-0.499073
1,5.071496663,5.96009,6.19073,6.19073,6.12096,6.10866,6.12539,-0.116703,-0.107776,-0.119911
1,5.147759771,7.41463,6.16176,6.16176,6.06863,6.05644,6.07337,0.976417,0.985259,0.972974
1,5.147759771,5.28603,6.16176,6.16176,6.06863,6.05644,6.07337,-0.56771,-0.558868,-0.571153
1,5.224022879,5.07317,6.13277,6.13277,6.01629,6.00422,6.02136,-0.684157,-0.675399,-0.687834
1,5.300285987,7.94678,6.10377,6.10377,5.96396,5.952,5.96935,1.43838,1.44705,1.43447
1,5.300285987,7.20177,6.10377,6.10377,5.96396,5.952,5.96935,0.897936,0.90661,0.894025
1,5.319351764,2.44789,6.09651,6.09651,5.95087,5.93894,5.95634,-2.54112,-2.53247,-2.54509
1,5.319351764,6.56319,6.09651,6.09651,5.95087,5.93894,5.95634,0.444189,0.452842,0.44022
1,5.338417541,3.68958,6.08926,6.08926,5.93779,5.92589,5.94334,-1.63089,-1.62226,-1.63492
1,5.338417541,6.11973,6.08926,6.08926,5.93779,5.92589,5.94334,0.131987,0.14062,0.12796
1,5.338417541,5.74723,6.08926,6.08926,5.93779,5.92589,5.94334,-0.138235,-0.129602,-0.142263
1,5.376549094,5.46341,6.07475,6.07475,5.91162,5.89978,5.91733,-0.325136,-0.316545,-0.32928
1,5.395614871,6.03104,6.0675,6.0675,5.89854,5.88672,5.90433,0.0961219,0.104693,0.09192
1,5.452812202,6.97118,6.04573,6.04573,5.85929,5.84756,5.86532,0.806585,0.815094,0.802208
1,5.452812202,4.47007,6.04573,6.04573,5.85929,5.84756,5.86532,-1.00776,-0.999256,-1.01214
1,5.510009533,7.23725,6.02395,6.02395,5.82003,5.80839,5.82631,1.02807,1.03652,1.02352
1,5.52907531,6.75831,6.0167,6.0167,5.80695,5.79534,5.8133,0.690137,0.698563,0.685528
1,5.605338418,7.62749,5.98765,5.98765,5.75461,5.74311,5.76129,1.35862,1.36696,1.35378
1,5.605338418,6.56319,5.98765,5.98765,5.75461,5.74311,5.76129,0.586557,0.5949,0.581715
1,5.643469971,5.32151,5.97313,5.97313,5.72845,5.717,5.73528,-0.295201,-0.2869,-0.30016
1,5.681601525,7.73392,5.9586,5.9586,5.70228,5.69089,5.70928,1.47379,1.48205,1.46872
1,5.681601525,5.56984,5.9586,5.9586,5.70228,5.69089,5.70928,-0.0960695,-0.0878111,-0.101146
1,5.738798856,3.26386,5.9368,5.9368,5.66303,5.65173,5.67027,-1.7404,-1.7322,-1.74565
1,5.757864633,6.35033,5.92954,5.92954,5.64994,5.63867,5.65726,0.508076,0.516251,0.502766
1,5.834127741,5.10865,5.90047,5.90047,5.59761,5.58645,5.60525,-0.354699,-0.346608,-0.360243
1,5.872259295,6.45676,5.88593,5.88593,5.57144,5.56034,5.57924,0.642231,0.65028,0.63657
1,5.929456625,0.674058,5.86412,5.86412,5.53219,5.52118,5.54023,-3.52417,-3.51619,-3.53001
1,5.929456625,5.90687,5.86412,5.86412,5.53219,5.52118,5.54023,0.271806,0.279792,0.265969
1,5.948522402,5.46341,5.85685,5.85685,5.5191,5.50812,5.52723,-0.0403958,-0.0324309,-0.0462909
1,5.986653956,4.1153,5.84231,5.84231,5.49293,5.48201,5.50122,-0.99936,-0.991437,-1.00537
1,6.02478551,5.1796,5.82777,5.82777,5.46676,5.4559,5.47521,-0.208313,-0.200433,-0.214443
1,6.062917064,3.97339,5.81322,5.81322,5.4406,5.42979,5.44921,-1.06434,-1.0565,-1.07058
1,6.081982841,3.77827,5.80595,5.80595,5.42751,5.41673,5.4362,-1.19639,-1.18857,-1.20269
1,6.101048618,4.93126,5.79867,5.79867,5.41443,5.40368,5.4232,-0.350496,-0.342699,-0.356859
1,6.139180172,6.35033,5.78413,5.78413,5.38826,5.37757,5.39719,0.697905,0.70566,0.691425
1,6.139180172,6.102,5.78413,5.78413,5.38826,5.37757,5.39719,0.517757,0.525512,0.511276
1,6.234509056,5.97783,5.74775,5.74775,5.32284,5.31229,5.33218,0.475141,0.48279,0.468367
1,6.253574833,5.81818,5.74047,5.74047,5.30975,5.29924,5.31917,0.368823,0.376451,0.36199
1,6.253574833,5.00222,5.74047,5.74047,5.30975,5.29924,5.31917,-0.223093,-0.215464,-0.229925
1,6.291706387,3.90244,5.72592,5.72592,5.28359,5.27313,5.29317,-1.00191,-0.994323,-1.00886
1,6.291706387,3.6541,5.72592,5.72592,5.28359,5.27313,5.29317,-1.18206,-1.17447,-1.18901
1,6.329837941,6.91796,5.71136,5.71136,5.25742,5.24702,5.26716,1.20459,1.21213,1.19752
1,6.329837941,4.15078,5.71136,5.71136,5.25742,5.24702,5.26716,-0.802777,-0.795234,-0.809845
1,6.348903718,6.4745,5.70409,5.70409,5.24433,5.23396,5.25416,0.892386,0.899909,0.88526
1,6.367969495,6.03104,5.69681,5.69681,5.23125,5.22091,5.24115,0.580185,0.587686,0.573
1,6.406101049,4.64745,5.68225,5.68225,5.20508,5.1948,5.21515,-0.404515,-0.397055,-0.411817
1,6.406101049,4.43459,5.68225,5.68225,5.20508,5.1948,5.21515,-0.558927,-0.551468,-0.56623
1,6.444232602,7.13082,5.66769,5.66769,5.17891,5.16869,5.18914,1.41595,1.42337,1.40853
1,6.444232602,2.98004,5.66769,5.66769,5.17891,5.16869,5.18914,-1.5951,-1.58768,-1.60252
1,6.52049571,4.15078,5.63857,5.63857,5.12658,5.11647,5.13713,-0.707863,-0.700529,-0.715516
1,6.52049571,4.96674,5.63857,5.63857,5.12658,5.11647,5.13713,-0.115948,-0.108614,-0.123601
1,6.596758818,4.29268,5.60945,5.60945,5.07424,5.06425,5.08511,-0.566956,-0.559706,-0.574843
1,6.615824595,5.25055,5.60217,5.60217,5.06116,5.05119,5.07211,0.137393,0.144622,0.129447
1,6.634890372,5.03769,5.59489,5.59489,5.04807,5.03814,5.05911,-0.00752837,-0.000320502,-0.0155332
1,6.673021926,5.60532,5.58032,5.58032,5.0219,5.01203,5.0331,0.423222,0.430387,0.4151
1,6.749285033,3.58315,5.55119,5.55119,4.96957,4.95981,4.98109,-1.00573,-0.998652,-1.01409
1,6.787416587,4.5765,5.53663,5.53663,4.9434,4.9337,4.95508,-0.266158,-0.259118,-0.274632
1,6.787416587,5.00222,5.53663,5.53663,4.9434,4.9337,4.95508,0.0426671,0.0497072,0.0341937
1,6.863679695,5.92461,5.50749,5.50749,4.89106,4.88147,4.90307,0.749754,0.75671,0.741047
1,6.882745472,4.77162,5.50021,5.50021,4.87798,4.86842,4.89006,-0.0771567,-0.0702214,-0.0859227
1,6.95900858,5.12639,5.47107,5.47107,4.82564,4.8162,4.83805,0.218163,0.225015,0.209163
1,6.978074357,2.60754,5.46379,5.46379,4.81256,4.80314,4.82505,-1.59956,-1.59273,-1.60862
1,6.978074357,6.06652,5.46379,5.46379,4.81256,4.80314,4.82505,0.909644,0.916474,0.900585
1,6.978074357,4.00887,5.46379,5.46379,4.81256,4.80314,4.82505,-0.583012,-0.576182,-0.592071
1,6.978074357,3.90244,5.46379,5.46379,4.81256,4.80314,4.82505,-0.660219,-0.653388,-0.669277
1,6.978074357,3.68958,5.46379,5.46379,4.81256,4.80314,4.82505,-0.814631,-0.807801,-0.82369
1,7.01620591,5.55211,5.44922,5.44922,4.78639,4.77703,4.79904,0.555462,0.562251,0.546287
1,7.01620591,3.49446,5.44922,5.44922,4.78639,4.77703,4.79904,-0.937194,-0.930405,-0.94637
1,7.054337464,3.83149,5.43465,5.43465,4.76023,4.75092,4.77304,-0.673724,-0.666978,-0.683017
1,7.092469018,5.33925,5.42007,5.42007,4.73406,4.72481,4.74703,0.439015,0.44572,0.429605
1,7.092469018,4.64745,5.42007,5.42007,4.73406,4.72481,4.74703,-0.0628264,-0.0561217,-0.0722362
1,7.20686368,3.40576,5.37636,5.37636,4.65555,4.64649,4.66901,-0.90662,-0.900041,-0.91638
1,7.244995234,3.22838,5.36178,5.36178,4.62939,4.62038,4.643,-1.01631,-1.00978,-1.02619
1,7.244995234,5.97783,5.36178,5.36178,4.62939,4.62038,4.643,0.978183,0.98472,0.968305
1,7.283126787,3.86696,5.34721,5.34721,4.60322,4.59427,4.617,-0.534094,-0.527599,-0.544089
1,7.321258341,2.87361,5.33263,5.33263,4.57705,4.56816,4.59099,-1.2357,-1.22925,-1.24582
1,7.321258341,5.32151,5.33263,5.33263,4.57705,4.56816,4.59099,0.540042,0.546495,0.52993
1,7.321258341,4.25721,5.33263,5.33263,4.57705,4.56816,4.59099,-0.232021,-0.225568,-0.242134
1,7.321258341,3.97339,5.33263,5.33263,4.57705,4.56816,4.59099,-0.437905,-0.431452,-0.448018
1,7.359389895,3.72506,5.31806,5.31806,4.55088,4.54205,4.56499,-0.59907,-0.59266,-0.6093
1,7.359389895,4.7184,5.31806,5.31806,4.55088,4.54205,4.56499,0.121522,0.127933,0.111292
1,7.397521449,4.07982,5.30348,5.30348,4.52472,4.51594,4.53898,-0.322734,-0.316365,-0.333081
1,7.435653003,3.97339,5.28891,5.28891,4.49855,4.48983,4.51297,-0.380958,-0.374631,-0.391422
1,7.473784557,3.29933,5.27433,5.27433,4.47238,4.46372,4.48697,-0.850949,-0.844664,-0.86153
1,7.473784557,5.88914,5.27433,5.27433,4.47238,4.46372,4.48697,1.02774,1.03402,1.01716
1,7.511916111,3.86696,5.25975,5.25975,4.44621,4.43761,4.46096,-0.4202,-0.413956,-0.430898
1,7.607244995,1.04656,5.22331,5.22331,4.3808,4.37233,4.39595,-2.41871,-2.41257,-2.4297
1,7.607244995,2.55432,5.22331,5.22331,4.3808,4.37233,4.39595,-1.32496,-1.31882,-1.33595
1,7.626310772,4.1153,5.21602,5.21602,4.36771,4.35928,4.38295,-0.183106,-0.176988,-0.194156
1,7.626310772,3.97339,5.21602,5.21602,4.36771,4.35928,4.38295,-0.286048,-0.279929,-0.297097
1,7.664442326,4.7184,5.20144,5.20144,4.34155,4.33317,4.35694,0.273379,0.279455,0.262212
1,7.740705434,3.58315,5.17228,5.17228,4.28921,4.28095,4.30493,-0.512191,-0.506199,-0.523594
1,7.740705434,5.35698,5.17228,5.17228,4.28921,4.28095,4.30493,0.774581,0.780573,0.763179
1,7.778836988,3.22838,5.1577,5.1577,4.26305,4.25484,4.27893,-0.750564,-0.744614,-0.762084
1,7.797902765,4.27494,5.15041,5.15041,4.24996,4.24179,4.26592,0.018123,0.0240521,0.00654401
1,7.912297426,5.42794,5.10667,5.10667,4.17146,4.16346,4.18791,0.911471,0.917274,0.899539
1,7.931363203,4.86031,5.09938,5.09938,4.15838,4.15041,4.17491,0.509195,0.514976,0.497204
1,7.969494757,0.461197,5.0848,5.0848,4.13221,4.1243,4.1489,-2.66302,-2.65728,-2.67513
1,7.969494757,3.44124,5.0848,5.0848,4.13221,4.1243,4.1489,-0.501241,-0.495502,-0.513349
1,7.969494757,2.83814,5.0848,5.0848,4.13221,4.1243,4.1489,-0.938744,-0.933005,-0.950852
1,7.988560534,1.54324,5.07751,5.07751,4.11913,4.11124,4.1359,-1.8686,-1.86288,-1.88076
1,8.007626311,3.33481,5.07022,5.07022,4.10604,4.09819,4.1229,-0.559466,-0.553769,-0.571692
1,8.026692088,4.55876,5.06293,5.06293,4.09296,4.08514,4.1099,0.337898,0.343574,0.325613
1,8.083889418,3.86696,5.04106,5.04106,4.05371,4.04597,4.07089,-0.135471,-0.129858,-0.147932
1,8.083889418,2.55432,5.04106,5.04106,4.05371,4.04597,4.07089,-1.08768,-1.08207,-1.10014
1,8.141086749,1.38359,5.01918,5.01918,4.01446,4.00681,4.03188,-1.90848,-1.90293,-1.92112
1,8.160152526,1.84479,5.01189,5.01189,4.00138,3.99376,4.01888,-1.56443,-1.5589,-1.57713
1,8.236415634,4.00887,4.98273,4.98273,3.94905,3.94154,3.96687,0.0433957,0.0488396,0.0304645
1,8.236415634,2.16408,4.98273,4.98273,3.94905,3.94154,3.96687,-1.29485,-1.2894,-1.30778
1,8.236415634,4.7184,4.98273,4.98273,3.94905,3.94154,3.96687,0.558105,0.563549,0.545173
1,8.312678742,2.98004,4.95356,4.95356,3.89672,3.88933,3.91487,-0.664971,-0.659611,-0.678137
1,8.312678742,5.25055,4.95356,4.95356,3.89672,3.88933,3.91487,0.982098,0.987458,0.968932
1,8.331744519,1.20621,4.94627,4.94627,3.88364,3.87628,3.90186,-1.94225,-1.93691,-1.95548
1,8.350810296,4.00887,4.93898,4.93898,3.87055,3.86322,3.88886,0.100337,0.105655,0.0870544
1,8.350810296,3.47672,4.93898,4.93898,3.87055,3.86322,3.88886,-0.285695,-0.280376,-0.298977
1,8.369876072,2.80266,4.93169,4.93169,3.85747,3.85017,3.87586,-0.765178,-0.759881,-0.778519
1,8.408007626,2.19956,4.9171,4.9171,3.83131,3.82406,3.84986,-1.1837,-1.17845,-1.19716
1,8.465204957,2.30599,4.89523,4.89523,3.79206,3.7849,3.81086,-1.07803,-1.07283,-1.09166
1,8.465204957,5.32151,4.89523,4.89523,3.79206,3.7849,3.81086,1.10949,1.11468,1.09585
1,8.503336511,2.44789,4.88065,4.88065,3.7659,3.7588,3.78485,-0.956104,-0.950952,-0.969854
1,8.579599619,2.94457,4.85148,4.85148,3.71357,3.70658,3.73285,-0.557849,-0.552781,-0.571834
1,8.598665396,2.23503,4.84418,4.84418,3.70049,3.69353,3.71985,-1.06307,-1.05802,-1.07711
1,8.617731173,3.5122,4.83689,4.83689,3.68741,3.68048,3.70685,-0.127103,-0.122077,-0.141205
1,8.617731173,2.76718,4.83689,4.83689,3.68741,3.68048,3.70685,-0.667547,-0.662521,-0.681649
1,8.732125834,5.62306,4.79314,4.79314,3.60892,3.60217,3.62885,1.46109,1.46599,1.44664
1,8.751191611,3.08647,4.78585,4.78585,3.59584,3.58911,3.61585,-0.369503,-0.364624,-0.384015
1,8.808388942,3.90244,4.76397,4.76397,3.5566,3.54996,3.57685,0.250879,0.255695,0.236191
1,8.88465205,6.66962,4.7348,4.7348,3.50428,3.49775,3.52485,2.2962,2.30093,2.28128
1,8.903717827,7.02439,4.72751,4.72751,3.4912,3.4847,3.51185,2.56304,2.56775,2.54806
1,8.94184938,1.54324,4.71292,4.71292,3.46504,3.4586,3.48585,-1.39411,-1.38944,-1.40921
1,8.979980934,2.55432,4.69834,4.69834,3.43888,3.4325,3.45985,-0.641671,-0.637045,-0.656887
1,8.979980934,5.28603,4.69834,4.69834,3.43888,3.4325,3.45985,1.33996,1.34458,1.32474
1,9.037178265,1.17073,4.67646,4.67646,3.39964,3.39335,3.42086,-1.61689,-1.61233,-1.63228
1,9.075309819,4.15078,4.66187,4.66187,3.37348,3.36725,3.39486,0.563862,0.568384,0.548354
1,9.151572927,3.68958,4.6327,4.6327,3.32117,3.31505,3.34287,0.26725,0.271688,0.251508
1,9.151572927,1.38359,4.6327,4.6327,3.32117,3.31505,3.34287,-1.40555,-1.40112,-1.4213
1,9.208770257,1.11752,4.61082,4.61082,3.28194,3.27591,3.30388,-1.57011,-1.56574,-1.58603
1,9.246901811,1.72062,4.59623,4.59623,3.25578,3.24981,3.27789,-1.11363,-1.1093,-1.12967
1,9.304099142,4.15078,4.57436,4.57436,3.21655,3.21067,3.2389,0.677701,0.681971,0.661493
1,9.304099142,2.94457,4.57436,4.57436,3.21655,3.21067,3.2389,-0.197304,-0.193034,-0.213513
1,9.304099142,2.73171,4.57436,4.57436,3.21655,3.21067,3.2389,-0.351717,-0.347447,-0.367925
1,9.304099142,1.88027,4.57436,4.57436,3.21655,3.21067,3.2389,-0.969368,-0.965098,-0.985576
1,9.342230696,3.40576,4.55977,4.55977,3.1904,3.18457,3.21291,0.156228,0.160455,0.139902
1,9.342230696,2.51885,4.55977,4.55977,3.1904,3.18457,3.21291,-0.487158,-0.482931,-0.503484
1,9.456625357,4.39911,4.51601,4.51601,3.11195,3.1063,3.13494,0.93373,0.93783,0.917054
1,9.475691134,1.91574,4.50872,4.50872,3.09888,3.09325,3.12195,-0.858268,-0.854188,-0.875002
1,9.532888465,2.76718,4.48684,4.48684,3.05966,3.05412,3.08297,-0.212166,-0.20815,-0.229076
1,9.571020019,1.0643,4.47225,4.47225,3.03351,3.02804,3.05698,-1.4285,-1.42453,-1.44553
1,9.571020019,1.73836,4.47225,4.47225,3.03351,3.02804,3.05698,-0.939528,-0.935554,-0.956554
1,9.609151573,0.248337,4.45766,4.45766,3.00737,3.00195,3.031,-2.00145,-1.99752,-2.01859
1,9.666348904,2.02217,4.43578,4.43578,2.96816,2.96283,2.99203,-0.686234,-0.682366,-0.703551
1,9.723546235,3.58315,4.4139,4.4139,2.92895,2.9237,2.95306,0.474568,0.478373,0.457076
1,9.742612011,4.54102,4.40661,4.40661,2.91588,2.91066,2.94007,1.17891,1.18269,1.16136
1,9.818875119,4.20399,4.37744,4.37744,2.86361,2.85851,2.88812,0.972336,0.976035,0.954554
1,9.87607245,4.96674,4.35556,4.35556,2.82441,2.8194,2.84917,1.55408,1.55772,1.53613
1,9.971401335,7.21951,4.31909,4.31909,2.7591,2.75423,2.78425,3.23566,3.23919,3.21742
1,9.990467112,3.1929,4.3118,4.3118,2.74604,2.7412,2.77127,0.324165,0.327673,0.305862
1,10.06673022,1.84479,4.28262,4.28262,2.6938,2.68908,2.71935,-0.615889,-0.612465,-0.634422
1,10.06673022,2.94457,4.28262,4.28262,2.6938,2.68908,2.71935,0.18191,0.185334,0.163377
1,10.14299333,1.02882,4.25345,4.25345,2.64158,2.63697,2.66744,-1.16992,-1.16658,-1.18868
1,10.21925643,1.41907,4.22427,4.22427,2.58937,2.58488,2.61555,-0.848958,-0.845702,-0.867948
1,10.21925643,1.91574,4.22427,4.22427,2.58937,2.58488,2.61555,-0.488662,-0.485406,-0.507651
1,10.29551954,2.62528,4.1951,4.1951,2.53718,2.53281,2.56367,0.0639094,0.0670806,0.0446914
1,10.3336511,0.31929,4.18051,4.18051,2.51109,2.50677,2.53774,-1.58997,-1.58684,-1.6093
1,10.3336511,0.709534,4.18051,4.18051,2.51109,2.50677,2.53774,-1.30688,-1.30375,-1.32621
1,10.3336511,1.84479,4.18051,4.18051,2.51109,2.50677,2.53774,-0.483344,-0.480215,-0.502676
1,10.3336511,2.80266,4.18051,4.18051,2.51109,2.50677,2.53774,0.211513,0.214642,0.192181
1,10.37178265,2.30599,4.16592,4.16592,2.485,2.48075,2.51181,-0.12986,-0.126774,-0.149306
1,10.4099142,2.73171,4.15134,4.15134,2.45892,2.45473,2.48588,0.197885,0.200928,0.178325
1,10.44804576,3.4235,4.13675,4.13675,2.43284,2.42871,2.45996,0.718642,0.721642,0.698968
1,10.44804576,2.02217,4.13675,4.13675,2.43284,2.42871,2.45996,-0.297908,-0.294908,-0.317582
1,10.56244042,0,4.09299,4.09299,2.35465,2.3507,2.38224,-1.70811,-1.70524,-1.72812
1,10.60057197,3.29933,4.0784,4.0784,2.3286,2.32471,2.35635,0.704185,0.707013,0.684061
1,10.60057197,1.73836,4.0784,4.0784,2.3286,2.32471,2.35635,-0.428174,-0.425347,-0.448299
1,10.67683508,2.98004,4.04923,4.04923,2.27653,2.27275,2.30458,0.510344,0.513086,0.489996
1,10.71496663,1.73836,4.03464,4.03464,2.2505,2.24678,2.2787,-0.371517,-0.368817,-0.391975
1,10.73403241,3.37029,4.02735,4.02735,2.23749,2.2338,2.26577,0.821751,0.824429,0.801238
1,10.81029552,3.1929,3.99817,3.99817,2.18548,2.1819,2.21406,0.730807,0.7334,0.710074
1,10.88655863,6.42129,3.969,3.969,2.1335,2.13005,2.16238,3.11044,3.11294,3.08949
1,10.9056244,3.051,3.96171,3.96171,2.12051,2.11709,2.14947,0.67499,0.677474,0.653985
1,10.94375596,0.390244,3.94712,3.94712,2.09455,2.09118,2.12365,-1.23633,-1.23389,-1.25745
1,10.94375596,1.02882,3.94712,3.94712,2.09455,2.09118,2.12365,-0.773095,-0.770654,-0.794208
1,10.96282173,1.27716,3.93983,3.93983,2.08157,2.07824,2.11075,-0.583533,-0.581114,-0.604699
1,11.05815062,2.23503,3.90336,3.90336,2.01673,2.01355,2.04628,0.158359,0.16067,0.136928
1,11.05815062,1.95122,3.90336,3.90336,2.01673,2.01355,2.04628,-0.0475248,-0.0452138,-0.0689554
1,11.09628217,0.177384,3.88877,3.88877,1.99082,1.9877,2.02051,-1.3155,-1.31323,-1.33704
1,11.13441373,2.19956,3.87419,3.87419,1.96493,1.96186,1.99476,0.170202,0.172426,0.148564
1,11.22974261,2.53659,3.83772,3.83772,1.90027,1.89736,1.93045,0.461593,0.463708,0.4397
1,11.24880839,0.603104,3.83043,3.83043,1.88736,1.88447,1.9176,-0.931619,-0.929525,-0.953562
1,11.30600572,4.38137,3.80855,3.80855,1.84863,1.84584,1.87909,1.8373,1.83932,1.8152
1,11.3250715,0,3.80125,3.80125,1.83574,1.83297,1.86626,-1.33168,-1.32967,-1.35382
1,11.3250715,0.886918,3.80125,3.80125,1.83574,1.83297,1.86626,-0.688291,-0.686284,-0.710432
1,11.3250715,2.80266,3.80125,3.80125,1.83574,1.83297,1.86626,0.701424,0.70343,0.679283
1,11.36320305,1.45455,3.78667,3.78667,1.80996,1.80726,1.84062,-0.257826,-0.255862,-0.280063
1,11.4013346,1.0643,3.77208,3.77208,1.78421,1.78156,1.815,-0.522235,-0.520316,-0.544568
1,11.43946616,1.59645,3.7575,3.7575,1.75848,1.7559,1.7894,-0.117541,-0.115665,-0.139969
1,11.55386082,0.957871,3.71374,3.71374,1.68148,1.67907,1.71277,-0.524916,-0.52317,-0.547615
1,11.59199237,1.24169,3.69915,3.69915,1.65587,1.65352,1.68728,-0.300456,-0.298754,-0.323243
1,11.59199237,4.39911,3.69915,3.69915,1.65587,1.65352,1.68728,1.99,1.9917,1.96721
1,11.63012393,2.87361,3.68457,3.68457,1.6303,1.62801,1.66182,0.901926,0.903585,0.879054
1,11.74451859,2.55432,3.64081,3.64081,1.5538,1.55169,1.58566,0.725797,0.727325,0.702684
1,11.8207817,1.70288,3.61164,3.61164,1.50302,1.50103,1.53508,0.144987,0.146428,0.121725
1,11.87797903,6.31486,3.58976,3.58976,1.46505,1.46315,1.49726,3.51813,3.51951,3.49477
1,11.8970448,1.80931,3.58247,3.58247,1.45242,1.45056,1.48468,0.258894,0.260249,0.235495
1,11.93517636,0.425721,3.56788,3.56788,1.42721,1.4254,1.45955,-0.726495,-0.725183,-0.749958
1,11.97330791,0.141907,3.5533,3.5533,1.40204,1.4003,1.43447,-0.914127,-0.912858,-0.93765
1,11.97330791,0.993348,3.5533,3.5533,1.40204,1.4003,1.43447,-0.296476,-0.295207,-0.319999
1,12.01143947,0.283814,3.53871,3.53871,1.37694,1.37525,1.40945,-0.792976,-0.791751,-0.816557
1,12.04957102,0.815965,3.52413,3.52413,1.35191,1.35028,1.38449,-0.388782,-0.3876,-0.412416
1,12.12583413,0.815965,3.49496,3.49496,1.30204,1.30052,1.33475,-0.352605,-0.351509,-0.376334
1,12.16396568,1.09978,3.48038,3.48038,1.27721,1.27576,1.30998,-0.128713,-0.12766,-0.152484
1,12.27836034,1.88027,3.43663,3.43663,1.20323,1.20195,1.23613,0.491136,0.492061,0.467271
1,12.3164919,0.10643,3.42204,3.42204,1.17874,1.17753,1.21167,-0.777876,-0.776994,-0.801763
1,12.3164919,0.851441,3.42204,3.42204,1.17874,1.17753,1.21167,-0.237432,-0.236549,-0.261319
1,12.3164919,1.41907,3.42204,3.42204,1.17874,1.17753,1.21167,0.174335,0.175218,0.150449
1,12.43088656,1.34812,3.37829,3.37829,1.1059,1.10486,1.13887,0.175705,0.17646,0.151789
1,12.46901811,0.780488,3.36371,3.36371,1.08184,1.08086,1.11481,-0.218609,-0.217896,-0.242522
1,12.58341277,0.266075,3.31996,3.31996,1.01041,1.0096,1.0433,-0.53995,-0.539364,-0.563813
1,12.58341277,2.87361,3.31996,3.31996,1.01041,1.0096,1.0433,1.35161,1.35219,1.32774
1,12.60247855,4.87805,3.31267,3.31267,0.998616,0.997836,1.03149,2.81421,2.81478,2.79036
1,12.73593899,2.23503,3.26164,3.26164,0.917137,0.916552,0.949786,0.956026,0.95645,0.932342
1,12.8122021,1.56098,3.23248,3.23248,0.87148,0.871004,0.903932,0.500172,0.500518,0.476631
1,12.92659676,1.63193,3.18874,3.18874,0.804392,0.804073,0.836447,0.600311,0.600541,0.577057
1,12.96472831,4.32816,3.17416,3.17416,0.782435,0.782167,0.814329,2.57213,2.57233,2.549
1,12.96472831,1.27716,3.17416,3.17416,0.782435,0.782167,0.814329,0.358884,0.359078,0.335748
1,13.04099142,0.674058,3.145,3.145,0.739182,0.739015,0.770707,-0.0472422,-0.0471212,-0.0701115
1,13.15538608,1.73836,3.10127,3.10127,0.676088,0.676065,0.706942,0.77059,0.770607,0.748208
1,13.19351764,1.9867,3.08669,3.08669,0.65557,0.655592,0.686167,0.965623,0.965607,0.943427
1,13.26978074,0.745011,3.05753,3.05753,0.615356,0.615465,0.645389,0.094054,0.0939748,0.0722673
1,13.3079123,0.0709534,3.04296,3.04296,0.595679,0.59583,0.625405,-0.380645,-0.380755,-0.402209
1,13.34604385,0.567627,3.02838,3.02838,0.5763,0.576491,0.605702,-0.00629141,-0.00642968,-0.0276202
1,13.49857007,1.09978,2.97009,2.97009,0.501943,0.502279,0.529881,0.43368,0.433437,0.413414
1,13.53670162,0.709534,2.95551,2.95551,0.484184,0.484553,0.511715,0.163473,0.163206,0.143502
1,13.57483317,1.70288,2.94094,2.94094,0.466773,0.467172,0.493881,0.896696,0.896407,0.877032
1,13.61296473,4.1153,2.92637,2.92637,0.449716,0.450143,0.476386,2.65908,2.65877,2.63973
1,13.89895138,2.46563,2.8171,2.8171,0.333663,0.33425,0.356627,1.54657,1.54614,1.52991
1,13.99428027,4.89579,2.78068,2.78068,0.299813,0.300431,0.321418,3.334,3.33355,3.31833
1,13.99428027,1.27716,2.78068,2.78068,0.299813,0.300431,0.321418,0.708986,0.708538,0.693314
1,14.0514776,1.91574,2.75884,2.75884,0.280685,0.281316,0.301457,1.1861,1.18564,1.17103
1,14.2993327,0.886918,2.66419,2.66419,0.207922,0.20857,0.225027,0.492556,0.492086,0.480148
1,14.2993327,0.638581,2.66419,2.66419,0.207922,0.20857,0.225027,0.312408,0.311938,0.299999
1,14.37559581,1.0643,2.63508,2.63508,0.188746,0.189388,0.204738,0.635144,0.634678,0.623543
1,14.45185891,1.27716,2.60597,2.60597,0.17101,0.17164,0.185911,0.802423,0.801965,0.791613
1,14.48999047,0.425721,2.59142,2.59142,0.162664,0.163287,0.17703,0.190826,0.190374,0.180405
1,14.56625357,0.709534,2.56232,2.56232,0.146981,0.147587,0.160301,0.408086,0.407647,0.398423
1,14.60438513,1.84479,2.54777,2.54777,0.139628,0.140224,0.15244,1.23695,1.23652,1.22766
1,14.60438513,1.9867,2.54777,2.54777,0.139628,0.140224,0.15244,1.3399,1.33946,1.3306
1,14.90943756,1.27716,2.43144,2.43144,0.0913736,0.0918739,0.100522,0.860192,0.859829,0.853555
1,15.02383222,0.638581,2.38784,2.38784,0.0775286,0.0779882,0.0855102,0.406997,0.406664,0.401207
1,15.36701621,0.10643,2.25717,2.25717,0.0467418,0.0470821,0.0519046,0.043299,0.0430521,0.0395538
1,15.40514776,0.638581,2.24266,2.24266,0.0441428,0.0444708,0.0490517,0.431216,0.430978,0.427655
1,15.55767398,0.496674,2.18467,2.18467,0.0350589,0.0353402,0.039058,0.334864,0.33466,0.331963
1,15.90085796,1.13525,2.05437,2.05437,0.0207267,0.0209199,0.0232098,0.808499,0.808359,0.806698
1,15.97712107,0.567627,2.02545,2.02545,0.0184227,0.0185998,0.0206513,0.398403,0.398275,0.396786
1,16.01525262,0.674058,2.011,2.011,0.0173666,0.0175364,0.0194775,0.476375,0.476252,0.474844
1,16.2821735,1.09978,1.91,1.91,0.0114684,0.0115929,0.0129061,0.78948,0.789389,0.788437
1,16.32030505,1.31264,1.8956,1.8956,0.010806,0.0109246,0.0121663,0.944373,0.944287,0.943386
1,16.47283127,0.922395,1.83803,1.83803,0.00851348,0.00861105,0.00960332,0.662946,0.662875,0.662155
1,16.54909438,0.141907,1.80929,1.80929,0.0075557,0.00764395,0.00852996,0.0974608,0.0973967,0.096754
1,16.62535748,0,1.78058,1.78058,0.00670592,0.00678479,0.00757553,-0.0048646,-0.00492181,-0.00549542
1,16.89227836,0.851441,1.68037,1.68037,0.00440904,0.0044662,0.00499644,0.614452,0.614411,0.614026
1,17.04480458,1.0643,1.62331,1.62331,0.00346799,0.00351535,0.003937,0.769548,0.769513,0.769208
1,17.57864633,0.425721,1.42523,1.42523,0.00149496,0.00151848,0.00170684,0.307741,0.307724,0.307587
1,18.03622498,2.37694,1.25819,1.25819,0.00072647,0.000738717,0.000832824,1.72375,1.72374,1.72367
1,19.04671115,1.56098,0.904691,0.904691,0.000147293,0.000150205,0.000170496,1.13225,1.13225,1.13224
2,0.000224299,0.556237,7.40471,7.40471,5.25796,nan,5.26898,-3.41071,nan,-3.41871
2,0.045084112,2.87935,7.4189,7.4189,5.24703,nan,5.25808,-1.71756,nan,-1.72558
2,0.067514019,2.97751,7.42573,7.42573,5.24156,nan,5.25264,-1.64239,nan,-1.65042
2,0.134803738,4.05726,7.44506,7.44506,5.22516,nan,5.23629,-0.847217,nan,-0.855291
2,0.157233645,3.27198,7.45111,7.45111,5.21969,nan,5.23084,-1.4129,nan,-1.42099
2,0.269383178,3.40286,7.47837,7.47837,5.19236,nan,5.20361,-1.29814,nan,-1.30629
2,0.426392523,2.01227,7.50771,7.50771,5.1541,nan,5.16547,-2.27914,nan,-2.28739
2,0.426392523,4.13906,7.50771,7.50771,5.1541,nan,5.16547,-0.73633,nan,-0.744579
2,0.51611215,4.90798,7.51968,7.51968,5.13224,nan,5.14368,-0.162683,nan,-0.170986
2,0.650691589,3.81186,7.53102,7.53102,5.09944,nan,5.111,-0.934034,nan,-0.942417
2,0.650691589,3.5501,7.53102,7.53102,5.09944,nan,5.111,-1.12392,nan,-1.1323
2,0.673121495,2.86299,7.53214,7.53214,5.09397,nan,5.10555,-1.6184,nan,-1.6268
2,0.762841121,3.09202,7.53447,7.53447,5.07211,nan,5.08376,-1.43639,nan,-1.44484
2,0.807700935,5.51329,7.53436,7.53436,5.06118,nan,5.07286,0.327972,nan,0.319495
2,0.897420561,4.25358,7.53167,7.53167,5.03931,nan,5.05107,-0.569986,nan,-0.578517
2,0.9198504669999999,3.01022,7.5305,7.5305,5.03385,nan,5.04563,-1.46797,nan,-1.47652
2,0.9198504669999999,4.79346,7.5305,7.5305,5.03385,nan,5.04563,-0.174384,nan,-0.182929
2,0.96471028,5.97137,7.52757,7.52757,5.02292,nan,5.03473,0.688026,nan,0.679455
2,0.96471028,4.98978,7.52757,7.52757,5.02292,nan,5.03473,-0.0240406,nan,-0.032612
2,0.9871401869999999,3.51738,7.52582,7.52582,5.01745,nan,5.02928,-1.08818,nan,-1.09676
2,0.9871401869999999,4.07362,7.52582,7.52582,5.01745,nan,5.02928,-0.684671,nan,-0.693256
2,1.054429907,3.3865,7.51948,7.51948,5.00105,nan,5.01294,-1.17122,nan,-1.17985
2,1.121719626,3.1411,7.51154,7.51154,4.98465,nan,4.9966,-1.33734,nan,-1.34601
2,1.211439252,4.30266,7.49867,7.49867,4.96279,nan,4.97481,-0.478869,nan,-0.487589
2,1.278728972,5.20245,7.48741,7.48741,4.94639,nan,4.95847,0.185754,nan,0.176994
2,1.323588785,5.48057,7.47919,7.47919,4.93546,nan,4.94757,0.395437,nan,0.38665
2,1.346018692,4.10634,7.47488,7.47488,4.92999,nan,4.94212,-0.597491,nan,-0.606292
2,1.390878505,7.00204,7.46587,7.46587,4.91906,nan,4.93123,1.51104,nan,1.50221
2,1.413308411,5.10429,7.46118,7.46118,4.91359,nan,4.92578,0.13834,nan,0.129498
2,1.435738318,7.62372,7.45637,7.45637,4.90812,nan,4.92033,1.96994,nan,1.96109
2,1.480598131,5.79141,7.44641,7.44641,4.89719,nan,4.90944,0.648682,nan,0.6398
2,1.480598131,5.62781,7.44641,7.44641,4.89719,nan,4.90944,0.530005,nan,0.521122
2,1.503028037,4.76074,7.44126,7.44126,4.89173,nan,4.90399,-0.0950224,nan,-0.103919
2,1.660037383,6.11861,7.40242,7.40242,4.85346,nan,4.86586,0.91776,nan,0.90877
2,1.660037383,4.92434,7.40242,7.40242,4.85346,nan,4.86586,0.0514117,nan,0.0424217
2,1.727327103,4.05726,7.38444,7.38444,4.83707,nan,4.84951,-0.565685,nan,-0.574715
2,1.817046729,6.51125,7.35938,7.35938,4.8152,nan,4.82772,1.23034,nan,1.22126
2,1.884336449,5.07157,7.33987,7.33987,4.7988,nan,4.81138,0.197873,nan,0.18875
2,1.929196262,3.58282,7.32655,7.32655,4.78787,nan,4.80048,-0.874165,nan,-0.883314
2,1.951626168,6.31493,7.3198,7.3198,4.78241,nan,4.79504,1.11172,nan,1.10256
2,1.974056075,5.62781,7.313,7.313,4.77694,nan,4.78959,0.617238,nan,0.608062
2,1.996485981,1.68507,7.30614,7.30614,4.77147,nan,4.78414,-2.23893,nan,-2.24812
2,2.041345794,6.72393,7.29227,7.29227,4.76054,nan,4.77325,1.42427,nan,1.41506
2,2.131065421,4.97342,7.26397,7.26397,4.73868,nan,4.75146,0.170284,nan,0.161013
2,2.153495327,6.21677,7.25679,7.25679,4.73321,nan,4.74601,1.0762,nan,1.06692
2,2.175925234,6.49489,7.24956,7.24956,4.72774,nan,4.74056,1.28192,nan,1.27262
2,2.243214953,2.94479,7.22765,7.22765,4.71135,nan,4.72422,-1.28149,nan,-1.29083
2,2.310504673,4.23722,7.20542,7.20542,4.69495,nan,4.70788,-0.332044,nan,-0.341424
2,2.377794393,5.12065,7.18289,7.18289,4.67855,nan,4.69153,0.320711,nan,0.311291
2,2.422654206,3.58282,7.16773,7.16773,4.66762,nan,4.68064,-0.78693,nan,-0.796377
2,2.422654206,7.80368,7.16773,7.16773,4.66762,nan,4.68064,2.27496,nan,2.26551
2,2.422654206,5.21881,7.16773,7.16773,4.66762,nan,4.68064,0.399848,nan,0.390401
2,2.512373832,4.95706,7.13708,7.13708,4.64575,nan,4.65885,0.225824,nan,0.216323
2,2.534803738,7.0184,7.12935,7.12935,4.64029,nan,4.6534,1.72513,nan,1.71562
2,2.534803738,5.62781,7.12935,7.12935,4.64029,nan,4.6534,0.716369,nan,0.706854
2,2.534803738,4.51534,7.12935,7.12935,4.64029,nan,4.6534,-0.0906404,nan,-0.100155
2,2.669383178,5.54601,7.08254,7.08254,4.60749,nan,4.62072,0.68082,nan,0.671225
2,2.669383178,5.05521,7.08254,7.08254,4.60749,nan,4.62072,0.324787,nan,0.315192
2,2.669383178,4.35174,7.08254,7.08254,4.60749,nan,4.62072,-0.185527,nan,-0.195123
2,2.736672897,3.48466,7.05886,7.05886,4.59109,nan,4.60438,-0.802624,nan,-0.81226
2,2.826392523,5.95501,7.02705,7.02705,4.56923,nan,4.58259,1.00527,nan,0.995582
2,2.91611215,3.10838,6.99499,6.99499,4.54736,nan,4.5608,-1.04386,nan,-1.05361
2,2.91611215,5.75869,6.99499,6.99499,4.54736,nan,4.5608,0.878718,nan,0.868975
2,2.960971963,5.05521,6.97887,6.97887,4.53643,nan,4.5499,0.376334,nan,0.366564
2,2.960971963,3.69734,6.97887,6.97887,4.53643,nan,4.5499,-0.608692,nan,-0.618462
2,2.983401869,5.66053,6.97079,6.97079,4.53097,nan,4.54445,0.819407,nan,0.809623
2,3.005831776,2.68303,6.9627,6.9627,4.5255,nan,4.53901,-1.33656,nan,-1.34636
2,3.005831776,4.7771,6.9627,6.9627,4.5255,nan,4.53901,0.182512,nan,0.172715
2,3.050691589,3.41922,6.94649,6.94649,4.51457,nan,4.52811,-0.794583,nan,-0.804408
2,3.050691589,6.26585,6.94649,6.94649,4.51457,nan,4.52811,1.27041,nan,1.26059
2,3.050691589,5.31697,6.94649,6.94649,4.51457,nan,4.52811,0.582079,nan,0.572255
2,3.095551402,4.07362,6.93022,6.93022,4.50364,nan,4.51722,-0.311942,nan,-0.321793
2,3.140411215,5.90593,6.91392,6.91392,4.4927,nan,4.50632,1.02518,nan,1.0153
2,3.162841121,3.25562,6.90575,6.90575,4.48724,nan,4.50088,-0.893435,nan,-0.903328
2,3.162841121,5.49693,6.90575,6.90575,4.48724,nan,4.50088,0.73245,nan,0.722558
2,3.252560748,5.39877,6.87298,6.87298,4.46537,nan,4.47909,0.677104,nan,0.667157
2,3.297420561,4.76074,6.85654,6.85654,4.45444,nan,4.46819,0.222191,nan,0.212217
2,3.319850467,5.67689,6.8483,6.8483,4.44898,nan,4.46274,0.890752,nan,0.880764
2,3.319850467,4.1227,6.8483,6.8483,4.44898,nan,4.46274,-0.236687,nan,-0.246675
2,3.387140187,6.05317,6.82356,6.82356,4.43258,nan,4.4464,1.17561,nan,1.16558
2,3.409570093,6.51125,6.81529,6.81529,4.42711,nan,4.44096,1.51187,nan,1.50183
2,3.409570093,5.00613,6.81529,6.81529,4.42711,nan,4.44096,0.420033,nan,0.409991
2,3.432,6.87117,6.80702,6.80702,4.42165,nan,4.43551,1.77693,nan,1.76687
2,3.432,3.3047,6.80702,6.80702,4.42165,nan,4.43551,-0.810251,nan,-0.820306
2,3.454429907,3.97546,6.79874,6.79874,4.41618,nan,4.43006,-0.319707,nan,-0.329776
2,3.454429907,4.4499,6.79874,6.79874,4.41618,nan,4.43006,0.024459,nan,0.01439
2,3.476859813,4.5317,6.79045,6.79045,4.41071,nan,4.42461,0.087763,nan,0.0776805
2,3.521719626,5.56237,6.77386,6.77386,4.39978,nan,4.41372,0.843363,nan,0.833254
2,3.521719626,3.45194,6.77386,6.77386,4.39978,nan,4.41372,-0.68758,nan,-0.69769
2,3.544149533,7.31288,6.76555,6.76555,4.39432,nan,4.40827,2.11718,nan,2.10706
2,3.633869159,4.90798,6.73226,6.73226,4.37245,nan,4.38648,0.388478,nan,0.378301
2,3.656299065,4.02454,6.72393,6.72393,4.36699,nan,4.38103,-0.248417,nan,-0.258608
2,3.678728972,4.56442,6.71559,6.71559,4.36152,nan,4.37559,0.147185,nan,0.136981
2,3.723588785,3.5501,6.69888,6.69888,4.35059,nan,4.36469,-0.580687,nan,-0.590918
2,3.723588785,3.23926,6.69888,6.69888,4.35059,nan,4.36469,-0.806175,nan,-0.816406
2,3.813308411,6.05317,6.66542,6.66542,4.32872,nan,4.3429,1.25094,nan,1.24066
2,3.903028037,4.22086,6.63189,6.63189,4.30686,nan,4.32111,-0.0623872,nan,-0.0727261
2,3.925457944,3.53374,6.62349,6.62349,4.30139,nan,4.31567,-0.556869,nan,-0.567221
2,3.925457944,3.41922,6.62349,6.62349,4.30139,nan,4.31567,-0.639943,nan,-0.650296
2,3.94788785,3.9591,6.61509,6.61509,4.29593,nan,4.31022,-0.244341,nan,-0.254707
2,3.970317757,3.20654,6.60669,6.60669,4.29046,nan,4.30477,-0.786294,nan,-0.796674
2,3.992747664,5.12065,6.59828,6.59828,4.285,nan,4.29932,0.606201,nan,0.595808
2,3.992747664,3.01022,6.59828,6.59828,4.285,nan,4.29932,-0.924742,nan,-0.935135
2,4.037607477,2.61759,6.58146,6.58146,4.27406,nan,4.28843,-1.20164,nan,-1.21206
2,4.060037383,4.59714,6.57304,6.57304,4.2686,nan,4.28298,0.238328,nan,0.227894
2,4.08246729,5.51329,6.56462,6.56462,4.26313,nan,4.27753,0.906889,nan,0.896441
2,4.104897196,1.71779,6.55619,6.55619,4.25767,nan,4.27209,-1.84247,nan,-1.85293
2,4.104897196,3.3047,6.55619,6.55619,4.25767,nan,4.27209,-0.691296,nan,-0.701758
2,4.127327103,6.10225,6.54777,6.54777,4.2522,nan,4.26664,1.34206,nan,1.33158
2,4.172186916,4.10634,6.5309,6.5309,4.24127,nan,4.25575,-0.0978798,nan,-0.108382
2,4.239476636,2.71575,6.50557,6.50557,4.22487,nan,4.2394,-1.09475,nan,-1.10529
2,4.261906542,4.40082,6.49713,6.49713,4.2194,nan,4.23396,0.1316,nan,0.121044
2,4.261906542,4.97342,6.49713,6.49713,4.2194,nan,4.23396,0.546973,nan,0.536416
2,4.351626168,3.69734,6.46331,6.46331,4.19754,nan,4.21217,-0.362854,nan,-0.373464
2,4.351626168,4.87526,6.46331,6.46331,4.19754,nan,4.21217,0.491626,nan,0.481016
2,4.418915888,5.88957,6.43792,6.43792,4.18114,nan,4.19583,1.23932,nan,1.22867
2,4.418915888,6.59305,6.43792,6.43792,4.18114,nan,4.19583,1.74964,nan,1.73899
2,4.418915888,2.97751,6.43792,6.43792,4.18114,nan,4.19583,-0.873141,nan,-0.883792
2,4.486205607,4.30266,6.41251,6.41251,4.16475,nan,4.17948,0.100044,nan,0.0893527
2,4.486205607,4.1227,6.41251,6.41251,4.16475,nan,4.17948,-0.030502,nan,-0.0411929
2,4.508635514,4.84254,6.40403,6.40403,4.15928,nan,4.17404,0.495645,nan,0.484941
2,4.531065421,5.52965,6.39555,6.39555,4.15382,nan,4.16859,0.998057,nan,0.987339
2,4.531065421,2.81391,6.39555,6.39555,4.15382,nan,4.16859,-0.971995,nan,-0.982712
2,4.575925234,6.56033,6.37859,6.37859,4.14288,nan,4.1577,1.75366,nan,1.74291
2,4.66564486,1.43967,6.34464,6.34464,4.12102,nan,4.13591,-1.9451,nan,-1.9559
2,4.66564486,3.07566,6.34464,6.34464,4.12102,nan,4.13591,-0.758321,nan,-0.769119
2,4.66564486,4.0409,6.34464,6.34464,4.12102,nan,4.13591,-0.0581218,nan,-0.0689197
2,4.66564486,3.8773,6.34464,6.34464,4.12102,nan,4.13591,-0.1768,nan,-0.187597
2,4.732934579,3.45194,6.31916,6.31916,4.10462,nan,4.11957,-0.473467,nan,-0.484305
2,4.755364486,3.94274,6.31066,6.31066,4.09916,nan,4.11412,-0.113469,nan,-0.12432
2,4.800224299,4.80982,6.29366,6.29366,4.08823,nan,4.10322,0.523453,nan,0.512575
2,4.889943925,3.27198,6.25964,6.25964,4.06637,nan,4.08143,-0.576259,nan,-0.587191
2,4.912373832,3.56646,6.25114,6.25114,4.0609,nan,4.07599,-0.358674,nan,-0.369619
2,4.912373832,2.37219,6.25114,6.25114,4.0609,nan,4.07599,-1.22502,nan,-1.23597
2,4.934803738,3.41922,6.24262,6.24262,4.05543,nan,4.07054,-0.461519,nan,-0.472478
2,4.934803738,4.41718,6.24262,6.24262,4.05543,nan,4.07054,0.262415,nan,0.251457
2,4.957233645,4.64622,6.23411,6.23411,4.04997,nan,4.06509,0.432529,nan,0.421557
2,5.002093458,3.9591,6.21708,6.21708,4.03904,nan,4.0542,-0.0579878,nan,-0.0689866
2,5.002093458,4.49898,6.21708,6.21708,4.03904,nan,4.0542,0.333649,nan,0.32265
2,5.024523364,3.59918,6.20857,6.20857,4.03357,nan,4.04875,-0.315114,nan,-0.326126
2,5.024523364,4.13906,6.20857,6.20857,4.03357,nan,4.04875,0.0765226,nan,0.0655103
2,5.069383178,5.38241,6.19153,6.19153,4.02264,nan,4.03786,0.986404,nan,0.975364
2,5.114242991,1.91411,6.17449,6.17449,4.01171,nan,4.02696,-1.52164,nan,-1.5327
2,5.114242991,6.11861,6.17449,6.17449,4.01171,nan,4.02696,1.52838,nan,1.51732
2,5.114242991,2.83027,6.17449,6.17449,4.01171,nan,4.02696,-0.85704,nan,-0.868106
2,5.18153271,1.97955,6.14892,6.14892,3.99531,nan,4.01062,-1.46227,nan,-1.47338
2,5.226392523,5.02249,6.13187,6.13187,3.98438,nan,3.99973,0.753066,nan,0.741933
2,5.271252336,3.82822,6.11481,6.11481,3.97345,nan,3.98883,-0.105352,nan,-0.116512
2,5.293682243,4.90798,6.10628,6.10628,3.96798,nan,3.98339,0.681886,nan,0.670713
2,5.360971963,4.10634,6.08068,6.08068,3.95159,nan,3.96705,0.112259,nan,0.101045
2,5.360971963,2.73211,6.08068,6.08068,3.95159,nan,3.96705,-0.884634,nan,-0.895848
2,5.405831776,5.18609,6.06361,6.06361,3.94066,nan,3.95615,0.903462,nan,0.892221
2,5.405831776,3.10838,6.06361,6.06361,3.94066,nan,3.95615,-0.603746,nan,-0.614986
2,5.428261682,7.47648,6.05507,6.05507,3.93519,nan,3.95071,2.56892,nan,2.55766
2,5.428261682,4.51534,6.05507,6.05507,3.93519,nan,3.95071,0.420848,nan,0.409594
2,5.450691589,3.6319,6.04654,6.04654,3.92973,nan,3.94526,-0.216047,nan,-0.227315
2,5.517981308,4.8589,6.02092,6.02092,3.91333,nan,3.92892,0.68593,nan,0.674623
2,5.517981308,6.08589,6.02092,6.02092,3.91333,nan,3.92892,1.57601,nan,1.56471
2,5.540411215,2.96115,6.01238,6.01238,3.90786,nan,3.92347,-0.686767,nan,-0.698089
2,5.652560748,4.6953,5.96966,5.96966,3.88054,nan,3.89624,0.591041,nan,0.579653
2,5.652560748,4.51534,5.96966,5.96966,3.88054,nan,3.89624,0.460495,nan,0.449107
2,5.652560748,3.66462,5.96966,5.96966,3.88054,nan,3.89624,-0.156629,nan,-0.168018
2,5.652560748,2.56851,5.96966,5.96966,3.88054,nan,3.89624,-0.951771,nan,-0.963159
2,5.719850467,3.89366,5.94402,5.94402,3.86414,nan,3.8799,0.0214135,nan,0.00998515
2,5.719850467,3.2229,5.94402,5.94402,3.86414,nan,3.8799,-0.465165,nan,-0.476594
2,5.876859813,3.59918,5.88418,5.88418,3.82588,nan,3.84177,-0.164454,nan,-0.175976
2,5.921719626,1.86503,5.86707,5.86707,3.81495,nan,3.83087,-1.41451,nan,-1.42606
2,5.966579439,2.66667,5.84997,5.84997,3.80402,nan,3.81998,-0.825059,nan,-0.836635
2,5.989009346,4.80982,5.84141,5.84141,3.79856,nan,3.81453,0.733585,nan,0.721995
2,5.989009346,4.6135,5.84141,5.84141,3.79856,nan,3.81453,0.591171,nan,0.579582
2,5.989009346,4.0409,5.84141,5.84141,3.79856,nan,3.81453,0.175799,nan,0.16421
2,5.989009346,3.3047,5.84141,5.84141,3.79856,nan,3.81453,-0.358251,nan,-0.36984
2,6.011439252,2.84663,5.83286,5.83286,3.79309,nan,3.80909,-0.686584,nan,-0.698187
2,6.101158879,1.76687,5.79863,5.79863,3.77123,nan,3.7873,-1.454,nan,-1.46566
2,6.101158879,3.0593,5.79863,5.79863,3.77123,nan,3.7873,-0.516445,nan,-0.528101
2,6.123588785,3.97546,5.79007,5.79007,3.76577,nan,3.78185,0.152115,nan,0.140445
2,6.146018692,3.59918,5.78152,5.78152,3.7603,nan,3.77641,-0.116879,nan,-0.128562
2,6.235738318,1.91411,5.74728,5.74728,3.73844,nan,3.75462,-1.3234,nan,-1.33514
2,6.235738318,5.56237,5.74728,5.74728,3.73844,nan,3.75462,1.32311,nan,1.31138
2,6.280598131,5.26789,5.73016,5.73016,3.72751,nan,3.74373,1.11742,nan,1.10566
2,6.280598131,4.22086,5.73016,5.73016,3.72751,nan,3.74373,0.357883,nan,0.34612
2,6.280598131,3.86094,5.73016,5.73016,3.72751,nan,3.74373,0.0967921,nan,0.0850286
2,6.370317757,2.96115,5.69591,5.69591,3.70565,nan,3.72194,-0.540078,nan,-0.551895
2,6.392747664,4.58078,5.68735,5.68735,3.70019,nan,3.71649,0.638797,nan,0.626966
2,6.41517757,6.75665,5.67879,5.67879,3.69472,nan,3.71105,2.22118,nan,2.20933
2,6.437607477,4.76074,5.67022,5.67022,3.68926,nan,3.7056,0.777271,nan,0.765414
2,6.460037383,5.88957,5.66166,5.66166,3.68379,nan,3.70016,1.60011,nan,1.58824
2,6.48246729,4.98978,5.65309,5.65309,3.67833,nan,3.69471,0.951349,nan,0.939465
2,6.504897196,4.25358,5.64453,5.64453,3.67286,nan,3.68926,0.421263,nan,0.409365
2,6.527327103,1.93047,5.63597,5.63597,3.6674,nan,3.68382,-1.26,nan,-1.27191
2,6.527327103,5.61145,5.63597,5.63597,3.6674,nan,3.68382,1.41025,nan,1.39834
2,6.527327103,0.670757,5.63597,5.63597,3.6674,nan,3.68382,-2.17382,nan,-2.18573
2,6.639476636,3.56646,5.59314,5.59314,3.64007,nan,3.65658,-0.0533975,nan,-0.0653756
2,6.639476636,3.3865,5.59314,5.59314,3.64007,nan,3.65658,-0.183943,nan,-0.195921
2,6.639476636,3.25562,5.59314,5.59314,3.64007,nan,3.65658,-0.278885,nan,-0.290863
2,6.661906542,2.71575,5.58457,5.58457,3.63461,nan,3.65114,-0.666558,nan,-0.678549
2,6.818915888,3.99182,5.5246,5.5246,3.59635,nan,3.61301,0.286879,nan,0.274794
2,6.886205607,3.77914,5.49889,5.49889,3.57996,nan,3.59667,0.14449,nan,0.132365
2,6.886205607,3.20654,5.49889,5.49889,3.57996,nan,3.59667,-0.270882,nan,-0.283007
2,6.931065421,2.01227,5.48175,5.48175,3.56903,nan,3.58578,-1.1293,nan,-1.14145
2,6.953495327,4.25358,5.47318,5.47318,3.56357,nan,3.58034,0.500548,nan,0.488383
2,6.953495327,3.61554,5.47318,5.47318,3.56357,nan,3.58034,0.0377046,nan,0.0255392
2,6.99835514,1.76687,5.45604,5.45604,3.55264,nan,3.56944,-1.29543,nan,-1.30762
2,6.99835514,2.19223,5.45604,5.45604,3.55264,nan,3.56944,-0.986864,nan,-0.999056
2,7.06564486,3.01022,5.43032,5.43032,3.53624,nan,3.55311,-0.381583,nan,-0.393815
2,7.088074766,4.54806,5.42175,5.42175,3.53078,nan,3.54766,0.737952,nan,0.725707
2,7.110504673,1.96319,5.41318,5.41318,3.52531,nan,3.54221,-1.13319,nan,-1.14545
2,7.132934579,3.7955,5.40461,5.40461,3.51985,nan,3.53677,0.199962,nan,0.18769
2,7.177794393,2.42127,5.38747,5.38747,3.50892,nan,3.52588,-0.789003,nan,-0.801302
2,7.200224299,3.17382,5.37889,5.37889,3.50346,nan,3.52043,-0.239122,nan,-0.251434
2,7.222654206,4.1227,5.37032,5.37032,3.49799,nan,3.51498,0.453173,nan,0.440848
2,7.267514019,4.71166,5.35318,5.35318,3.48706,nan,3.50409,0.888341,nan,0.875989
2,7.334803738,3.3865,5.32746,5.32746,3.47067,nan,3.48775,-0.0610576,nan,-0.0734495
2,7.379663551,3.92638,5.31031,5.31031,3.45974,nan,3.47686,0.338507,nan,0.326088
2,7.402093458,1.32515,5.30173,5.30173,3.45428,nan,3.47142,-1.54451,nan,-1.55694
2,7.402093458,5.54601,5.30173,5.30173,3.45428,nan,3.47142,1.51738,nan,1.50495
2,7.424523364,5.85685,5.29316,5.29316,3.44882,nan,3.46597,1.74683,nan,1.73439
2,7.424523364,6.72393,5.29316,5.29316,3.44882,nan,3.46597,2.37582,nan,2.36338
2,7.446953271,4.7771,5.28459,5.28459,3.44335,nan,3.46053,0.967523,nan,0.955064
2,7.446953271,4.64622,5.28459,5.28459,3.44335,nan,3.46053,0.87258,nan,0.860122
2,7.469383178,3.68098,5.27601,5.27601,3.43789,nan,3.45508,0.176345,nan,0.163873
2,7.536672897,1.83231,5.25029,5.25029,3.42149,nan,3.43874,-1.15282,nan,-1.16533
2,7.536672897,4.22086,5.25029,5.25029,3.42149,nan,3.43874,0.579873,nan,0.567361
2,7.536672897,5.00613,5.25029,5.25029,3.42149,nan,3.43874,1.14953,nan,1.13701
2,7.64882243,2.38855,5.20741,5.20741,3.39417,nan,3.41152,-0.729499,nan,-0.742079
2,7.64882243,2.56851,5.20741,5.20741,3.39417,nan,3.41152,-0.598954,nan,-0.611533
2,7.671252336,3.56646,5.19884,5.19884,3.38871,nan,3.40607,0.128944,nan,0.116352
2,7.671252336,3.32106,5.19884,5.19884,3.38871,nan,3.40607,-0.0490724,nan,-0.061665
2,7.805831776,3.82822,5.14738,5.14738,3.35593,nan,3.3734,0.34261,nan,0.329937
2,7.895551402,3.3047,5.11308,5.11308,3.33407,nan,3.35162,-0.021305,nan,-0.0340312
2,7.917981308,2.14315,5.1045,5.1045,3.32861,nan,3.34617,-0.859954,nan,-0.872693
2,7.940411215,2.97751,5.09592,5.09592,3.32315,nan,3.34073,-0.250734,nan,-0.263487
2,7.962841121,2.86299,5.08735,5.08735,3.31768,nan,3.33528,-0.329845,nan,-0.342611
2,8.030130841,4.25358,5.06161,5.06161,3.30129,nan,3.31895,0.690806,nan,0.678
2,8.030130841,3.7955,5.06161,5.06161,3.30129,nan,3.31895,0.358508,nan,0.345702
2,8.052560748,3.68098,5.05304,5.05304,3.29583,nan,3.3135,0.279397,nan,0.266578
2,8.052560748,2.07771,5.05304,5.05304,3.29583,nan,3.3135,-0.883645,nan,-0.896465
2,8.097420561,1.94683,5.03588,5.03588,3.2849,nan,3.30261,-0.970661,nan,-0.983507
2,8.142280374,3.40286,5.01873,5.01873,3.27397,nan,3.29172,0.0934977,nan,0.0806247
2,8.16471028,4.1227,5.01015,5.01015,3.26851,nan,3.28628,0.619643,nan,0.606757
2,8.232,4.35174,4.98442,4.98442,3.25212,nan,3.26994,0.797682,nan,0.784755
2,8.232,1.25971,4.98442,4.98442,3.25212,nan,3.26994,-1.44533,nan,-1.45826
2,8.254429907,3.3047,4.97584,4.97584,3.24666,nan,3.2645,0.0421071,nan,0.0291667
2,8.344149533,0.916155,4.94153,4.94153,3.22481,nan,3.24272,-1.67474,nan,-1.68773
2,8.366579439,3.94274,4.93295,4.93295,3.21934,nan,3.23727,0.524766,nan,0.511758
2,8.389009346,3.58282,4.92437,4.92437,3.21388,nan,3.23183,0.267638,nan,0.254616
2,8.411439252,6.08589,4.91579,4.91579,3.20842,nan,3.22638,2.08737,nan,2.07434
2,8.411439252,2.47035,4.91579,4.91579,3.20842,nan,3.22638,-0.535408,nan,-0.548443
2,8.456299065,3.69734,4.89864,4.89864,3.19749,nan,3.2155,0.362601,nan,0.349539
2,8.478728972,3.33742,4.89006,4.89006,3.19203,nan,3.21005,0.105473,nan,0.0923975
2,8.501158879,4.33538,4.88148,4.88148,3.18656,nan,3.20461,0.83337,nan,0.820281
2,8.501158879,0.834356,4.88148,4.88148,3.18656,nan,3.20461,-1.70633,nan,-1.71942
2,8.501158879,3.48466,4.88148,4.88148,3.18656,nan,3.20461,0.216246,nan,0.203157
2,8.523588785,4.02454,4.8729,4.8729,3.1811,nan,3.19916,0.611845,nan,0.598743
2,8.635738318,2.17587,4.83001,4.83001,3.15379,nan,3.17194,-0.709401,nan,-0.72257
2,8.658168224,1.94683,4.82143,4.82143,3.14833,nan,3.1665,-0.871588,nan,-0.88477
2,8.658168224,3.10838,4.82143,4.82143,3.14833,nan,3.1665,-0.0289754,nan,-0.0421573
2,8.703028037,1.75051,4.80427,4.80427,3.1374,nan,3.15561,-1.00608,nan,-1.01928
2,8.725457944,1.14519,4.79569,4.79569,3.13194,nan,3.15017,-1.44122,nan,-1.45444
2,8.792747664,2.56851,4.76995,4.76995,3.11556,nan,3.13384,-0.396839,nan,-0.4101
2,8.904897196,6.90389,4.72706,4.72706,3.08825,nan,3.10662,2.76793,nan,2.75461
2,8.904897196,1.06339,4.72706,4.72706,3.08825,nan,3.10662,-1.46886,nan,-1.48219
2,8.904897196,2.83027,4.72706,4.72706,3.08825,nan,3.10662,-0.187144,nan,-0.200471
2,8.927327103,3.53374,4.71848,4.71848,3.08279,nan,3.10117,0.327132,nan,0.313792
2,8.972186916,2.30675,4.70132,4.70132,3.07186,nan,3.09029,-0.555027,nan,-0.568394
2,8.972186916,3.27198,4.70132,4.70132,3.07186,nan,3.09029,0.145172,nan,0.131805
2,8.972186916,3.89366,4.70132,4.70132,3.07186,nan,3.09029,0.596147,nan,0.582781
2,9.017046729,3.04294,4.68416,4.68416,3.06094,nan,3.0794,-0.0130537,nan,-0.026446
2,9.039476636,2.48671,4.67558,4.67558,3.05548,nan,3.07396,-0.412596,nan,-0.426002
2,9.061906542,4.84254,4.667,4.667,3.05002,nan,3.06851,1.30033,nan,1.28691
2,9.106766355,1.57055,4.64984,4.64984,3.03909,nan,3.05763,-1.06531,nan,-1.07875
2,9.106766355,3.61554,4.64984,4.64984,3.03909,nan,3.05763,0.418165,nan,0.404721
2,9.129196262,1.29243,4.64126,4.64126,3.03363,nan,3.05219,-1.2631,nan,-1.27656
2,9.174056075,4.41718,4.6241,4.6241,3.02271,nan,3.0413,1.01157,nan,0.998087
2,9.196485981,3.43558,4.61552,4.61552,3.01725,nan,3.03586,0.303466,nan,0.289968
2,9.241345794,3.73006,4.59836,4.59836,3.00633,nan,3.02497,0.525009,nan,0.511485
2,9.286205607,2.55215,4.5812,4.5812,2.99541,nan,3.01409,-0.321549,nan,-0.3351
2,9.286205607,3.27198,4.5812,4.5812,2.99541,nan,3.01409,0.200634,nan,0.187083
2,9.308635514,1.35787,4.57262,4.57262,2.98995,nan,3.00864,-1.18394,nan,-1.1975
2,9.331065421,3.10838,4.56404,4.56404,2.98449,nan,3.0032,0.0898782,nan,0.0763007
2,9.375925234,5.54601,4.54688,4.54688,2.97357,nan,2.99232,1.8661,nan,1.8525
2,9.39835514,4.26994,4.5383,4.5383,2.9681,nan,2.98688,0.944374,nan,0.930756
2,9.420785047,7.39468,4.52972,4.52972,2.96264,nan,2.98143,3.21508,nan,3.20145
2,9.443214953,2.38855,4.52114,4.52114,2.95718,nan,2.97599,-0.412499,nan,-0.426143
2,9.443214953,2.84663,4.52114,4.52114,2.95718,nan,2.97599,-0.0802013,nan,-0.0938453
2,9.443214953,4.15542,4.52114,4.52114,2.95718,nan,2.97599,0.869221,nan,0.855577
2,9.510504673,4.89162,4.4954,4.4954,2.9408,nan,2.95967,1.41515,nan,1.40147
2,9.532934579,0.719836,4.48682,4.48682,2.93534,nan,2.95423,-1.60717,nan,-1.62087
2,9.532934579,4.40082,4.48682,4.48682,2.93534,nan,2.95423,1.06308,nan,1.04938
2,9.645084112,3.41922,4.44392,4.44392,2.90805,nan,2.92702,0.370816,nan,0.357053
2,9.645084112,2.68303,4.44392,4.44392,2.90805,nan,2.92702,-0.163234,nan,-0.176997
2,9.667514019,1.42331,4.43534,4.43534,2.90259,nan,2.92158,-1.07309,nan,-1.08687
2,9.667514019,2.48671,4.43534,4.43534,2.90259,nan,2.92158,-0.301687,nan,-0.315463
2,9.734803738,3.25562,4.4096,4.4096,2.88621,nan,2.90526,0.267979,nan,0.254163
2,9.846953271,2.42127,4.3667,4.3667,2.85892,nan,2.87805,-0.317478,nan,-0.33136
2,9.869383178,2.78119,4.35811,4.35811,2.85346,nan,2.87261,-0.0524274,nan,-0.0663223
2,9.959102804,1.79959,4.32379,4.32379,2.83163,nan,2.85085,-0.748656,nan,-0.762604
2,9.959102804,3.1411,4.32379,4.32379,2.83163,nan,2.85085,0.224502,nan,0.210554
2,10.00396262,2.61759,4.30663,4.30663,2.82071,nan,2.83997,-0.147348,nan,-0.161322
2,10.02639252,2.35583,4.29805,4.29805,2.81525,nan,2.83453,-0.333274,nan,-0.347261
2,10.07125234,2.04499,4.28089,4.28089,2.80434,nan,2.82365,-0.550843,nan,-0.564857
2,10.13854206,2.53579,4.25515,4.25515,2.78796,nan,2.80734,-0.182933,nan,-0.196986
2,10.16097196,3.01022,4.24657,4.24657,2.78251,nan,2.8019,0.165191,nan,0.151125
2,10.18340187,5.33e-15,4.23799,4.23799,2.77705,nan,2.79646,-2.01452,nan,-2.0286
2,10.20583178,3.40286,4.22941,4.22941,2.77159,nan,2.79102,0.457935,nan,0.443843
2,10.2731215,2.35583,4.20367,4.20367,2.75522,nan,2.7747,-0.289728,nan,-0.303859
2,10.2731215,3.9591,4.20367,4.20367,2.75522,nan,2.7747,0.873315,nan,0.859183
2,10.31798131,2.74847,4.18651,4.18651,2.74431,nan,2.76383,0.00301526,nan,-0.0111427
2,10.40770093,5.87321,4.15218,4.15218,2.72249,nan,2.74207,2.28559,nan,2.27138
2,10.40770093,2.30675,4.15218,4.15218,2.72249,nan,2.74207,-0.301583,nan,-0.315794
2,10.40770093,3.7955,4.15218,4.15218,2.72249,nan,2.74207,0.778385,nan,0.764174
2,10.40770093,3.35378,4.15218,4.15218,2.72249,nan,2.74207,0.457955,nan,0.443744
2,10.40770093,3.01022,4.15218,4.15218,2.72249,nan,2.74207,0.208731,nan,0.194521
2,10.47499065,2.53579,4.12644,4.12644,2.70612,nan,2.72576,-0.123562,nan,-0.137811
2,10.49742056,3.19018,4.11786,4.11786,2.70066,nan,2.72032,0.355107,nan,0.340844
2,10.51985047,4.46626,4.10928,4.10928,2.69521,nan,2.71489,1.28475,nan,1.27048
2,10.54228037,3.51738,4.1007,4.1007,2.68975,nan,2.70945,0.600377,nan,0.586088
2,10.632,1.86503,4.06638,4.06638,2.66793,nan,2.6877,-0.582441,nan,-0.596782
2,10.65442991,1.01431,4.0578,4.0578,2.66248,nan,2.68227,-1.19561,nan,-1.20996
2,10.92358879,2.53579,3.95483,3.95483,2.59704,nan,2.61704,-0.0444346,nan,-0.0589444
2,10.94601869,4.15542,3.94625,3.94625,2.59159,nan,2.61161,1.13443,nan,1.11991
2,11.03573832,0.327198,3.91193,3.91193,2.56978,nan,2.58987,-1.62681,nan,-1.64139
2,11.03573832,1.50511,3.91193,3.91193,2.56978,nan,2.58987,-0.77233,nan,-0.786905
2,11.03573832,2.38855,3.91193,3.91193,2.56978,nan,2.58987,-0.13147,nan,-0.146045
2,11.08059813,1.66871,3.89477,3.89477,2.55888,nan,2.57901,-0.645744,nan,-0.660345
2,11.14788785,1.42331,3.86903,3.86903,2.54253,nan,2.56271,-0.811898,nan,-0.826538
2,11.17031776,2.19223,3.86045,3.86045,2.53708,nan,2.55728,-0.250159,nan,-0.264812
2,11.19274766,1.79959,3.85187,3.85187,2.53163,nan,2.55184,-0.531032,nan,-0.545698
2,11.26003738,2.58487,3.82613,3.82613,2.51528,nan,2.53555,0.0504816,nan,0.035777
2,11.28246729,1.47239,3.81755,3.81755,2.50983,nan,2.53012,-0.752574,nan,-0.767292
2,11.3048972,3.25562,3.80897,3.80897,2.50438,nan,2.52469,0.544966,nan,0.530236
2,11.39461682,2.91207,3.77465,3.77465,2.48258,nan,2.50296,0.311553,nan,0.296771
2,11.43947664,2.45399,3.75749,3.75749,2.47169,nan,2.4921,-0.0128408,nan,-0.0276485
2,11.46190654,2.06135,3.74891,3.74891,2.46624,nan,2.48667,-0.293716,nan,-0.308536
2,11.48433645,1.93047,3.74033,3.74033,2.46079,nan,2.48124,-0.384706,nan,-0.39954
2,11.52919626,2.71575,3.72317,3.72317,2.4499,nan,2.47038,0.19285,nan,0.177991
2,11.52919626,4.38446,3.72317,3.72317,2.4499,nan,2.47038,1.40336,nan,1.3885
2,11.64134579,0.359918,3.68027,3.68027,2.42267,nan,2.44324,-1.49636,nan,-1.51128
2,11.91050467,0.834356,3.57732,3.57732,2.35734,nan,2.37812,-1.1048,nan,-1.11988
2,11.93293458,2.15951,3.56874,3.56874,2.3519,nan,2.3727,-0.139565,nan,-0.154651
2,11.93293458,0.687117,3.56874,3.56874,2.3519,nan,2.3727,-1.20767,nan,-1.22275
2,11.97779439,1.11247,3.55158,3.55158,2.34102,nan,2.36185,-0.891208,nan,-0.90632
2,12.02265421,1.73415,3.53442,3.53442,2.33014,nan,2.351,-0.432339,nan,-0.447475
2,12.04508411,3.69734,3.52585,3.52585,2.3247,nan,2.34558,0.995741,nan,0.980592
2,12.11237383,1.96319,3.50011,3.50011,2.30838,nan,2.32931,-0.250405,nan,-0.265592
2,12.17966355,1.45603,3.47437,3.47437,2.29206,nan,2.31305,-0.60647,nan,-0.621694
2,12.24695327,2.84663,3.44864,3.44864,2.27575,nan,2.29679,0.414125,nan,0.398864
2,12.26938318,2.61759,3.44006,3.44006,2.27031,nan,2.29137,0.25192,nan,0.236646
2,12.38153271,3.28834,3.39717,3.39717,2.24313,nan,2.26427,0.758215,nan,0.74288
2,12.42639252,1.89775,3.38001,3.38001,2.23226,nan,2.25344,-0.242661,nan,-0.258021
2,12.42639252,1.60327,3.38001,3.38001,2.23226,nan,2.25344,-0.456281,nan,-0.471641
2,12.47125234,2.09407,3.36286,3.36286,2.2214,nan,2.2426,-0.0923648,nan,-0.107749
2,12.47125234,1.06339,3.36286,3.36286,2.2214,nan,2.2426,-0.840035,nan,-0.855419
2,12.51611215,3.32106,3.3457,3.3457,2.21053,nan,2.23177,0.805601,nan,0.790192
2,12.53854206,2.20859,3.33712,3.33712,2.2051,nan,2.22636,0.00253233,nan,-0.0128886
2,12.60583178,1.93047,3.31139,3.31139,2.1888,nan,2.21011,-0.1874,nan,-0.202857
2,12.6955514,0.736196,3.27708,3.27708,2.16709,nan,2.18846,-1.03799,nan,-1.0535
2,12.91985047,1.79959,3.19132,3.19132,2.11282,nan,2.13436,-0.227224,nan,-0.242847
2,12.91985047,0.916155,3.19132,3.19132,2.11282,nan,2.13436,-0.868084,nan,-0.883707
2,12.98714019,4.33538,3.16559,3.16559,2.09655,nan,2.11814,1.62408,nan,1.60843
2,13.05442991,1.66871,3.13986,3.13986,2.08029,nan,2.10192,-0.298566,nan,-0.314259
2,13.05442991,4.5317,3.13986,3.13986,2.08029,nan,2.10192,1.7783,nan,1.7626
2,13.18900935,0.458078,3.08841,3.08841,2.04778,nan,2.06951,-1.1532,nan,-1.16896
2,13.23386916,2.38855,3.07126,3.07126,2.03694,nan,2.05871,0.255061,nan,0.239274
2,13.25629907,0.539877,3.06269,3.06269,2.03153,nan,2.05331,-1.08207,nan,-1.09787
2,13.30115888,3.58282,3.04554,3.04554,2.0207,nan,2.04251,1.13319,nan,1.11737
2,13.3908785,2.02863,3.01125,3.01125,1.99905,nan,2.02092,0.0214602,nan,0.00559275
2,13.41330841,3.76278,3.00267,3.00267,1.99364,nan,2.01552,1.28337,nan,1.26749
2,13.41330841,4.08998,3.00267,3.00267,1.99364,nan,2.01552,1.52073,nan,1.50485
2,13.45816822,2.65031,2.98553,2.98553,1.98282,nan,2.00474,0.48421,nan,0.468309
2,13.48059813,0.556237,2.97695,2.97695,1.97741,nan,1.99934,-1.03094,nan,-1.04685
2,13.52545794,2.14315,2.95981,2.95981,1.96659,nan,1.98856,0.128079,nan,0.112143
2,13.74975701,1.40695,2.8741,2.8741,1.91256,nan,1.93468,-0.366775,nan,-0.382821
2,13.81704673,0.997955,2.84839,2.84839,1.89636,nan,1.91853,-0.651722,nan,-0.667801
2,13.99648598,0.719836,2.77984,2.77984,1.85322,nan,1.8755,-0.822175,nan,-0.83834
2,14.0637757,1.55419,2.75414,2.75414,1.83705,nan,1.85938,-0.205192,nan,-0.221389
2,14.24321495,0.0981595,2.68562,2.68562,1.79399,nan,1.81643,-1.23019,nan,-1.24647
2,14.24321495,2.43763,2.68562,2.68562,1.79399,nan,1.81643,0.466905,nan,0.450626
2,14.31050467,2.78119,2.65993,2.65993,1.77786,nan,1.80034,0.72783,nan,0.711521
2,14.4002243,2.87935,2.62568,2.62568,1.75637,nan,1.77891,0.814626,nan,0.798278
2,14.4002243,4.05726,2.62568,2.62568,1.75637,nan,1.77891,1.66911,nan,1.65276
2,14.44508411,0.196319,2.60856,2.60856,1.74563,nan,1.7682,-1.1239,nan,-1.14027
2,14.44508411,1.01431,2.60856,2.60856,1.74563,nan,1.7682,-0.530511,nan,-0.546879
2,14.44508411,1.37423,2.60856,2.60856,1.74563,nan,1.7682,-0.26942,nan,-0.285788
2,14.53480374,2.73211,2.57432,2.57432,1.72417,nan,1.74679,0.731175,nan,0.714769
2,14.64695327,1.22699,2.53153,2.53153,1.69737,nan,1.72005,-0.34122,nan,-0.357673
2,14.87125234,1.79959,2.446,2.446,1.64388,nan,1.66668,0.112957,nan,0.0964157
2,14.98340187,0.179959,2.40325,2.40325,1.61719,nan,1.64005,-1.04259,nan,-1.05917
2,15.02826168,1.79959,2.38616,2.38616,1.60652,nan,1.62941,0.140055,nan,0.123456
2,15.0955514,1.86503,2.36052,2.36052,1.59054,nan,1.61345,0.199122,nan,0.182499
2,15.25256075,3.68098,2.30073,2.30073,1.5533,nan,1.57629,1.54346,nan,1.52678
2,15.27499065,0.572597,2.29219,2.29219,1.54799,nan,1.57099,-0.707567,nan,-0.72425
2,15.29742056,1.68507,2.28365,2.28365,1.54268,nan,1.56569,0.103295,nan,0.0866035
2,15.38714019,1.86503,2.24951,2.24951,1.52146,nan,1.5445,0.249235,nan,0.232516
2,15.47685981,0.883436,2.21539,2.21539,1.50027,nan,1.52335,-0.44746,nan,-0.464206
2,15.52171963,2.81391,2.19833,2.19833,1.48968,nan,1.51279,0.960615,nan,0.943855
2,15.90302804,1.66871,2.05354,2.05354,1.4001,nan,1.42334,0.194854,nan,0.178
2,16.08246729,1.81595,1.98555,1.98555,1.3582,nan,1.38148,0.33206,nan,0.315172
2,16.26190654,2.56851,1.91766,1.91766,1.31648,nan,1.3398,0.90824,nan,0.891326
2,16.30676636,1.97955,1.90071,1.90071,1.30609,nan,1.32941,0.488543,nan,0.471623
3,0,0.620408,7.40463,7.40463,5.89617,5.94474,6.67957,-3.82713,-3.86237,-4.39542
3,2.018691589,4.5551,7.2993,7.2993,5.4051,5.45023,6.17466,-0.616601,-0.649344,-1.17485
3,2.041121495,2.61224,7.29234,7.29234,5.39964,5.44474,6.16904,-2.02203,-2.05474,-2.58016
3,3.005607477,5.24082,6.96278,6.96278,5.16502,5.20848,5.92735,0.0549846,0.0234603,-0.498026
3,3.857943925,3.72245,6.64875,6.64875,4.95768,4.99969,5.71365,-0.896062,-0.926533,-1.44445
3,4.014953271,2.1551,6.58996,6.58996,4.91949,4.96123,5.67427,-2.00534,-2.03561,-2.55287
3,4.014953271,3.2,6.58996,6.58996,4.91949,4.96123,5.67427,-1.24735,-1.27763,-1.79488
3,4.037383178,5.01224,6.58154,6.58154,4.91403,4.95573,5.66865,0.0712441,0.0409945,-0.476166
3,4.351401869,3.82041,6.46339,6.46339,4.83765,4.87881,5.58989,-0.737923,-0.767785,-1.28361
3,5.001869159,3.11837,6.21717,6.21717,4.67942,4.71947,5.42672,-1.13241,-1.16147,-1.67452
3,5.136448598,5.8449,6.16605,6.16605,4.64668,4.68651,5.39296,0.869209,0.840317,0.327847
3,5.226168224,1.94286,6.13195,6.13195,4.62485,4.66453,5.37045,-1.94557,-1.97435,-2.48643
3,5.45046729,4.81633,6.04662,6.04662,4.57029,4.60959,5.31417,0.178477,0.149973,-0.361146
3,5.876635514,3.59184,5.88426,5.88426,4.46663,4.50519,5.20724,-0.634589,-0.662566,-1.17185
3,5.943925234,4.70204,5.8586,5.8586,4.45026,4.48871,5.19036,0.182647,0.154753,-0.354236
3,6.011214953,4.3102,5.83294,5.83294,4.43389,4.47223,5.17348,-0.0897244,-0.117535,-0.626233
3,6.03364486,6.33469,5.82439,5.82439,4.42843,4.46673,5.16785,1.38283,1.35505,0.846451
3,6.347663551,4.60408,5.70456,5.70456,4.35205,4.38981,5.08905,0.182829,0.155434,-0.351807
3,6.841121495,5.12653,5.51611,5.51611,4.23201,4.26894,4.96523,0.648898,0.622111,0.117014
3,6.908411215,6.12245,5.4904,5.4904,4.21565,4.25246,4.94834,1.38323,1.35653,0.85172
3,6.998130841,4.19592,5.45612,5.45612,4.19382,4.23048,4.92583,0.00152037,-0.0250726,-0.529488
3,7.020560748,6.17143,5.44755,5.44755,4.18837,4.22499,4.9202,1.43855,1.41198,0.907666
3,7.042990654,5.40408,5.43898,5.43898,4.18291,4.21949,4.91457,0.885859,0.859322,0.355102
3,7.155140187,7.77143,5.39612,5.39612,4.15563,4.19202,4.88642,2.62297,2.59657,2.09283
3,7.244859813,4.76735,5.36183,5.36183,4.13381,4.17005,4.86391,0.459582,0.433293,-0.0700479
3,7.289719626,6.85714,5.34469,5.34469,4.12289,4.15906,4.85265,1.98347,1.95724,1.45409
3,7.334579439,5.81224,5.32754,5.32754,4.11198,4.14807,4.84139,1.2334,1.20722,0.704273
3,7.334579439,4.44082,5.32754,5.32754,4.11198,4.14807,4.84139,0.238543,0.212364,-0.290586
3,7.379439252,4.01633,5.31039,5.31039,4.10107,4.13708,4.83014,-0.061474,-0.0875975,-0.590352
3,7.446728972,6.23673,5.28467,5.28467,4.0847,4.1206,4.81325,1.56112,1.53508,1.03262
3,7.648598131,4.81633,5.2075,5.2075,4.0356,4.07115,4.76259,0.566354,0.540563,0.0389817
3,7.693457944,6.44898,5.19035,5.19035,4.02469,4.06016,4.75133,1.75863,1.73289,1.2315
3,7.85046729,4.76735,5.13032,5.13032,3.9865,4.02171,4.71193,0.566442,0.540901,0.0402004
3,7.962616822,6.80816,5.08743,5.08743,3.95922,3.99424,4.68379,2.06668,2.04127,1.54106
3,8.007476636,5.74694,5.07028,5.07028,3.94831,3.98325,4.67253,1.30476,1.27941,0.779397
3,8.007476636,3.6898,5.07028,5.07028,3.94831,3.98325,4.67253,-0.187529,-0.212876,-0.712891
3,8.007476636,5.3551,5.07028,5.07028,3.94831,3.98325,4.67253,1.02051,0.995167,0.495152
3,8.142056075,8.26122,5.01881,5.01881,3.91557,3.95029,4.63875,3.15241,3.12723,2.62781
3,8.231775701,4.5551,4.9845,4.9845,3.89375,3.92831,4.61624,0.479756,0.454685,-0.044349
3,8.321495327,5.48571,4.95019,4.95019,3.87193,3.90634,4.59372,1.17067,1.14571,0.647068
3,8.343925234,4.32653,4.94161,4.94161,3.86647,3.90084,4.58809,0.333734,0.308802,-0.189741
3,8.456074766,5.9102,4.89872,4.89872,3.83919,3.87337,4.55995,1.50235,1.47755,0.979501
3,8.747663551,4.75102,4.7872,4.7872,3.76827,3.80196,4.48677,0.712902,0.688469,0.191694
3,8.882242991,3.98367,4.73572,4.73572,3.73554,3.76899,4.45299,0.179999,0.155733,-0.340453
3,8.94953271,6.66122,4.70998,4.70998,3.71918,3.75251,4.43611,2.13421,2.11003,1.61414
3,9.01682243,4.8,4.68424,4.68424,3.70281,3.73603,4.41922,0.795921,0.771822,0.276226
3,9.039252336,5.9102,4.67566,4.67566,3.69736,3.73054,4.41359,1.60524,1.58117,1.08567
3,9.039252336,4.60408,4.67566,4.67566,3.69736,3.73054,4.41359,0.657756,0.633684,0.138187
3,9.151401869,7.72245,4.63277,4.63277,3.67008,3.70307,4.38544,2.93966,2.91573,2.42072
3,9.218691589,3.80408,4.60703,4.60703,3.65371,3.68659,4.36856,0.109079,0.0852299,-0.409479
3,9.285981308,5.06122,4.58129,4.58129,3.63735,3.67011,4.35167,1.03291,1.00914,0.514725
3,9.330841121,6.22041,4.56413,4.56413,3.62644,3.65912,4.34041,1.88171,1.858,1.36379
3,9.353271028,5.32245,4.55555,4.55555,3.62098,3.65363,4.33478,1.23427,1.21059,0.716473
3,9.375700935,4.39184,4.54697,4.54697,3.61553,3.64814,4.32915,0.563148,0.539493,0.0454737
3,9.487850467,6.26939,4.50407,4.50407,3.58825,3.62067,4.301,1.94494,1.92143,1.4279
3,9.66728972,4.34286,4.43542,4.43542,3.54462,3.57673,4.25597,0.579058,0.555765,0.0630283
3,9.846728972,4.71837,4.36678,4.36678,3.50098,3.53278,4.21094,0.883115,0.860044,0.368097
3,9.958878505,5.02857,4.32388,4.32388,3.47371,3.50532,4.1828,1.12793,1.105,0.613541
3,10.00373832,6.92245,4.30672,4.30672,3.4628,3.49433,4.17154,2.50969,2.48682,1.99556
3,10.02616822,4.35918,4.29814,4.29814,3.45735,3.48884,4.16591,0.65421,0.631363,0.140205
3,10.02616822,5.51837,4.29814,4.29814,3.45735,3.48884,4.16591,1.4951,1.47226,0.981098
3,10.11588785,7.24898,4.26382,4.26382,3.43553,3.46687,4.14339,2.76635,2.74361,2.25285
3,10.22803738,3.80408,4.22091,4.22091,3.40826,3.43941,4.11525,0.287138,0.264543,-0.225725
3,10.2953271,5.1102,4.19517,4.19517,3.39189,3.42293,4.09836,1.24649,1.22398,0.734011
3,10.34018692,5.20816,4.17801,4.17801,3.38099,3.41194,4.0871,1.32547,1.30301,0.813239
3,10.38504673,3.15102,4.16085,4.16085,3.37008,3.40096,4.07584,-0.158909,-0.181311,-0.670882
3,10.45233645,4.63673,4.13511,4.13511,3.35372,3.38448,4.05895,0.930724,0.908405,0.419132
3,10.65420561,4.70204,4.05788,4.05788,3.30463,3.33506,4.00829,1.0137,0.991635,0.503258
3,10.69906542,4.13061,4.04072,4.04072,3.29373,3.32407,3.99703,0.607091,0.585078,0.0968999
3,10.74392523,3.4449,4.02356,4.02356,3.28282,3.31309,3.98578,0.117574,0.0956158,-0.392363
3,10.85607477,6.07347,3.98066,3.98066,3.25555,3.28563,3.95763,2.04417,2.02235,1.53487
3,10.94579439,4.21224,3.94634,3.94634,3.23374,3.26367,3.93512,0.709824,0.688116,0.201034
3,10.99065421,5.42041,3.92918,3.92918,3.22284,3.25268,3.92386,1.59416,1.57251,1.08562
3,11.01308411,5.99184,3.9206,3.9206,3.21738,3.24719,3.91823,2.01264,1.99101,1.50423
3,11.03551402,4.81633,3.91202,3.91202,3.21193,3.2417,3.9126,1.16386,1.14226,0.655579
3,11.14766355,6.38367,3.86912,3.86912,3.18467,3.21425,3.88446,2.32062,2.29916,1.81298
3,11.23738318,2.48163,3.8348,3.8348,3.16286,3.19228,3.86194,-0.494171,-0.515519,-1.0013
3,11.28224299,4.65306,3.81764,3.81764,3.15195,3.1813,3.85068,1.08893,1.06764,0.582059
3,11.3271028,3.65714,3.80048,3.80048,3.14105,3.17032,3.83943,0.374386,0.35315,-0.132232
3,11.37196262,2.13878,3.78332,3.78332,3.13014,3.15934,3.82817,-0.719154,-0.740335,-1.22552
3,11.41682243,4.16327,3.76616,3.76616,3.11924,3.14836,3.81691,0.757357,0.736232,0.251252
3,11.6635514,2.67755,3.67178,3.67178,3.05927,3.08797,3.75499,-0.276903,-0.297723,-0.781597
3,11.68598131,3.2,3.6632,3.6632,3.05381,3.08248,3.74937,0.106045,0.0852529,-0.39852
3,11.73084112,2.38367,3.64604,3.64604,3.04291,3.0715,3.73811,-0.478223,-0.49896,-0.982532
3,11.86542056,3.36327,3.59456,3.59456,3.01021,3.03856,3.70434,0.256116,0.235546,-0.24742
3,11.93271028,4.94694,3.56883,3.56883,2.99385,3.02209,3.68745,1.4168,1.39632,0.913655
3,12,3.78776,3.54309,3.54309,2.9775,3.00563,3.67057,0.587773,0.56737,0.0850109
3,12.02242991,6.22041,3.53451,3.53451,2.97205,3.00014,3.66494,2.35642,2.33604,1.85378
3,12.04485981,3.08571,3.52593,3.52593,2.9666,2.99465,3.65931,0.0864083,0.0660601,-0.416096
3,12.11214953,5.64898,3.50019,3.50019,2.95025,2.97818,3.64242,1.95771,1.93744,1.45559
3,12.22429907,2.51429,3.4573,3.4573,2.923,2.95074,3.61428,-0.296487,-0.316613,-0.797958
3,12.29158879,4.88163,3.43157,3.43157,2.90665,2.93428,3.5974,1.43269,1.41265,0.931607
3,12.31401869,5.19184,3.42299,3.42299,2.9012,2.92879,3.59177,1.66167,1.64165,1.16072
3,12.3364486,2.82449,3.41441,3.41441,2.89575,2.9233,3.58614,-0.0516931,-0.0716802,-0.552516
3,12.3588785,2.30204,3.40583,3.40583,2.8903,2.91781,3.58051,-0.426734,-0.446693,-0.927427
3,12.44859813,4.73469,3.37152,3.37152,2.8685,2.89586,3.558,1.35377,1.33392,0.853594
3,12.65046729,2.36735,3.29432,3.29432,2.81947,2.84648,3.50735,-0.327976,-0.347573,-0.826978
3,12.6728972,3.46122,3.28574,3.28574,2.81402,2.841,3.50172,0.469495,0.449925,-0.0293767
3,12.74018692,3.05306,3.26001,3.26001,2.79768,2.82454,3.48484,0.185261,0.165776,-0.313218
3,12.87476636,3.00408,3.20855,3.20855,2.76499,2.79162,3.45107,0.17344,0.154122,-0.324254
3,12.94205607,4.08163,3.18283,3.18283,2.74865,2.77517,3.43419,0.966969,0.947734,0.469669
3,12.98691589,4.44082,3.16567,3.16567,2.73776,2.7642,3.42293,1.23543,1.21625,0.738392
3,13.00934579,4.57143,3.1571,3.1571,2.73231,2.75871,3.4173,1.33413,1.31498,0.837222
3,13.0317757,2.62857,3.14852,3.14852,2.72686,2.75323,3.41168,-0.0713032,-0.0904277,-0.568079
3,13.16635514,4.60408,3.09707,3.09707,2.69419,2.72032,3.37791,1.38547,1.36651,0.889485
3,13.23364486,2.10612,3.07135,3.07135,2.67785,2.70387,3.36103,-0.414744,-0.433618,-0.910333
3,13.30093458,3.55918,3.04563,3.04563,2.66152,2.68742,3.34415,0.651182,0.632392,0.15599
3,13.30093458,2.35102,3.04563,3.04563,2.66152,2.68742,3.34415,-0.225242,-0.244031,-0.720433
3,13.32336449,3.13469,3.03705,3.03705,2.65608,2.68194,3.33852,0.347199,0.328437,-0.147861
3,13.3682243,2.93878,3.01991,3.01991,2.64519,2.67097,3.32727,0.212974,0.194269,-0.281819
3,13.45794393,3.98367,2.98561,2.98561,2.62341,2.64904,3.30476,0.986758,0.968164,0.492496
3,13.65981308,5.33e-15,2.90847,2.90847,2.57443,2.59971,3.25412,-1.86754,-1.88588,-2.3606
3,13.68224299,2.17143,2.8999,2.8999,2.56899,2.59423,3.24849,-0.288397,-0.306709,-0.781322
3,13.74953271,1.69796,2.87418,2.87418,2.55266,2.57779,3.23161,-0.620019,-0.638247,-1.11254
3,13.86168224,0.897959,2.83134,2.83134,2.52546,2.5504,3.20348,-1.18062,-1.19871,-1.67247
3,13.92897196,3.57551,2.80563,2.80563,2.50914,2.53396,3.1866,0.773562,0.755559,0.28212
3,13.99626168,3.5102,2.77993,2.77993,2.49282,2.51753,3.16973,0.738025,0.720106,0.246989
3,14.01869159,1.50204,2.77136,2.77136,2.48739,2.51205,3.1641,-0.714787,-0.732678,-1.20569
3,14.0411215,2.69388,2.76279,2.76279,2.48195,2.50657,3.15847,0.153738,0.135875,-0.337026
3,14.13084112,5.30612,2.72853,2.72853,2.4602,2.48466,3.13597,2.06449,2.04674,1.57427
3,14.24299065,1.6,2.6857,2.6857,2.43301,2.45728,3.10784,-0.604282,-0.621889,-1.09382
3,14.28785047,3.88571,2.66858,2.66858,2.42214,2.44633,3.09659,1.0617,1.04415,0.572443
3,14.33271028,2.77551,2.65145,2.65145,2.41127,2.43538,3.08534,0.264227,0.246733,-0.224758
3,14.44485981,4.27755,2.60864,2.60864,2.3841,2.40802,3.05722,1.37355,1.35619,0.885252
3,14.64672897,2.25306,2.53162,2.53162,2.33521,2.35877,3.0066,-0.0595888,-0.0766836,-0.546629
3,14.69158879,5.07755,2.51451,2.51451,2.32434,2.34783,2.99535,1.99723,1.98019,1.51047
3,14.93831776,2.93878,2.42043,2.42043,2.26463,2.28768,2.93349,0.489038,0.472314,0.00383453
3,14.98317757,3.10204,2.40334,2.40334,2.25378,2.27675,2.92224,0.615346,0.59868,0.130428
3,15.00560748,1.19184,2.39479,2.39479,2.24835,2.27129,2.91662,-0.766414,-0.783052,-1.25119
3,15.05046729,1.51837,2.3777,2.3777,2.2375,2.26036,2.90537,-0.521672,-0.538252,-1.00616
3,15.11775701,5.38776,2.35206,2.35206,2.22123,2.24397,2.88851,2.29706,2.28056,1.813
3,15.25233645,1.76327,2.30082,2.30082,2.1887,2.21119,2.85477,-0.308615,-0.324935,-0.7918
3,15.29719626,2.98776,2.28374,2.28374,2.17785,2.20027,2.84353,0.587516,0.571254,0.104623
3,15.36448598,1.25714,2.25813,2.25813,2.1616,2.1839,2.82667,-0.656107,-0.672283,-1.13856
3,15.4317757,3.96735,2.23254,2.23254,2.14534,2.16752,2.8098,1.32171,1.30563,0.839704
3,15.67850467,0.0163265,2.13875,2.13875,2.08579,2.10752,2.74798,-1.50122,-1.51699,-1.98159
3,15.92523364,2.59592,2.04512,2.04512,2.02629,2.04759,2.68617,0.413215,0.397769,-0.0654704
3,16.1271028,0.881633,1.96865,1.96865,1.97768,1.99861,2.63561,-0.79509,-0.810272,-1.27237
3,16.21682243,1.24082,1.93471,1.93471,1.95609,1.97685,2.61315,-0.51887,-0.533935,-0.995514
3,16.30654206,2.85714,1.9008,1.9008,1.93451,1.95511,2.59069,0.669295,0.654349,0.193293
3,16.35140187,0.914286,1.88385,1.88385,1.92373,1.94425,2.57945,-0.732266,-0.747152,-1.20794
3,16.4635514,2.84082,1.84153,1.84153,1.89678,1.9171,2.55138,0.684822,0.670083,0.20996
3,16.66542056,2.74286,1.76552,1.76552,1.84833,1.86828,2.50087,0.648905,0.634435,0.175545
3,16.97943925,0.163265,1.64774,1.64774,1.77313,1.79249,2.42232,-1.16782,-1.18187,-1.63876
3,17.00186916,2.17143,1.63935,1.63935,1.76776,1.78709,2.41671,0.292827,0.278808,-0.177935
3,17.11401869,2.23673,1.59748,1.59748,1.74096,1.76008,2.38868,0.359643,0.345776,-0.110222
3,17.20373832,0.555102,1.56406,1.56406,1.71954,1.73849,2.36625,-0.844706,-0.858451,-1.31384
3,17.29345794,0.457143,1.5307,1.5307,1.69814,1.71692,2.34383,-0.900245,-0.913868,-1.36864
3,17.29345794,1.95918,1.5307,1.5307,1.69814,1.71692,2.34383,0.189362,0.17574,-0.279031
3,17.31588785,3.2,1.52238,1.52238,1.6928,1.71154,2.33823,1.09335,1.07976,0.625144
3,17.42803738,2.67755,1.48082,1.48082,1.66609,1.68461,2.31021,0.733733,0.720295,0.266473
3,18.03364486,1.81224,1.25912,1.25912,1.52253,1.5399,2.1591,0.210161,0.197564,-0.251615
3,18.12336449,4.5551,1.22676,1.22676,1.50138,1.51857,2.13674,2.21522,2.20275,1.75432
3,18.23551402,0.555102,1.18652,1.18652,1.47499,1.49196,2.1088,-0.6673,-0.679612,-1.12708
3,18.37009346,1.30612,1.13857,1.13857,1.44338,1.46009,2.0753,-0.099572,-0.111692,-0.557975
3,18.43738318,2.20408,1.11475,1.11475,1.42762,1.44419,2.05856,0.563263,0.551239,0.105567
3,18.95327103,2.04082,0.936146,0.936146,1.30752,1.32306,1.93039,0.531945,0.520675,0.0801072
3,19.13271028,2.57959,0.876025,0.876025,1.26613,1.28129,1.88591,0.952811,0.941808,0.503212
3,19.26728972,0.359184,0.831748,0.831748,1.23523,1.25012,1.85258,-0.635498,-0.646299,-1.08334
3,19.44672897,1.63265,0.773916,0.773916,1.19424,1.20875,1.80821,0.318032,0.307503,-0.127354
3,20.43364486,1.66531,0.487356,0.487356,0.97419,0.986552,1.56567,0.501348,0.49238,0.072281
4,0,1.95122,7.40463,7.40463,1.08184,1.08983,1.14045,0.630666,0.624871,0.58815
4,0.993314231,2.05765,7.52531,7.52531,2.76159,2.76564,2.80881,-0.510649,-0.513586,-0.544906
4,1.107927412,5.62306,7.51329,7.51329,2.95656,2.96047,3.00406,1.93432,1.93149,1.89987
4,1.184336199,0.922395,7.50282,7.50282,3.08661,3.09042,3.13428,-1.56996,-1.57273,-1.60454
4,1.222540592,4.25721,7.4969,7.4969,3.15164,3.15541,3.1994,0.801998,0.799264,0.767355
4,1.910219675,7.34368,7.33221,7.33221,4.32285,4.32577,4.37209,2.19137,2.18925,2.15564
4,1.986628462,4.00887,7.30916,7.30916,4.45301,4.45584,4.50242,-0.322187,-0.324237,-0.358028
4,2.101241643,5.81818,7.27346,7.27346,4.64825,4.65094,4.6979,0.848688,0.84674,0.81267
4,2.17765043,4.00887,7.249,7.249,4.77842,4.78101,4.82823,-0.558243,-0.560122,-0.594379
4,2.215854823,2.80266,7.2366,7.2366,4.8435,4.84604,4.89339,-1.48046,-1.4823,-1.51665
4,2.215854823,4.47007,7.2366,7.2366,4.8435,4.84604,4.89339,-0.270894,-0.272739,-0.307089
4,2.521489971,3.051,7.13394,7.13394,5.36416,5.36632,5.4147,-1.67801,-1.67958,-1.71467
4,2.903533906,8.26608,6.99949,6.99949,6.01499,6.01668,6.06634,1.63298,1.63175,1.59573
4,3.018147087,4.82483,6.95826,6.95826,6.21023,6.21179,6.26183,-1.00499,-1.00612,-1.04242
4,3.094555874,6.56319,6.93059,6.93059,6.3404,6.34186,6.39216,0.161618,0.16056,0.124071
4,3.132760267,6.17295,6.9167,6.9167,6.40548,6.40689,6.45732,-0.168685,-0.169708,-0.20629
4,3.209169054,4.15078,6.88885,6.88885,6.53565,6.53697,6.58765,-1.73003,-1.73098,-1.76775
4,3.209169054,4.66519,6.88885,6.88885,6.53565,6.53697,6.58765,-1.35687,-1.35782,-1.39459
4,3.209169054,6.03104,6.88885,6.88885,6.53565,6.53697,6.58765,-0.366051,-0.367006,-0.403773
4,3.896848138,8.26608,6.6342,6.6342,7.61823,7.61796,7.62631,0.469958,0.470155,0.464096
4,3.915950334,7.18404,6.62705,6.62705,7.62396,7.62356,7.62731,-0.319127,-0.31884,-0.321557
4,4.011461318,6.29712,6.59127,6.59127,7.61365,7.61274,7.60153,-0.955034,-0.954379,-0.946241
4,4.087870105,8.2306,6.56259,6.56259,7.57741,7.57621,7.56038,0.473835,0.474702,0.486187
4,4.106972302,7.55654,6.55541,6.55541,7.56643,7.56518,7.54878,-0.00717673,-0.00626333,0.00563169
4,4.183381089,7.73392,6.52669,6.52669,7.51871,7.51721,7.4998,0.156122,0.157206,0.169842
4,4.240687679,7.27273,6.50512,6.50512,7.48076,7.4791,7.46163,-0.150912,-0.149708,-0.137036
4,4.240687679,4.50554,6.50512,6.50512,7.48076,7.4791,7.46163,-2.15828,-2.15707,-2.1444
4,4.508118434,7.94678,6.40423,6.40423,7.29806,7.29566,7.27986,0.470594,0.472337,0.483797
4,4.508118434,6.38581,6.40423,6.40423,7.29806,7.29566,7.27986,-0.661766,-0.660023,-0.648563
4,4.699140401,7.50333,6.33196,6.33196,7.16671,7.16378,7.14947,0.244187,0.246313,0.256692
4,4.890162369,8.54989,6.25956,6.25956,7.03533,7.03187,7.01906,1.09869,1.1012,1.11049
4,4.928366762,7.57428,6.24507,6.24507,7.00905,7.00549,6.99298,0.410028,0.412613,0.421687
4,5.023877746,6.40355,6.20881,6.20881,6.94336,6.93953,6.92777,-0.391587,-0.388811,-0.38028
4,5.062082139,7.25499,6.19431,6.19431,6.91708,6.91315,6.90169,0.245125,0.247978,0.256292
4,5.11938873,8.08869,6.17254,6.17254,6.87766,6.87357,6.86256,0.878501,0.881469,0.889457
4,5.17669532,7.5388,6.15076,6.15076,6.83825,6.834,6.82344,0.508193,0.511277,0.518939
4,5.214899713,6.7051,6.13624,6.13624,6.81197,6.80762,6.79735,-0.0775278,-0.0743672,-0.0669235
4,5.23400191,6.26164,6.12897,6.12897,6.79883,6.79442,6.78431,-0.38969,-0.386491,-0.379156
4,5.520534862,6.29712,6.01995,6.01995,6.60175,6.59656,6.58869,-0.220989,-0.217218,-0.211511
4,5.539637058,5.10865,6.01267,6.01267,6.58861,6.58337,6.57565,-1.07359,-1.06979,-1.06419
4,5.711556829,6.52772,5.94718,5.94718,6.47037,6.46464,6.45828,0.0416017,0.0457545,0.0503726
4,5.902578797,7.60976,5.87437,5.87437,6.33898,6.33273,6.32786,0.921843,0.926379,0.929908
4,5.921680993,6.86475,5.86709,5.86709,6.32584,6.31954,6.31482,0.39093,0.395504,0.398924
4,6.036294174,7.41463,5.82338,5.82338,6.24701,6.24039,6.23658,0.847015,0.851819,0.854584
4,6.074498567,5.42794,5.8088,5.8088,6.22073,6.21401,6.21049,-0.575109,-0.570228,-0.567681
4,6.074498567,5.14412,5.8088,5.8088,6.22073,6.21401,6.21049,-0.780992,-0.776111,-0.773564
4,6.112702961,8.42572,5.79423,5.79423,6.19446,6.18762,6.18441,1.6186,1.62356,1.62589
4,6.189111748,5.39246,5.76507,5.76507,6.1419,6.13486,6.13225,-0.543659,-0.538548,-0.536653
4,6.227316141,6.95344,5.75049,5.75049,6.11563,6.10847,6.10616,0.607762,0.612951,0.614627
4,6.227316141,5.78271,5.75049,5.75049,6.11563,6.10847,6.10616,-0.241508,-0.236319,-0.234643
4,6.227316141,5.85366,5.75049,5.75049,6.11563,6.10847,6.10616,-0.190037,-0.184848,-0.183172
4,6.532951289,4.64745,5.63382,5.63382,5.90541,5.89741,5.89751,-0.912544,-0.906746,-0.906813
4,6.532951289,5.60532,5.63382,5.63382,5.90541,5.89741,5.89751,-0.217686,-0.211889,-0.211956
4,6.723973257,5.21508,5.56086,5.56086,5.77402,5.7655,5.76709,-0.405465,-0.399287,-0.400443
4,6.914995224,5.78271,5.48789,5.48789,5.64263,5.63359,5.63668,0.101612,0.108174,0.105927
4,6.914995224,5.56984,5.48789,5.48789,5.64263,5.63359,5.63668,-0.0528011,-0.046239,-0.0484858
4,7.029608405,6.03104,5.4441,5.4441,5.5638,5.55444,5.55844,0.338945,0.345738,0.342837
4,7.067812798,6.13747,5.4295,5.4295,5.53752,5.52805,5.53235,0.435214,0.442084,0.438963
4,7.067812798,5.78271,5.4295,5.4295,5.53752,5.52805,5.53235,0.177859,0.184729,0.181609
4,7.106017192,7.84035,5.4149,5.4149,5.51125,5.50167,5.50627,1.68958,1.69652,1.69319
4,7.182425979,4.75388,5.3857,5.3857,5.45869,5.44891,5.45411,-0.511283,-0.504184,-0.507957
4,7.220630372,5.35698,5.37109,5.37109,5.43242,5.42252,5.42803,-0.0547189,-0.0475428,-0.0515342
4,7.220630372,4.50554,5.37109,5.37109,5.43242,5.42252,5.42803,-0.67237,-0.665194,-0.669185
4,7.258834766,4.36364,5.35649,5.35649,5.40614,5.39614,5.40194,-0.75625,-0.748997,-0.753206
4,7.526265521,6.102,5.25427,5.25427,5.2222,5.21146,5.21937,0.63822,0.646009,0.640274
4,7.526265521,4.32816,5.25427,5.25427,5.2222,5.21146,5.21937,-0.648552,-0.640764,-0.646498
4,7.698185291,7.04213,5.18854,5.18854,5.10395,5.09274,5.102,1.40599,1.41412,1.40741
4,7.908309456,6.91796,5.1082,5.1082,4.95943,4.94763,4.95855,1.42075,1.42931,1.42139
4,7.908309456,4.39911,5.1082,5.1082,4.95943,4.94763,4.95855,-0.406464,-0.397907,-0.405823
4,8.022922636,4.61197,5.06437,5.06437,4.8806,4.86849,4.8803,-0.194866,-0.186082,-0.194649
4,8.022922636,4.15078,5.06437,5.06437,4.8806,4.86849,4.8803,-0.529427,-0.520643,-0.52921
4,8.06112703,4.39911,5.04976,5.04976,4.85432,4.84211,4.85422,-0.330217,-0.321357,-0.330142
4,8.099331423,4.89579,5.03515,5.03515,4.82805,4.81573,4.82814,0.0491409,0.0580767,0.0490749
4,8.099331423,5.03769,5.03515,5.03515,4.82805,4.81573,4.82814,0.152083,0.161018,0.152017
4,8.213944604,4.18625,4.99132,4.99132,4.74922,4.73658,4.74989,-0.408384,-0.39922,-0.408873
4,8.213944604,3.08647,4.99132,4.99132,4.74922,4.73658,4.74989,-1.20618,-1.19702,-1.20667
4,8.213944604,3.33481,4.99132,4.99132,4.74922,4.73658,4.74989,-1.02603,-1.01687,-1.02652
4,8.2330468,4.5765,4.98402,4.98402,4.73608,4.72339,4.73685,-0.115763,-0.106561,-0.116323
4,8.519579752,4.77162,4.87443,4.87443,4.539,4.52553,4.54124,0.168743,0.178514,0.167123
4,8.538681948,4.68293,4.86713,4.86713,4.52587,4.51234,4.5282,0.113935,0.123744,0.112244
4,8.672397326,4.86031,4.81598,4.81598,4.4339,4.42001,4.43691,0.309327,0.319402,0.307141
4,8.901623687,6.03104,4.72831,4.72831,4.27624,4.26173,4.28042,1.27296,1.28349,1.26993
4,9.016236867,2.55432,4.68447,4.68447,4.19742,4.18259,4.20218,-1.19193,-1.18117,-1.19539
4,9.054441261,4.70067,4.66985,4.66985,4.17114,4.15621,4.1761,0.384126,0.394961,0.380528
4,9.073543457,4.23947,4.66255,4.66255,4.158,4.14302,4.16306,0.0590958,0.0699683,0.0554271
4,9.092645654,5.42794,4.65524,4.65524,4.14487,4.12983,4.15002,0.930764,0.941674,0.927024
4,9.092645654,4.32816,4.65524,4.65524,4.14487,4.12983,4.15002,0.132965,0.143875,0.129225
4,9.207258835,1.59645,4.6114,4.6114,4.06604,4.05069,4.07178,-1.79148,-1.78035,-1.79565
4,9.207258835,1.09978,4.6114,4.6114,4.06604,4.05069,4.07178,-2.15178,-2.14064,-2.15594
4,9.245463228,3.1929,4.59678,4.59678,4.03977,4.02431,4.0457,-0.614328,-0.603114,-0.618633
4,9.512893983,1.77384,4.49449,4.49449,3.85585,3.83966,3.86314,-1.51033,-1.49858,-1.51562
4,9.53199618,4.20399,4.48718,4.48718,3.84271,3.82647,3.8501,0.262081,0.273863,0.256716
4,9.70391595,7.29047,4.42141,4.42141,3.72448,3.70777,3.73275,2.58683,2.59895,2.58083
4,9.894937918,1.77384,4.34834,4.34834,3.59312,3.57589,3.60237,-1.31974,-1.30724,-1.32645
4,9.914040115,4.949,4.34103,4.34103,3.57999,3.5627,3.58933,0.993107,1.00565,0.98633
4,10.04775549,1.63193,4.28988,4.28988,3.48804,3.47039,3.49807,-1.34646,-1.33365,-1.35373
4,10.04775549,3.22838,4.28988,4.28988,3.48804,3.47039,3.49807,-0.188363,-0.175557,-0.195637
4,10.12416428,2.09313,4.26065,4.26065,3.43551,3.41764,3.44592,-0.973787,-0.960829,-0.981343
4,10.12416428,3.58315,4.26065,4.26065,3.43551,3.41764,3.44592,0.107102,0.12006,0.0995462
4,10.20057307,0.922395,4.23142,4.23142,3.38297,3.3649,3.39378,-1.78495,-1.77184,-1.79279
4,10.20057307,1.20621,4.23142,4.23142,3.38297,3.3649,3.39378,-1.57906,-1.56595,-1.5869
4,10.20057307,1.59645,4.23142,4.23142,3.38297,3.3649,3.39378,-1.29597,-1.28286,-1.30381
4,10.27698185,1.41907,4.20219,4.20219,3.33044,3.31216,3.34164,-1.38654,-1.37328,-1.39466
4,10.50620821,2.62528,4.1145,4.1145,3.17287,3.15396,3.18523,-0.397232,-0.383515,-0.406198
4,10.67812798,4.23947,4.04873,4.04873,3.05471,3.03533,3.06794,0.859443,0.873501,0.849844
4,10.88825215,2.34146,3.96835,3.96835,2.91034,2.89038,2.92464,-0.412673,-0.398197,-0.423045
4,10.92645654,5.35698,3.95374,3.95374,2.8841,2.86404,2.89859,1.79388,1.80843,1.78337
4,11.04106972,0.851441,3.90989,3.90989,2.80538,2.78501,2.82045,-1.41742,-1.40264,-1.42835
4,11.06017192,3.40576,3.90259,3.90259,2.79226,2.77184,2.80743,0.445049,0.459863,0.434045
4,11.09837631,2.8204,3.88797,3.88797,2.76602,2.7455,2.78139,0.039444,0.0543329,0.0283003
4,11.11747851,2.41242,3.88066,3.88066,2.75291,2.73233,2.76837,-0.246999,-0.232073,-0.258213
4,11.1938873,0.532151,3.85144,3.85144,2.70045,2.67967,2.7163,-1.57293,-1.55785,-1.58442
4,11.1938873,1.70288,3.85144,3.85144,2.70045,2.67967,2.7163,-0.723656,-0.70858,-0.735149
4,11.27029608,0.354767,3.82221,3.82221,2.64801,2.62702,2.66424,-1.66356,-1.64834,-1.67533
4,11.49952245,1.5255,3.73452,3.73452,2.49077,2.46918,2.50815,-0.700227,-0.684561,-0.712835
4,11.53772684,2.83814,3.71991,3.71991,2.46458,2.44289,2.48215,0.270983,0.286721,0.258237
4,11.72874881,4.96674,3.64684,3.64684,2.33372,2.31153,2.35224,1.91004,1.92613,1.8966
4,11.91977077,2.44789,3.57378,3.57378,2.20305,2.18038,2.22251,0.177616,0.194062,0.163499
4,12.03438395,0.141907,3.52994,3.52994,2.12476,2.1018,2.14477,-1.4384,-1.42174,-1.45292
4,12.03438395,2.02217,3.52994,3.52994,2.12476,2.1018,2.14477,-0.0744168,-0.0577655,-0.0889369
4,12.07258835,0.922395,3.51533,3.51533,2.09868,2.07564,2.11888,-0.853301,-0.836583,-0.867955
4,12.11079274,1.38359,3.50071,3.50071,2.07262,2.04948,2.09301,-0.499835,-0.48305,-0.514622
4,12.11079274,3.01552,3.50071,3.50071,2.07262,2.04948,2.09301,0.683996,0.700781,0.669209
4,12.22540592,0.496674,3.45688,3.45688,1.99452,1.97111,2.01545,-1.08657,-1.06958,-1.10175
4,12.22540592,2.76718,3.45688,3.45688,1.99452,1.97111,2.01545,0.560504,0.577485,0.545321
4,12.53104107,0.567627,3.33999,3.33999,1.78703,1.76295,1.80937,-0.884578,-0.86711,-0.900782
4,12.53104107,2.44789,3.33999,3.33999,1.78703,1.76295,1.80937,0.479401,0.496869,0.463197
4,12.70296084,3.40576,3.27425,3.27425,1.671,1.64658,1.69408,1.25843,1.27614,1.24168
4,12.913085,2.55432,3.1939,3.1939,1.53012,1.50535,1.55406,0.742979,0.760942,0.725612
4,13.04680038,2.92683,3.14278,3.14278,1.44116,1.41622,1.4656,1.07773,1.09582,1.06001
4,13.06590258,0,3.13548,3.13548,1.4285,1.40354,1.45301,-1.03626,-1.01815,-1.05404
4,13.10410697,0.354767,3.12087,3.12087,1.40323,1.37823,1.42787,-0.760576,-0.742439,-0.778449
4,13.12320917,1.24169,3.11357,3.11357,1.39062,1.3656,1.41532,-0.108041,-0.0898912,-0.125961
4,13.21872015,1.0643,3.07705,3.07705,1.32781,1.3027,1.35281,-0.19115,-0.172941,-0.209292
4,13.5243553,2.18182,2.96023,2.96023,1.13011,1.10497,1.15588,0.762926,0.781164,0.744231
4,13.5243553,1.77384,2.96023,2.96023,1.13011,1.10497,1.15588,0.466969,0.485207,0.448274
4,13.69627507,3.051,2.89453,2.89453,1.02182,0.99684,1.04782,1.472,1.49012,1.45314
4,13.92550143,2.5898,2.80696,2.80696,0.881866,0.857368,0.907887,1.23897,1.25674,1.22009
4,14.05921681,2.25277,2.75588,2.75588,0.803136,0.779088,0.82898,1.05159,1.06904,1.03284
4,14.0974212,0,2.74129,2.74129,0.7811,0.757205,0.806865,-0.566624,-0.54929,-0.585314
4,14.0974212,0.283814,2.74129,2.74129,0.7811,0.757205,0.806865,-0.36074,-0.343407,-0.379431
4,14.51766953,1.31264,2.58086,2.58086,0.555205,0.533805,0.579151,0.549456,0.56498,0.532085
4,14.7086915,6.40355,2.50798,2.50798,0.464572,0.444795,0.487083,4.30824,4.32259,4.29191
4,14.89971347,0.532151,2.43515,2.43515,0.382873,0.364978,0.403595,0.108289,0.12127,0.0932563
4,15.05253104,1.70288,2.37691,2.37691,0.324413,0.308161,0.343496,0.999967,1.01176,0.986123
4,15.70200573,3.76053,2.12983,2.12983,0.145215,0.136031,0.156627,2.62262,2.62928,2.61434
4,15.8930277,0.0709534,2.05733,2.05733,0.111735,0.104307,0.121105,-0.0295839,-0.0241956,-0.0363808
4,16.04584527,1.91574,1.99942,1.99942,0.0900239,0.0838284,0.0979281,1.32441,1.3289,1.31868
4,16.10315186,0.86918,1.97772,1.97772,0.0829118,0.0771372,0.090309,0.570373,0.574562,0.565007
4,16.52340019,1.5255,1.81897,1.81897,0.0445863,0.0412515,0.0489825,1.07428,1.0767,1.07109
4,16.71442216,4.45233,1.7471,1.7471,0.0333812,0.0308155,0.0367978,3.20558,3.20744,3.20311
4,16.88634193,0.354767,1.68259,1.68259,0.0256543,0.0236362,0.0283611,0.238744,0.240208,0.236781
4,17.0582617,2.1286,1.61829,1.61829,0.0196755,0.018103,0.0218102,1.52985,1.53099,1.52831
4,17.68863419,2.69623,1.38481,1.38481,0.0073553,0.00673237,0.00822493,1.95056,1.95101,1.94993
