id,time,y10_,popPred_medianCOV,popPred,indivPred_SAEM,indivPred_mean,indivPred_mode,indWRes_SAEM,indWRes_mean,indWRes_mode
1,0,0.780488,7.33053,7.33053,3.41669,3.43445,3.43989,-1.89103,-1.90377,-1.90767
1,0,1.59645,7.33053,7.33053,3.41669,3.43445,3.43989,-1.30571,-1.31846,-1.32236
1,0.667302193,5.67627,7.05422,7.05422,4.49394,4.51171,4.51466,0.848127,0.83538,0.833262
1,0.762631077,5.25055,7.01446,7.01446,4.64785,4.66562,4.66822,0.432339,0.419592,0.417728
1,1.029551954,3.22838,6.90293,6.90293,5.07881,5.09657,5.09818,-1.32737,-1.34011,-1.34126
1,1.18207817,7.3082,6.8391,6.8391,5.32507,5.34284,5.34387,1.42257,1.40982,1.40908
1,1.220209724,3.051,6.82313,6.82313,5.38663,5.4044,5.40529,-1.67543,-1.68817,-1.68881
1,1.258341277,5.32151,6.80716,6.80716,5.4482,5.46597,5.46672,-0.0908808,-0.103626,-0.104163
1,1.258341277,5.74723,6.80716,6.80716,5.4482,5.46597,5.46672,0.214502,0.201757,0.201219
1,1.315538608,5.88914,6.7832,6.7832,5.54055,5.55832,5.55885,0.250052,0.237307,0.236923
1,1.315538608,6.38581,6.7832,6.7832,5.54055,5.55832,5.55885,0.606332,0.593587,0.593203
1,1.410867493,4.15078,6.74325,6.74325,5.69446,5.71223,5.71241,-1.10734,-1.12008,-1.12021
1,1.448999047,3.37029,6.72727,6.72727,5.75603,5.7738,5.77383,-1.71137,-1.72411,-1.72414
1,1.468064824,8.17738,6.71927,6.71927,5.78681,5.80458,5.80454,1.71483,1.70209,1.70212
1,1.601525262,5.32151,6.66331,6.66331,6.00229,6.02006,6.01951,-0.48835,-0.501094,-0.5007
1,1.67778837,6.45676,6.63132,6.63132,6.12543,6.14319,6.14235,0.237678,0.224935,0.225538
1,1.754051478,4.15078,6.59932,6.59932,6.24856,6.26632,6.26519,-1.50481,-1.51755,-1.51673
1,1.754051478,4.61197,6.59932,6.59932,6.24856,6.26632,6.26519,-1.17397,-1.18672,-1.1859
1,1.754051478,8.15965,6.59932,6.59932,6.24856,6.26632,6.26519,1.37088,1.35814,1.35896
1,1.811248808,6.79379,6.57531,6.57531,6.34091,6.35867,6.35731,0.324869,0.312125,0.313101
1,1.982840801,3.29933,6.50328,6.50328,6.61795,6.63572,6.63367,-2.38055,-2.39329,-2.39183
1,1.982840801,6.38581,6.50328,6.50328,6.61795,6.63572,6.63367,-0.166525,-0.179268,-0.177802
1,2.020972355,5.14412,6.48727,6.48727,6.67952,6.69728,6.69508,-1.10139,-1.11413,-1.11255
1,2.020972355,6.66962,6.48727,6.48727,6.67952,6.69728,6.69508,-0.00709941,-0.0198421,-0.0182644
1,2.097235462,7.20177,6.45525,6.45525,6.80265,6.82042,6.8179,0.286303,0.27356,0.275366
1,2.135367016,5.1796,6.43924,6.43924,6.86422,6.88198,6.8793,-1.20843,-1.22117,-1.21925
1,2.230695901,6.31486,6.3992,6.3992,7.01813,7.0359,7.03279,-0.504483,-0.517225,-0.514999
1,2.249761678,7.80488,6.39119,6.39119,7.04892,7.06668,7.06349,0.542276,0.529533,0.531824
1,2.249761678,7.48559,6.39119,6.39119,7.04892,7.06668,7.06349,0.313238,0.300496,0.302786
1,2.326024786,5.46341,6.35916,6.35916,7.17205,7.18981,7.18625,-1.22566,-1.2384,-1.23584
1,2.326024786,7.27273,6.35916,6.35916,7.17205,7.18981,7.18625,0.0722203,0.0594785,0.0620347
1,2.364156339,6.13747,6.34314,6.34314,7.23361,7.25138,7.24761,-0.786298,-0.799039,-0.79634
1,2.402287893,5.74723,6.32712,6.32712,7.29518,7.31294,7.30897,-1.1104,-1.12314,-1.12029
1,2.440419447,6.03104,6.3111,6.3111,7.35675,7.37451,7.37031,-0.950969,-0.96371,-0.960696
1,2.459485224,8.15965,6.30309,6.30309,7.38753,7.40529,7.40097,0.553864,0.541124,0.544225
1,2.592945663,7.59202,6.24701,6.24701,7.60314,7.62092,7.61534,-0.0079773,-0.020736,-0.0167263
1,2.66920877,8.12417,6.21496,6.21496,7.72414,7.74044,7.73379,0.286952,0.275264,0.280033
1,2.745471878,8.37251,6.18291,6.18291,7.82094,7.83107,7.82567,0.395654,0.388387,0.392264
1,2.745471878,7.41463,6.18291,6.18291,7.82094,7.83107,7.82567,-0.291457,-0.298725,-0.294848
1,2.764537655,5.67627,6.1749,6.1749,7.83778,7.84601,7.84128,-1.55052,-1.55642,-1.55303
1,2.802669209,5.8714,6.15887,6.15887,7.86167,7.86628,7.86302,-1.42769,-1.43099,-1.42865
1,2.974261201,5.92461,6.08675,6.08675,7.84899,7.84415,7.84559,-1.38042,-1.37694,-1.37798
1,2.974261201,7.62749,6.08675,6.08675,7.84899,7.84415,7.84559,-0.158885,-0.155412,-0.156447
1,2.974261201,6.68736,6.08675,6.08675,7.84899,7.84415,7.84559,-0.833272,-0.829799,-0.830834
1,3.012392755,6.102,6.07072,6.07072,7.83059,7.82488,7.82684,-1.23998,-1.23588,-1.23728
1,3.012392755,7.98226,6.07072,6.07072,7.83059,7.82488,7.82684,0.108799,0.112892,0.111492
1,3.088655863,6.77605,6.03866,6.03866,7.78627,7.77951,7.78215,-0.724663,-0.719813,-0.721704
1,3.16491897,6.31486,6.0066,6.0066,7.73604,7.72875,7.73181,-1.01946,-1.01423,-1.01642
1,3.203050524,7.48559,5.99057,5.99057,7.70965,7.70222,7.70542,-0.160725,-0.155395,-0.157691
1,3.241182078,8.37251,5.97454,5.97454,7.68271,7.67518,7.67851,0.494811,0.500211,0.497825
1,3.241182078,8.2306,5.97454,5.97454,7.68271,7.67518,7.67851,0.393017,0.398417,0.396031
1,3.241182078,6.95344,5.97454,5.97454,7.68271,7.67518,7.67851,-0.523132,-0.517732,-0.520118
1,3.317445186,4.82483,5.94248,5.94248,7.62776,7.62014,7.62366,-2.01063,-2.00516,-2.00769
1,3.317445186,8.08869,5.94248,5.94248,7.62776,7.62014,7.62366,0.330638,0.33611,0.333579
1,3.317445186,7.7694,5.94248,5.94248,7.62776,7.62014,7.62366,0.101601,0.107073,0.104542
1,3.35557674,5.96009,5.92645,5.92645,7.59994,7.59229,7.59591,-1.17632,-1.17083,-1.17342
1,3.35557674,5.39246,5.92645,5.92645,7.59994,7.59229,7.59591,-1.58349,-1.57801,-1.5806
1,3.393708294,8.2306,5.91042,5.91042,7.57196,7.56431,7.568,0.472461,0.477951,0.475302
1,3.393708294,6.95344,5.91042,5.91042,7.57196,7.56431,7.568,-0.443687,-0.438198,-0.440847
1,3.469971401,7.55654,5.87835,5.87835,7.51571,7.50807,7.51191,0.0292917,0.03477,0.032018
1,3.469971401,7.27273,5.87835,5.87835,7.51571,7.50807,7.51191,-0.174297,-0.168819,-0.171571
1,3.508102955,9.15299,5.86232,5.86232,7.48748,7.47986,7.48376,1.19473,1.20019,1.19739
1,3.546234509,6.95344,5.84629,5.84629,7.45921,7.45161,7.45558,-0.362809,-0.357357,-0.360205
1,3.584366063,7.59202,5.83026,5.83026,7.43091,7.42334,7.42737,0.115566,0.121001,0.118107
1,3.698760724,8.33703,5.78215,5.78215,7.3459,7.3384,7.34263,0.710968,0.716347,0.713317
1,3.736892278,8.01774,5.76612,5.76612,7.31754,7.31007,7.31436,0.502274,0.507632,0.504558
1,3.775023832,5.49889,5.75009,5.75009,7.28918,7.28173,7.28608,-1.28423,-1.27889,-1.28201
1,3.775023832,7.00665,5.75009,5.75009,7.28918,7.28173,7.28608,-0.202663,-0.197325,-0.200443
1,3.813155386,4.75388,5.73405,5.73405,7.2608,7.25339,7.2578,-1.7983,-1.79298,-1.79614
1,3.889418494,8.58537,5.70198,5.70198,7.20405,7.1967,7.20123,0.990859,0.996133,0.992883
1,3.908484271,8.85144,5.69397,5.69397,7.18987,7.18253,7.18709,1.1919,1.19717,1.19389
1,3.965681602,7.37916,5.66991,5.66991,7.1473,7.14,7.14466,0.166322,0.171553,0.168215
1,3.965681602,5.81818,5.66991,5.66991,7.1473,7.14,7.14466,-0.953416,-0.948185,-0.951523
1,3.965681602,6.63415,5.66991,5.66991,7.1473,7.14,7.14466,-0.368099,-0.362867,-0.366206
1,4.003813155,6.84701,5.65388,5.65388,7.11892,7.11165,7.11637,-0.195049,-0.189839,-0.193221
1,4.003813155,6.98891,5.65388,5.65388,7.11892,7.11165,7.11637,-0.0932545,-0.0880449,-0.0914269
1,4.061010486,8.03548,5.62983,5.62983,7.07634,7.06913,7.07393,0.688017,0.693194,0.689746
1,4.156339371,8.26608,5.58974,5.58974,7.00539,6.99825,7.00321,0.904331,0.909455,0.905897
1,4.194470925,7.96452,5.5737,5.5737,6.97701,6.96989,6.97491,0.708378,0.71348,0.709878
1,4.232602479,7.1663,5.55767,5.55767,6.94862,6.94154,6.94662,0.156145,0.161225,0.15758
1,4.232602479,7.69845,5.55767,5.55767,6.94862,6.94154,6.94662,0.537873,0.542954,0.539308
1,4.289799809,8.07095,5.53361,5.53361,6.90605,6.89901,6.90419,0.835623,0.840672,0.83696
1,4.308865586,6.13747,5.52559,5.52559,6.89186,6.88483,6.89004,-0.541144,-0.536107,-0.53984
1,4.308865586,6.66962,5.52559,5.52559,6.89186,6.88483,6.89004,-0.159416,-0.154378,-0.158112
1,4.327931363,8.26608,5.51758,5.51758,6.87767,6.87066,6.87589,0.995951,1.00098,0.997222
1,4.327931363,5.78271,5.51758,5.51758,6.87767,6.87066,6.87589,-0.78545,-0.780424,-0.784179
1,4.327931363,6.26164,5.51758,5.51758,6.87767,6.87066,6.87589,-0.441894,-0.436868,-0.440623
1,4.34699714,7.62749,5.50956,5.50956,6.86347,6.85648,6.86175,0.548056,0.553072,0.549295
1,4.385128694,6.77605,5.49352,5.49352,6.83509,6.82813,6.83346,-0.0423497,-0.0373562,-0.0411768
1,4.423260248,6.91796,5.47749,5.47749,6.80671,6.79978,6.80516,0.0798047,0.0847764,0.080912
1,4.461391802,7.02439,5.46145,5.46145,6.77832,6.77142,6.77687,0.176511,0.18146,0.177552
1,4.499523356,7.52106,5.44541,5.44541,6.74994,6.74307,6.74858,0.553151,0.558079,0.554127
1,4.59485224,8.01774,5.40532,5.40532,6.67898,6.67219,6.67785,0.960331,0.965204,0.961144
1,4.652049571,7.66297,5.38127,5.38127,6.63641,6.62966,6.63541,0.736385,0.741226,0.7371
1,4.747378456,7.18404,5.34117,5.34117,6.56545,6.55878,6.56468,0.443729,0.448514,0.44428
1,4.766444233,4.36364,5.33316,5.33316,6.55126,6.54461,6.55054,-1.56925,-1.56448,-1.56873
1,4.804575786,4.75388,5.31712,5.31712,6.52288,6.51625,6.52225,-1.26896,-1.26421,-1.26851
1,4.880838894,8.01774,5.28504,5.28504,6.46611,6.45955,6.46566,1.11303,1.11774,1.11335
1,4.957102002,5.07317,5.25297,5.25297,6.40935,6.40284,6.40908,-0.958483,-0.953815,-0.958291
1,4.995233556,3.5122,5.23693,5.23693,6.38097,6.37449,6.38079,-2.05786,-2.05321,-2.05773
1,4.995233556,6.88248,5.23693,5.23693,6.38097,6.37449,6.38079,0.359755,0.3644,0.359882
1,4.995233556,7.02439,5.23693,5.23693,6.38097,6.37449,6.38079,0.461549,0.466195,0.461676
1,4.995233556,7.27273,5.23693,5.23693,6.38097,6.37449,6.38079,0.639689,0.644335,0.639816
1,4.995233556,6.17295,5.23693,5.23693,6.38097,6.37449,6.38079,-0.149217,-0.144571,-0.14909
1,5.03336511,7.52106,5.22089,5.22089,6.35258,6.34614,6.3525,0.838189,0.842813,0.838251
1,5.03336511,5.46341,5.22089,5.22089,6.35258,6.34614,6.3525,-0.637829,-0.633205,-0.637767
1,5.071496663,5.96009,5.20486,5.20486,6.3242,6.31778,6.3242,-0.261189,-0.256587,-0.261192
1,5.147759771,7.41463,5.17278,5.17278,6.26743,6.26108,6.26762,0.822924,0.827482,0.82279
1,5.147759771,5.28603,5.17278,5.17278,6.26743,6.26108,6.26762,-0.70399,-0.699433,-0.704125
1,5.224022879,5.07317,5.14071,5.14071,6.21067,6.20437,6.21104,-0.815962,-0.811448,-0.816227
1,5.300285987,7.94678,5.10863,5.10863,6.1539,6.14767,6.15445,1.28609,1.29056,1.2857
1,5.300285987,7.20177,5.10863,5.10863,6.1539,6.14767,6.15445,0.751672,0.756143,0.751277
1,5.319351764,2.44789,5.10061,5.10061,6.13971,6.13349,6.14031,-2.64826,-2.6438,-2.64869
1,5.319351764,6.56319,5.10061,5.10061,6.13971,6.13349,6.14031,0.303778,0.308237,0.30335
1,5.338417541,3.68958,5.09259,5.09259,6.12552,6.11932,6.12616,-1.74738,-1.74293,-1.74784
1,5.338417541,6.11973,5.09259,5.09259,6.12552,6.11932,6.12616,-0.00415,0.000299036,-0.00460984
1,5.338417541,5.74723,5.09259,5.09259,6.12552,6.11932,6.12616,-0.27136,-0.266911,-0.27182
1,5.376549094,5.46341,5.07656,5.07656,6.09714,6.09096,6.09787,-0.454589,-0.450162,-0.455114
1,5.395614871,6.03104,5.06854,5.06854,6.08295,6.07679,6.08372,-0.037232,-0.0328156,-0.0377892
1,5.452812202,6.97118,5.04448,5.04448,6.04037,6.03426,6.04128,0.667695,0.672079,0.66704
1,5.452812202,4.47007,5.04448,5.04448,6.04037,6.03426,6.04128,-1.12643,-1.12205,-1.12708
1,5.510009533,7.23725,5.02042,5.02042,5.9978,5.99173,5.99885,0.8891,0.893451,0.888346
1,5.52907531,6.75831,5.0124,5.0124,5.9836,5.97755,5.9847,0.555724,0.560064,0.554938
1,5.605338418,7.62749,4.98033,4.98033,5.92684,5.92085,5.92812,1.21994,1.22423,1.21902
1,5.605338418,6.56319,4.98033,4.98033,5.92684,5.92085,5.92812,0.456478,0.460774,0.45556
1,5.643469971,5.32151,4.96429,4.96429,5.89845,5.8925,5.89983,-0.413862,-0.409588,-0.414846
1,5.681601525,7.73392,4.94825,4.94825,5.87007,5.86414,5.87153,1.337,1.34125,1.33595
1,5.681601525,5.56984,4.94825,4.94825,5.87007,5.86414,5.87153,-0.215362,-0.211111,-0.216411
1,5.738798856,3.26386,4.9242,4.9242,5.8275,5.82162,5.8291,-1.83898,-1.83476,-1.84013
1,5.757864633,6.35033,4.91618,4.91618,5.8133,5.80744,5.81495,0.385228,0.389434,0.384047
1,5.834127741,5.10865,4.8841,4.8841,5.75654,5.75074,5.75837,-0.464752,-0.46059,-0.466064
1,5.872259295,6.45676,4.86806,4.86806,5.72815,5.72238,5.73007,0.522654,0.526794,0.521276
1,5.929456625,0.674058,4.84401,4.84401,5.68558,5.67985,5.68764,-3.59492,-3.59082,-3.5964
1,5.929456625,5.90687,4.84401,4.84401,5.68558,5.67985,5.68764,0.158741,0.162849,0.157265
1,5.948522402,5.46341,4.83599,4.83599,5.67139,5.66568,5.67349,-0.149186,-0.145089,-0.150695
1,5.986653956,4.1153,4.81995,4.81995,5.64301,5.63732,5.6452,-1.09587,-1.0918,-1.09745
1,6.02478551,5.1796,4.80391,4.80391,5.61462,5.60897,5.61691,-0.312054,-0.308002,-0.313694
1,6.062917064,3.97339,4.78787,4.78787,5.58624,5.58062,5.58862,-1.15695,-1.15292,-1.15865
1,6.081982841,3.77827,4.77985,4.77985,5.57205,5.56644,5.57447,-1.28673,-1.28271,-1.28847
1,6.101048618,4.93126,4.77183,4.77183,5.55785,5.55227,5.56032,-0.449474,-0.445466,-0.451245
1,6.139180172,6.35033,4.7558,4.7558,5.52947,5.52392,5.53203,0.58883,0.592815,0.586993
1,6.139180172,6.102,4.7558,4.7558,5.52947,5.52392,5.53203,0.41069,0.414675,0.408853
1,6.234509056,5.97783,4.7157,4.7157,5.45851,5.45303,5.4613,0.37252,0.376451,0.370519
1,6.253574833,5.81818,4.70768,4.70768,5.44432,5.43886,5.44716,0.268182,0.272101,0.266148
1,6.253574833,5.00222,4.70768,4.70768,5.44432,5.43886,5.44716,-0.317136,-0.313216,-0.31917
1,6.291706387,3.90244,4.69164,4.69164,5.41594,5.4105,5.41887,-1.08568,-1.08178,-1.08778
1,6.291706387,3.6541,4.69164,4.69164,5.41594,5.4105,5.41887,-1.26382,-1.25992,-1.26592
1,6.329837941,6.91796,4.67561,4.67561,5.38756,5.38215,5.39057,1.09781,1.10168,1.09564
1,6.329837941,4.15078,4.67561,4.67561,5.38756,5.38215,5.39057,-0.887182,-0.883306,-0.889346
1,6.348903718,6.4745,4.66759,4.66759,5.37337,5.36798,5.37643,0.789879,0.793745,0.787683
1,6.367969495,6.03104,4.65957,4.65957,5.35917,5.3538,5.36228,0.481952,0.485807,0.479723
1,6.406101049,4.64745,4.64353,4.64353,5.33079,5.32545,5.33399,-0.490183,-0.486351,-0.492477
1,6.406101049,4.43459,4.64353,4.64353,5.33079,5.32545,5.33399,-0.642875,-0.639042,-0.645169
1,6.444232602,7.13082,4.62749,4.62749,5.30241,5.2971,5.3057,1.31158,1.31539,1.30922
1,6.444232602,2.98004,4.62749,4.62749,5.30241,5.2971,5.3057,-1.66591,-1.6621,-1.66827
1,6.52049571,4.15078,4.59541,4.59541,5.24564,5.24039,5.24912,-0.785382,-0.781617,-0.787874
1,6.52049571,4.96674,4.59541,4.59541,5.24564,5.24039,5.24912,-0.200065,-0.196299,-0.202556
1,6.596758818,4.29268,4.56334,4.56334,5.18888,5.18369,5.19253,-0.642868,-0.639145,-0.64549
1,6.615824595,5.25055,4.55532,4.55532,5.17469,5.16951,5.17839,0.0544231,0.0581357,0.0517687
1,6.634890372,5.03769,4.5473,4.5473,5.16049,5.15533,5.16424,-0.0880888,-0.0843867,-0.0907755
1,6.673021926,5.60532,4.53126,4.53126,5.13211,5.12698,5.13595,0.339448,0.343129,0.336696
1,6.749285033,3.58315,4.49919,4.49919,5.07535,5.07028,5.07937,-1.0704,-1.06676,-1.07328
1,6.787416587,4.5765,4.48315,4.48315,5.04697,5.04192,5.05107,-0.337484,-0.333866,-0.340429
1,6.787416587,5.00222,4.48315,4.48315,5.04697,5.04192,5.05107,-0.0321006,-0.0284835,-0.0350461
1,6.863679695,5.92461,4.45107,4.45107,4.9902,4.98522,4.99449,0.670281,0.673856,0.667206
1,6.882745472,4.77162,4.44305,4.44305,4.97601,4.97104,4.98034,-0.146618,-0.143054,-0.149726
1,6.95900858,5.12639,4.41098,4.41098,4.91925,4.91434,4.92376,0.148586,0.152108,0.145349
1,6.978074357,2.60754,4.40296,4.40296,4.90506,4.90016,4.90962,-1.64808,-1.64457,-1.65135
1,6.978074357,6.06652,4.40296,4.40296,4.90506,4.90016,4.90962,0.833153,0.836664,0.829883
1,6.978074357,4.00887,4.40296,4.40296,4.90506,4.90016,4.90962,-0.642865,-0.639353,-0.646134
1,6.978074357,3.90244,4.40296,4.40296,4.90506,4.90016,4.90962,-0.719211,-0.715699,-0.72248
1,6.978074357,3.68958,4.40296,4.40296,4.90506,4.90016,4.90962,-0.871902,-0.868391,-0.875171
1,7.01620591,5.55211,4.38692,4.38692,4.87668,4.87181,4.88132,0.484508,0.487998,0.481173
1,7.01620591,3.49446,4.38692,4.38692,4.87668,4.87181,4.88132,-0.99151,-0.98802,-0.994844
1,7.054337464,3.83149,4.37088,4.37088,4.84829,4.84346,4.85303,-0.72939,-0.72592,-0.732788
1,7.092469018,5.33925,4.35484,4.35484,4.81991,4.81511,4.82474,0.372534,0.375982,0.369071
1,7.092469018,4.64745,4.35484,4.35484,4.81991,4.81511,4.82474,-0.123713,-0.120265,-0.127177
1,7.20686368,3.40576,4.30673,4.30673,4.73477,4.73005,4.73987,-0.953336,-0.949952,-0.956994
1,7.244995234,3.22838,4.29069,4.29069,4.70639,4.7017,4.71158,-1.06022,-1.05686,-1.06394
1,7.244995234,5.97783,4.29069,4.29069,4.70639,4.7017,4.71158,0.912045,0.915408,0.908322
1,7.283126787,3.86696,4.27465,4.27465,4.678,4.67335,4.68328,-0.581787,-0.578445,-0.585574
1,7.321258341,2.87361,4.25861,4.25861,4.64962,4.64499,4.65499,-1.27399,-1.27067,-1.27784
1,7.321258341,5.32151,4.25861,4.25861,4.64962,4.64499,4.65499,0.481964,0.485285,0.478112
1,7.321258341,4.25721,4.25861,4.25861,4.64962,4.64499,4.65499,-0.281493,-0.278173,-0.285345
1,7.321258341,3.97339,4.25861,4.25861,4.64962,4.64499,4.65499,-0.485082,-0.481761,-0.488934
1,7.359389895,3.72506,4.24258,4.24258,4.62124,4.61664,4.6267,-0.642863,-0.639564,-0.64678
1,7.359389895,4.7184,4.24258,4.24258,4.62124,4.61664,4.6267,0.0696972,0.0729967,0.0657803
1,7.397521449,4.07982,4.22654,4.22654,4.59286,4.58829,4.59841,-0.368018,-0.36474,-0.372
1,7.435653003,3.97339,4.2105,4.2105,4.56448,4.55994,4.57012,-0.424005,-0.420748,-0.428052
1,7.473784557,3.29933,4.19446,4.19446,4.5361,4.53159,4.54183,-0.887169,-0.883934,-0.89128
1,7.473784557,5.88914,4.19446,4.19446,4.5361,4.53159,4.54183,0.970577,0.973813,0.966466
1,7.511916111,3.86696,4.17843,4.17843,4.50772,4.50324,4.51354,-0.459633,-0.456419,-0.463809
1,7.607244995,1.04656,4.13833,4.13833,4.43676,4.43236,4.44281,-2.4319,-2.42874,-2.43624
1,7.607244995,2.55432,4.13833,4.13833,4.43676,4.43236,4.44281,-1.35033,-1.34717,-1.35467
1,7.626310772,4.1153,4.13031,4.13031,4.42257,4.41818,4.42866,-0.220417,-0.217266,-0.224787
1,7.626310772,3.97339,4.13031,4.13031,4.42257,4.41818,4.42866,-0.322211,-0.31906,-0.326581
1,7.664442326,4.7184,4.11428,4.11428,4.39419,4.38983,4.40037,0.232567,0.235697,0.228133
1,7.740705434,3.58315,4.0822,4.0822,4.33743,4.33313,4.34379,-0.54107,-0.537983,-0.545634
1,7.740705434,5.35698,4.0822,4.0822,4.33743,4.33313,4.34379,0.731359,0.734446,0.726795
1,7.778836988,3.22838,4.06616,4.06616,4.30905,4.30477,4.3155,-0.775196,-0.772131,-0.779827
1,7.797902765,4.27494,4.05814,4.05814,4.29486,4.2906,4.30136,-0.0142833,-0.0112295,-0.0189467
1,7.912297426,5.42794,4.01003,4.01003,4.20971,4.20555,4.21649,0.873872,0.876861,0.869013
1,7.931363203,4.86031,4.00201,4.00201,4.19552,4.19137,4.20234,0.476874,0.479852,0.471982
1,7.969494757,0.461197,3.98598,3.98598,4.16714,4.16302,4.17405,-2.65839,-2.65544,-2.66335
1,7.969494757,3.44124,3.98598,3.98598,4.16714,4.16302,4.17405,-0.52071,-0.517755,-0.525668
1,7.969494757,2.83814,3.98598,3.98598,4.16714,4.16302,4.17405,-0.953336,-0.95038,-0.958294
1,7.988560534,1.54324,3.97796,3.97796,4.15295,4.14884,4.15991,-1.87203,-1.86909,-1.87702
1,8.007626311,3.33481,3.96994,3.96994,4.13876,4.13467,4.14576,-0.576698,-0.573764,-0.581721
1,8.026692088,4.55876,3.96192,3.96192,4.12457,4.12049,4.13162,0.311458,0.314381,0.306401
1,8.083889418,3.86696,3.93786,3.93786,4.082,4.07797,4.08919,-0.154252,-0.151362,-0.159408
1,8.083889418,2.55432,3.93786,3.93786,4.082,4.07797,4.08919,-1.09585,-1.09296,-1.101
1,8.141086749,1.38359,3.91381,3.91381,4.03943,4.03544,4.04675,-1.90511,-1.90226,-1.91037
1,8.160152526,1.84479,3.90579,3.90579,4.02524,4.02127,4.03261,-1.5641,-1.56126,-1.56939
1,8.236415634,4.00887,3.87372,3.87372,3.96847,3.96457,3.97603,0.0289763,0.0317778,0.0235562
1,8.236415634,2.16408,3.87372,3.87372,3.96847,3.96457,3.97603,-1.29435,-1.29155,-1.29977
1,8.236415634,4.7184,3.87372,3.87372,3.96847,3.96457,3.97603,0.537948,0.540749,0.532528
1,8.312678742,2.98004,3.84164,3.84164,3.91171,3.90787,3.91945,-0.668317,-0.665559,-0.673868
1,8.312678742,5.25055,3.84164,3.84164,3.91171,3.90787,3.91945,0.960392,0.96315,0.954841
1,8.331744519,1.20621,3.83363,3.83363,3.89752,3.8937,3.90531,-1.93057,-1.92782,-1.93615
1,8.350810296,4.00887,3.82561,3.82561,3.88333,3.87952,3.89117,0.0900499,0.0927851,0.0844323
1,8.350810296,3.47672,3.82561,3.82561,3.88333,3.87952,3.89117,-0.291679,-0.288944,-0.297296
1,8.369876072,2.80266,3.81759,3.81759,3.86914,3.86535,3.87702,-0.765023,-0.762299,-0.770674
1,8.408007626,2.19956,3.80155,3.80155,3.84077,3.837,3.84873,-1.17729,-1.17459,-1.18301
1,8.465204957,2.30599,3.7775,3.7775,3.7982,3.79448,3.8063,-1.07041,-1.06774,-1.07623
1,8.465204957,5.32151,3.7775,3.7775,3.7982,3.79448,3.8063,1.09272,1.09539,1.0869
1,8.503336511,2.44789,3.76146,3.76146,3.76982,3.76613,3.77802,-0.948257,-0.945612,-0.95414
1,8.579599619,2.94457,3.72939,3.72939,3.71306,3.70943,3.72144,-0.551264,-0.548663,-0.557279
1,8.598665396,2.23503,3.72137,3.72137,3.69887,3.69526,3.7073,-1.05006,-1.04747,-1.0561
1,8.617731173,3.5122,3.71335,3.71335,3.68468,3.68109,3.69316,-0.12373,-0.121151,-0.129811
1,8.617731173,2.76718,3.71335,3.71335,3.68468,3.68109,3.69316,-0.658151,-0.655571,-0.664231
1,8.732125834,5.62306,3.66525,3.66525,3.59955,3.59605,3.6083,1.45153,1.45404,1.44525
1,8.751191611,3.08647,3.65723,3.65723,3.58537,3.58188,3.59416,-0.35787,-0.355367,-0.36418
1,8.808388942,3.90244,3.63318,3.63318,3.5428,3.53936,3.55174,0.257979,0.260449,0.251571
1,8.88465205,6.66962,3.60111,3.60111,3.48605,3.48267,3.49517,2.28368,2.2861,2.27714
1,8.903717827,7.02439,3.59309,3.59309,3.47187,3.4685,3.48103,2.54834,2.55075,2.54177
1,8.94184938,1.54324,3.57706,3.57706,3.44349,3.44016,3.45275,-1.36311,-1.36072,-1.36975
1,8.979980934,2.55432,3.56102,3.56102,3.41512,3.41181,3.42447,-0.617477,-0.615106,-0.624181
1,8.979980934,5.28603,3.56102,3.56102,3.41512,3.41181,3.42447,1.34206,1.34444,1.33536
1,9.037178265,1.17073,3.53697,3.53697,3.37256,3.3693,3.38205,-1.57944,-1.57711,-1.58625
1,9.075309819,4.15078,3.52094,3.52094,3.34419,3.34096,3.35377,0.578589,0.580905,0.571721
1,9.151572927,3.68958,3.48887,3.48887,3.28745,3.28429,3.29721,0.288458,0.29073,0.281458
1,9.151572927,1.38359,3.48887,3.48887,3.28745,3.28429,3.29721,-1.3657,-1.36343,-1.3727
1,9.208770257,1.11752,3.46482,3.46482,3.2449,3.24178,3.2548,-1.52604,-1.5238,-1.53314
1,9.246901811,1.72062,3.44878,3.44878,3.21653,3.21344,3.22652,-1.07307,-1.07085,-1.08023
1,9.304099142,4.15078,3.42473,3.42473,3.17399,3.17094,3.18411,0.700682,0.702866,0.693421
1,9.304099142,2.94457,3.42473,3.42473,3.17399,3.17094,3.18411,-0.16457,-0.162386,-0.171831
1,9.304099142,2.73171,3.42473,3.42473,3.17399,3.17094,3.18411,-0.317261,-0.315077,-0.324523
1,9.304099142,1.88027,3.42473,3.42473,3.17399,3.17094,3.18411,-0.928027,-0.925843,-0.935289
1,9.342230696,3.40576,3.4087,3.4087,3.14562,3.14261,3.15584,0.186608,0.18877,0.179281
1,9.342230696,2.51885,3.4087,3.4087,3.14562,3.14261,3.15584,-0.449606,-0.447445,-0.456934
1,9.456625357,4.39911,3.36061,3.36061,3.06054,3.05762,3.07103,0.960201,0.962296,0.952677
1,9.475691134,1.91574,3.35259,3.35259,3.04636,3.04346,3.0569,-0.811029,-0.808945,-0.818585
1,9.532888465,2.76718,3.32854,3.32854,3.00383,3.00097,3.0145,-0.169751,-0.1677,-0.177406
1,9.571020019,1.0643,3.31251,3.31251,2.97547,2.97264,2.98623,-1.37094,-1.36891,-1.37866
1,9.571020019,1.73836,3.31251,3.31251,2.97547,2.97264,2.98623,-0.887421,-0.885392,-0.89514
1,9.609151573,0.248337,3.29648,3.29648,2.94712,2.94432,2.95797,-1.93592,-1.93392,-1.94371
1,9.666348904,2.02217,3.27243,3.27243,2.90459,2.90184,2.91559,-0.632989,-0.631016,-0.640873
1,9.723546235,3.58315,3.24839,3.24839,2.86207,2.85937,2.8732,0.51725,0.519188,0.509267
1,9.742612011,4.54102,3.24037,3.24037,2.8479,2.84522,2.85908,1.21453,1.21645,1.20651
1,9.818875119,4.20399,3.20832,3.20832,2.79122,2.7886,2.80258,1.01342,1.01531,1.00528
1,9.87607245,4.96674,3.18427,3.18427,2.74872,2.74614,2.76021,1.59106,1.59291,1.58282
1,9.971401335,7.21951,3.1442,3.1442,2.6779,2.6754,2.68961,3.25784,3.25964,3.24944
1,9.990467112,3.1929,3.13619,3.13619,2.66374,2.66125,2.6755,0.379587,0.381371,0.371152
1,10.06673022,1.84479,3.10414,3.10414,2.6071,2.60468,2.61904,-0.546833,-0.545093,-0.555397
1,10.06673022,2.94457,3.10414,3.10414,2.6071,2.60468,2.61904,0.242073,0.243813,0.233509
1,10.14299333,1.02882,3.07209,3.07209,2.55049,2.54812,2.56261,-1.09154,-1.08984,-1.10023
1,10.21925643,1.41907,3.04004,3.04004,2.49389,2.49159,2.50619,-0.771006,-0.769352,-0.779825
1,10.21925643,1.91574,3.04004,3.04004,2.49389,2.49159,2.50619,-0.414725,-0.413072,-0.423545
1,10.29551954,2.62528,3.00799,3.00799,2.43732,2.43508,2.44979,0.134827,0.136436,0.12588
1,10.3336511,0.31929,2.99197,2.99197,2.40905,2.40683,2.42161,-1.49905,-1.49746,-1.50806
1,10.3336511,0.709534,2.99197,2.99197,2.40905,2.40683,2.42161,-1.21911,-1.21753,-1.22812
1,10.3336511,1.84479,2.99197,2.99197,2.40905,2.40683,2.42161,-0.404759,-0.403171,-0.413769
1,10.3336511,2.80266,2.99197,2.99197,2.40905,2.40683,2.42161,0.282353,0.283941,0.273343
1,10.37178265,2.30599,2.97594,2.97594,2.38078,2.37859,2.39343,-0.053649,-0.0520833,-0.0627225
1,10.4099142,2.73171,2.95992,2.95992,2.35252,2.35036,2.36525,0.272007,0.27355,0.26287
1,10.44804576,3.4235,2.9439,2.9439,2.32426,2.32214,2.33709,0.78852,0.790042,0.779321
1,10.44804576,2.02217,2.9439,2.9439,2.32426,2.32214,2.33709,-0.216699,-0.215177,-0.225898
1,10.56244042,0,2.89584,2.89584,2.23956,2.23753,2.25264,-1.60651,-1.60505,-1.61589
1,10.60057197,3.29933,2.87982,2.87982,2.21135,2.20935,2.22452,0.78045,0.781884,0.771002
1,10.60057197,1.73836,2.87982,2.87982,2.21135,2.20935,2.22452,-0.339288,-0.337854,-0.348736
1,10.67683508,2.98004,2.84779,2.84779,2.15495,2.15301,2.16829,0.591865,0.593255,0.582295
1,10.71496663,1.73836,2.83178,2.83178,2.12677,2.12487,2.1402,-0.278622,-0.277254,-0.288253
1,10.73403241,3.37029,2.82377,2.82377,2.11269,2.1108,2.12616,0.902115,0.903472,0.892454
1,10.81029552,3.1929,2.79174,2.79174,2.05639,2.05456,2.07003,0.815257,0.81657,0.805476
1,10.88655863,6.42129,2.75972,2.75972,2.00016,1.99839,2.01396,3.17142,3.17268,3.16152
1,10.9056244,3.051,2.75171,2.75171,1.98611,1.98436,1.99995,0.763878,0.765135,0.753948
1,10.94375596,0.390244,2.7357,2.7357,1.95803,1.95631,1.97195,-1.12462,-1.12339,-1.13461
1,10.94375596,1.02882,2.7357,2.7357,1.95803,1.95631,1.97195,-0.666548,-0.665314,-0.676536
1,10.96282173,1.27716,2.7277,2.7277,1.944,1.94229,1.95796,-0.478342,-0.477119,-0.488359
1,11.05815062,2.23503,2.68768,2.68768,1.87391,1.87229,1.88808,0.259042,0.260209,0.248882
1,11.05815062,1.95122,2.68768,2.68768,1.87391,1.87229,1.88808,0.0554538,0.0566204,0.0452937
1,11.09628217,0.177384,2.67167,2.67167,1.84592,1.84433,1.86016,-1.1969,-1.19575,-1.20711
1,11.13441373,2.19956,2.65567,2.65567,1.81796,1.81639,1.83228,0.273733,0.274855,0.263462
1,11.22974261,2.53659,2.61566,2.61566,1.74817,1.74668,1.76268,0.565556,0.566621,0.55515
1,11.24880839,0.603104,2.60766,2.60766,1.73424,1.73277,1.74878,-0.811397,-0.810343,-0.821829
1,11.30600572,4.38137,2.58367,2.58367,1.69249,1.69106,1.70714,1.92883,1.92985,1.91832
1,11.3250715,0,2.57567,2.57567,1.67859,1.67718,1.69327,-1.2041,-1.2031,-1.21464
1,11.3250715,0.886918,2.57567,2.57567,1.67859,1.67718,1.69327,-0.567889,-0.566881,-0.578424
1,11.3250715,2.80266,2.57567,2.57567,1.67859,1.67718,1.69327,0.806334,0.807342,0.795799
1,11.36320305,1.45455,2.55967,2.55967,1.65082,1.64944,1.66557,-0.140792,-0.139808,-0.151377
1,11.4013346,1.0643,2.54368,2.54368,1.62309,1.62175,1.63791,-0.400836,-0.399875,-0.41147
1,11.43946616,1.59645,2.52769,2.52769,1.5954,1.5941,1.61029,0.000751665,0.00169082,-0.00992891
1,11.55386082,0.957871,2.47972,2.47972,1.51264,1.51142,1.52771,-0.397951,-0.39708,-0.408765
1,11.59199237,1.24169,2.46374,2.46374,1.48515,1.48397,1.50029,-0.174647,-0.1738,-0.185504
1,11.59199237,4.39911,2.46374,2.46374,1.48515,1.48397,1.50029,2.09028,2.09112,2.07942
1,11.63012393,2.87361,2.44775,2.44775,1.45773,1.45658,1.47292,1.01566,1.01648,1.00476
1,11.74451859,2.55432,2.39982,2.39982,1.37585,1.37479,1.39119,0.84536,0.846118,0.834354
1,11.8207817,1.70288,2.36787,2.36787,1.32163,1.32063,1.33705,0.273487,0.274201,0.26242
1,11.87797903,6.31486,2.34392,2.34392,1.28118,1.28023,1.29666,3.61082,3.6115,3.59971
1,11.8970448,1.80931,2.33594,2.33594,1.26774,1.26681,1.28324,0.388485,0.389153,0.377366
1,11.93517636,0.425721,2.31998,2.31998,1.24094,1.24004,1.25647,-0.584784,-0.584138,-0.595925
1,11.97330791,0.141907,2.30402,2.30402,1.21424,1.21337,1.2298,-0.769218,-0.768595,-0.780379
1,11.97330791,0.993348,2.30402,2.30402,1.21424,1.21337,1.2298,-0.158452,-0.157829,-0.169613
1,12.01143947,0.283814,2.28806,2.28806,1.18764,1.18681,1.20322,-0.648346,-0.647746,-0.659523
1,12.04957102,0.815965,2.2721,2.2721,1.16116,1.16036,1.17676,-0.24762,-0.247043,-0.258811
1,12.12583413,0.815965,2.2402,2.2402,1.10856,1.10782,1.12418,-0.209887,-0.209356,-0.221094
1,12.16396568,1.09978,2.22426,2.22426,1.08245,1.08174,1.09808,0.012428,0.012936,0.00121724
1,12.27836034,1.88027,2.17645,2.17645,1.00501,1.0044,1.02062,0.627846,0.628285,0.61665
1,12.3164919,0.10643,2.16052,2.16052,0.979521,0.97894,0.99511,-0.626296,-0.625879,-0.637478
1,12.3164919,0.851441,2.16052,2.16052,0.979521,0.97894,0.99511,-0.0918759,-0.0914587,-0.103058
1,12.3164919,1.41907,2.16052,2.16052,0.979521,0.97894,0.99511,0.315301,0.315719,0.304119
1,12.43088656,1.34812,2.11275,2.11275,0.904123,0.903634,0.919613,0.31849,0.31884,0.307378
1,12.46901811,0.780488,2.09684,2.09684,0.879382,0.878924,0.894825,-0.07094,-0.0706112,-0.082018
1,12.58341277,0.266075,2.04913,2.04913,0.806474,0.806108,0.821732,-0.387645,-0.387382,-0.39859
1,12.58341277,2.87361,2.04913,2.04913,0.806474,0.806108,0.821732,1.48283,1.48309,1.47188
1,12.60247855,4.87805,2.04118,2.04118,0.794529,0.794177,0.809749,2.92924,2.92949,2.91832
1,12.73593899,2.23503,1.98559,1.98559,0.712744,0.712491,0.727631,1.09199,1.09217,1.08131
1,12.8122021,1.56098,1.95386,1.95386,0.667571,0.667373,0.682218,0.640867,0.64101,0.630361
1,12.92659676,1.63193,1.90631,1.90631,0.602189,0.602068,0.616404,0.738665,0.738752,0.728469
1,12.96472831,4.32816,1.89047,1.89047,0.581075,0.580978,0.595126,2.6879,2.68797,2.67782
1,12.96472831,1.27716,1.89047,1.89047,0.581075,0.580978,0.595126,0.499325,0.499395,0.489246
1,13.04099142,0.674058,1.85882,1.85882,0.539935,0.539886,0.55363,0.0962102,0.0962459,0.0863864
1,13.15538608,1.73836,1.81141,1.81141,0.481106,0.481121,0.494195,0.901868,0.901857,0.892479
1,13.19351764,1.9867,1.79562,1.79562,0.462303,0.462338,0.475172,1.0935,1.09347,1.08426
1,13.26978074,0.745011,1.76408,1.76408,0.425964,0.426036,0.438368,0.228863,0.228811,0.219965
1,13.3079123,0.0709534,1.74832,1.74832,0.408443,0.408532,0.420602,-0.242092,-0.242156,-0.250814
1,13.34604385,0.567627,1.73257,1.73257,0.391363,0.391467,0.403269,0.12644,0.126365,0.117899
1,13.49857007,1.09978,1.66969,1.66969,0.327565,0.327721,0.338397,0.553933,0.553821,0.546163
1,13.53670162,0.709534,1.654,1.654,0.312764,0.312931,0.323314,0.284616,0.284496,0.277048
1,13.57483317,1.70288,1.63833,1.63833,0.298426,0.298603,0.308691,1.00746,1.00733,1.0001
1,13.61296473,4.1153,1.62266,1.62266,0.284551,0.284737,0.294528,2.74792,2.74778,2.74076
1,13.89895138,2.46563,1.50566,1.50566,0.195046,0.195268,0.202834,1.62876,1.6286,1.62318
1,13.99428027,4.89579,1.46688,1.46688,0.170687,0.170914,0.177769,3.38946,3.3893,3.38438
1,13.99428027,1.27716,1.46688,1.46688,0.170687,0.170914,0.177769,0.79371,0.793547,0.788629
1,14.0514776,1.91574,1.44366,1.44366,0.157302,0.15753,0.163972,1.26139,1.26122,1.2566
1,14.2993327,0.886918,1.34363,1.34363,0.109049,0.109255,0.114066,0.55799,0.557843,0.554391
1,14.2993327,0.638581,1.34363,1.34363,0.109049,0.109255,0.114066,0.37985,0.379702,0.376251
1,14.37559581,1.0643,1.31306,1.31306,0.0970696,0.0972671,0.101636,0.693826,0.693685,0.690551
1,14.45185891,1.27716,1.2826,1.2826,0.0862785,0.0864669,0.0904225,0.854259,0.854123,0.851286
1,14.48999047,0.425721,1.26741,1.26741,0.0812997,0.0814834,0.0852436,0.247064,0.246932,0.244235
1,14.56625357,0.709534,1.23713,1.23713,0.0721188,0.0722927,0.0756843,0.457239,0.457114,0.454681
1,14.60438513,1.84479,1.22203,1.22203,0.0678944,0.0680634,0.0712817,1.27462,1.2745,1.27219
1,14.60438513,1.9867,1.22203,1.22203,0.0678944,0.0680634,0.0712817,1.37642,1.3763,1.37399
1,14.90943756,1.27716,1.10259,1.10259,0.0415176,0.0416465,0.0437249,0.886367,0.886275,0.884784
1,15.02383222,0.638581,1.05847,1.05847,0.0344058,0.0345251,0.0362774,0.433394,0.433309,0.432052
1,15.36701621,0.10643,0.928833,0.928833,0.0194457,0.0195226,0.020557,0.0623967,0.0623416,0.0615996
1,15.40514776,0.638581,0.914715,0.914715,0.0182411,0.0183144,0.0192889,0.444989,0.444937,0.444238
1,15.55767398,0.496674,0.858893,0.858893,0.0141125,0.0141731,0.0149393,0.346157,0.346113,0.345564
1,15.90085796,1.13525,0.737617,0.737617,0.00789376,0.00793302,0.00837538,0.808692,0.808664,0.808347
1,15.97712107,0.567627,0.711588,0.711588,0.00693413,0.00696933,0.00736089,0.402203,0.402178,0.401897
1,16.01525262,0.674058,0.698712,0.698712,0.00649818,0.00653208,0.00690033,0.478862,0.478837,0.478573
1,16.2821735,1.09978,0.611351,0.611351,0.00412382,0.0041474,0.00438621,0.785948,0.785931,0.78576
1,16.32030505,1.31264,0.599292,0.599292,0.00386432,0.00388646,0.00411089,0.938825,0.93881,0.938649
1,16.47283127,0.922395,0.552192,0.552192,0.00297884,0.00299631,0.00317133,0.659526,0.659514,0.659388
1,16.54909438,0.141907,0.529351,0.529351,0.00261502,0.00263065,0.00278517,0.0999185,0.0999073,0.0997964
1,16.62535748,0,0.507003,0.507003,0.00229548,0.00230949,0.0024459,-0.00164662,-0.00165667,-0.00175452
1,16.89227836,0.851441,0.432873,0.432873,0.00145423,0.00146373,0.00155184,0.609723,0.609716,0.609653
1,17.04480458,1.0643,0.393514,0.393514,0.00112,0.00112775,0.00119635,0.762654,0.762648,0.762599
1,17.57864633,0.425721,0.274,0.274,0.000448633,0.000452582,0.000480991,0.305061,0.305058,0.305038
1,18.03622498,2.37694,0.194381,0.194381,0.00020502,0.000206714,0.000220176,1.70491,1.70491,1.7049
1,19.04671115,1.56098,0.0835576,0.0835576,3.63324e-05,3.68505e-05,3.91868e-05,1.11971,1.11971,1.11971
2,0.000224299,0.556237,7.33044,7.33044,5.41214,5.40591,5.41214,-3.4833,-3.47883,-3.4833
2,0.045084112,2.87935,7.31204,7.31204,5.40042,5.39416,5.40044,-1.80844,-1.80396,-1.80846
2,0.067514019,2.97751,7.30283,7.30283,5.39455,5.38828,5.39458,-1.73382,-1.72933,-1.73385
2,0.134803738,4.05726,7.27513,7.27513,5.37696,5.37065,5.37702,-0.946661,-0.942136,-0.946706
2,0.157233645,3.27198,7.26589,7.26589,5.37109,5.36477,5.37117,-1.50576,-1.50122,-1.50581
2,0.269383178,3.40286,7.21956,7.21956,5.34177,5.33539,5.3419,-1.39084,-1.38626,-1.39093
2,0.426392523,2.01227,7.15447,7.15447,5.30072,5.29425,5.30092,-2.35891,-2.35427,-2.35905
2,0.426392523,4.13906,7.15447,7.15447,5.30072,5.29425,5.30092,-0.833294,-0.828654,-0.833439
2,0.51611215,4.90798,7.11718,7.11718,5.27726,5.27074,5.2775,-0.264899,-0.260223,-0.265074
2,0.650691589,3.81186,7.06114,7.06114,5.24207,5.23548,5.24238,-1.02594,-1.02121,-1.02616
2,0.650691589,3.5501,7.06114,7.06114,5.24207,5.23548,5.24238,-1.2137,-1.20897,-1.21393
2,0.673121495,2.86299,7.05179,7.05179,5.23621,5.2296,5.23653,-1.70239,-1.69765,-1.70262
2,0.762841121,3.09202,7.01437,7.01437,5.21275,5.2061,5.21311,-1.52126,-1.51649,-1.52152
2,0.807700935,5.51329,6.99564,6.99564,5.20102,5.19434,5.2014,0.224002,0.228794,0.223728
2,0.897420561,4.25358,6.95817,6.95817,5.17756,5.17083,5.17799,-0.662804,-0.657976,-0.663108
2,0.9198504669999999,3.01022,6.9488,6.9488,5.1717,5.16496,5.17213,-1.55049,-1.54566,-1.55081
2,0.9198504669999999,4.79346,6.9488,6.9488,5.1717,5.16496,5.17213,-0.271326,-0.266489,-0.271638
2,0.96471028,5.97137,6.93004,6.93004,5.15997,5.1532,5.16043,0.582043,0.586898,0.581716
2,0.96471028,4.98978,6.93004,6.93004,5.15997,5.1532,5.16043,-0.122086,-0.117232,-0.122413
2,0.9871401869999999,3.51738,6.92067,6.92067,5.15411,5.14733,5.15457,-1.17407,-1.16921,-1.17441
2,0.9871401869999999,4.07362,6.92067,6.92067,5.15411,5.14733,5.15457,-0.775067,-0.770203,-0.775401
2,1.054429907,3.3865,6.89252,6.89252,5.13651,5.12969,5.13701,-1.25534,-1.25045,-1.25569
2,1.121719626,3.1411,6.86436,6.86436,5.11892,5.11206,5.11945,-1.41875,-1.41383,-1.41913
2,1.211439252,4.30266,6.8268,6.8268,5.09546,5.08856,5.09603,-0.568702,-0.563749,-0.569112
2,1.278728972,5.20245,6.79862,6.79862,5.07787,5.07092,5.07847,0.0893705,0.0943506,0.0889371
2,1.323588785,5.48057,6.77983,6.77983,5.06614,5.05917,5.06676,0.297287,0.302285,0.296839
2,1.346018692,4.10634,6.77043,6.77043,5.06027,5.05329,5.06091,-0.684287,-0.67928,-0.684743
2,1.390878505,7.00204,6.75163,6.75163,5.04854,5.04154,5.0492,1.40131,1.40633,1.40084
2,1.413308411,5.10429,6.74223,6.74223,5.04268,5.03566,5.04335,0.0441982,0.0492322,0.0437193
2,1.435738318,7.62372,6.73282,6.73282,5.03682,5.02979,5.03749,1.85567,1.86071,1.85518
2,1.480598131,5.79141,6.71402,6.71402,5.02509,5.01803,5.02579,0.549709,0.55477,0.549207
2,1.480598131,5.62781,6.71402,6.71402,5.02509,5.01803,5.02579,0.432354,0.437415,0.431853
2,1.503028037,4.76074,6.70461,6.70461,5.01922,5.01215,5.01993,-0.18542,-0.18035,-0.185929
2,1.660037383,6.11861,6.63876,6.63876,4.97817,4.97101,4.97895,0.818074,0.823206,0.817511
2,1.660037383,4.92434,6.63876,6.63876,4.97817,4.97101,4.97895,-0.0386168,-0.0334843,-0.0391801
2,1.727327103,4.05726,6.61053,6.61053,4.96058,4.95338,4.96139,-0.647977,-0.642818,-0.648563
2,1.817046729,6.51125,6.57288,6.57288,4.93712,4.92987,4.93798,1.12917,1.13437,1.12856
2,1.884336449,5.07157,6.54464,6.54464,4.91952,4.91224,4.92041,0.109071,0.114293,0.108432
2,1.929196262,3.58282,6.52581,6.52581,4.9078,4.90049,4.90871,-0.950445,-0.945205,-0.951099
2,1.951626168,6.31493,6.51639,6.51639,4.90193,4.89461,4.90285,1.01359,1.01884,1.01293
2,1.974056075,5.62781,6.50697,6.50697,4.89607,4.88874,4.897,0.524904,0.530163,0.524236
2,1.996485981,1.68507,6.49756,6.49756,4.8902,4.88286,4.89114,-2.29914,-2.29387,-2.29982
2,2.041345794,6.72393,6.47872,6.47872,4.87847,4.8711,4.87944,1.3238,1.32909,1.32311
2,2.131065421,4.97342,6.44104,6.44104,4.85502,4.8476,4.85602,0.0849317,0.0902532,0.0842104
2,2.153495327,6.21677,6.43163,6.43163,4.84915,4.84172,4.85017,0.981036,0.986366,0.980307
2,2.175925234,6.49489,6.4222,6.4222,4.84329,4.83584,4.84431,1.18475,1.19009,1.18401
2,2.243214953,2.94479,6.39394,6.39394,4.82569,4.81821,4.82675,-1.34924,-1.34387,-1.34999
2,2.310504673,4.23722,6.36568,6.36568,4.8081,4.80058,4.80919,-0.409512,-0.404118,-0.410294
2,2.377794393,5.12065,6.33741,6.33741,4.79051,4.78295,4.79163,0.236825,0.242245,0.23602
2,2.422654206,3.58282,6.31856,6.31856,4.77878,4.7712,4.77992,-0.857897,-0.852459,-0.858718
2,2.422654206,7.80368,6.31856,6.31856,4.77878,4.7712,4.77992,2.16986,2.1753,2.16904
2,2.422654206,5.21881,6.31856,6.31856,4.77878,4.7712,4.77992,0.315652,0.32109,0.314831
2,2.512373832,4.95706,6.28087,6.28087,4.75532,4.74769,4.75651,0.144711,0.150185,0.14386
2,2.534803738,7.0184,6.27144,6.27144,4.74946,4.74181,4.75065,1.62759,1.63307,1.62673
2,2.534803738,5.62781,6.27144,6.27144,4.74946,4.74181,4.75065,0.630073,0.635556,0.629214
2,2.534803738,4.51534,6.27144,6.27144,4.74946,4.74181,4.75065,-0.167941,-0.162458,-0.1688
2,2.669383178,5.54601,6.21489,6.21489,4.71427,4.70655,4.71553,0.596636,0.602173,0.595731
2,2.669383178,5.05521,6.21489,6.21489,4.71427,4.70655,4.71553,0.244571,0.250108,0.243667
2,2.669383178,4.35174,6.21489,6.21489,4.71427,4.70655,4.71553,-0.260055,-0.254518,-0.26096
2,2.736672897,3.48466,6.18661,6.18661,4.69668,4.68892,4.69797,-0.869416,-0.863852,-0.870343
2,2.826392523,5.95501,6.1489,6.1489,4.67322,4.66541,4.67455,0.919471,0.92507,0.918512
2,2.91611215,3.10838,6.11119,6.11119,4.64976,4.6419,4.65114,-1.10568,-1.10004,-1.10667
2,2.91611215,5.75869,6.11119,6.11119,4.64976,4.6419,4.65114,0.795472,0.801106,0.794483
2,2.960971963,5.05521,6.09234,6.09234,4.63803,4.63015,4.63943,0.299259,0.304912,0.298255
2,2.960971963,3.69734,6.09234,6.09234,4.63803,4.63015,4.63943,-0.674787,-0.669134,-0.675791
2,2.983401869,5.66053,6.08291,6.08291,4.63217,4.62427,4.63358,0.737679,0.743341,0.736667
2,3.005831776,2.68303,6.07348,6.07348,4.6263,4.6184,4.62772,-1.39397,-1.3883,-1.39499
2,3.005831776,4.7771,6.07348,6.07348,4.6263,4.6184,4.62772,0.108169,0.11384,0.10715
2,3.050691589,3.41922,6.05462,6.05462,4.61457,4.60664,4.61602,-0.857463,-0.851775,-0.858498
2,3.050691589,6.26585,6.05462,6.05462,4.61457,4.60664,4.61602,1.18451,1.1902,1.18348
2,3.050691589,5.31697,6.05462,6.05462,4.61457,4.60664,4.61602,0.503853,0.509542,0.502819
2,3.095551402,4.07362,6.03577,6.03577,4.60285,4.59489,4.60431,-0.37963,-0.373924,-0.38068
2,3.140411215,5.90593,6.01691,6.01691,4.59112,4.58314,4.5926,0.943158,0.948883,0.942093
2,3.162841121,3.25562,6.00748,6.00748,4.58525,4.57726,4.58675,-0.953785,-0.948051,-0.954857
2,3.162841121,5.49693,6.00748,6.00748,4.58525,4.57726,4.58675,0.653977,0.659711,0.652905
2,3.252560748,5.39877,5.96976,5.96976,4.5618,4.55375,4.56333,0.600391,0.606161,0.599288
2,3.297420561,4.76074,5.9509,5.9509,4.55007,4.542,4.55162,0.15112,0.156908,0.150002
2,3.319850467,5.67689,5.94147,5.94147,4.5442,4.53612,4.54577,0.812514,0.818311,0.811389
2,3.319850467,4.1227,5.94147,5.94147,4.5442,4.53612,4.54577,-0.302358,-0.29656,-0.303483
2,3.387140187,6.05317,5.91318,5.91318,4.52661,4.51849,4.52821,1.09505,1.10087,1.0939
2,3.409570093,6.51125,5.90375,5.90375,4.52075,4.51261,4.52236,1.42785,1.43368,1.4267
2,3.409570093,5.00613,5.90375,5.90375,4.52075,4.51261,4.52236,0.348185,0.354019,0.34703
2,3.432,6.87117,5.89432,5.89432,4.51488,4.50674,4.5165,1.69024,1.69608,1.68908
2,3.432,3.3047,5.89432,5.89432,4.51488,4.50674,4.5165,-0.868099,-0.862257,-0.869262
2,3.454429907,3.97546,5.88489,5.88489,4.50902,4.50086,4.51065,-0.382737,-0.376886,-0.383908
2,3.454429907,4.4499,5.88489,5.88489,4.50902,4.50086,4.51065,-0.0424081,-0.0365567,-0.0435783
2,3.476859813,4.5317,5.87546,5.87546,4.50315,4.49498,4.50479,0.0204759,0.0263364,0.0192982
2,3.521719626,5.56237,5.8566,5.8566,4.49142,4.48323,4.49309,0.768225,0.774104,0.767032
2,3.521719626,3.45194,5.8566,5.8566,4.49142,4.48323,4.49309,-0.745653,-0.739775,-0.746846
2,3.544149533,7.31288,5.84716,5.84716,4.48556,4.47735,4.48723,2.02813,2.03402,2.02693
2,3.633869159,4.90798,5.80944,5.80944,4.4621,4.45385,4.46382,0.319838,0.325762,0.318608
2,3.656299065,4.02454,5.80001,5.80001,4.45624,4.44797,4.45796,-0.309671,-0.303739,-0.31091
2,3.678728972,4.56442,5.79058,5.79058,4.45037,4.44209,4.45211,0.0818064,0.0877482,0.0805607
2,3.723588785,3.5501,5.77171,5.77171,4.43865,4.43034,4.4404,-0.637381,-0.631421,-0.638642
2,3.723588785,3.23926,5.77171,5.77171,4.43865,4.43034,4.4404,-0.860355,-0.854395,-0.861616
2,3.813308411,6.05317,5.73399,5.73399,4.41519,4.40683,4.41699,1.17498,1.18097,1.17368
2,3.903028037,4.22086,5.69626,5.69626,4.39173,4.38332,4.39357,-0.122573,-0.116541,-0.123894
2,3.925457944,3.53374,5.68683,5.68683,4.38587,4.37745,4.38772,-0.611257,-0.605216,-0.612586
2,3.925457944,3.41922,5.68683,5.68683,4.38587,4.37745,4.38772,-0.693405,-0.687365,-0.694734
2,3.94788785,3.9591,5.6774,5.6774,4.38,4.37157,4.38187,-0.301928,-0.295878,-0.303264
2,3.970317757,3.20654,5.66796,5.66796,4.37414,4.36569,4.37601,-0.837554,-0.831495,-0.838897
2,3.992747664,5.12065,5.65853,5.65853,4.36828,4.35982,4.37016,0.539705,0.545773,0.538354
2,3.992747664,3.01022,5.65853,5.65853,4.36828,4.35982,4.37016,-0.974173,-0.968105,-0.975524
2,4.037607477,2.61759,5.63967,5.63967,4.35655,4.34806,4.35845,-1.24741,-1.24133,-1.24878
2,4.060037383,4.59714,5.63024,5.63024,4.35068,4.34219,4.3526,0.17679,0.182884,0.175415
2,4.08246729,5.51329,5.6208,5.6208,4.34482,4.33631,4.34674,0.838184,0.844287,0.836802
2,4.104897196,1.71779,5.61137,5.61137,4.33895,4.33043,4.34089,-1.88024,-1.87413,-1.88163
2,4.104897196,3.3047,5.61137,5.61137,4.33895,4.33043,4.34089,-0.741901,-0.735788,-0.74329
2,4.127327103,6.10225,5.60194,5.60194,4.33309,4.32456,4.33504,1.26907,1.2752,1.26768
2,4.172186916,4.10634,5.58307,5.58307,4.32136,4.3128,4.32333,-0.154242,-0.148103,-0.155654
2,4.239476636,2.71575,5.55478,5.55478,4.30377,4.29517,4.30577,-1.13914,-1.13297,-1.14057
2,4.261906542,4.40082,5.54534,5.54534,4.29791,4.2893,4.29992,0.0738226,0.0799985,0.0723808
2,4.261906542,4.97342,5.54534,5.54534,4.29791,4.2893,4.29992,0.484565,0.490741,0.483123
2,4.351626168,3.69734,5.50761,5.50761,4.27445,4.26579,4.2765,-0.413977,-0.407765,-0.415449
2,4.351626168,4.87526,5.50761,5.50761,4.27445,4.26579,4.2765,0.430978,0.43719,0.429506
2,4.418915888,5.88957,5.47931,5.47931,4.25686,4.24816,4.25894,1.1712,1.17744,1.1697
2,4.418915888,6.59305,5.47931,5.47931,4.25686,4.24816,4.25894,1.67582,1.68206,1.67433
2,4.418915888,2.97751,5.47931,5.47931,4.25686,4.24816,4.25894,-0.917719,-0.911481,-0.919214
2,4.486205607,4.30266,5.45101,5.45101,4.23926,4.23053,4.24138,0.0454748,0.0517408,0.0439578
2,4.486205607,4.1227,5.45101,5.45101,4.23926,4.23053,4.24138,-0.0836156,-0.0773496,-0.0851326
2,4.508635514,4.84254,5.44158,5.44158,4.2334,4.22465,4.23553,0.436953,0.443227,0.435428
2,4.531065421,5.52965,5.43215,5.43215,4.22754,4.21878,4.22967,0.93405,0.940334,0.932518
2,4.531065421,2.81391,5.43215,5.43215,4.22754,4.21878,4.22967,-1.01404,-1.00776,-1.01557
2,4.575925234,6.56033,5.41328,5.41328,4.21581,4.20702,4.21796,1.6818,1.6881,1.68025
2,4.66564486,1.43967,5.37555,5.37555,4.19235,4.18352,4.19455,-1.97458,-1.96825,-1.97616
2,4.66564486,3.07566,5.37555,5.37555,4.19235,4.18352,4.19455,-0.801035,-0.794697,-0.802612
2,4.66564486,4.0409,5.37555,5.37555,4.19235,4.18352,4.19455,-0.108641,-0.102303,-0.110218
2,4.66564486,3.8773,5.37555,5.37555,4.19235,4.18352,4.19455,-0.225996,-0.219658,-0.227573
2,4.732934579,3.45194,5.34725,5.34725,4.17476,4.16589,4.17699,-0.518499,-0.512134,-0.520099
2,4.755364486,3.94274,5.33782,5.33782,4.1689,4.16001,4.17114,-0.162228,-0.155854,-0.163835
2,4.800224299,4.80982,5.31895,5.31895,4.15717,4.14826,4.15943,0.468166,0.474558,0.466543
2,4.889943925,3.27198,5.28121,5.28121,4.13371,4.12475,4.13601,-0.618145,-0.611715,-0.619797
2,4.912373832,3.56646,5.27178,5.27178,4.12785,4.11887,4.13016,-0.402699,-0.396261,-0.404359
2,4.912373832,2.37219,5.27178,5.27178,4.12785,4.11887,4.13016,-1.25939,-1.25295,-1.26105
2,4.934803738,3.41922,5.26235,5.26235,4.12198,4.113,4.12431,-0.504112,-0.497665,-0.50578
2,4.934803738,4.41718,5.26235,5.26235,4.12198,4.113,4.12431,0.211753,0.2182,0.210085
2,4.957233645,4.64622,5.25291,5.25291,4.11612,4.10712,4.11845,0.380256,0.386712,0.378581
2,5.002093458,3.9591,5.23405,5.23405,4.10439,4.09537,4.10675,-0.104222,-0.0977473,-0.105912
2,5.002093458,4.49898,5.23405,5.23405,4.10439,4.09537,4.10675,0.28305,0.289524,0.281359
2,5.024523364,3.59918,5.22461,5.22461,4.09853,4.08949,4.10089,-0.358196,-0.351713,-0.359894
2,5.024523364,4.13906,5.22461,5.22461,4.09853,4.08949,4.10089,0.0290751,0.0355586,0.0273774
2,5.069383178,5.38241,5.20575,5.20575,4.0868,4.07774,4.08919,0.929385,0.935887,0.927672
2,5.114242991,1.91411,5.18688,5.18688,4.07507,4.06598,4.07748,-1.55013,-1.54361,-1.55185
2,5.114242991,6.11861,5.18688,5.18688,4.07507,4.06598,4.07748,1.4659,1.47241,1.46417
2,5.114242991,2.83027,5.18688,5.18688,4.07507,4.06598,4.07748,-0.892938,-0.886419,-0.894666
2,5.18153271,1.97955,5.15858,5.15858,4.05748,4.04835,4.05992,-1.49056,-1.48402,-1.49232
2,5.226392523,5.02249,5.13971,5.13971,4.04575,4.0366,4.04821,0.700649,0.707214,0.698884
2,5.271252336,3.82822,5.12084,5.12084,4.03402,4.02485,4.03651,-0.147629,-0.141046,-0.149409
2,5.293682243,4.90798,5.11141,5.11141,4.02816,4.01897,4.03065,0.63112,0.637712,0.629332
2,5.360971963,4.10634,5.08311,5.08311,4.01057,4.00134,4.01309,0.0686999,0.0753192,0.0668892
2,5.360971963,2.73211,5.08311,5.08311,4.01057,4.00134,4.01309,-0.917081,-0.910462,-0.918892
2,5.405831776,5.18609,5.06424,5.06424,3.99884,3.98959,4.00139,0.851655,0.858292,0.849829
2,5.405831776,3.10838,5.06424,5.06424,3.99884,3.98959,4.00139,-0.638752,-0.632115,-0.640578
2,5.428261682,7.47648,5.05481,5.05481,3.99298,3.98371,3.99553,2.49883,2.50548,2.497
2,5.428261682,4.51534,5.05481,5.05481,3.99298,3.98371,3.99553,0.374706,0.381353,0.372873
2,5.450691589,3.6319,5.04537,5.04537,3.98711,3.97783,3.98968,-0.254804,-0.248148,-0.256645
2,5.517981308,4.8589,5.01707,5.01707,3.96952,3.96021,3.97212,0.637977,0.644659,0.636113
2,5.517981308,6.08589,5.01707,5.01707,3.96952,3.96021,3.97212,1.51814,1.52482,1.51628
2,5.540411215,2.96115,5.00764,5.00764,3.96366,3.95433,3.96627,-0.719134,-0.712442,-0.721005
2,5.652560748,4.6953,4.96047,4.96047,3.93434,3.92495,3.937,0.545859,0.552597,0.543951
2,5.652560748,4.51534,4.96047,4.96047,3.93434,3.92495,3.937,0.416769,0.423507,0.41486
2,5.652560748,3.66462,4.96047,4.96047,3.93434,3.92495,3.937,-0.193476,-0.186739,-0.195385
2,5.652560748,2.56851,4.96047,4.96047,3.93434,3.92495,3.937,-0.979754,-0.973017,-0.981663
2,5.719850467,3.89366,4.93217,4.93217,3.91675,3.90732,3.91944,-0.0165608,-0.00979606,-0.018492
2,5.719850467,3.2229,4.93217,4.93217,3.91675,3.90732,3.91944,-0.497716,-0.490951,-0.499647
2,5.876859813,3.59918,4.86613,4.86613,3.8757,3.86618,3.87847,-0.198356,-0.191527,-0.20034
2,5.921719626,1.86503,4.84726,4.84726,3.86397,3.85443,3.86676,-1.43391,-1.42706,-1.4359
2,5.966579439,2.66667,4.82839,4.82839,3.85225,3.84268,3.85505,-0.850454,-0.843589,-0.852469
2,5.989009346,4.80982,4.81896,4.81896,3.84638,3.8368,3.8492,0.691101,0.697976,0.689079
2,5.989009346,4.6135,4.81896,4.81896,3.84638,3.8368,3.8492,0.550275,0.55715,0.548253
2,5.989009346,4.0409,4.81896,4.81896,3.84638,3.8368,3.8492,0.139533,0.146408,0.137511
2,5.989009346,3.3047,4.81896,4.81896,3.84638,3.8368,3.8492,-0.388564,-0.381689,-0.390586
2,6.011439252,2.84663,4.80952,4.80952,3.84052,3.83092,3.84335,-0.712952,-0.706068,-0.714981
2,6.101158879,1.76687,4.77179,4.77179,3.81707,3.80742,3.81994,-1.47067,-1.46375,-1.47273
2,6.101158879,3.0593,4.77179,4.77179,3.81707,3.80742,3.81994,-0.543566,-0.536646,-0.545625
2,6.123588785,3.97546,4.76235,4.76235,3.8112,3.80154,3.81408,0.117828,0.124757,0.115761
2,6.146018692,3.59918,4.75292,4.75292,3.80534,3.79567,3.80823,-0.147882,-0.140945,-0.149957
2,6.235738318,1.91411,4.71518,4.71518,3.78188,3.77216,3.78482,-1.33981,-1.33284,-1.34192
2,6.235738318,5.56237,4.71518,4.71518,3.78188,3.77216,3.78482,1.2772,1.28417,1.2751
2,6.280598131,5.26789,4.69632,4.69632,3.77016,3.76041,3.77311,1.07437,1.08137,1.07225
2,6.280598131,4.22086,4.69632,4.69632,3.77016,3.76041,3.77311,0.323303,0.330294,0.321183
2,6.280598131,3.86094,4.69632,4.69632,3.77016,3.76041,3.77311,0.0651219,0.0721135,0.063002
2,6.370317757,2.96115,4.65858,4.65858,3.7467,3.73691,3.7497,-0.563506,-0.556478,-0.565656
2,6.392747664,4.58078,4.64915,4.64915,3.74084,3.73103,3.74385,0.602514,0.60955,0.600356
2,6.41517757,6.75665,4.63971,4.63971,3.73498,3.72515,3.738,2.16754,2.17459,2.16537
2,6.437607477,4.76074,4.63028,4.63028,3.72911,3.71928,3.73214,0.740016,0.74707,0.737843
2,6.460037383,5.88957,4.62084,4.62084,3.72325,3.7134,3.72629,1.55397,1.56103,1.55179
2,6.48246729,4.98978,4.61141,4.61141,3.71739,3.70753,3.72044,0.912725,0.919797,0.910537
2,6.504897196,4.25358,4.60197,4.60197,3.71152,3.70165,3.71458,0.388834,0.395915,0.386638
2,6.527327103,1.93047,4.59254,4.59254,3.70566,3.69578,3.70873,-1.2734,-1.26631,-1.2756
2,6.527327103,5.61145,4.59254,4.59254,3.70566,3.69578,3.70873,1.36709,1.37418,1.36488
2,6.527327103,0.670757,4.59254,4.59254,3.70566,3.69578,3.70873,-2.17703,-2.16994,-2.17924
2,6.639476636,3.56646,4.54537,4.54537,3.67634,3.6664,3.67947,-0.0788216,-0.0716857,-0.0810622
2,6.639476636,3.3865,4.54537,4.54537,3.67634,3.6664,3.67947,-0.207912,-0.200776,-0.210153
2,6.639476636,3.25562,4.54537,4.54537,3.67634,3.6664,3.67947,-0.301796,-0.29466,-0.304037
2,6.661906542,2.71575,4.53594,4.53594,3.67048,3.66052,3.67361,-0.684861,-0.677716,-0.687109
2,6.818915888,3.99182,4.4699,4.4699,3.62944,3.61939,3.63265,0.259948,0.267156,0.257647
2,6.886205607,3.77914,4.4416,4.4416,3.61185,3.60176,3.61509,0.120004,0.127239,0.11768
2,6.886205607,3.20654,4.4416,4.4416,3.61185,3.60176,3.61509,-0.290739,-0.283504,-0.293062
2,6.931065421,2.01227,4.42273,4.42273,3.60012,3.59001,3.60338,-1.13902,-1.13177,-1.14136
2,6.953495327,4.25358,4.41329,4.41329,3.59426,3.58414,3.59753,0.47295,0.480212,0.470604
2,6.953495327,3.61554,4.41329,4.41329,3.59426,3.58414,3.59753,0.0152657,0.0225277,0.0129195
2,6.99835514,1.76687,4.39443,4.39443,3.58253,3.57239,3.58583,-1.30243,-1.29515,-1.30479
2,6.99835514,2.19223,4.39443,4.39443,3.58253,3.57239,3.58583,-0.997311,-0.990031,-0.999672
2,7.06564486,3.01022,4.36612,4.36612,3.56495,3.55476,3.56827,-0.397919,-0.390612,-0.400303
2,7.088074766,4.54806,4.35669,4.35669,3.55908,3.54888,3.56242,0.709423,0.716738,0.707031
2,7.110504673,1.96319,4.34726,4.34726,3.55322,3.54301,3.55656,-1.14058,-1.13325,-1.14298
2,7.132934579,3.7955,4.33782,4.33782,3.54736,3.53713,3.55071,0.178001,0.185335,0.175595
2,7.177794393,2.42127,4.31895,4.31895,3.53563,3.52538,3.53901,-0.799369,-0.792017,-0.801791
2,7.200224299,3.17382,4.30952,4.30952,3.52977,3.51951,3.53316,-0.255331,-0.24797,-0.25776
2,7.222654206,4.1227,4.30009,4.30009,3.52391,3.51363,3.5273,0.429533,0.436903,0.427096
2,7.267514019,4.71166,4.28122,4.28122,3.51218,3.50188,3.5156,0.860422,0.86781,0.85797
2,7.334803738,3.3865,4.25292,4.25292,3.49459,3.48426,3.49804,-0.0775368,-0.0701219,-0.0800111
2,7.379663551,3.92638,4.23405,4.23405,3.48287,3.47251,3.48634,0.318145,0.325578,0.315656
2,7.402093458,1.32515,4.22462,4.22462,3.47701,3.46663,3.48049,-1.54359,-1.53615,-1.54609
2,7.402093458,5.54601,4.22462,4.22462,3.47701,3.46663,3.48049,1.48416,1.49161,1.48167
2,7.424523364,5.85685,4.21518,4.21518,3.47114,3.46076,3.47463,1.71134,1.71879,1.70884
2,7.424523364,6.72393,4.21518,4.21518,3.47114,3.46076,3.47463,2.33332,2.34078,2.33082
2,7.446953271,4.7771,4.20575,4.20575,3.46528,3.45488,3.46878,0.941007,0.948467,0.938495
2,7.446953271,4.64622,4.20575,4.20575,3.46528,3.45488,3.46878,0.847123,0.854583,0.844611
2,7.469383178,3.68098,4.19631,4.19631,3.45942,3.44901,3.46293,0.158934,0.166403,0.156415
2,7.536672897,1.83231,4.16801,4.16801,3.44183,3.43138,3.44538,-1.15456,-1.14706,-1.1571
2,7.536672897,4.22086,4.16801,4.16801,3.44183,3.43138,3.44538,0.558821,0.566317,0.556279
2,7.536672897,5.00613,4.16801,4.16801,3.44183,3.43138,3.44538,1.12212,1.12962,1.11958
2,7.64882243,2.38855,4.12084,4.12084,3.41252,3.40201,3.41612,-0.734528,-0.726987,-0.737107
2,7.64882243,2.56851,4.12084,4.12084,3.41252,3.40201,3.41612,-0.605438,-0.597897,-0.608017
2,7.671252336,3.56646,4.11141,4.11141,3.40666,3.39613,3.41026,0.114632,0.122183,0.112045
2,7.671252336,3.32106,4.11141,4.11141,3.40666,3.39613,3.41026,-0.0613999,-0.0538498,-0.0639869
2,7.805831776,3.82822,4.05481,4.05481,3.37149,3.36089,3.37516,0.327631,0.335235,0.324998
2,7.895551402,3.3047,4.01707,4.01707,3.34804,3.33739,3.35175,-0.0310855,-0.0234455,-0.0337476
2,7.917981308,2.14315,4.00764,4.00764,3.34218,3.33151,3.3459,-0.860101,-0.852452,-0.86277
2,7.940411215,2.97751,3.99821,3.99821,3.33631,3.32564,3.34005,-0.257386,-0.249728,-0.260063
2,7.962841121,2.86299,3.98877,3.98877,3.33045,3.31977,3.3342,-0.335329,-0.327662,-0.338014
2,8.030130841,4.25358,3.96047,3.96047,3.31287,3.30214,3.31664,0.674802,0.682495,0.672094
2,8.030130841,3.7955,3.96047,3.96047,3.31287,3.30214,3.31664,0.346208,0.353902,0.343501
2,8.052560748,3.68098,3.95104,3.95104,3.30701,3.29627,3.31079,0.268264,0.275967,0.265549
2,8.052560748,2.07771,3.95104,3.95104,3.30701,3.29627,3.31079,-0.881814,-0.874111,-0.884529
2,8.097420561,1.94683,3.93217,3.93217,3.29528,3.28452,3.29909,-0.967289,-0.959568,-0.970018
2,8.142280374,3.40286,3.91331,3.91331,3.28356,3.27277,3.28739,0.0855793,0.0933178,0.0828346
2,8.16471028,4.1227,3.90387,3.90387,3.2777,3.2669,3.28154,0.606145,0.613893,0.603393
2,8.232,4.35174,3.87557,3.87557,3.26012,3.24928,3.26398,0.783056,0.79083,0.780281
2,8.232,1.25971,3.87557,3.87557,3.26012,3.24928,3.26398,-1.43495,-1.42718,-1.43773
2,8.254429907,3.3047,3.86614,3.86614,3.25425,3.2434,3.25813,0.0361888,0.043972,0.0334066
2,8.344149533,0.916155,3.82841,3.82841,3.23081,3.21991,3.23473,-1.66038,-1.65256,-1.66319
2,8.366579439,3.94274,3.81898,3.81898,3.22495,3.21404,3.22888,0.514895,0.522723,0.512075
2,8.389009346,3.58282,3.80954,3.80954,3.21909,3.20816,3.22303,0.260918,0.268755,0.258091
2,8.411439252,6.08589,3.80011,3.80011,3.21323,3.20229,3.21718,2.06065,2.0685,2.05782
2,8.411439252,2.47035,3.80011,3.80011,3.21323,3.20229,3.21718,-0.532891,-0.525045,-0.535726
2,8.456299065,3.69734,3.78124,3.78124,3.20151,3.19054,3.20548,0.355679,0.363543,0.35283
2,8.478728972,3.33742,3.77181,3.77181,3.19564,3.18467,3.19963,0.101702,0.109575,0.0988456
2,8.501158879,4.33538,3.76238,3.76238,3.18978,3.1788,3.19378,0.821771,0.829653,0.818907
2,8.501158879,0.834356,3.76238,3.76238,3.18978,3.1788,3.19378,-1.68962,-1.68174,-1.69249
2,8.501158879,3.48466,3.76238,3.76238,3.18978,3.1788,3.19378,0.211526,0.219408,0.208662
2,8.523588785,4.02454,3.75295,3.75295,3.18392,3.17292,3.18793,0.603001,0.610892,0.600129
2,8.635738318,2.17587,3.70578,3.70578,3.15462,3.14356,3.15868,-0.70209,-0.694154,-0.704999
2,8.658168224,1.94683,3.69635,3.69635,3.14876,3.13769,3.15283,-0.862183,-0.854238,-0.865099
2,8.658168224,3.10838,3.69635,3.69635,3.14876,3.13769,3.15283,-0.0289633,-0.0210183,-0.0318795
2,8.703028037,1.75051,3.67748,3.67748,3.13704,3.12594,3.14113,-0.994601,-0.986638,-0.997533
2,8.725457944,1.14519,3.66805,3.66805,3.13118,3.12007,3.13528,-1.42461,-1.41664,-1.42755
2,8.792747664,2.56851,3.63975,3.63975,3.1136,3.10245,3.11773,-0.391013,-0.383014,-0.393974
2,8.904897196,6.90389,3.59259,3.59259,3.0843,3.07309,3.08848,2.73991,2.74795,2.73691
2,8.904897196,1.06339,3.59259,3.59259,3.0843,3.07309,3.08848,-1.44966,-1.44162,-1.45266
2,8.904897196,2.83027,3.59259,3.59259,3.0843,3.07309,3.08848,-0.182228,-0.174184,-0.185226
2,8.927327103,3.53374,3.58316,3.58316,3.07844,3.06722,3.08263,0.326602,0.334655,0.323595
2,8.972186916,2.30675,3.5643,3.5643,3.06672,3.05547,3.07093,-0.545154,-0.537083,-0.548175
2,8.972186916,3.27198,3.5643,3.5643,3.06672,3.05547,3.07093,0.14724,0.155311,0.144219
2,8.972186916,3.89366,3.5643,3.5643,3.06672,3.05547,3.07093,0.593189,0.60126,0.590167
2,9.017046729,3.04294,3.54543,3.54543,3.055,3.04373,3.05924,-0.00865051,-0.000561635,-0.011687
2,9.039476636,2.48671,3.536,3.536,3.04914,3.03786,3.05339,-0.403454,-0.395356,-0.406498
2,9.061906542,4.84254,3.52657,3.52657,3.04329,3.03198,3.04754,1.29066,1.29877,1.28761
2,9.106766355,1.57055,3.50771,3.50771,3.03157,3.02024,3.03584,-1.04803,-1.03991,-1.0511
2,9.106766355,3.61554,3.50771,3.50771,3.03157,3.02024,3.03584,0.418903,0.427028,0.415837
2,9.129196262,1.29243,3.49828,3.49828,3.02571,3.01437,3.02999,-1.24333,-1.2352,-1.24641
2,9.174056075,4.41718,3.47941,3.47941,3.01399,3.00263,3.0183,1.00655,1.0147,1.00346
2,9.196485981,3.43558,3.46998,3.46998,3.00813,2.99676,3.01245,0.306624,0.314784,0.303527
2,9.241345794,3.73006,3.45112,3.45112,2.99641,2.98501,3.00075,0.526268,0.534446,0.523156
2,9.286205607,2.55215,3.43226,3.43226,2.9847,2.97327,2.98906,-0.310282,-0.302086,-0.313409
2,9.286205607,3.27198,3.43226,3.43226,2.9847,2.97327,2.98906,0.206079,0.214275,0.202952
2,9.308635514,1.35787,3.42283,3.42283,2.97884,2.9674,2.98321,-1.16277,-1.15457,-1.16591
2,9.331065421,3.10838,3.4134,3.4134,2.97298,2.96153,2.97736,0.0971288,0.105343,0.093987
2,9.375925234,5.54601,3.39453,3.39453,2.96127,2.94979,2.96567,1.85412,1.86235,1.85096
2,9.39835514,4.26994,3.3851,3.3851,2.95541,2.94392,2.95982,0.942955,0.951196,0.939791
2,9.420785047,7.39468,3.37567,3.37567,2.94955,2.93805,2.95397,3.18864,3.19689,3.18546
2,9.443214953,2.38855,3.36624,3.36624,2.94369,2.93218,2.94812,-0.398222,-0.389963,-0.401402
2,9.443214953,2.84663,3.36624,3.36624,2.94369,2.93218,2.94812,-0.0696283,-0.0613692,-0.0728078
2,9.443214953,4.15542,3.36624,3.36624,2.94369,2.93218,2.94812,0.869211,0.87747,0.866031
2,9.510504673,4.89162,3.33795,3.33795,2.92612,2.91457,2.93058,1.40991,1.4182,1.40671
2,9.532934579,0.719836,3.32852,3.32852,2.92026,2.9087,2.92474,-1.57843,-1.57014,-1.58164
2,9.532934579,4.40082,3.32852,3.32852,2.92026,2.9087,2.92474,1.06205,1.07035,1.05884
2,9.645084112,3.41922,3.28137,3.28137,2.89098,2.87935,2.8955,0.378929,0.387269,0.375682
2,9.645084112,2.68303,3.28137,3.28137,2.89098,2.87935,2.8955,-0.149168,-0.140828,-0.152415
2,9.667514019,1.42331,3.27194,3.27194,2.88512,2.87348,2.88966,-1.0486,-1.04025,-1.05185
2,9.667514019,2.48671,3.27194,3.27194,2.88512,2.87348,2.88966,-0.285793,-0.277444,-0.289047
2,9.734803738,3.25562,3.24366,3.24366,2.86755,2.85587,2.87212,0.278379,0.286754,0.275102
2,9.846953271,2.42127,3.19651,3.19651,2.83827,2.82653,2.84289,-0.299127,-0.290707,-0.302441
2,9.869383178,2.78119,3.18709,3.18709,2.83241,2.82066,2.83704,-0.0367457,-0.0283163,-0.0400676
2,9.959102804,1.79959,3.14937,3.14937,2.80899,2.79719,2.81366,-0.724074,-0.715609,-0.727425
2,9.959102804,3.1411,3.14937,3.14937,2.80899,2.79719,2.81366,0.238237,0.246702,0.234885
2,10.00396262,2.61759,3.13052,3.13052,2.79728,2.78545,2.80197,-0.128899,-0.120416,-0.132266
2,10.02639252,2.35583,3.12109,3.12109,2.79142,2.77959,2.79613,-0.312467,-0.303975,-0.315841
2,10.07125234,2.04499,3.10224,3.10224,2.77971,2.76785,2.78444,-0.527041,-0.518532,-0.530431
2,10.13854206,2.53579,3.07396,3.07396,2.76215,2.75025,2.76691,-0.162378,-0.153842,-0.165789
2,10.16097196,3.01022,3.06453,3.06453,2.7563,2.74439,2.76106,0.182151,0.190695,0.178732
2,10.18340187,5.33e-15,3.0551,3.0551,2.75044,2.73852,2.75522,-1.97298,-1.96443,-1.97641
2,10.20583178,3.40286,3.04568,3.04568,2.74459,2.73265,2.74938,0.472201,0.480763,0.468767
2,10.2731215,2.35583,3.0174,3.0174,2.72703,2.71506,2.73185,-0.266273,-0.257685,-0.26973
2,10.2731215,3.9591,3.0174,3.0174,2.72703,2.71506,2.73185,0.883805,0.892393,0.880348
2,10.31798131,2.74847,2.99855,2.99855,2.71532,2.70332,2.72016,0.0237763,0.0323818,0.0203048
2,10.40770093,5.87321,2.96085,2.96085,2.69191,2.67986,2.69679,2.28205,2.29069,2.27855
2,10.40770093,2.30675,2.96085,2.96085,2.69191,2.67986,2.69679,-0.276289,-0.267648,-0.27979
2,10.40770093,3.7955,2.96085,2.96085,2.69191,2.67986,2.69679,0.791641,0.800282,0.78814
2,10.40770093,3.35378,2.96085,2.96085,2.69191,2.67986,2.69679,0.474783,0.483424,0.471282
2,10.40770093,3.01022,2.96085,2.96085,2.69191,2.67986,2.69679,0.228337,0.236978,0.224837
2,10.47499065,2.53579,2.93258,2.93258,2.67435,2.66227,2.67926,-0.0993977,-0.0907305,-0.102921
2,10.49742056,3.19018,2.92316,2.92316,2.6685,2.65641,2.67342,0.37422,0.382896,0.370689
2,10.51985047,4.46626,2.91373,2.91373,2.66265,2.65054,2.66758,1.29379,1.30247,1.29025
2,10.54228037,3.51738,2.90431,2.90431,2.6568,2.64468,2.66174,0.617325,0.626018,0.613779
2,10.632,1.86503,2.86662,2.86662,2.63339,2.62123,2.63838,-0.551171,-0.542442,-0.554746
2,10.65442991,1.01431,2.8572,2.8572,2.62754,2.61536,2.63254,-1.15722,-1.14848,-1.1608
2,10.92358879,2.53579,2.74417,2.74417,2.55735,2.54502,2.56247,-0.0154664,-0.00662552,-0.019139
2,10.94601869,4.15542,2.73475,2.73475,2.5515,2.53916,2.55663,1.15054,1.15939,1.14686
2,11.03573832,0.327198,2.69709,2.69709,2.52811,2.51573,2.53328,-1.57878,-1.5699,-1.58249
2,11.03573832,1.50511,2.69709,2.69709,2.52811,2.51573,2.53328,-0.733829,-0.724945,-0.737538
2,11.03573832,2.38855,2.69709,2.69709,2.52811,2.51573,2.53328,-0.100112,-0.0912283,-0.103822
2,11.08059813,1.66871,2.67826,2.67826,2.51642,2.50401,2.52161,-0.608086,-0.599184,-0.61181
2,11.14788785,1.42331,2.65001,2.65001,2.49888,2.48643,2.5041,-0.771537,-0.76261,-0.775284
2,11.17031776,2.19223,2.6406,2.6406,2.49303,2.48058,2.49827,-0.215776,-0.20684,-0.21953
2,11.19274766,1.79959,2.63119,2.63119,2.48719,2.47472,2.49243,-0.493235,-0.48429,-0.496996
2,11.26003738,2.58487,2.60295,2.60295,2.46965,2.45715,2.47493,0.082647,0.0916176,0.0788642
2,11.28246729,1.47239,2.59354,2.59354,2.46381,2.45129,2.46909,-0.711174,-0.702195,-0.714964
2,11.3048972,3.25562,2.58413,2.58413,2.45796,2.44543,2.46326,0.572187,0.581174,0.568389
2,11.39461682,2.91207,2.5465,2.5465,2.43459,2.42201,2.43993,0.342508,0.35153,0.338681
2,11.43947664,2.45399,2.52768,2.52768,2.42291,2.4103,2.42826,0.0222965,0.0313355,0.0184549
2,11.46190654,2.06135,2.51828,2.51828,2.41706,2.40445,2.42243,-0.255164,-0.246117,-0.259013
2,11.48433645,1.93047,2.50887,2.50887,2.41122,2.3986,2.4166,-0.344858,-0.335802,-0.348714
2,11.52919626,2.71575,2.49006,2.49006,2.39954,2.38689,2.40493,0.226826,0.235899,0.222955
2,11.52919626,4.38446,2.49006,2.49006,2.39954,2.38689,2.40493,1.42385,1.43292,1.41998
2,11.64134579,0.359918,2.44305,2.44305,2.37034,2.35763,2.37578,-1.44214,-1.43302,-1.44605
2,11.91050467,0.834356,2.3303,2.3303,2.30029,2.28744,2.30586,-1.05156,-1.04234,-1.05556
2,11.93293458,2.15951,2.32091,2.32091,2.29445,2.28159,2.30003,-0.096799,-0.0875759,-0.100803
2,11.93293458,0.687117,2.32091,2.32091,2.29445,2.28159,2.30003,-1.15299,-1.14377,-1.157
2,11.97779439,1.11247,2.30214,2.30214,2.28278,2.2699,2.28839,-0.8395,-0.83026,-0.843518
2,12.02265421,1.73415,2.28337,2.28337,2.27112,2.25821,2.27674,-0.385182,-0.375926,-0.389215
2,12.04508411,3.69734,2.27398,2.27398,2.26528,2.25237,2.27092,1.02726,1.03653,1.02322
2,12.11237383,1.96319,2.24583,2.24583,2.24779,2.23484,2.25345,-0.204151,-0.194862,-0.208213
2,12.17966355,1.45603,2.2177,2.2177,2.23029,2.21731,2.23599,-0.555403,-0.54609,-0.559487
2,12.24695327,2.84663,2.18957,2.18957,2.21281,2.19979,2.21853,0.454659,0.463996,0.450553
2,12.26938318,2.61759,2.1802,2.1802,2.20698,2.19395,2.21271,0.294544,0.303888,0.290429
2,12.38153271,3.28834,2.13335,2.13335,2.17784,2.16476,2.18363,0.796598,0.805983,0.792447
2,12.42639252,1.89775,2.11463,2.11463,2.16619,2.15309,2.172,-0.192561,-0.183161,-0.196727
2,12.42639252,1.60327,2.11463,2.11463,2.16619,2.15309,2.172,-0.4038,-0.3944,-0.407966
2,12.47125234,2.09407,2.09591,2.09591,2.15454,2.14142,2.16037,-0.0433796,-0.0339636,-0.0475598
2,12.47125234,1.06339,2.09591,2.09591,2.15454,2.14142,2.16037,-0.782715,-0.773299,-0.786896
2,12.51611215,3.32106,2.07719,2.07719,2.1429,2.12975,2.14874,0.845136,0.854568,0.840942
2,12.53854206,2.20859,2.06784,2.06784,2.13708,2.12392,2.14293,0.0512991,0.0607389,0.0470974
2,12.60583178,1.93047,2.03978,2.03978,2.11961,2.10642,2.1255,-0.135678,-0.126214,-0.139901
2,12.6955514,0.736196,2.00241,2.00241,2.09634,2.0831,2.10226,-0.975673,-0.966177,-0.979924
2,12.91985047,1.79959,1.90911,1.90911,2.0382,2.02485,2.04422,-0.171159,-0.161585,-0.17548
2,12.91985047,0.916155,1.90911,1.90911,2.0382,2.02485,2.04422,-0.804876,-0.795302,-0.809197
2,12.98714019,4.33538,1.88116,1.88116,2.02077,2.00739,2.02682,1.66034,1.66994,1.656
2,13.05442991,1.66871,1.85325,1.85325,2.00334,1.98993,2.00943,-0.240043,-0.230423,-0.244406
2,13.05442991,4.5317,1.85325,1.85325,2.00334,1.98993,2.00943,1.81367,1.82329,1.8093
2,13.18900935,0.458078,1.79749,1.79749,1.96852,1.95505,1.97466,-1.08349,-1.07382,-1.08789
2,13.23386916,2.38855,1.77892,1.77892,1.95692,1.94342,1.96308,0.309621,0.319301,0.305202
2,13.25629907,0.539877,1.76965,1.76965,1.95112,1.93762,1.95729,-1.01233,-1.00264,-1.01676
2,13.30115888,3.58282,1.75111,1.75111,1.93952,1.926,1.94571,1.17879,1.18849,1.17435
2,13.3908785,2.02863,1.71407,1.71407,1.91634,1.90278,1.92257,0.0805468,0.0902784,0.0760803
2,13.41330841,3.76278,1.70482,1.70482,1.91055,1.89697,1.91679,1.32866,1.3384,1.32419
2,13.41330841,4.08998,1.70482,1.70482,1.91055,1.89697,1.91679,1.56337,1.57311,1.5589
2,13.45816822,2.65031,1.68633,1.68633,1.89897,1.88537,1.90522,0.53896,0.548713,0.534473
2,13.48059813,0.556237,1.67709,1.67709,1.89318,1.87957,1.89944,-0.95903,-0.949269,-0.963523
2,13.52545794,2.14315,1.65863,1.65863,1.8816,1.86797,1.88788,0.187617,0.197392,0.18311
2,13.74975701,1.40695,1.56659,1.56659,1.82378,1.81005,1.83015,-0.299003,-0.289158,-0.303576
2,13.81704673,0.997955,1.53908,1.53908,1.80646,1.7927,1.81286,-0.579963,-0.570098,-0.584556
2,13.99648598,0.719836,1.46598,1.46598,1.76031,1.74649,1.76679,-0.746366,-0.736448,-0.751011
2,14.0637757,1.55419,1.43868,1.43868,1.74303,1.72918,1.74953,-0.135459,-0.125522,-0.140123
2,14.24321495,0.0981595,1.36619,1.36619,1.69701,1.68309,1.70358,-1.14691,-1.13692,-1.15162
2,14.24321495,2.43763,1.36619,1.36619,1.69701,1.68309,1.70358,0.53127,0.541257,0.526556
2,14.31050467,2.78119,1.33915,1.33915,1.67978,1.66583,1.68637,0.790077,0.800082,0.785345
2,14.4002243,2.87935,1.30321,1.30321,1.65682,1.64284,1.66345,0.876956,0.886984,0.872199
2,14.4002243,4.05726,1.30321,1.30321,1.65682,1.64284,1.66345,1.72191,1.73194,1.71715
2,14.44508411,0.196319,1.2853,1.2853,1.64535,1.63136,1.652,-1.03944,-1.0294,-1.04421
2,14.44508411,1.01431,1.2853,1.2853,1.64535,1.63136,1.652,-0.452664,-0.442625,-0.457433
2,14.44508411,1.37423,1.2853,1.2853,1.64535,1.63136,1.652,-0.194484,-0.184444,-0.199252
2,14.53480374,2.73211,1.2496,1.2496,1.62244,1.60841,1.62912,0.795998,0.80606,0.791206
2,14.64695327,1.22699,1.20522,1.20522,1.59384,1.57978,1.60056,-0.263151,-0.253063,-0.267973
2,14.87125234,1.79959,1.1174,1.1174,1.53679,1.52266,1.54359,0.188514,0.198651,0.183636
2,14.98340187,0.179959,1.07401,1.07401,1.50835,1.49419,1.51519,-0.952898,-0.942738,-0.957803
2,15.02826168,1.79959,1.05677,1.05677,1.49699,1.48282,1.50384,0.217065,0.227234,0.212149
2,15.0955514,1.86503,1.03102,1.03102,1.47997,1.46578,1.48684,0.276217,0.286398,0.271286
2,15.25256075,3.68098,0.971574,0.971574,1.44034,1.42611,1.44726,1.60728,1.61749,1.60232
2,15.27499065,0.572597,0.963156,0.963156,1.43469,1.42046,1.44162,-0.618407,-0.608196,-0.623378
2,15.29742056,1.68507,0.954759,0.954759,1.42904,1.4148,1.43598,0.183658,0.193872,0.178682
2,15.38714019,1.86503,0.921375,0.921375,1.40648,1.39222,1.41344,0.328932,0.33916,0.323937
2,15.47685981,0.883436,0.888336,0.888336,1.38397,1.36969,1.39096,-0.359048,-0.348808,-0.364061
2,15.52171963,2.81391,0.871954,0.871954,1.37273,1.35845,1.37973,1.0338,1.04405,1.02878
2,15.90302804,1.66871,0.736871,0.736871,1.27776,1.26343,1.28485,0.280443,0.29072,0.275353
2,16.08246729,1.81595,0.676247,0.676247,1.23345,1.21911,1.24058,0.417847,0.428129,0.41273
2,16.26190654,2.56851,0.617805,0.617805,1.18942,1.17509,1.19658,0.989265,0.999545,0.984125
2,16.30676636,1.97955,0.603561,0.603561,1.17846,1.16413,1.18563,0.57465,0.584928,0.569505
3,0,0.620408,7.33053,7.33053,6.14595,nan,6.53928,-3.96365,nan,-4.24579
3,2.018691589,4.5551,6.48823,6.48823,5.70538,nan,6.05777,-0.825133,nan,-1.07791
3,2.041121495,2.61224,6.47881,6.47881,5.70049,nan,6.05242,-2.21529,nan,-2.46775
3,3.005607477,5.24082,6.07357,6.07357,5.48999,nan,5.82237,-0.178743,nan,-0.417165
3,3.857943925,3.72245,5.71522,5.71522,5.30398,nan,5.61907,-1.13448,nan,-1.3605
3,4.014953271,2.1551,5.64919,5.64919,5.26971,nan,5.58162,-2.23421,nan,-2.45795
3,4.014953271,3.2,5.64919,5.64919,5.26971,nan,5.58162,-1.48467,nan,-1.70841
3,4.037383178,5.01224,5.63976,5.63976,5.26482,nan,5.57627,-0.181177,nan,-0.404591
3,4.351401869,3.82041,5.50771,5.50771,5.19628,nan,5.50137,-0.986958,nan,-1.20581
3,5.001869159,3.11837,5.23414,5.23414,5.05432,nan,5.34622,-1.38872,nan,-1.59811
3,5.136448598,5.8449,5.17754,5.17754,5.02495,nan,5.31412,0.588173,nan,0.380745
3,5.226168224,1.94286,5.1398,5.1398,5.00537,nan,5.29272,-2.19684,nan,-2.40296
3,5.45046729,4.81633,5.04547,5.04547,4.95642,nan,5.23922,-0.100494,nan,-0.303354
3,5.876635514,3.59184,4.86622,4.86622,4.86341,nan,5.13757,-0.912143,nan,-1.1088
3,5.943925234,4.70204,4.83792,4.83792,4.84873,nan,5.12152,-0.105224,nan,-0.300905
3,6.011214953,4.3102,4.80962,4.80962,4.83404,nan,5.10547,-0.375767,nan,-0.570469
3,6.03364486,6.33469,4.80018,4.80018,4.82915,nan,5.10012,1.07998,nan,0.8856
3,6.347663551,4.60408,4.66811,4.66811,4.76062,nan,5.02522,-0.112288,nan,-0.302096
3,6.841121495,5.12653,4.46056,4.46056,4.65293,nan,4.90752,0.339731,nan,0.157102
3,6.908411215,6.12245,4.43226,4.43226,4.63824,nan,4.89147,1.06467,nan,0.883019
3,6.998130841,4.19592,4.39452,4.39452,4.61866,nan,4.87007,-0.303247,nan,-0.483592
3,7.020560748,6.17143,4.38509,4.38509,4.61377,nan,4.86472,1.11736,nan,0.937342
3,7.042990654,5.40408,4.37565,4.37565,4.60887,nan,4.85937,0.57043,nan,0.390737
3,7.155140187,7.77143,4.32848,4.32848,4.5844,nan,4.83262,2.28616,nan,2.1081
3,7.244859813,4.76735,4.29075,4.29075,4.56482,nan,4.81122,0.145282,nan,-0.0314738
3,7.289719626,6.85714,4.27188,4.27188,4.55503,nan,4.80052,1.65138,nan,1.47528
3,7.334579439,5.81224,4.25301,4.25301,4.54523,nan,4.78982,0.908867,nan,0.733415
3,7.334579439,4.44082,4.25301,4.25301,4.54523,nan,4.78982,-0.0749027,nan,-0.250354
3,7.379439252,4.01633,4.23414,4.23414,4.53544,nan,4.77912,-0.37238,nan,-0.547179
3,7.446728972,6.23673,4.20584,4.20584,4.52076,nan,4.76307,1.23092,nan,1.0571
3,7.648598131,4.81633,4.12094,4.12094,4.4767,nan,4.71493,0.243622,nan,0.0727385
3,7.693457944,6.44898,4.10207,4.10207,4.46691,nan,4.70423,1.4218,nan,1.25157
3,7.85046729,4.76735,4.03604,4.03604,4.43265,nan,4.66678,0.24009,nan,0.0721429
3,7.962616822,6.80816,3.98887,3.98887,4.40817,nan,4.64003,1.72159,nan,1.55527
3,8.007476636,5.74694,3.97,3.97,4.39838,nan,4.62933,0.967362,nan,0.801699
3,8.007476636,3.6898,3.97,3.97,4.39838,nan,4.62933,-0.508293,nan,-0.673955
3,8.007476636,5.3551,3.97,3.97,4.39838,nan,4.62933,0.686285,nan,0.520622
3,8.142056075,8.26122,3.9134,3.9134,4.36901,nan,4.59723,2.79201,nan,2.6283
3,8.231775701,4.5551,3.87567,3.87567,4.34943,nan,4.57583,0.147533,nan,-0.0148667
3,8.321495327,5.48571,3.83794,3.83794,4.32985,nan,4.55443,0.829137,nan,0.668042
3,8.343925234,4.32653,3.8285,3.8285,4.32496,nan,4.54908,0.00112862,nan,-0.15964
3,8.456074766,5.9102,3.78134,3.78134,4.30048,nan,4.52233,1.1547,nan,0.995568
3,8.747663551,4.75102,3.65871,3.65871,4.23685,nan,4.45278,0.368832,nan,0.213938
3,8.882242991,3.98367,3.60212,3.60212,4.20748,nan,4.42068,-0.160543,nan,-0.313479
3,8.94953271,6.66122,3.57382,3.57382,4.1928,nan,4.40463,1.77068,nan,1.61873
3,9.01682243,4.8,3.54553,3.54553,4.17811,nan,4.38858,0.446101,nan,0.295124
3,9.039252336,5.9102,3.5361,3.5361,4.17322,nan,4.38323,1.246,nan,1.09535
3,9.039252336,4.60408,3.5361,3.5361,4.17322,nan,4.38323,0.309074,nan,0.158423
3,9.151401869,7.72245,3.48894,3.48894,4.14874,nan,4.35648,2.56353,nan,2.41452
3,9.218691589,3.80408,3.46065,3.46065,4.13406,nan,4.34043,-0.236702,nan,-0.384742
3,9.285981308,5.06122,3.43235,3.43235,4.11937,nan,4.32438,0.67562,nan,0.52856
3,9.330841121,6.22041,3.41349,3.41349,4.10958,nan,4.31368,1.51416,nan,1.36775
3,9.353271028,5.32245,3.40406,3.40406,4.10469,nan,4.30833,0.873539,nan,0.727457
3,9.375700935,4.39184,3.39463,3.39463,4.09979,nan,4.30298,0.209492,nan,0.0637368
3,9.487850467,6.26939,3.34748,3.34748,4.07532,nan,4.27624,1.57387,nan,1.42975
3,9.66728972,4.34286,3.27204,3.27204,4.03616,nan,4.23344,0.220002,nan,0.0784908
3,9.846728972,4.71837,3.19661,3.19661,3.997,nan,4.19064,0.517456,nan,0.378557
3,9.958878505,5.02857,3.14947,3.14947,3.97253,nan,4.16389,0.757531,nan,0.620264
3,10.00373832,6.92245,3.13061,3.13061,3.96274,nan,4.15319,2.12309,nan,1.98648
3,10.02616822,4.35918,3.12118,3.12118,3.95785,nan,4.14784,0.287891,nan,0.151603
3,10.02616822,5.51837,3.12118,3.12118,3.95785,nan,4.14784,1.11941,nan,0.983122
3,10.11588785,7.24898,3.08348,3.08348,3.93827,nan,4.12644,2.37488,nan,2.2399
3,10.22803738,3.80408,3.03635,3.03635,3.9138,nan,4.09969,-0.0787018,nan,-0.212052
3,10.2953271,5.1102,3.00807,3.00807,3.89911,nan,4.08364,0.868755,nan,0.736384
3,10.34018692,5.20816,2.98922,2.98922,3.88932,nan,4.07295,0.946046,nan,0.814328
3,10.38504673,3.15102,2.97037,2.97037,3.87953,nan,4.06225,-0.522586,nan,-0.653651
3,10.45233645,4.63673,2.9421,2.9421,3.86485,nan,4.0462,0.553697,nan,0.423612
3,10.65420561,4.70204,2.8573,2.8573,3.8208,nan,3.99805,0.632141,nan,0.504996
3,10.69906542,4.13061,2.83845,2.83845,3.81101,nan,3.98735,0.229259,nan,0.102767
3,10.74392523,3.4449,2.81961,2.81961,3.80122,nan,3.97665,-0.255604,nan,-0.381443
3,10.85607477,6.07347,2.77252,2.77252,3.77675,nan,3.9499,1.64751,nan,1.5233
3,10.94579439,4.21224,2.73485,2.73485,3.75718,nan,3.9285,0.326436,nan,0.203536
3,10.99065421,5.42041,2.71601,2.71601,3.74739,nan,3.91781,1.20011,nan,1.07786
3,11.01308411,5.99184,2.7066,2.7066,3.74249,nan,3.91246,1.61353,nan,1.49161
3,11.03551402,4.81633,2.69718,2.69718,3.7376,nan,3.90711,0.773806,nan,0.652212
3,11.14766355,6.38367,2.65011,2.65011,3.71313,nan,3.88036,1.91567,nan,1.79571
3,11.23738318,2.48163,2.61246,2.61246,3.69355,nan,3.85896,-0.869348,nan,-0.988003
3,11.28224299,4.65306,2.59364,2.59364,3.68376,nan,3.84826,0.695308,nan,0.577306
3,11.3271028,3.65714,2.57482,2.57482,3.67398,nan,3.83757,-0.0120746,nan,-0.129424
3,11.37196262,2.13878,2.556,2.556,3.66419,nan,3.82687,-1.09423,nan,-1.21092
3,11.41682243,4.16327,2.53718,2.53718,3.6544,nan,3.81617,0.365026,nan,0.248983
3,11.6635514,2.67755,2.43375,2.43375,3.60057,nan,3.75733,-0.662108,nan,-0.774559
3,11.68598131,3.2,2.42435,2.42435,3.59567,nan,3.75198,-0.283828,nan,-0.395953
3,11.73084112,2.38367,2.40555,2.40555,3.58588,nan,3.74128,-0.862384,nan,-0.973855
3,11.86542056,3.36327,2.34918,2.34918,3.55652,nan,3.70919,-0.138629,nan,-0.248141
3,11.93271028,4.94694,2.32101,2.32101,3.54184,nan,3.69314,1.00792,nan,0.89939
3,12,3.78776,2.29284,2.29284,3.52716,nan,3.67709,0.186933,nan,0.0793812
3,12.02242991,6.22041,2.28346,2.28346,3.52227,nan,3.67174,1.93546,nan,1.82824
3,12.04485981,3.08571,2.27407,2.27407,3.51737,nan,3.6664,-0.309642,nan,-0.416541
3,12.11214953,5.64898,2.24593,2.24593,3.50269,nan,3.65035,1.5396,nan,1.43368
3,12.22429907,2.51429,2.19904,2.19904,3.47822,nan,3.62361,-0.691464,nan,-0.79575
3,12.29158879,4.88163,2.17092,2.17092,3.46354,nan,3.60756,1.01724,nan,0.913934
3,12.31401869,5.19184,2.16155,2.16155,3.45865,nan,3.60221,1.24327,nan,1.14029
3,12.3364486,2.82449,2.15218,2.15218,3.45376,nan,3.59686,-0.451394,nan,-0.554047
3,12.3588785,2.30204,2.14281,2.14281,3.44886,nan,3.59151,-0.822653,nan,-0.924979
3,12.44859813,4.73469,2.10536,2.10536,3.42929,nan,3.57012,0.936407,nan,0.835387
3,12.65046729,2.36735,2.02118,2.02118,3.38525,nan,3.52198,-0.730176,nan,-0.828256
3,12.6728972,3.46122,2.01184,2.01184,3.38036,nan,3.51663,0.0580072,nan,-0.0397466
3,12.74018692,3.05306,1.98382,1.98382,3.36568,nan,3.50059,-0.224252,nan,-0.321025
3,12.87476636,3.00408,1.92784,1.92784,3.33632,nan,3.4685,-0.238327,nan,-0.333141
3,12.94205607,4.08163,1.89988,1.89988,3.32164,nan,3.45245,0.545164,nan,0.45133
3,12.98691589,4.44082,1.88126,1.88126,3.31186,nan,3.44176,0.809837,nan,0.716657
3,13.00934579,4.57143,1.87195,1.87195,3.30697,nan,3.43641,0.907039,nan,0.814185
3,13.0317757,2.62857,1.86264,1.86264,3.30207,nan,3.43106,-0.483125,nan,-0.575652
3,13.16635514,4.60408,1.80686,1.80686,3.27272,nan,3.39897,0.955029,nan,0.864462
3,13.23364486,2.10612,1.77902,1.77902,3.25804,nan,3.38293,-0.826308,nan,-0.915895
3,13.30093458,3.55918,1.7512,1.7512,3.24336,nan,3.36689,0.226547,nan,0.137941
3,13.30093458,2.35102,1.7512,1.7512,3.24336,nan,3.36689,-0.640107,nan,-0.728713
3,13.32336449,3.13469,1.74193,1.74193,3.23847,nan,3.36154,-0.0744432,nan,-0.162723
3,13.3682243,2.93878,1.72342,1.72342,3.22869,nan,3.35084,-0.207963,nan,-0.29559
3,13.45794393,3.98367,1.68642,1.68642,3.20912,nan,3.32945,0.555613,nan,0.469293
3,13.65981308,5.33e-15,1.60344,1.60344,3.16509,nan,3.28133,-2.27042,nan,-2.3538
3,13.68224299,2.17143,1.59424,1.59424,3.1602,nan,3.27598,-0.709277,nan,-0.79233
3,13.74953271,1.69796,1.56668,1.56668,3.14552,nan,3.25994,-1.03839,nan,-1.12046
3,13.86168224,0.897959,1.52086,1.52086,3.12107,nan,3.2332,-1.59471,nan,-1.67515
3,13.92897196,3.57551,1.49344,1.49344,3.10639,nan,3.21716,0.336512,nan,0.257054
3,13.99626168,3.5102,1.46607,1.46607,3.09172,nan,3.20112,0.300192,nan,0.221714
3,14.01869159,1.50204,1.45696,1.45696,3.08683,nan,3.19578,-1.13682,nan,-1.21497
3,14.0411215,2.69388,1.44786,1.44786,3.08194,nan,3.19043,-0.278368,nan,-0.356192
3,14.13084112,5.30612,1.41153,1.41153,3.06237,nan,3.16904,1.60951,nan,1.53299
3,14.24299065,1.6,1.36628,1.36628,3.03792,nan,3.14231,-1.03147,nan,-1.10635
3,14.28785047,3.88571,1.34824,1.34824,3.02814,nan,3.13162,0.615166,nan,0.540936
3,14.33271028,2.77551,1.33024,1.33024,3.01836,nan,3.12093,-0.174203,nan,-0.247779
3,14.44485981,4.27755,1.28539,1.28539,2.99391,nan,3.0942,0.920798,nan,0.848857
3,14.64672897,2.25306,1.20531,1.20531,2.9499,nan,3.04609,-0.499864,nan,-0.568864
3,14.69158879,5.07755,1.18764,1.18764,2.94012,nan,3.0354,1.53325,nan,1.4649
3,14.93831776,2.93878,1.09141,1.09141,2.88634,nan,2.97661,0.0376136,nan,-0.0271374
3,14.98317757,3.10204,1.0741,1.0741,2.87656,nan,2.96592,0.161743,nan,0.0976453
3,15.00560748,1.19184,1.06547,1.06547,2.87167,nan,2.96057,-1.205,nan,-1.26877
3,15.05046729,1.51837,1.04826,1.04826,2.8619,nan,2.94989,-0.963757,nan,-1.02687
3,15.11775701,5.38776,1.02256,1.02256,2.84723,nan,2.93385,1.8224,nan,1.76026
3,15.25233645,1.76327,0.971658,0.971658,2.81791,nan,2.90179,-0.756527,nan,-0.816702
3,15.29719626,2.98776,0.954843,0.954843,2.80813,nan,2.89111,0.12885,nan,0.0693296
3,15.36448598,1.25714,0.929772,0.929772,2.79347,nan,2.87508,-1.10206,nan,-1.1606
3,15.4317757,3.96735,0.904893,0.904893,2.77881,nan,2.85905,0.852577,nan,0.795018
3,15.67850467,0.0163265,0.815468,0.815468,2.72506,nan,2.80029,-1.94306,nan,-1.99702
3,15.92523364,2.59592,0.729258,0.729258,2.67132,nan,2.74153,-0.0540868,nan,-0.104455
3,16.1271028,0.881633,0.661497,0.661497,2.62736,nan,2.69348,-1.25227,nan,-1.29969
3,16.21682243,1.24082,0.632271,0.632271,2.60782,nan,2.67212,-0.980599,nan,-1.02672
3,16.30654206,2.85714,0.603632,0.603632,2.58829,nan,2.65077,0.192854,nan,0.14804
3,16.35140187,0.914286,0.58954,0.58954,2.57853,nan,2.64009,-1.19381,nan,-1.23798
3,16.4635514,2.84082,0.555004,0.555004,2.55412,nan,2.6134,0.205656,nan,0.16313
3,16.66542056,2.74286,0.495466,0.495466,2.51019,nan,2.56538,0.166897,nan,0.127311
3,16.97943925,0.163265,0.410106,0.410106,2.44189,nan,2.4907,-1.63453,nan,-1.66954
3,17.00186916,2.17143,0.404366,0.404366,2.43701,nan,2.48537,-0.190513,nan,-0.225199
3,17.11401869,2.23673,0.376401,0.376401,2.41263,nan,2.45871,-0.126175,nan,-0.159228
3,17.20373832,0.555102,0.354927,0.354927,2.39313,nan,2.43738,-1.31847,nan,-1.35022
3,17.29345794,0.457143,0.334262,0.334262,2.37363,nan,2.41606,-1.37475,nan,-1.4052
3,17.29345794,1.95918,0.334262,0.334262,2.37363,nan,2.41606,-0.297293,nan,-0.327735
3,17.31588785,3.2,0.329223,0.329223,2.36875,nan,2.41073,0.596281,nan,0.566165
3,17.42803738,2.67755,0.304793,0.304793,2.34438,nan,2.38409,0.238992,nan,0.210508
3,18.03364486,1.81224,0.194773,0.194773,2.21291,nan,2.24035,-0.287409,nan,-0.307092
3,18.12336449,4.5551,0.18151,0.18151,2.19345,nan,2.21907,1.69409,nan,1.67571
3,18.23551402,0.555102,0.165965,0.165965,2.16914,nan,2.19249,-1.1578,nan,-1.17455
3,18.37009346,1.30612,0.148773,0.148773,2.13997,nan,2.1606,-0.598146,nan,-0.612947
3,18.43738318,2.20408,0.140752,0.140752,2.12539,nan,2.14467,0.0564461,nan,0.0426203
3,18.95327103,2.04082,0.0906983,0.0906983,2.01376,nan,2.02263,0.0194058,nan,0.0130426
3,19.13271028,2.57959,0.0774402,0.0774402,1.975,nan,1.98026,0.433694,nan,0.429919
3,19.26728972,0.359184,0.0686847,0.0686847,1.94595,nan,1.94851,-1.13824,nan,-1.14007
3,19.44672897,1.63265,0.0584302,0.0584302,1.90725,nan,1.90621,-0.196978,nan,-0.196235
3,20.43364486,1.66531,0.0234051,0.0234051,1.6953,nan,1.67467,-0.0215142,nan,-0.00672001
4,0,1.95122,7.33053,7.33053,1.42479,1.42215,1.54791,0.377624,0.37952,0.289307
4,0.993314231,2.05765,6.91808,6.91808,2.98359,2.97913,3.09574,-0.664207,-0.661006,-0.744654
4,1.107927412,5.62306,6.87014,6.87014,3.16574,3.16097,3.27631,1.76272,1.76613,1.6834
4,1.184336199,0.922395,6.83815,6.83815,3.2872,3.28223,3.39672,-1.69635,-1.69279,-1.77491
4,1.222540592,4.25721,6.82215,6.82215,3.34794,3.34287,3.45693,0.652249,0.655884,0.574065
4,1.910219675,7.34368,6.53377,6.53377,4.44156,4.43468,4.54094,2.08178,2.08672,2.01049
4,1.986628462,4.00887,6.50169,6.50169,4.56309,4.55601,4.6614,-0.397562,-0.392482,-0.468082
4,2.101241643,5.81818,6.45357,6.45357,4.74539,4.73801,4.84209,0.769549,0.774844,0.700183
4,2.17765043,4.00887,6.42148,6.42148,4.86692,4.85934,4.96255,-0.615508,-0.610068,-0.684104
4,2.215854823,2.80266,6.40543,6.40543,4.92769,4.92,5.02278,-1.52435,-1.51884,-1.59256
4,2.215854823,4.47007,6.40543,6.40543,4.92769,4.92,5.02278,-0.328266,-0.322754,-0.396476
4,2.521489971,3.051,6.27704,6.27704,5.41382,5.40533,5.5046,-1.69493,-1.68884,-1.76005
4,2.903533906,8.26608,6.11648,6.11648,6.02149,6.01199,6.10682,1.61011,1.61693,1.5489
4,3.018147087,4.82483,6.0683,6.0683,6.20379,6.19399,6.28745,-0.989168,-0.982141,-1.04918
4,3.094555874,6.56319,6.03618,6.03618,6.32532,6.31532,6.40786,0.170632,0.177804,0.111427
4,3.132760267,6.17295,6.02012,6.02012,6.38609,6.37599,6.46805,-0.152892,-0.145648,-0.211687
4,3.209169054,4.15078,5.988,5.988,6.50762,6.49732,6.58842,-1.69064,-1.68325,-1.7486
4,3.209169054,4.66519,5.988,5.988,6.50762,6.49732,6.58842,-1.32164,-1.31425,-1.3796
4,3.209169054,6.03104,5.988,5.988,6.50762,6.49732,6.58842,-0.341866,-0.334479,-0.399828
4,3.896848138,8.26608,5.69886,5.69886,7.60157,7.58944,7.66386,0.47667,0.485374,0.431986
4,3.915950334,7.18404,5.69083,5.69083,7.63197,7.61982,7.69185,-0.321317,-0.312599,-0.364274
4,4.011461318,6.29712,5.65066,5.65066,7.77291,7.76284,7.80838,-1.05863,-1.05141,-1.08408
4,4.087870105,8.2306,5.61853,5.61853,7.84308,7.83764,7.85422,0.277976,0.281883,0.269986
4,4.106972302,7.55654,5.6105,5.6105,7.85256,7.84828,7.85865,-0.212342,-0.20927,-0.216711
4,4.183381089,7.73392,5.57837,5.57837,7.86294,7.86241,7.85419,-0.0925437,-0.0921671,-0.0862709
4,4.240687679,7.27273,5.55427,5.55427,7.84921,7.85049,7.83399,-0.413529,-0.414445,-0.402612
4,4.240687679,4.50554,5.55427,5.55427,7.84921,7.85049,7.83399,-2.39852,-2.39943,-2.3876
4,4.508118434,7.94678,5.4418,5.4418,7.6874,7.69124,7.66438,0.186068,0.183311,0.202579
4,4.508118434,6.38581,5.4418,5.4418,7.6874,7.69124,7.66438,-0.93367,-0.936427,-0.917159
4,4.699140401,7.50333,5.36146,5.36146,7.54452,7.54849,7.52218,-0.0295478,-0.032395,-0.0135267
4,4.890162369,8.54989,5.28112,5.28112,7.3983,7.40218,7.3774,0.826075,0.823286,0.841062
4,4.928366762,7.57428,5.26505,5.26505,7.36894,7.3728,7.34836,0.147298,0.144525,0.162059
4,5.023877746,6.40355,5.22488,5.22488,7.29548,7.29929,7.2757,-0.639814,-0.642541,-0.625626
4,5.062082139,7.25499,5.20882,5.20882,7.26609,7.26986,7.24663,-0.00795962,-0.0106689,0.00599624
4,5.11938873,8.08869,5.18471,5.18471,7.22198,7.22572,7.20301,0.621722,0.61904,0.635327
4,5.17669532,7.5388,5.16061,5.16061,7.17786,7.18156,7.15939,0.258914,0.25626,0.272168
4,5.214899713,6.7051,5.14454,5.14454,7.14845,7.15212,7.1303,-0.318029,-0.320665,-0.305009
4,5.23400191,6.26164,5.13651,5.13651,7.13374,7.1374,7.11576,-0.625587,-0.628213,-0.612684
4,5.520534862,6.29712,5.016,5.016,6.91312,6.91658,6.89759,-0.441878,-0.444358,-0.430735
4,5.539637058,5.10865,5.00796,5.00796,6.89841,6.90185,6.88304,-1.28385,-1.28632,-1.27283
4,5.711556829,6.52772,4.93565,4.93565,6.76603,6.76935,6.75214,-0.170947,-0.173332,-0.160983
4,5.902578797,7.60976,4.85531,4.85531,6.61893,6.62212,6.60668,0.710748,0.708462,0.719535
4,5.921680993,6.86475,4.84728,4.84728,6.60423,6.6074,6.59214,0.186879,0.184603,0.195549
4,6.036294174,7.41463,4.79907,4.79907,6.51597,6.51906,6.50487,0.64464,0.642422,0.652605
4,6.074498567,5.42794,4.783,4.783,6.48655,6.48962,6.47578,-0.759378,-0.761577,-0.751647
4,6.074498567,5.14412,4.783,4.783,6.48655,6.48962,6.47578,-0.962966,-0.965166,-0.955236
4,6.112702961,8.42572,4.76693,4.76693,6.45713,6.46017,6.44668,1.41213,1.40995,1.41963
4,6.189111748,5.39246,4.73479,4.73479,6.3983,6.40128,6.38851,-0.721518,-0.72366,-0.714494
4,6.227316141,6.95344,4.71873,4.71873,6.36888,6.37184,6.35942,0.419322,0.4172,0.426111
4,6.227316141,5.78271,4.71873,4.71873,6.36888,6.37184,6.35942,-0.420481,-0.422603,-0.413693
4,6.227316141,5.85366,4.71873,4.71873,6.36888,6.37184,6.35942,-0.369584,-0.371706,-0.362795
4,6.532951289,4.64745,4.59018,4.59018,6.13353,6.13627,6.12669,-1.06601,-1.06798,-1.06111
4,6.532951289,5.60532,4.59018,4.59018,6.13353,6.13627,6.12669,-0.378902,-0.380866,-0.373997
4,6.723973257,5.21508,4.50983,4.50983,5.98644,5.98904,5.98125,-0.553326,-0.55519,-0.549597
4,6.914995224,5.78271,4.42949,4.42949,5.83935,5.84182,5.8358,-0.0406345,-0.0424018,-0.0380851
4,6.914995224,5.56984,4.42949,4.42949,5.83935,5.84182,5.8358,-0.193326,-0.195093,-0.190777
4,7.029608405,6.03104,4.38128,4.38128,5.75109,5.75348,5.74853,0.200815,0.199104,0.202657
4,7.067812798,6.13747,4.36521,4.36521,5.72168,nan,5.71944,0.298264,nan,0.29987
4,7.067812798,5.78271,4.36521,4.36521,5.72168,nan,5.71944,0.0437784,nan,0.0453837
4,7.106017192,7.84035,4.34914,4.34914,5.69226,nan,5.69035,1.5409,nan,1.54227
4,7.182425979,4.75388,4.31701,4.31701,5.63342,nan,5.63217,-0.630922,nan,-0.630024
4,7.220630372,5.35698,4.30094,4.30094,5.604,nan,5.60308,-0.177194,nan,-0.176531
4,7.220630372,4.50554,4.30094,4.30094,5.604,nan,5.60308,-0.78796,nan,-0.787297
4,7.258834766,4.36364,4.28487,4.28487,5.57458,nan,5.57399,-0.868652,nan,-0.868224
4,7.526265521,6.102,4.17239,4.17239,5.36866,nan,5.37036,0.526048,nan,0.524826
4,7.526265521,4.32816,4.17239,4.17239,5.36866,nan,5.37036,-0.746381,nan,-0.747603
4,7.698185291,7.04213,4.10008,4.10008,5.23627,nan,5.23945,1.2954,nan,1.29312
4,7.908309456,6.91796,4.01171,4.01171,5.07448,nan,5.07946,1.32239,nan,1.31881
4,7.908309456,4.39911,4.01171,4.01171,5.07448,nan,5.07946,-0.484459,nan,-0.488035
4,8.022922636,4.61197,3.96351,3.96351,4.98622,nan,4.99219,-0.26846,nan,-0.272742
4,8.022922636,4.15078,3.96351,3.96351,4.98622,nan,4.99219,-0.599291,nan,-0.603574
4,8.06112703,4.39911,3.94744,3.94744,4.9568,nan,4.9631,-0.400049,nan,-0.404567
4,8.099331423,4.89579,3.93137,3.93137,4.92738,nan,4.93401,-0.0226657,nan,-0.0274195
4,8.099331423,5.03769,3.93137,3.93137,4.92738,nan,4.93401,0.0791287,nan,0.0743748
4,8.213944604,4.18625,3.88317,3.88317,4.83913,nan,4.84674,-0.468329,nan,-0.47379
4,8.213944604,3.08647,3.88317,3.88317,4.83913,nan,4.84674,-1.25723,nan,-1.2627
4,8.213944604,3.33481,3.88317,3.88317,4.83913,nan,4.84674,-1.07909,nan,-1.08456
4,8.2330468,4.5765,3.87513,3.87513,4.82442,nan,4.8322,-0.177843,nan,-0.183422
4,8.519579752,4.77162,3.75463,3.75463,4.60378,nan,4.61402,0.120393,nan,0.113047
4,8.538681948,4.68293,3.7466,3.7466,4.58907,nan,4.59948,0.0673233,nan,0.0598592
4,8.672397326,4.86031,3.69037,3.69037,4.48611,nan,4.49767,0.268425,nan,0.260136
4,8.901623687,6.03104,3.59397,3.59397,4.30961,nan,4.32314,1.23484,nan,1.22514
4,9.016236867,2.55432,3.54578,3.54578,4.22136,nan,4.23587,-1.19582,nan,-1.20623
4,9.054441261,4.70067,3.52971,3.52971,4.19194,nan,4.20678,0.364922,nan,0.354277
4,9.073543457,4.23947,3.52168,3.52168,4.17724,nan,4.19224,0.0446414,nan,0.0338783
4,9.092645654,5.42794,3.51365,3.51365,4.16253,nan,4.1777,0.907719,nan,0.896839
4,9.092645654,4.32816,3.51365,3.51365,4.16253,nan,4.1777,0.118813,nan,0.107933
4,9.207258835,1.59645,3.46545,3.46545,4.07428,nan,4.09043,-1.77743,nan,-1.78901
4,9.207258835,1.09978,3.46545,3.46545,4.07428,nan,4.09043,-2.13371,nan,-2.14529
4,9.245463228,3.1929,3.44939,3.44939,4.04486,nan,4.06135,-0.611138,nan,-0.62296
4,9.512893983,1.77384,3.33695,3.33695,3.83896,nan,3.85774,-1.48138,nan,-1.49485
4,9.53199618,4.20399,3.32892,3.32892,3.82425,nan,3.8432,0.272399,nan,0.258809
4,9.70391595,7.29047,3.25664,3.25664,3.69189,nan,3.71232,2.58137,nan,2.56672
4,9.894937918,1.77384,3.17634,3.17634,3.54484,nan,3.5669,-1.2704,nan,-1.28622
4,9.914040115,4.949,3.16831,3.16831,3.53013,nan,3.55236,1.0178,nan,1.00186
4,10.04775549,1.63193,3.11211,3.11211,3.4272,nan,3.45058,-1.28781,nan,-1.30457
4,10.04775549,3.22838,3.11211,3.11211,3.4272,nan,3.45058,-0.14262,nan,-0.159388
4,10.12416428,2.09313,3.08,3.08,3.36839,nan,3.39242,-0.914785,nan,-0.932025
4,10.12416428,3.58315,3.08,3.08,3.36839,nan,3.39242,0.154055,nan,0.136816
4,10.20057307,0.922395,3.04789,3.04789,3.30957,nan,3.33427,-1.7124,nan,-1.73011
4,10.20057307,1.20621,3.04789,3.04789,3.30957,nan,3.33427,-1.50881,nan,-1.52652
4,10.20057307,1.59645,3.04789,3.04789,3.30957,nan,3.33427,-1.22888,nan,-1.24659
4,10.27698185,1.41907,3.01578,3.01578,3.25077,nan,3.27612,-1.31394,nan,-1.33212
4,10.50620821,2.62528,2.91947,2.91947,3.07438,nan,3.10169,-0.322156,nan,-0.341747
4,10.67812798,4.23947,2.84725,2.84725,2.94213,nan,2.97091,0.930623,nan,0.909979
4,10.88825215,2.34146,2.75901,2.75901,2.78055,nan,2.81112,-0.314972,nan,-0.3369
4,10.92645654,5.35698,2.74296,2.74296,2.75118,nan,2.78208,1.86922,nan,1.84706
4,11.04106972,0.851441,2.69485,2.69485,2.6631,nan,2.69497,-1.29956,nan,-1.32242
4,11.06017192,3.40576,2.68683,2.68683,2.64843,nan,2.68045,0.543263,nan,0.520289
4,11.09837631,2.8204,2.67079,2.67079,2.61908,nan,2.65143,0.144415,nan,0.12121
4,11.11747851,2.41242,2.66278,2.66278,2.6044,nan,2.63691,-0.137718,nan,-0.161039
4,11.1938873,0.532151,2.63071,2.63071,2.54572,nan,2.57888,-1.4444,nan,-1.46818
4,11.1938873,1.70288,2.63071,2.63071,2.54572,nan,2.57888,-0.604596,nan,-0.62838
4,11.27029608,0.354767,2.59865,2.59865,2.48707,nan,2.52086,-1.52957,nan,-1.55381
4,11.49952245,1.5255,2.5025,2.5025,2.31126,nan,2.34697,-0.563653,nan,-0.589269
4,11.53772684,2.83814,2.48649,2.48649,2.28199,nan,2.31802,0.398941,nan,0.373099
4,11.72874881,4.96674,2.40643,2.40643,2.13581,nan,2.1734,2.03072,nan,2.00375
4,11.91977077,2.44789,2.32643,2.32643,1.99,nan,2.02911,0.328464,nan,0.300409
4,12.03438395,0.141907,2.27846,2.27846,1.90274,nan,1.94274,-1.2631,nan,-1.2918
4,12.03438395,2.02217,2.27846,2.27846,1.90274,nan,1.94274,0.0856727,nan,0.056979
4,12.07258835,0.922395,2.26247,2.26247,1.8737,nan,1.91399,-0.682403,nan,-0.711306
4,12.11079274,1.38359,2.24649,2.24649,1.84469,nan,1.88527,-0.330759,nan,-0.359871
4,12.11079274,3.01552,2.24649,2.24649,1.84469,nan,1.88527,0.839875,nan,0.810764
4,12.22540592,0.496674,2.19857,2.19857,1.75783,nan,1.79926,-0.904669,nan,-0.934386
4,12.22540592,2.76718,2.19857,2.19857,1.75783,nan,1.79926,0.72404,nan,0.694323
4,12.53104107,0.567627,2.07096,2.07096,1.52791,nan,1.5714,-0.688839,nan,-0.720039
4,12.53104107,2.44789,2.07096,2.07096,1.52791,nan,1.5714,0.659936,nan,0.628735
4,12.70296084,3.40576,1.99932,1.99932,1.40009,nan,1.44458,1.43874,nan,1.40682
4,12.913085,2.55432,1.91192,1.91192,1.24602,nan,1.29148,0.938487,nan,0.905879
4,13.04680038,2.92683,1.85641,1.85641,1.1496,nan,1.19549,1.27486,nan,1.24194
4,13.06590258,0,1.84849,1.84849,1.13595,nan,1.18189,-0.814854,nan,-0.847805
4,13.10410697,0.354767,1.83265,1.83265,1.10875,nan,1.15477,-0.540858,nan,-0.573869
4,13.12320917,1.24169,1.82474,1.82474,1.09521,nan,1.14126,0.105073,nan,0.0720369
4,13.21872015,1.0643,1.78519,1.78519,1.02805,nan,1.07422,0.0260041,nan,-0.00711391
4,13.5243553,2.18182,1.65908,1.65908,0.821044,nan,0.866706,0.976127,nan,0.943372
4,13.5243553,1.77384,1.65908,1.65908,0.821044,nan,0.866706,0.683468,nan,0.650713
4,13.69627507,3.051,1.58849,1.58849,0.711424,nan,0.756087,1.67825,nan,1.64621
4,13.92550143,2.5898,1.49485,1.49485,0.575299,nan,0.617673,1.44507,nan,1.41467
4,14.05921681,2.25277,1.44052,1.44052,0.502179,nan,0.542685,1.25576,nan,1.2267
4,14.0974212,0,1.42505,1.42505,0.482233,nan,0.522134,-0.345921,nan,-0.374543
4,14.0974212,0.283814,1.42505,1.42505,0.482233,nan,0.522134,-0.142333,nan,-0.170955
4,14.51766953,1.31264,1.25641,1.25641,0.293629,nan,0.325126,0.730968,nan,0.708374
4,14.7086915,6.40355,1.18092,1.18092,0.227531,nan,0.254556,4.43025,nan,4.41087
4,14.89971347,0.532151,1.10635,1.10635,0.173413,nan,0.195955,0.257334,nan,0.241164
4,15.05253104,1.70288,1.04747,1.04747,0.13808,nan,0.15721,1.12248,nan,1.10876
4,15.70200573,3.76053,0.807109,0.807109,0.0485706,nan,0.0567841,2.66271,nan,2.65682
4,15.8930277,0.0709534,0.740309,0.740309,0.0351635,nan,0.041365,0.0256732,nan,0.0212247
4,16.04584527,1.91574,0.68845,0.68845,0.0270714,nan,0.0319909,1.3548,nan,1.35128
4,16.10315186,0.86918,0.669395,0.669395,0.0245284,nan,0.0290328,0.605895,nan,0.602664
4,16.52340019,1.5255,0.536992,0.536992,0.0118159,nan,0.0141387,1.08581,nan,1.08415
4,16.71442216,4.45233,0.481548,0.481548,0.00845373,nan,0.0101615,3.18773,nan,3.18651
4,16.88634193,0.354767,0.434451,0.434451,0.00624855,nan,0.00754,0.250004,nan,0.249077
4,17.0582617,2.1286,0.39015,0.39015,0.00461544,nan,0.00559042,1.5236,nan,1.5229
4,17.68863419,2.69623,0.252966,0.252966,0.00151543,nan,0.00185923,1.93301,nan,1.93276
