id,time,y10,popPred_medianCOV,popPred,indivPred_SAEM,indivPred_mean,indivPred_mode,indWRes_SAEM,indWRes_mean,indWRes_mode
1,0,0.780488,7.00609,7.00609,3.45567,3.43075,3.44647,-1.92605,-1.90811,-1.91943
1,0,1.59645,7.00609,7.00609,3.45567,3.43075,3.44647,-1.33858,-1.32064,-1.33196
1,0.667302193,5.67627,7.31619,7.31619,4.5103,4.4853,4.49927,0.839466,0.857465,0.847409
1,0.762631077,5.25055,7.35223,7.35223,4.66098,4.63597,4.64968,0.424477,0.442484,0.432609
1,1.029551954,3.22838,7.43804,7.43804,5.08288,5.05784,5.07085,-1.33518,-1.31715,-1.32652
1,1.18207817,7.3082,7.4757,7.4757,5.32397,5.29891,5.31152,1.42859,1.44663,1.43755
1,1.220209724,3.051,7.4837,7.4837,5.38424,5.35918,5.37168,-1.67986,-1.66182,-1.67082
1,1.258341277,5.32151,7.49111,7.49111,5.44451,5.41945,5.43185,-0.0885599,-0.0705136,-0.079444
1,1.258341277,5.74723,7.49111,7.49111,5.44451,5.41945,5.43185,0.217946,0.235992,0.227062
1,1.315538608,5.88914,7.50113,7.50113,5.53492,5.50985,5.5221,0.255023,0.273074,0.264253
1,1.315538608,6.38581,7.50113,7.50113,5.53492,5.50985,5.5221,0.612613,0.630664,0.621843
1,1.410867493,4.15078,7.51479,7.51479,5.6856,5.66052,5.67252,-1.10503,-1.08697,-1.09561
1,1.448999047,3.37029,7.51919,7.51919,5.74587,5.72079,5.73268,-1.71035,-1.69229,-1.70085
1,1.468064824,8.17738,7.52116,7.52116,5.77601,5.75092,5.76277,1.72891,1.74698,1.73845
1,1.601525262,5.32151,7.53063,7.53063,5.98696,5.96186,5.97334,-0.479108,-0.461035,-0.469302
1,1.67778837,6.45676,7.53269,7.53269,6.10751,6.0824,6.09367,0.251452,0.269531,0.261415
1,1.754051478,4.15078,7.53236,7.53236,6.22805,6.20293,6.21399,-1.49558,-1.47749,-1.48545
1,1.754051478,4.61197,7.53236,7.53236,6.22805,6.20293,6.21399,-1.16353,-1.14544,-1.1534
1,1.754051478,8.15965,7.53236,7.53236,6.22805,6.20293,6.21399,1.39069,1.40877,1.40081
1,1.811248808,6.79379,7.53059,7.53059,6.31846,6.29334,6.30423,0.342222,0.360312,0.352467
1,1.982840801,3.29933,7.51782,7.51782,6.58969,6.56454,6.57494,-2.36895,-2.35085,-2.35833
1,1.982840801,6.38581,7.51782,7.51782,6.58969,6.56454,6.57494,-0.146787,-0.128684,-0.136165
1,2.020972355,5.14412,7.51354,7.51354,6.64996,6.62481,6.63509,-1.08416,-1.06605,-1.07345
1,2.020972355,6.66962,7.51354,7.51354,6.64996,6.62481,6.63509,0.0141553,0.0322616,0.0248646
1,2.097235462,7.20177,7.50353,7.50353,6.77051,6.74535,6.75538,0.310499,0.328611,0.321388
1,2.135367016,5.1796,7.49783,7.49783,6.83078,6.80562,6.81552,-1.1888,-1.17068,-1.17781
1,2.230695901,6.31486,7.48167,7.48167,6.98146,6.95629,6.96586,-0.479935,-0.461812,-0.468702
1,2.249761678,7.80488,7.47813,7.47813,7.0116,6.98642,6.99592,0.571138,0.589262,0.582424
1,2.249761678,7.48559,7.47813,7.47813,7.0116,6.98642,6.99592,0.341258,0.359383,0.352545
1,2.326024786,5.46341,7.463,7.463,7.13214,7.10696,7.11615,-1.20143,-1.1833,-1.18992
1,2.326024786,7.27273,7.463,7.463,7.13214,7.10696,7.11615,0.101217,0.119347,0.112731
1,2.364156339,6.13747,7.45488,7.45488,7.19241,7.16723,7.17625,-0.759526,-0.741393,-0.747885
1,2.402287893,5.74723,7.44642,7.44642,7.25269,7.2275,7.23633,-1.08388,-1.06575,-1.0721
1,2.440419447,6.03104,7.43763,7.43763,7.31296,7.28777,7.29638,-0.922941,-0.904802,-0.911007
1,2.459485224,8.15965,7.43312,7.43312,7.3431,7.3179,7.3264,0.587891,0.606031,0.59991
1,2.592945663,7.59202,7.39948,7.39948,7.55406,7.52883,7.53595,0.0273296,0.0454908,0.0403658
1,2.66920877,8.12417,7.3788,7.3788,7.66277,7.64297,7.6472,0.332191,0.34645,0.343403
1,2.745471878,8.37251,7.3572,7.3572,7.73056,7.71997,7.7217,0.462182,0.469808,0.468562
1,2.745471878,7.41463,7.3572,7.3572,7.73056,7.71997,7.7217,-0.227456,-0.21983,-0.221076
1,2.764537655,5.67627,7.35167,7.35167,7.74086,7.73238,7.73364,-1.48644,-1.48033,-1.48124
1,2.802669209,5.8714,7.34045,7.34045,7.75452,7.74983,7.75031,-1.35579,-1.35241,-1.35276
1,2.974261201,5.92461,7.28775,7.28775,7.73384,7.73969,7.73852,-1.30259,-1.3068,-1.30596
1,2.974261201,7.62749,7.28775,7.28775,7.73384,7.73969,7.73852,-0.0765631,-0.0807784,-0.0799354
1,2.974261201,6.68736,7.28775,7.28775,7.73384,7.73969,7.73852,-0.75343,-0.757645,-0.756802
1,3.012392755,6.102,7.2756,7.2756,7.71745,7.72456,7.72327,-1.16308,-1.1682,-1.16727
1,3.012392755,7.98226,7.2756,7.2756,7.71745,7.72456,7.72327,0.190655,0.185539,0.186468
1,3.088655863,6.77605,7.25089,7.25089,7.67754,7.68641,7.68502,-0.649044,-0.65543,-0.654429
1,3.16491897,6.31486,7.22568,7.22568,7.63123,7.64117,7.63981,-0.947747,-0.954902,-0.953923
1,3.203050524,7.48559,7.2129,7.2129,7.60651,7.6168,7.61549,-0.0870579,-0.0944696,-0.0935248
1,3.241182078,8.37251,7.20002,7.20002,7.58106,7.59162,7.59037,0.569819,0.562212,0.563113
1,3.241182078,8.2306,7.20002,7.20002,7.58106,7.59162,7.59037,0.467651,0.460044,0.460944
1,3.241182078,6.95344,7.20002,7.20002,7.58106,7.59162,7.59037,-0.451867,-0.459474,-0.458573
1,3.317445186,4.82483,7.17396,7.17396,7.52862,7.53954,7.53844,-1.94664,-1.9545,-1.95372
1,3.317445186,8.08869,7.17396,7.17396,7.52862,7.53954,7.53844,0.403238,0.395374,0.396162
1,3.317445186,7.7694,7.17396,7.17396,7.52862,7.53954,7.53844,0.173358,0.165495,0.166283
1,3.35557674,5.96009,7.16079,7.16079,7.50186,7.5129,7.51189,-1.11003,-1.11797,-1.11725
1,3.35557674,5.39246,7.16079,7.16079,7.50186,7.5129,7.51189,-1.5187,-1.52665,-1.52592
1,3.393708294,8.2306,7.14754,7.14754,7.47487,7.48598,7.48507,0.544105,0.536101,0.536757
1,3.393708294,6.95344,7.14754,7.14754,7.47487,7.48598,7.48507,-0.375412,-0.383416,-0.382761
1,3.469971401,7.55654,7.1208,7.1208,7.42037,7.43159,7.43088,0.0980383,0.089963,0.090474
1,3.469971401,7.27273,7.1208,7.1208,7.42037,7.43159,7.43088,-0.106299,-0.114374,-0.113863
1,3.508102955,9.15299,7.10733,7.10733,7.39295,7.4042,7.40359,1.26717,1.25908,1.25952
1,3.546234509,6.95344,7.09378,7.09378,7.36546,7.37672,7.37622,-0.296645,-0.304752,-0.304393
1,3.584366063,7.59202,7.08017,7.08017,7.33791,7.34918,7.34879,0.182949,0.174833,0.175116
1,3.698760724,8.33703,7.03898,7.03898,7.25505,7.26633,7.26626,0.778988,0.770872,0.770919
1,3.736892278,8.01774,7.02514,7.02514,7.22739,7.23866,7.23871,0.569024,0.560911,0.560879
1,3.775023832,5.49889,7.01126,7.01126,7.19972,7.21098,7.21114,-1.22454,-1.23265,-1.23276
1,3.775023832,7.00665,7.01126,7.01126,7.19972,7.21098,7.21114,-0.139003,-0.147111,-0.147222
1,3.813155386,4.75388,6.99733,6.99733,7.17204,7.18329,7.18356,-1.741,-1.7491,-1.74929
1,3.889418494,8.58537,6.96933,6.96933,7.11665,7.12789,7.12838,1.05743,1.04934,1.04899
1,3.908484271,8.85144,6.9623,6.9623,7.10281,7.11404,7.11458,1.25896,1.25088,1.25049
1,3.965681602,7.37916,6.94117,6.94117,7.06126,7.07247,7.07318,0.228879,0.220805,0.220295
1,3.965681602,5.81818,6.94117,6.94117,7.06126,7.07247,7.07318,-0.894975,-0.903049,-0.903559
1,3.965681602,6.63415,6.94117,6.94117,7.06126,7.07247,7.07318,-0.307506,-0.31558,-0.31609
1,4.003813155,6.84701,6.92704,6.92704,7.03355,7.04476,7.04558,-0.134308,-0.142375,-0.142964
1,4.003813155,6.98891,6.92704,6.92704,7.03355,7.04476,7.04558,-0.0321397,-0.0402061,-0.0407957
1,4.061010486,8.03548,6.90577,6.90577,6.992,7.00319,7.00417,0.751272,0.743218,0.742508
1,4.156339371,8.26608,6.87017,6.87017,6.92273,6.93389,6.93516,0.967164,0.95913,0.95822
1,4.194470925,7.96452,6.85588,6.85588,6.89503,6.90618,6.90755,0.770003,0.761977,0.760988
1,4.232602479,7.1663,6.84156,6.84156,6.86732,6.87846,6.87994,0.215253,0.207235,0.206166
1,4.232602479,7.69845,6.84156,6.84156,6.86732,6.87846,6.87994,0.598385,0.590367,0.589298
1,4.289799809,8.07095,6.82003,6.82003,6.82576,6.83688,6.83853,0.8965,0.888494,0.887305
1,4.308865586,6.13747,6.81284,6.81284,6.81191,6.82302,6.82473,-0.485573,-0.493575,-0.494804
1,4.308865586,6.66962,6.81284,6.81284,6.81191,6.82302,6.82473,-0.102441,-0.110443,-0.111672
1,4.327931363,8.26608,6.80565,6.80565,6.79805,6.80916,6.81093,1.05693,1.04893,1.04766
1,4.327931363,5.78271,6.80565,6.80565,6.79805,6.80916,6.81093,-0.731021,-0.739018,-0.740287
1,4.327931363,6.26164,6.80565,6.80565,6.79805,6.80916,6.81093,-0.386202,-0.394199,-0.395468
1,4.34699714,7.62749,6.79845,6.79845,6.7842,6.7953,6.79712,0.607145,0.599152,0.597843
1,4.385128694,6.77605,6.78404,6.78404,6.75649,6.76759,6.76951,0.0140818,0.00609676,0.00470748
1,4.423260248,6.91796,6.7696,6.7696,6.72879,6.73987,6.74191,0.136199,0.128222,0.126753
1,4.461391802,7.02439,6.75514,6.75514,6.70108,6.71215,6.7143,0.232773,0.224805,0.223256
1,4.499523356,7.52106,6.74067,6.74067,6.67337,6.68443,6.68669,0.610312,0.602352,0.600722
1,4.59485224,8.01774,6.70439,6.70439,6.6041,6.61513,6.61767,1.01777,1.00983,1.008
1,4.652049571,7.66297,6.68258,6.68258,6.56254,6.57355,6.57626,0.792275,0.784347,0.782397
1,4.747378456,7.18404,6.64614,6.64614,6.49327,6.50426,6.50724,0.497327,0.489419,0.48727
1,4.766444233,4.36364,6.63884,6.63884,6.47942,6.4904,6.49344,-1.5233,-1.5312,-1.53339
1,4.804575786,4.75388,6.62424,6.62424,6.45171,6.46268,6.46583,-1.22239,-1.23028,-1.23255
1,4.880838894,8.01774,6.59499,6.59499,6.3963,6.40724,6.41062,1.16739,1.15951,1.15708
1,4.957102002,5.07317,6.56569,6.56569,6.34088,6.3518,6.3554,-0.912715,-0.920576,-0.923166
1,4.995233556,3.5122,6.55102,6.55102,6.31318,6.32408,6.32779,-2.01662,-2.02447,-2.02714
1,4.995233556,6.88248,6.55102,6.55102,6.31318,6.32408,6.32779,0.409883,0.40203,0.39936
1,4.995233556,7.02439,6.55102,6.55102,6.31318,6.32408,6.32779,0.512052,0.504199,0.501529
1,4.995233556,7.27273,6.55102,6.55102,6.31318,6.32408,6.32779,0.690847,0.682994,0.680324
1,4.995233556,6.17295,6.55102,6.55102,6.31318,6.32408,6.32779,-0.10096,-0.108813,-0.111483
1,5.03336511,7.52106,6.53634,6.53634,6.28547,6.29637,6.30019,0.88959,0.881746,0.878996
1,5.03336511,5.46341,6.53634,6.53634,6.28547,6.29637,6.30019,-0.591854,-0.599699,-0.602449
1,5.071496663,5.96009,6.52165,6.52165,6.25776,6.26865,6.27258,-0.214315,-0.222152,-0.224982
1,5.147759771,7.41463,6.49225,6.49225,6.20235,6.21321,6.21736,0.87281,0.864989,0.861999
1,5.147759771,5.28603,6.49225,6.49225,6.20235,6.21321,6.21736,-0.659719,-0.667539,-0.67053
1,5.224022879,5.07317,6.46281,6.46281,6.14693,6.15777,6.16215,-0.773074,-0.780879,-0.784029
1,5.300285987,7.94678,6.43333,6.43333,6.09152,6.10233,6.10693,1.33574,1.32795,1.32464
1,5.300285987,7.20177,6.43333,6.43333,6.09152,6.10233,6.10693,0.799351,0.791564,0.788253
1,5.319351764,2.44789,6.42596,6.42596,6.07766,6.08847,6.09313,-2.61332,-2.62111,-2.62446
1,5.319351764,6.56319,6.42596,6.42596,6.07766,6.08847,6.09313,0.349567,0.341783,0.338433
1,5.338417541,3.68958,6.41858,6.41858,6.06381,6.07461,6.07932,-1.70937,-1.71715,-1.72054
1,5.338417541,6.11973,6.41858,6.41858,6.06381,6.07461,6.07932,0.0402641,0.0324847,0.0290947
1,5.338417541,5.74723,6.41858,6.41858,6.06381,6.07461,6.07932,-0.227928,-0.235708,-0.239098
1,5.376549094,5.46341,6.40383,6.40383,6.0361,6.0469,6.05172,-0.412317,-0.420088,-0.423558
1,5.395614871,6.03104,6.39645,6.39645,6.02225,6.03304,6.03791,0.0063314,-0.00143555,-0.0049455
1,5.452812202,6.97118,6.37429,6.37429,5.98069,5.99146,5.9965,0.713121,0.705366,0.701737
1,5.452812202,4.47007,6.37429,6.37429,5.98069,5.99146,5.9965,-1.0876,-1.09535,-1.09898
1,5.510009533,7.23725,6.35212,6.35212,5.93913,5.94988,5.95509,0.93461,0.926868,0.923118
1,5.52907531,6.75831,6.34473,6.34473,5.92527,5.93602,5.94128,0.599765,0.592027,0.588237
1,5.605338418,7.62749,6.31515,6.31515,5.86986,5.88058,5.88607,1.26544,1.25772,1.25377
1,5.605338418,6.56319,6.31515,6.31515,5.86986,5.88058,5.88607,0.49918,0.491459,0.487509
1,5.643469971,5.32151,6.30034,6.30034,5.84215,5.85286,5.85846,-0.374847,-0.38256,-0.386589
1,5.681601525,7.73392,6.28554,6.28554,5.81444,5.82514,5.83085,1.38197,1.37426,1.37015
1,5.681601525,5.56984,6.28554,6.28554,5.81444,5.82514,5.83085,-0.176104,-0.183808,-0.187918
1,5.738798856,3.26386,6.26332,6.26332,5.77288,5.78357,5.78944,-1.80642,-1.81411,-1.81834
1,5.757864633,6.35033,6.25591,6.25591,5.75903,5.76971,5.77564,0.42572,0.418033,0.413763
1,5.834127741,5.10865,6.22626,6.22626,5.70361,5.71427,5.72042,-0.428358,-0.436029,-0.440458
1,5.872259295,6.45676,6.21143,6.21143,5.67591,5.68655,5.69281,0.562192,0.554529,0.55002
1,5.929456625,0.674058,6.18917,6.18917,5.63435,5.64497,5.6514,-3.57126,-3.57891,-3.58354
1,5.929456625,5.90687,6.18917,6.18917,5.63435,5.64497,5.6514,0.196211,0.188561,0.183932
1,5.948522402,5.46341,6.18175,6.18175,5.62049,5.63111,5.6376,-0.113092,-0.120738,-0.125407
1,5.986653956,4.1153,6.16691,6.16691,5.59279,5.60339,5.60999,-1.06375,-1.07138,-1.07613
1,6.02478551,5.1796,6.15206,6.15206,5.56508,5.57568,5.58238,-0.277533,-0.285162,-0.28999
1,6.062917064,3.97339,6.13721,6.13721,5.53737,5.54796,5.55477,-1.12602,-1.13364,-1.13855
1,6.081982841,3.77827,6.12978,6.12978,5.52352,5.5341,5.54097,-1.25653,-1.26414,-1.26909
1,6.101048618,4.93126,6.12236,6.12236,5.50967,5.52024,5.52717,-0.416432,-0.424044,-0.429032
1,6.139180172,6.35033,6.1075,6.1075,5.48196,5.49252,5.49956,0.625203,0.617599,0.61253
1,6.139180172,6.102,6.1075,6.1075,5.48196,5.49252,5.49956,0.446407,0.438804,0.433735
1,6.234509056,5.97783,6.07034,6.07034,5.41269,5.42322,5.43054,0.406881,0.399298,0.394029
1,6.253574833,5.81818,6.0629,6.0629,5.39884,5.40936,5.41674,0.301915,0.294336,0.289028
1,6.253574833,5.00222,6.0629,6.0629,5.39884,5.40936,5.41674,-0.285554,-0.293133,-0.298441
1,6.291706387,3.90244,6.04803,6.04803,5.37113,5.38165,5.38913,-1.05741,-1.06498,-1.07037
1,6.291706387,3.6541,6.04803,6.04803,5.37113,5.38165,5.38913,-1.23621,-1.24378,-1.24917
1,6.329837941,6.91796,6.03316,6.03316,5.34342,5.35393,5.36152,1.13362,1.12606,1.12059
1,6.329837941,4.15078,6.03316,6.03316,5.34342,5.35393,5.36152,-0.858668,-0.866232,-0.8717
1,6.348903718,6.4745,6.02572,6.02572,5.32957,5.34007,5.34772,0.824317,0.816756,0.811249
1,6.367969495,6.03104,6.01828,6.01828,5.31571,5.32621,5.33391,0.515014,0.507458,0.501911
1,6.406101049,4.64745,6.0034,6.0034,5.28801,5.29849,5.30631,-0.461181,-0.46873,-0.474356
1,6.406101049,4.43459,6.0034,6.0034,5.28801,5.29849,5.30631,-0.614434,-0.621983,-0.627609
1,6.444232602,7.13082,5.98852,5.98852,5.2603,5.27077,5.2787,1.34672,1.33918,1.33347
1,6.444232602,2.98004,5.98852,5.98852,5.2603,5.27077,5.2787,-1.64171,-1.64925,-1.65496
1,6.52049571,4.15078,5.95875,5.95875,5.20489,5.21534,5.22348,-0.758927,-0.76645,-0.772316
1,6.52049571,4.96674,5.95875,5.95875,5.20489,5.21534,5.22348,-0.171457,-0.17898,-0.184847
1,6.596758818,4.29268,5.92897,5.92897,5.14947,5.1599,5.16827,-0.616862,-0.624368,-0.630395
1,6.615824595,5.25055,5.92152,5.92152,5.13562,5.14604,5.15446,0.0827506,0.0752483,0.0691815
1,6.634890372,5.03769,5.91408,5.91408,5.12176,5.13218,5.14066,-0.0605281,-0.0680263,-0.0741331
1,6.673021926,5.60532,5.89918,5.89918,5.09406,5.10446,5.11305,0.368094,0.360605,0.354418
1,6.749285033,3.58315,5.86938,5.86938,5.03864,5.04902,5.05784,-1.04791,-1.05538,-1.06173
1,6.787416587,4.5765,5.85448,5.85448,5.01094,5.0213,5.03023,-0.312783,-0.320248,-0.326675
1,6.787416587,5.00222,5.85448,5.85448,5.01094,5.0213,5.03023,-0.0062775,-0.0137422,-0.0201693
1,6.863679695,5.92461,5.82467,5.82467,4.95552,4.96587,4.97502,0.697715,0.690267,0.683679
1,6.882745472,4.77162,5.81722,5.81722,4.94167,4.95201,4.96121,-0.122431,-0.129875,-0.136502
1,6.95900858,5.12639,5.7874,5.7874,4.88625,4.89657,4.906,0.172887,0.16546,0.158671
1,6.978074357,2.60754,5.77995,5.77995,4.8724,4.88271,4.8922,-1.63063,-1.63805,-1.64488
1,6.978074357,6.06652,5.77995,5.77995,4.8724,4.88271,4.8922,0.859728,0.852306,0.845476
1,6.978074357,4.00887,5.77995,5.77995,4.8724,4.88271,4.8922,-0.621717,-0.629139,-0.635968
1,6.978074357,3.90244,5.77995,5.77995,4.8724,4.88271,4.8922,-0.698343,-0.705765,-0.712595
1,6.978074357,3.68958,5.77995,5.77995,4.8724,4.88271,4.8922,-0.851596,-0.859018,-0.865848
1,7.01620591,5.55211,5.76504,5.76504,4.84469,4.85499,4.86459,0.509315,0.501901,0.494991
1,7.01620591,3.49446,5.76504,5.76504,4.84469,4.85499,4.86459,-0.97213,-0.979543,-0.986453
1,7.054337464,3.83149,5.75013,5.75013,4.81699,4.82727,4.83698,-0.709531,-0.716937,-0.723927
1,7.092469018,5.33925,5.73521,5.73521,4.78928,4.79956,4.80937,0.395958,0.388561,0.381491
1,7.092469018,4.64745,5.73521,5.73521,4.78928,4.79956,4.80937,-0.102114,-0.109511,-0.116581
1,7.20686368,3.40576,5.69046,5.69046,4.70616,4.7164,4.72655,-0.936244,-0.943617,-0.950927
1,7.244995234,3.22838,5.67554,5.67554,4.67845,4.68868,4.69895,-1.04401,-1.05137,-1.05876
1,7.244995234,5.97783,5.67554,5.67554,4.67845,4.68868,4.69895,0.935509,0.928145,0.920754
1,7.283126787,3.86696,5.66062,5.66062,4.65075,4.66096,4.67134,-0.564301,-0.571657,-0.579127
1,7.321258341,2.87361,5.6457,5.6457,4.62304,4.63325,4.64373,-1.25953,-1.26688,-1.27443
1,7.321258341,5.32151,5.6457,5.6457,4.62304,4.63325,4.64373,0.502874,0.495528,0.487977
1,7.321258341,4.25721,5.6457,5.6457,4.62304,4.63325,4.64373,-0.26339,-0.270737,-0.278288
1,7.321258341,3.97339,5.6457,5.6457,4.62304,4.63325,4.64373,-0.467727,-0.475074,-0.482625
1,7.359389895,3.72506,5.63078,5.63078,4.59534,4.60553,4.61613,-0.626575,-0.633913,-0.641544
1,7.359389895,4.7184,5.63078,5.63078,4.59534,4.60553,4.61613,0.0886051,0.0812675,0.0736364
1,7.397521449,4.07982,5.61585,5.61585,4.56763,4.57781,4.58852,-0.351206,-0.358535,-0.366246
1,7.435653003,3.97339,5.60093,5.60093,4.53992,4.55009,4.56091,-0.407885,-0.415205,-0.422997
1,7.473784557,3.29933,5.586,5.586,4.51222,4.52237,4.53331,-0.873239,-0.880549,-0.888422
1,7.473784557,5.88914,5.586,5.586,4.51222,4.52237,4.53331,0.991338,0.984027,0.976155
1,7.511916111,3.86696,5.57108,5.57108,4.48451,4.49465,4.5057,-0.444617,-0.451919,-0.459871
1,7.607244995,1.04656,5.53376,5.53376,4.41525,4.42536,4.43668,-2.42535,-2.43263,-2.44078
1,7.607244995,2.55432,5.53376,5.53376,4.41525,4.42536,4.43668,-1.33981,-1.34709,-1.35524
1,7.626310772,4.1153,5.52629,5.52629,4.40139,4.4115,4.42288,-0.205979,-0.213256,-0.221449
1,7.626310772,3.97339,5.52629,5.52629,4.40139,4.4115,4.42288,-0.308148,-0.315424,-0.323617
1,7.664442326,4.7184,5.51136,5.51136,4.37369,4.38378,4.39527,0.248185,0.240917,0.232644
1,7.740705434,3.58315,5.4815,5.4815,4.31828,4.32835,4.34006,-0.529269,-0.536521,-0.544954
1,7.740705434,5.35698,5.4815,5.4815,4.31828,4.32835,4.34006,0.747839,0.740587,0.732154
1,7.778836988,3.22838,5.46657,5.46657,4.29057,4.30063,4.31246,-0.764743,-0.771986,-0.7805
1,7.797902765,4.27494,5.4591,5.4591,4.27672,4.28677,4.29865,-0.00127559,-0.00851512,-0.0170687
1,7.912297426,5.42794,5.4143,5.4143,4.1936,4.20362,4.21583,0.888687,0.881471,0.872677
1,7.931363203,4.86031,5.40683,5.40683,4.17974,4.18976,4.20203,0.489986,0.482775,0.473941
1,7.969494757,0.461197,5.3919,5.3919,4.15204,4.16204,4.17443,-2.65729,-2.6645,-2.67341
1,7.969494757,3.44124,5.3919,5.3919,4.15204,4.16204,4.17443,-0.511753,-0.518956,-0.52787
1,7.969494757,2.83814,5.3919,5.3919,4.15204,4.16204,4.17443,-0.945969,-0.953173,-0.962086
1,7.988560534,1.54324,5.38443,5.38443,4.13819,4.14819,4.16062,-1.86828,-1.87548,-1.88444
1,8.007626311,3.33481,5.37696,5.37696,4.12433,4.13433,4.14682,-0.568432,-0.575627,-0.584621
1,8.026692088,4.55876,5.36949,5.36949,4.11048,4.12047,4.13302,0.322745,0.315554,0.30652
1,8.083889418,3.86696,5.34709,5.34709,4.06892,4.07889,4.09161,-0.145407,-0.152585,-0.161739
1,8.083889418,2.55432,5.34709,5.34709,4.06892,4.07889,4.09161,-1.09047,-1.09764,-1.1068
1,8.141086749,1.38359,5.32468,5.32468,4.02737,4.03732,4.0502,-1.90344,-1.9106,-1.91988
1,8.160152526,1.84479,5.31721,5.31721,4.01351,4.02346,4.0364,-1.56142,-1.56858,-1.57789
1,8.236415634,4.00887,5.28733,5.28733,3.95811,3.96803,3.98119,0.036548,0.0294033,0.0199283
1,8.236415634,2.16408,5.28733,5.28733,3.95811,3.96803,3.98119,-1.29164,-1.29879,-1.30826
1,8.236415634,4.7184,5.28733,5.28733,3.95811,3.96803,3.98119,0.547391,0.540246,0.530771
1,8.312678742,2.98004,5.25745,5.25745,3.9027,3.9126,3.92598,-0.664282,-0.671411,-0.681045
1,8.312678742,5.25055,5.25745,5.25745,3.9027,3.9126,3.92598,0.970415,0.963287,0.953652
1,8.331744519,1.20621,5.24998,5.24998,3.88885,3.89874,3.91218,-1.93142,-1.93854,-1.94822
1,8.350810296,4.00887,5.24251,5.24251,3.87499,3.88488,3.89838,0.0963858,0.0892655,0.079551
1,8.350810296,3.47672,5.24251,5.24251,3.87499,3.88488,3.89838,-0.286746,-0.293867,-0.303581
1,8.369876072,2.80266,5.23504,5.23504,3.86114,3.87103,3.88457,-0.762074,-0.769191,-0.778945
1,8.408007626,2.19956,5.2201,5.2201,3.83344,3.84331,3.85697,-1.17634,-1.18345,-1.19329
1,8.465204957,2.30599,5.19769,5.19769,3.79188,3.80174,3.81557,-1.0698,-1.0769,-1.08685
1,8.465204957,5.32151,5.19769,5.19769,3.79188,3.80174,3.81557,1.10128,1.09419,1.08423
1,8.503336511,2.44789,5.18274,5.18274,3.76418,3.77403,3.78796,-0.947687,-0.954775,-0.964808
1,8.579599619,2.94457,5.15286,5.15286,3.70878,3.7186,3.73276,-0.550208,-0.557278,-0.567472
1,8.598665396,2.23503,5.14539,5.14539,3.69493,3.70474,3.71896,-1.05108,-1.05814,-1.06838
1,8.617731173,3.5122,5.13792,5.13792,3.68108,3.69089,3.70515,-0.12159,-0.128651,-0.138925
1,8.617731173,2.76718,5.13792,5.13792,3.68108,3.69089,3.70515,-0.657975,-0.665036,-0.67531
1,8.732125834,5.62306,5.09308,5.09308,3.59798,3.60775,3.62235,1.458,1.45096,1.44045
1,8.751191611,3.08647,5.08561,5.08561,3.58413,3.59389,3.60855,-0.358294,-0.365324,-0.375877
1,8.808388942,3.90244,5.06319,5.06319,3.54258,3.55232,3.56715,0.25909,0.252073,0.241399
1,8.88465205,6.66962,5.0333,5.0333,3.48718,3.4969,3.51195,2.29126,2.28426,2.27343
1,8.903717827,7.02439,5.02583,5.02583,3.47333,3.48305,3.49815,2.55665,2.54966,2.53879
1,8.94184938,1.54324,5.01088,5.01088,3.44563,3.45534,3.47055,-1.36967,-1.37665,-1.38761
1,8.979980934,2.55432,4.99594,4.99594,3.41793,3.42763,3.44295,-0.621773,-0.628753,-0.639785
1,8.979980934,5.28603,4.99594,4.99594,3.41793,3.42763,3.44295,1.34497,1.33799,1.32696
1,9.037178265,1.17073,4.97352,4.97352,3.37639,3.38607,3.40156,-1.58801,-1.59497,-1.60613
1,9.075309819,4.15078,4.95857,4.95857,3.34869,3.35836,3.37396,0.577475,0.570515,0.559284
1,9.151572927,3.68958,4.92868,4.92868,3.29331,3.30295,3.31877,0.285305,0.278362,0.266971
1,9.151572927,1.38359,4.92868,4.92868,3.29331,3.30295,3.31877,-1.37493,-1.38188,-1.39327
1,9.208770257,1.11752,4.90626,4.90626,3.25177,3.26139,3.27738,-1.53659,-1.54352,-1.55503
1,9.246901811,1.72062,4.89131,4.89131,3.22408,3.23369,3.24979,-1.08244,-1.08936,-1.10095
1,9.304099142,4.15078,4.86889,4.86889,3.18254,3.19214,3.2084,0.6971,0.690191,0.678482
1,9.304099142,2.94457,4.86889,4.86889,3.18254,3.19214,3.2084,-0.171333,-0.178242,-0.189951
1,9.304099142,2.73171,4.86889,4.86889,3.18254,3.19214,3.2084,-0.324586,-0.331495,-0.343204
1,9.304099142,1.88027,4.86889,4.86889,3.18254,3.19214,3.2084,-0.937598,-0.944507,-0.956215
1,9.342230696,3.40576,4.85394,4.85394,3.15485,3.16444,3.18081,0.180649,0.173749,0.161961
1,9.342230696,2.51885,4.85394,4.85394,3.15485,3.16444,3.18081,-0.457904,-0.464805,-0.476593
1,9.456625357,4.39911,4.8091,4.8091,3.07179,3.08134,3.09805,0.955629,0.948755,0.936728
1,9.475691134,1.91574,4.80162,4.80162,3.05795,3.06749,3.08425,-0.822356,-0.829225,-0.841292
1,9.532888465,2.76718,4.7792,4.7792,3.01643,3.02595,3.04288,-0.17945,-0.186306,-0.198491
1,9.571020019,1.0643,4.76425,4.76425,2.98875,2.99826,3.0153,-1.38554,-1.39239,-1.40466
1,9.571020019,1.73836,4.76425,4.76425,2.98875,2.99826,3.0153,-0.900243,-0.907091,-0.919355
1,9.609151573,0.248337,4.7493,4.7493,2.96107,2.97057,2.98772,-1.95309,-1.95993,-1.97227
1,9.666348904,2.02217,4.72688,4.72688,2.91956,2.92904,2.94635,-0.646091,-0.652916,-0.665378
1,9.723546235,3.58315,4.70445,4.70445,2.87805,2.88751,2.90499,0.507649,0.500837,0.488256
1,9.742612011,4.54102,4.69698,4.69698,2.86422,2.87367,2.8912,1.20725,1.20044,1.18782
1,9.818875119,4.20399,4.66708,4.66708,2.80888,2.81831,2.83606,1.00444,0.997646,0.984869
1,9.87607245,4.96674,4.64465,4.64465,2.76739,2.7768,2.79471,1.58347,1.57669,1.56379
1,9.971401335,7.21951,4.60728,4.60728,2.69825,2.70763,2.72581,3.25517,3.24842,3.23533
1,9.990467112,3.1929,4.5998,4.5998,2.68442,2.6938,2.71203,0.366092,0.359343,0.346212
1,10.06673022,1.84479,4.5699,4.5699,2.62913,2.63848,2.65693,-0.564702,-0.571432,-0.584718
1,10.06673022,2.94457,4.5699,4.5699,2.62913,2.63848,2.65693,0.227105,0.220375,0.207088
1,10.14299333,1.02882,4.54,4.54,2.57386,2.58318,2.60185,-1.11238,-1.11909,-1.13253
1,10.21925643,1.41907,4.5101,4.5101,2.5186,2.52789,2.54678,-0.791629,-0.79832,-0.811917
1,10.21925643,1.91574,4.5101,4.5101,2.5186,2.52789,2.54678,-0.434039,-0.44073,-0.454327
1,10.29551954,2.62528,4.4802,4.4802,2.46337,2.47263,2.49173,0.11657,0.109901,0.0961492
1,10.3336511,0.31929,4.46525,4.46525,2.43576,2.44501,2.46422,-1.52379,-1.53045,-1.54428
1,10.3336511,0.709534,4.46525,4.46525,2.43576,2.44501,2.46422,-1.24283,-1.24949,-1.26332
1,10.3336511,1.84479,4.46525,4.46525,2.43576,2.44501,2.46422,-0.42548,-0.432139,-0.445968
1,10.3336511,2.80266,4.46525,4.46525,2.43576,2.44501,2.46422,0.264158,0.257499,0.24367
1,10.37178265,2.30599,4.4503,4.4503,2.40816,2.41739,2.43671,-0.0735593,-0.0802085,-0.0941139
1,10.4099142,2.73171,4.43535,4.43535,2.38056,2.38978,2.4092,0.252815,0.246175,0.232193
1,10.44804576,3.4235,4.4204,4.4204,2.35297,2.36218,2.38171,0.770749,0.76412,0.750062
1,10.44804576,2.02217,4.4204,4.4204,2.35297,2.36218,2.38171,-0.238166,-0.244795,-0.258853
1,10.56244042,0,4.37555,4.37555,2.27026,2.27942,2.29926,-1.63452,-1.64111,-1.6554
1,10.60057197,3.29933,4.36059,4.36059,2.2427,2.25186,2.2718,0.760743,0.754153,0.739795
1,10.60057197,1.73836,4.36059,4.36059,2.2427,2.25186,2.2718,-0.363112,-0.369701,-0.38406
1,10.67683508,2.98004,4.33069,4.33069,2.18762,2.19675,2.2169,0.570518,0.563948,0.549442
1,10.71496663,1.73836,4.31574,4.31574,2.1601,2.16921,2.18946,-0.303642,-0.310201,-0.324781
1,10.73403241,3.37029,4.30827,4.30827,2.14635,2.15545,2.17575,0.881201,0.874647,0.860031
1,10.81029552,3.1929,4.27836,4.27836,2.09135,2.10042,2.12093,0.793083,0.786553,0.77179
1,10.88655863,6.42129,4.24846,4.24846,2.03642,2.04545,2.06616,3.15697,3.15046,3.13556
1,10.9056244,3.051,4.24099,4.24099,2.02269,2.03172,2.05247,0.740347,0.733847,0.718906
1,10.94375596,0.390244,4.22603,4.22603,1.99526,2.00427,2.02512,-1.15556,-1.16205,-1.17706
1,10.94375596,1.02882,4.22603,4.22603,1.99526,2.00427,2.02512,-0.695802,-0.70229,-0.717302
1,10.96282173,1.27716,4.21856,4.21856,1.98155,1.99055,2.01145,-0.507135,-0.513617,-0.528664
1,11.05815062,2.23503,4.18118,4.18118,1.91306,1.92202,1.94316,0.23181,0.22536,0.210142
1,11.05815062,1.95122,4.18118,4.18118,1.91306,1.92202,1.94316,0.0274728,0.0210232,0.00580445
1,11.09628217,0.177384,4.16623,4.16623,1.8857,1.89464,1.91587,-1.22994,-1.23637,-1.25166
1,11.13441373,2.19956,4.15128,4.15128,1.85837,1.86729,1.88861,0.245646,0.239223,0.22387
1,11.22974261,2.53659,4.1139,4.1139,1.79014,1.79901,1.82056,0.537419,0.531032,0.515516
1,11.24880839,0.603104,4.10643,4.10643,1.77651,1.78537,1.80697,-0.844819,-0.851198,-0.866745
1,11.30600572,4.38137,4.084,4.084,1.73568,1.74451,1.76623,1.90482,1.89846,1.88282
1,11.3250715,0,4.07652,4.07652,1.72209,1.7309,1.75267,-1.23985,-1.2462,-1.26187
1,11.3250715,0.886918,4.07652,4.07652,1.72209,1.7309,1.75267,-0.601297,-0.607644,-0.623315
1,11.3250715,2.80266,4.07652,4.07652,1.72209,1.7309,1.75267,0.777979,0.771632,0.755961
1,11.36320305,1.45455,4.06157,4.06157,1.69492,1.70372,1.72557,-0.173064,-0.179395,-0.195127
1,11.4013346,1.0643,4.04662,4.04662,1.66779,1.67656,1.69849,-0.434495,-0.44081,-0.456599
1,11.43946616,1.59645,4.03167,4.03167,1.6407,1.64945,1.67146,-0.0318568,-0.0381544,-0.0540013
1,11.55386082,0.957871,3.98682,3.98682,1.55967,1.56834,1.59057,-0.433275,-0.439519,-0.455527
1,11.59199237,1.24169,3.97187,3.97187,1.53275,1.54139,1.5637,-0.209556,-0.215781,-0.23184
1,11.59199237,4.39911,3.97187,3.97187,1.53275,1.54139,1.5637,2.06369,2.05747,2.04141
1,11.63012393,2.87361,3.95692,3.95692,1.50588,1.5145,1.53687,0.984728,0.978522,0.962416
1,11.74451859,2.55432,3.91206,3.91206,1.4256,1.43414,1.45669,0.812644,0.806501,0.790264
1,11.8207817,1.70288,3.88216,3.88216,1.3724,1.38087,1.40353,0.237936,0.23184,0.215528
1,11.87797903,6.31486,3.85973,3.85973,1.33269,1.3411,1.36383,3.58701,3.58095,3.56459
1,11.8970448,1.80931,3.85226,3.85226,1.31949,1.32788,1.35063,0.352659,0.346614,0.330238
1,11.93517636,0.425721,3.83731,3.83731,1.29315,1.30151,1.32429,-0.624522,-0.63054,-0.646943
1,11.97330791,0.141907,3.82236,3.82236,1.2669,1.27522,1.29803,-0.809958,-0.815948,-0.832375
1,11.97330791,0.993348,3.82236,3.82236,1.2669,1.27522,1.29803,-0.196946,-0.202937,-0.219363
1,12.01143947,0.283814,3.80741,3.80741,1.24073,1.24901,1.27186,-0.688953,-0.694915,-0.711361
1,12.04957102,0.815965,3.79246,3.79246,1.21467,1.22291,1.24577,-0.287053,-0.292985,-0.309448
1,12.12583413,0.815965,3.76256,3.76256,1.16284,1.17099,1.19389,-0.249742,-0.25561,-0.272093
1,12.16396568,1.09978,3.74761,3.74761,1.1371,1.1452,1.1681,-0.0268686,-0.0327028,-0.0491894
1,12.27836034,1.88027,3.70276,3.70276,1.06061,1.06856,1.09143,0.59013,0.584406,0.567938
1,12.3164919,0.10643,3.68781,3.68781,1.03538,1.04327,1.06613,-0.668815,-0.674499,-0.690951
1,12.3164919,0.851441,3.68781,3.68781,1.03538,1.04327,1.06613,-0.13243,-0.138114,-0.154566
1,12.3164919,1.41907,3.68781,3.68781,1.03538,1.04327,1.06613,0.276244,0.27056,0.254109
1,12.43088656,1.34812,3.64296,3.64296,0.960621,0.968337,0.991069,0.278984,0.273429,0.257063
1,12.46901811,0.780488,3.62801,3.62801,0.936035,0.943686,0.966361,-0.111989,-0.117498,-0.133823
1,12.58341277,0.266075,3.58316,3.58316,0.863401,0.87084,0.893288,-0.430056,-0.435412,-0.451574
1,12.58341277,2.87361,3.58316,3.58316,0.863401,0.87084,0.893288,1.44729,1.44194,1.42577
1,12.60247855,4.87805,3.57569,3.57569,0.851471,0.858873,0.881273,2.89901,2.89368,2.87756
1,12.73593899,2.23503,3.52337,3.52337,0.76953,0.776647,0.798643,1.05512,1.04999,1.03416
1,12.8122021,1.56098,3.49347,3.49347,0.724049,0.730988,0.75269,0.602561,0.597566,0.581941
1,12.92659676,1.63193,3.44863,3.44863,0.657885,0.664534,0.685701,0.701282,0.696495,0.681255
1,12.96472831,4.32816,3.43368,3.43368,0.636422,0.642969,0.663932,2.65794,2.65322,2.63813
1,12.96472831,1.27716,3.43368,3.43368,0.636422,0.642969,0.663932,0.461313,0.4566,0.441507
1,13.04099142,0.674058,3.40378,3.40378,0.59445,0.600781,0.621298,0.0573152,0.0527572,0.0379856
1,13.15538608,1.73836,3.35894,3.35894,0.534031,0.540017,0.559768,0.86708,0.862769,0.84855
1,13.19351764,1.9867,3.344,3.344,0.514609,0.520475,0.539945,1.05986,1.05563,1.04162
1,13.26978074,0.745011,3.3141,3.3141,0.4769,0.482519,0.501389,0.193032,0.188986,0.1754
1,13.3079123,0.0709534,3.29916,3.29916,0.458632,0.464123,0.482675,-0.279116,-0.28307,-0.296427
1,13.34604385,0.567627,3.28421,3.28421,0.440764,0.446125,0.464348,0.0913378,0.0874782,0.0743581
1,13.49857007,1.09978,3.22443,3.22443,0.373442,0.378267,0.395069,0.52294,0.519466,0.507369
1,13.53670162,0.709534,3.20949,3.20949,0.357678,0.362365,0.37879,0.253326,0.249951,0.238126
1,13.57483317,1.70288,3.19455,3.19455,0.342348,0.346898,0.362937,0.979543,0.976267,0.964719
1,13.61296473,4.1153,3.1796,3.1796,0.327456,0.331869,0.347516,2.72713,2.72395,2.71269
1,13.89895138,2.46563,3.06754,3.06754,0.229804,0.233196,0.245773,1.60973,1.60729,1.59823
1,13.99428027,4.89579,3.03019,3.03019,0.202665,0.205734,0.217281,3.3789,3.37669,3.36838
1,13.99428027,1.27716,3.03019,3.03019,0.202665,0.205734,0.217281,0.773605,0.771395,0.763082
1,14.0514776,1.91574,3.00778,3.00778,0.187628,0.190509,0.201447,1.24419,1.24212,1.23424
1,14.2993327,0.886918,2.91069,2.91069,0.132561,0.134704,0.143148,0.543114,0.541571,0.535492
1,14.2993327,0.638581,2.91069,2.91069,0.132561,0.134704,0.143148,0.364318,0.362776,0.356697
1,14.37559581,1.0643,2.88082,2.88082,0.118655,0.120599,0.128339,0.680836,0.679437,0.673864
1,14.45185891,1.27716,2.85096,2.85096,0.106036,0.107791,0.114867,0.843175,0.841911,0.836817
1,14.48999047,0.425721,2.83603,2.83603,0.100182,0.101848,0.108605,0.234378,0.233179,0.228313
1,14.56625357,0.709534,2.80617,2.80617,0.0893306,0.0908259,0.096979,0.446528,0.445451,0.441021
1,14.60438513,1.84479,2.79124,2.79124,0.0843116,0.0857279,0.0915927,1.26749,1.26647,1.26225
1,14.60438513,1.9867,2.79124,2.79124,0.0843116,0.0857279,0.0915927,1.36966,1.36864,1.36442
1,14.90943756,1.27716,2.67183,2.67183,0.0525456,0.0534537,0.0573596,0.881686,0.881032,0.87822
1,15.02383222,0.638581,2.62708,2.62708,0.0438378,0.0446007,0.0479285,0.428197,0.427648,0.425252
1,15.36701621,0.10643,2.49287,2.49287,0.0252296,0.0256719,0.0276943,0.0584619,0.0581434,0.0566874
1,15.40514776,0.638581,2.47796,2.47796,0.0237121,0.0241267,0.0260387,0.442687,0.442388,0.441012
1,15.55767398,0.496674,2.41837,2.41837,0.0184832,0.0188054,0.0203269,0.344283,0.344051,0.342955
1,15.90085796,1.13525,2.28439,2.28439,0.0105056,0.0106901,0.0115877,0.809785,0.809652,0.809006
1,15.97712107,0.567627,2.25464,2.25464,0.00926055,0.00942305,0.0102205,0.402007,0.40189,0.401316
1,16.01525262,0.674058,2.23977,2.23977,0.00869408,0.00884642,0.00959787,0.479041,0.478932,0.478391
1,16.2821735,1.09978,2.13578,2.13578,0.00558266,0.00567978,0.00617503,0.787787,0.787717,0.787361
1,16.32030505,1.31264,2.12094,2.12094,0.00523962,0.00533074,0.00579723,0.941287,0.941222,0.940886
1,16.47283127,0.922395,2.06161,2.06161,0.00406481,0.00413537,0.00450235,0.661169,0.661119,0.660854
1,16.54909438,0.141907,2.03197,2.03197,0.00357972,0.00364186,0.00396727,0.0995913,0.0995466,0.0993123
1,16.62535748,0,2.00236,2.00236,0.00315239,0.00320703,0.00349553,-0.00226962,-0.00230896,-0.00251668
1,16.89227836,0.851441,1.89886,1.89886,0.00201945,0.00205423,0.0022433,0.611558,0.611533,0.611396
1,17.04480458,1.0643,1.83986,1.83986,0.00156554,0.00159213,0.00174064,0.765137,0.765118,0.765011
1,17.57864633,0.425721,1.63438,1.63438,0.000641548,0.000652222,0.000715675,0.306044,0.306036,0.305991
1,18.03622498,2.37694,1.46007,1.46007,0.000298475,0.000303059,0.0003339,1.71111,1.71111,1.71108
1,19.04671115,1.56098,1.08569,1.08569,5.50503e-05,5.59591e-05,6.19659e-05,1.12381,1.12381,1.12381
2,0.000224299,0.556237,7.0062,7.0062,5.36658,nan,5.37498,-3.4633,nan,-3.46935
2,0.045084112,2.87935,7.02947,7.02947,5.35503,nan,5.36348,-1.78242,nan,-1.7885
2,0.067514019,2.97751,7.041,7.041,5.34926,nan,5.35773,-1.70759,nan,-1.71369
2,0.134803738,4.05726,7.07517,7.07517,5.33194,nan,5.34049,-0.917732,nan,-0.923884
2,0.157233645,3.27198,7.08641,7.08641,5.32617,nan,5.33474,-1.47895,nan,-1.48512
2,0.269383178,3.40286,7.14139,7.14139,5.2973,nan,5.306,-1.36394,nan,-1.3702
2,0.426392523,2.01227,7.21452,7.21452,5.2569,nan,5.26576,-2.33603,nan,-2.34241
2,0.426392523,4.13906,7.21452,7.21452,5.2569,nan,5.26576,-0.804808,nan,-0.811188
2,0.51611215,4.90798,7.25401,7.25401,5.23381,nan,5.24276,-0.234588,nan,-0.241037
2,0.650691589,3.81186,7.30964,7.30964,5.19917,nan,5.20827,-0.998821,nan,-1.00537
2,0.650691589,3.5501,7.30964,7.30964,5.19917,nan,5.20827,-1.18728,nan,-1.19383
2,0.673121495,2.86299,7.31846,7.31846,5.1934,nan,5.20252,-1.67783,nan,-1.6844
2,0.762841121,3.09202,7.35231,7.35231,5.17031,nan,5.17953,-1.4963,nan,-1.50294
2,0.807700935,5.51329,7.36835,7.36835,5.15876,nan,5.16803,0.255251,nan,0.248575
2,0.897420561,4.25358,7.39853,7.39853,5.13567,nan,5.14504,-0.63508,nan,-0.641825
2,0.9198504669999999,3.01022,7.40566,7.40566,5.1299,nan,5.13929,-1.5261,nan,-1.53286
2,0.9198504669999999,4.79346,7.40566,7.40566,5.1299,nan,5.13929,-0.242229,nan,-0.248991
2,0.96471028,5.97137,7.41941,7.41941,5.11835,nan,5.12779,0.614146,nan,0.607348
2,0.96471028,4.98978,7.41941,7.41941,5.11835,nan,5.12779,-0.0925725,nan,-0.0993701
2,0.9871401869999999,3.51738,7.42602,7.42602,5.11258,nan,5.12205,-1.14849,nan,-1.15531
2,0.9871401869999999,4.07362,7.42602,7.42602,5.11258,nan,5.12205,-0.74802,nan,-0.754835
2,1.054429907,3.3865,7.44478,7.44478,5.09526,nan,5.1048,-1.23025,nan,-1.23712
2,1.121719626,3.1411,7.46186,7.46186,5.07794,nan,5.08756,-1.39447,nan,-1.40139
2,1.211439252,4.30266,7.48191,7.48191,5.05485,nan,5.06456,-0.541557,nan,-0.548547
2,1.278728972,5.20245,7.49484,7.49484,5.03754,nan,5.04732,0.118736,nan,0.111694
2,1.323588785,5.48057,7.50243,7.50243,5.02599,nan,5.03582,0.327285,nan,0.320208
2,1.346018692,4.10634,7.50591,7.50591,5.02022,nan,5.03007,-0.657964,nan,-0.665059
2,1.390878505,7.00204,7.51224,7.51224,5.00867,nan,5.01857,1.43517,nan,1.42804
2,1.413308411,5.10429,7.51509,7.51509,5.0029,nan,5.01283,0.0730014,nan,0.0658543
2,1.435738318,7.62372,7.51773,7.51773,4.99713,nan,5.00708,1.89107,nan,1.8839
2,1.480598131,5.79141,7.52237,7.52237,4.98558,nan,4.99558,0.580173,nan,0.572973
2,1.480598131,5.62781,7.52237,7.52237,4.98558,nan,4.99558,0.462387,nan,0.455187
2,1.503028037,4.76074,7.52437,7.52437,4.97981,nan,4.98983,-0.157725,nan,-0.164942
2,1.660037383,6.11861,7.53243,7.53243,4.9394,nan,4.94959,0.848996,nan,0.841656
2,1.660037383,4.92434,7.53243,7.53243,4.9394,nan,4.94959,-0.0108451,nan,-0.0181845
2,1.727327103,4.05726,7.53275,7.53275,4.92208,nan,4.93235,-0.622644,nan,-0.630036
2,1.817046729,6.51125,7.53034,7.53034,4.89899,nan,4.90935,1.16078,nan,1.15331
2,1.884336449,5.07157,7.52648,7.52648,4.88167,nan,4.89211,0.136724,nan,0.12921
2,1.929196262,3.58282,7.52297,7.52297,4.87013,nan,4.88061,-0.92682,nan,-0.934369
2,1.951626168,6.31493,7.52094,7.52094,4.86435,nan,4.87486,1.04437,nan,1.0368
2,1.974056075,5.62781,7.51873,7.51873,4.85858,nan,4.86912,0.553822,nan,0.546238
2,1.996485981,1.68507,7.51634,7.51634,4.85281,nan,4.86337,-2.28067,nan,-2.28828
2,2.041345794,6.72393,7.51105,7.51105,4.84126,nan,4.85187,1.35546,nan,1.34782
2,2.131065421,4.97342,7.49849,7.49849,4.81817,nan,4.82888,0.111769,nan,0.104063
2,2.153495327,6.21677,7.49496,7.49496,4.8124,nan,4.82313,1.0111,nan,1.00338
2,2.175925234,6.49489,7.49128,7.49128,4.80663,nan,4.81738,1.21549,nan,1.20775
2,2.243214953,2.94479,7.47936,7.47936,4.78931,nan,4.80014,-1.328,nan,-1.33579
2,2.310504673,4.23722,7.4662,7.4662,4.77199,nan,4.78289,-0.38502,nan,-0.392866
2,2.377794393,5.12065,7.4519,7.4519,4.75467,nan,4.76564,0.263495,nan,0.255596
2,2.422654206,3.58282,7.44177,7.44177,4.74313,nan,4.75415,-0.835385,nan,-0.843318
2,2.422654206,7.80368,7.44177,7.44177,4.74313,nan,4.75415,2.2035,nan,2.19557
2,2.422654206,5.21881,7.44177,7.44177,4.74313,nan,4.75415,0.342479,nan,0.334545
2,2.512373832,4.95706,7.4202,7.4202,4.72004,nan,4.73115,0.170645,nan,0.162642
2,2.534803738,7.0184,7.41456,7.41456,4.71427,nan,4.7254,1.65891,nan,1.65089
2,2.534803738,5.62781,7.41456,7.41456,4.71427,nan,4.7254,0.657726,nan,0.649705
2,2.534803738,4.51534,7.41456,7.41456,4.71427,nan,4.7254,-0.143222,nan,-0.151242
2,2.669383178,5.54601,7.37875,7.37875,4.67963,nan,4.69091,0.623769,nan,0.615644
2,2.669383178,5.05521,7.37875,7.37875,4.67963,nan,4.69091,0.27041,nan,0.262285
2,2.669383178,4.35174,7.37875,7.37875,4.67963,nan,4.69091,-0.236071,nan,-0.244196
2,2.736672897,3.48466,7.35974,7.35974,4.66231,nan,4.67367,-0.84787,nan,-0.856048
2,2.826392523,5.95501,7.33337,7.33337,4.63922,nan,4.65068,0.947328,nan,0.939081
2,2.91611215,3.10838,7.30598,7.30598,4.61613,nan,4.62768,-1.08553,nan,-1.09385
2,2.91611215,5.75869,7.30598,7.30598,4.61613,nan,4.62768,0.822609,nan,0.814292
2,2.960971963,5.05521,7.29195,7.29195,4.60458,nan,4.61619,0.32444,nan,0.316088
2,2.960971963,3.69734,7.29195,7.29195,4.60458,nan,4.61619,-0.653187,nan,-0.661539
2,2.983401869,5.66053,7.28485,7.28485,4.59881,nan,4.61044,0.764406,nan,0.756036
2,3.005831776,2.68303,7.2777,7.2777,4.59304,nan,4.60469,-1.37515,nan,-1.38354
2,3.005831776,4.7771,7.2777,7.2777,4.59304,nan,4.60469,0.132515,nan,0.124128
2,3.050691589,3.41922,7.26326,7.26326,4.58149,nan,4.59319,-0.8368,nan,-0.845222
2,3.050691589,6.26585,7.26326,7.26326,4.58149,nan,4.59319,1.21268,nan,1.20426
2,3.050691589,5.31697,7.26326,7.26326,4.58149,nan,4.59319,0.529523,nan,0.5211
2,3.095551402,4.07362,7.24863,7.24863,4.56995,nan,4.5817,-0.357342,nan,-0.365799
2,3.140411215,5.90593,7.23383,7.23383,4.5584,nan,4.5702,0.970178,nan,0.961685
2,3.162841121,3.25562,7.22637,7.22637,4.55263,nan,4.56445,-0.933806,nan,-0.942316
2,3.162841121,5.49693,7.22637,7.22637,4.55263,nan,4.56445,0.679868,nan,0.671358
2,3.252560748,5.39877,7.19616,7.19616,4.52954,nan,4.54146,0.62582,nan,0.61724
2,3.297420561,4.76074,7.18084,7.18084,4.518,nan,4.52996,0.174765,nan,0.16615
2,3.319850467,5.67689,7.17313,7.17313,4.51222,nan,4.52421,0.838525,nan,0.829893
2,3.319850467,4.1227,7.17313,7.17313,4.51222,nan,4.52421,-0.280446,nan,-0.289078
2,3.387140187,6.05317,7.14983,7.14983,4.49491,nan,4.50697,1.1219,nan,1.11322
2,3.409570093,6.51125,7.14201,7.14201,4.48913,nan,4.50122,1.45586,nan,1.44716
2,3.409570093,5.00613,7.14201,7.14201,4.48913,nan,4.50122,0.372224,nan,0.363523
2,3.432,6.87117,7.13416,7.13416,4.48336,nan,4.49547,1.71915,nan,1.71043
2,3.432,3.3047,7.13416,7.13416,4.48336,nan,4.49547,-0.848598,nan,-0.857317
2,3.454429907,3.97546,7.12628,7.12628,4.47759,nan,4.48972,-0.361518,nan,-0.370255
2,3.454429907,4.4499,7.12628,7.12628,4.47759,nan,4.48972,-0.0199376,nan,-0.028674
2,3.476859813,4.5317,7.11837,7.11837,4.47182,nan,4.48398,0.0431116,nan,0.0343577
2,3.521719626,5.56237,7.1025,7.1025,4.46027,nan,4.47248,0.793478,nan,0.784689
2,3.521719626,3.45194,7.1025,7.1025,4.46027,nan,4.47248,-0.725967,nan,-0.734755
2,3.544149533,7.31288,7.09452,7.09452,4.4545,nan,4.46673,2.05795,nan,2.04914
2,3.633869159,4.90798,7.06241,7.06241,4.43141,nan,4.44374,0.343112,nan,0.334236
2,3.656299065,4.02454,7.05433,7.05433,4.42564,nan,4.43799,-0.288778,nan,-0.297671
2,3.678728972,4.56442,7.04623,7.04623,4.41987,nan,4.43224,0.104073,nan,0.0951622
2,3.723588785,3.5501,7.02998,7.02998,4.40832,nan,4.42075,-0.617891,nan,-0.626836
2,3.723588785,3.23926,7.02998,7.02998,4.40832,nan,4.42075,-0.841685,nan,-0.85063
2,3.813308411,6.05317,6.99727,6.99727,4.38523,nan,4.39775,1.20086,nan,1.19185
2,3.903028037,4.22086,6.96431,6.96431,4.36214,nan,4.37476,-0.101719,nan,-0.110804
2,3.925457944,3.53374,6.95604,6.95604,4.35637,nan,4.36901,-0.592266,nan,-0.601368
2,3.925457944,3.41922,6.95604,6.95604,4.35637,nan,4.36901,-0.674717,nan,-0.683819
2,3.94788785,3.9591,6.94775,6.94775,4.3506,nan,4.36326,-0.281866,nan,-0.290985
2,3.970317757,3.20654,6.93945,6.93945,4.34482,nan,4.35752,-0.819527,nan,-0.828664
2,3.992747664,5.12065,6.93114,6.93114,4.33905,nan,4.35177,0.56273,nan,0.553575
2,3.992747664,3.01022,6.93114,6.93114,4.33905,nan,4.35177,-0.956715,nan,-0.965869
2,4.037607477,2.61759,6.91448,6.91448,4.32751,nan,4.34027,-1.23109,nan,-1.24028
2,4.060037383,4.59714,6.90613,6.90613,4.32173,nan,4.33452,0.198281,nan,0.189074
2,4.08246729,5.51329,6.89777,6.89777,4.31596,nan,4.32877,0.862041,nan,0.852817
2,4.104897196,1.71779,6.8894,6.8894,4.31019,nan,4.32303,-1.86645,nan,-1.87569
2,4.104897196,3.3047,6.8894,6.8894,4.31019,nan,4.32303,-0.723919,nan,-0.733161
2,4.127327103,6.10225,6.88102,6.88102,4.30442,nan,4.31728,1.29438,nan,1.28512
2,4.172186916,4.10634,6.86423,6.86423,4.29287,nan,4.30578,-0.134298,nan,-0.143592
2,4.239476636,2.71575,6.83897,6.83897,4.27556,nan,4.28854,-1.12301,nan,-1.13236
2,4.261906542,4.40082,6.83054,6.83054,4.26978,nan,4.28279,0.0943408,nan,0.0849772
2,4.261906542,4.97342,6.83054,6.83054,4.26978,nan,4.28279,0.506593,nan,0.49723
2,4.351626168,3.69734,6.7967,6.7967,4.24669,nan,4.2598,-0.395517,nan,-0.40495
2,4.351626168,4.87526,6.7967,6.7967,4.24669,nan,4.2598,0.452545,nan,0.443112
2,4.418915888,5.88957,6.77125,6.77125,4.22938,nan,4.24255,1.19529,nan,1.1858
2,4.418915888,6.59305,6.77125,6.77125,4.22938,nan,4.24255,1.70177,nan,1.69228
2,4.418915888,2.97751,6.77125,6.77125,4.22938,nan,4.24255,-0.90131,nan,-0.910795
2,4.486205607,4.30266,6.74572,6.74572,4.21206,nan,4.22531,0.0652277,nan,0.0556902
2,4.486205607,4.1227,6.74572,6.74572,4.21206,nan,4.22531,-0.0643373,nan,-0.0738748
2,4.508635514,4.84254,6.7372,6.7372,4.20629,nan,4.21956,0.458079,nan,0.448524
2,4.531065421,5.52965,6.72868,6.72868,4.20052,nan,4.21381,0.956937,nan,0.947365
2,4.531065421,2.81391,6.72868,6.72868,4.20052,nan,4.21381,-0.998317,nan,-1.00789
2,4.575925234,6.56033,6.7116,6.7116,4.18897,nan,4.20232,1.7073,nan,1.6977
2,4.66564486,1.43967,6.67739,6.67739,4.16588,nan,4.17932,-1.96279,nan,-1.97246
2,4.66564486,3.07566,6.67739,6.67739,4.16588,nan,4.17932,-0.784924,nan,-0.7946
2,4.66564486,4.0409,6.67739,6.67739,4.16588,nan,4.17932,-0.0899838,nan,-0.0996604
2,4.66564486,3.8773,6.67739,6.67739,4.16588,nan,4.17932,-0.20777,nan,-0.217447
2,4.732934579,3.45194,6.65167,6.65167,4.14857,nan,4.16208,-0.501547,nan,-0.511276
2,4.755364486,3.94274,6.64309,6.64309,4.14279,nan,4.15633,-0.144032,nan,-0.153779
2,4.800224299,4.80982,6.62591,6.62591,4.13125,nan,4.14483,0.488547,nan,0.478766
2,4.889943925,3.27198,6.59149,6.59149,4.10816,nan,4.12184,-0.602022,nan,-0.611872
2,4.912373832,3.56646,6.58288,6.58288,4.10239,nan,4.11609,-0.38585,nan,-0.395718
2,4.912373832,2.37219,6.58288,6.58288,4.10239,nan,4.11609,-1.24569,nan,-1.25556
2,4.934803738,3.41922,6.57426,6.57426,4.09662,nan,4.11035,-0.487702,nan,-0.497588
2,4.934803738,4.41718,6.57426,6.57426,4.09662,nan,4.11035,0.230795,nan,0.220909
2,4.957233645,4.64622,6.56564,6.56564,4.09084,nan,4.1046,0.399851,nan,0.389949
2,5.002093458,3.9591,6.54838,6.54838,4.0793,nan,4.0931,-0.08654,nan,-0.0964775
2,5.002093458,4.49898,6.54838,6.54838,4.0793,nan,4.0931,0.302155,nan,0.292218
2,5.024523364,3.59918,6.53975,6.53975,4.07353,nan,4.08735,-0.341514,nan,-0.351469
2,5.024523364,4.13906,6.53975,6.53975,4.07353,nan,4.08735,0.0471809,nan,0.0372259
2,5.069383178,5.38241,6.52247,6.52247,4.06198,nan,4.07586,0.950669,nan,0.940679
2,5.114242991,1.91411,6.50518,6.50518,4.05044,nan,4.06436,-1.53809,nan,-1.54812
2,5.114242991,6.11861,6.50518,6.50518,4.05044,nan,4.06436,1.48902,nan,1.47899
2,5.114242991,2.83027,6.50518,6.50518,4.05044,nan,4.06436,-0.878487,nan,-0.888512
2,5.18153271,1.97955,6.47922,6.47922,4.03312,nan,4.04712,-1.47851,nan,-1.48859
2,5.226392523,5.02249,6.46189,6.46189,4.02158,nan,4.03562,0.720629,nan,0.710518
2,5.271252336,3.82822,6.44456,6.44456,4.01003,nan,4.02413,-0.1309,nan,-0.141046
2,5.293682243,4.90798,6.43589,6.43589,4.00426,nan,4.01838,0.650646,nan,0.640482
2,5.360971963,4.10634,6.40986,6.40986,3.98695,nan,4.00114,0.0859597,nan,0.0757437
2,5.360971963,2.73211,6.40986,6.40986,3.98695,nan,4.00114,-0.903446,nan,-0.913662
2,5.405831776,5.18609,6.39249,6.39249,3.9754,nan,3.98964,0.871661,nan,0.86141
2,5.405831776,3.10838,6.39249,6.39249,3.9754,nan,3.98964,-0.624226,nan,-0.634477
2,5.428261682,7.47648,6.3838,6.3838,3.96963,nan,3.98389,2.52483,nan,2.51456
2,5.428261682,4.51534,6.3838,6.3838,3.96963,nan,3.98389,0.392893,nan,0.382625
2,5.450691589,3.6319,6.37511,6.37511,3.96386,nan,3.97814,-0.238998,nan,-0.249284
2,5.517981308,4.8589,6.34903,6.34903,3.94654,nan,3.9609,0.656867,nan,0.646529
2,5.517981308,6.08589,6.34903,6.34903,3.94654,nan,3.9609,1.54026,nan,1.52993
2,5.540411215,2.96115,6.34033,6.34033,3.94077,nan,3.95515,-0.7053,nan,-0.715655
2,5.652560748,4.6953,6.29681,6.29681,3.91191,nan,3.92641,0.564014,nan,0.553572
2,5.652560748,4.51534,6.29681,6.29681,3.91191,nan,3.92641,0.434449,nan,0.424007
2,5.652560748,3.66462,6.29681,6.29681,3.91191,nan,3.92641,-0.17804,nan,-0.188482
2,5.652560748,2.56851,6.29681,6.29681,3.91191,nan,3.92641,-0.967209,nan,-0.977651
2,5.719850467,3.89366,6.27068,6.27068,3.89459,nan,3.90917,-0.000672362,nan,-0.0111665
2,5.719850467,3.2229,6.27068,6.27068,3.89459,nan,3.90917,-0.483597,nan,-0.494091
2,5.876859813,3.59918,6.20964,6.20964,3.85419,nan,3.86894,-0.183599,nan,-0.194215
2,5.921719626,1.86503,6.19218,6.19218,3.84265,nan,3.85744,-1.42382,nan,-1.43447
2,5.966579439,2.66667,6.17472,6.17472,3.8311,nan,3.84595,-0.838359,nan,-0.849045
2,5.989009346,4.80982,6.16599,6.16599,3.82533,nan,3.8402,0.708798,nan,0.698095
2,5.989009346,4.6135,6.16599,6.16599,3.82533,nan,3.8402,0.567454,nan,0.556751
2,5.989009346,4.0409,6.16599,6.16599,3.82533,nan,3.8402,0.155202,nan,0.144499
2,5.989009346,3.3047,6.16599,6.16599,3.82533,nan,3.8402,-0.374837,nan,-0.38554
2,6.011439252,2.84663,6.15726,6.15726,3.81956,nan,3.83445,-0.700483,nan,-0.711203
2,6.101158879,1.76687,6.12231,6.12231,3.79647,nan,3.81146,-1.46125,nan,-1.47204
2,6.101158879,3.0593,6.12231,6.12231,3.79647,nan,3.81146,-0.530739,nan,-0.541529
2,6.123588785,3.97546,6.11357,6.11357,3.7907,nan,3.80571,0.13302,nan,0.122213
2,6.146018692,3.59918,6.10483,6.10483,3.78493,nan,3.79996,-0.133733,nan,-0.144558
2,6.235738318,1.91411,6.06986,6.06986,3.76184,nan,3.77697,-1.33031,nan,-1.34121
2,6.235738318,5.56237,6.06986,6.06986,3.76184,nan,3.77697,1.29633,nan,1.28543
2,6.280598131,5.26789,6.05236,6.05236,3.7503,nan,3.76548,1.09262,nan,1.08169
2,6.280598131,4.22086,6.05236,6.05236,3.7503,nan,3.76548,0.338788,nan,0.327859
2,6.280598131,3.86094,6.05236,6.05236,3.7503,nan,3.76548,0.0796577,nan,0.0687289
2,6.370317757,2.96115,6.01736,6.01736,3.72721,nan,3.74249,-0.551546,nan,-0.562544
2,6.392747664,4.58078,6.00861,6.00861,3.72144,nan,3.73674,0.618695,nan,0.607679
2,6.41517757,6.75665,5.99986,5.99986,3.71567,nan,3.731,2.18941,nan,2.17838
2,6.437607477,4.76074,5.99111,5.99111,3.7099,nan,3.72525,0.75657,nan,0.74552
2,6.460037383,5.88957,5.98235,5.98235,3.70413,nan,3.7195,1.57345,nan,1.56238
2,6.48246729,4.98978,5.9736,5.9736,3.69836,nan,3.71375,0.929782,nan,0.918697
2,6.504897196,4.25358,5.96484,5.96484,3.69258,nan,3.70801,0.403898,nan,0.392796
2,6.527327103,1.93047,5.95608,5.95608,3.68681,nan,3.70226,-1.26451,nan,-1.27563
2,6.527327103,5.61145,5.95608,5.95608,3.68681,nan,3.70226,1.38568,nan,1.37456
2,6.527327103,0.670757,5.95608,5.95608,3.68681,nan,3.70226,-2.17147,nan,-2.18259
2,6.639476636,3.56646,5.91228,5.91228,3.65796,nan,3.67352,-0.065873,nan,-0.0770798
2,6.639476636,3.3865,5.91228,5.91228,3.65796,nan,3.67352,-0.195438,nan,-0.206645
2,6.639476636,3.25562,5.91228,5.91228,3.65796,nan,3.67352,-0.289667,nan,-0.300874
2,6.661906542,2.71575,5.90352,5.90352,3.65219,nan,3.66777,-0.674207,nan,-0.685431
2,6.818915888,3.99182,5.84217,5.84217,3.61179,nan,3.62754,0.273613,nan,0.262267
2,6.886205607,3.77914,5.81587,5.81587,3.59447,nan,3.6103,0.132956,nan,0.121558
2,6.886205607,3.20654,5.81587,5.81587,3.59447,nan,3.6103,-0.279297,nan,-0.290694
2,6.931065421,2.01227,5.79833,5.79833,3.58293,nan,3.59881,-1.13083,nan,-1.14226
2,6.953495327,4.25358,5.78956,5.78956,3.57716,nan,3.59306,0.487001,nan,0.475552
2,6.953495327,3.61554,5.78956,5.78956,3.57716,nan,3.59306,0.0276345,nan,0.0161849
2,6.99835514,1.76687,5.77202,5.77202,3.56562,nan,3.58157,-1.29504,nan,-1.30653
2,6.99835514,2.19223,5.77202,5.77202,3.56562,nan,3.58157,-0.988797,nan,-1.00028
2,7.06564486,3.01022,5.7457,5.7457,3.5483,nan,3.56433,-0.3874,nan,-0.398936
2,7.088074766,4.54806,5.73693,5.73693,3.54253,nan,3.55858,0.723947,nan,0.712393
2,7.110504673,1.96319,5.72816,5.72816,3.53676,nan,3.55283,-1.13292,nan,-1.14449
2,7.132934579,3.7955,5.71938,5.71938,3.53099,nan,3.54709,0.190439,nan,0.178851
2,7.177794393,2.42127,5.70183,5.70183,3.51945,nan,3.53559,-0.790657,nan,-0.80228
2,7.200224299,3.17382,5.69306,5.69306,3.51368,nan,3.52985,-0.244684,nan,-0.256325
2,7.222654206,4.1227,5.68428,5.68428,3.50791,nan,3.5241,0.442631,nan,0.430974
2,7.267514019,4.71166,5.66673,5.66673,3.49637,nan,3.51261,0.874972,nan,0.86328
2,7.334803738,3.3865,5.6404,5.6404,3.47905,nan,3.49537,-0.0666335,nan,-0.0783777
2,7.379663551,3.92638,5.62284,5.62284,3.46751,nan,3.48387,0.330371,nan,0.318592
2,7.402093458,1.32515,5.61407,5.61407,3.46174,nan,3.47813,-1.53828,nan,-1.55007
2,7.402093458,5.54601,5.61407,5.61407,3.46174,nan,3.47813,1.50061,nan,1.48881
2,7.424523364,5.85685,5.60529,5.60529,3.45597,nan,3.47238,1.72856,nan,1.71675
2,7.424523364,6.72393,5.60529,5.60529,3.45597,nan,3.47238,2.35283,nan,2.34101
2,7.446953271,4.7771,5.59651,5.59651,3.4502,nan,3.46663,0.955325,nan,0.943493
2,7.446953271,4.64622,5.59651,5.59651,3.4502,nan,3.46663,0.861096,nan,0.849264
2,7.469383178,3.68098,5.58773,5.58773,3.44443,nan,3.46089,0.170311,nan,0.158462
2,7.536672897,1.83231,5.56139,5.56139,3.42712,nan,3.44365,-1.14821,nan,-1.16011
2,7.536672897,4.22086,5.56139,5.56139,3.42712,nan,3.44365,0.57147,nan,0.559569
2,7.536672897,5.00613,5.56139,5.56139,3.42712,nan,3.44365,1.13684,nan,1.12494
2,7.64882243,2.38855,5.51748,5.51748,3.39826,nan,3.41492,-0.726965,nan,-0.738953
2,7.64882243,2.56851,5.51748,5.51748,3.39826,nan,3.41492,-0.5974,nan,-0.609388
2,7.671252336,3.56646,5.5087,5.5087,3.39249,nan,3.40917,0.125251,nan,0.113246
2,7.671252336,3.32106,5.5087,5.5087,3.39249,nan,3.40917,-0.0514282,nan,-0.0634332
2,7.805831776,3.82822,5.456,5.456,3.35787,nan,3.37469,0.338636,nan,0.326527
2,7.895551402,3.3047,5.42086,5.42086,3.33479,nan,3.35171,-0.0216632,nan,-0.0338417
2,7.917981308,2.14315,5.41207,5.41207,3.32902,nan,3.34596,-0.853792,nan,-0.865988
2,7.940411215,2.97751,5.40329,5.40329,3.32325,nan,3.34022,-0.248927,nan,-0.261141
2,7.962841121,2.86299,5.3945,5.3945,3.31748,nan,3.33447,-0.327224,nan,-0.339454
2,8.030130841,4.25358,5.36815,5.36815,3.30017,nan,3.31723,0.686423,nan,0.67414
2,8.030130841,3.7955,5.36815,5.36815,3.30017,nan,3.31723,0.356621,nan,0.344338
2,8.052560748,3.68098,5.35936,5.35936,3.2944,nan,3.31149,0.278325,nan,0.266025
2,8.052560748,2.07771,5.35936,5.35936,3.2944,nan,3.31149,-0.875982,nan,-0.888282
2,8.097420561,1.94683,5.34179,5.34179,3.28286,nan,3.3,-0.961903,nan,-0.974238
2,8.142280374,3.40286,5.32421,5.32421,3.27132,nan,3.2885,0.0947042,nan,0.0823344
2,8.16471028,4.1227,5.31543,5.31543,3.26555,nan,3.28276,0.617118,nan,0.604731
2,8.232,4.35174,5.28906,5.28906,3.24825,nan,3.26552,0.794481,nan,0.782042
2,8.232,1.25971,5.28906,5.28906,3.24825,nan,3.26552,-1.43168,nan,-1.44412
2,8.254429907,3.3047,5.28027,5.28027,3.24248,nan,3.25978,0.0448019,nan,0.0323452
2,8.344149533,0.916155,5.24512,5.24512,3.2194,nan,3.2368,-1.65826,nan,-1.67079
2,8.366579439,3.94274,5.23633,5.23633,3.21363,nan,3.23105,0.524938,nan,0.512394
2,8.389009346,3.58282,5.22754,5.22754,3.20786,nan,3.22531,0.269961,nan,0.2574
2,8.411439252,6.08589,5.21876,5.21876,3.20209,nan,3.21956,2.07625,nan,2.06367
2,8.411439252,2.47035,5.21876,5.21876,3.20209,nan,3.21956,-0.526833,nan,-0.539411
2,8.456299065,3.69734,5.20118,5.20118,3.19055,nan,3.20807,0.364872,nan,0.352259
2,8.478728972,3.33742,5.19239,5.19239,3.18478,nan,3.20233,0.109896,nan,0.0972655
2,8.501158879,4.33538,5.1836,5.1836,3.17901,nan,3.19658,0.832546,nan,0.819899
2,8.501158879,0.834356,5.1836,5.1836,3.17901,nan,3.19658,-1.68808,nan,-1.70073
2,8.501158879,3.48466,5.1836,5.1836,3.17901,nan,3.19658,0.220057,nan,0.207409
2,8.523588785,4.02454,5.17481,5.17481,3.17325,nan,3.19084,0.612906,nan,0.600241
2,8.635738318,2.17587,5.13086,5.13086,3.1444,nan,3.16211,-0.697314,nan,-0.710066
2,8.658168224,1.94683,5.12207,5.12207,3.13863,nan,3.15637,-0.858062,nan,-0.870831
2,8.658168224,3.10838,5.12207,5.12207,3.13863,nan,3.15637,-0.0217783,nan,-0.0345475
2,8.703028037,1.75051,5.10449,5.10449,3.1271,nan,3.14488,-0.991099,nan,-1.0039
2,8.725457944,1.14519,5.0957,5.0957,3.12133,nan,3.13914,-1.42276,nan,-1.43558
2,8.792747664,2.56851,5.06932,5.06932,3.10402,nan,3.1219,-0.385555,nan,-0.398428
2,8.904897196,6.90389,5.02537,5.02537,3.07518,nan,3.09318,2.75655,nan,2.74359
2,8.904897196,1.06339,5.02537,5.02537,3.07518,nan,3.09318,-1.44843,nan,-1.46139
2,8.904897196,2.83027,5.02537,5.02537,3.07518,nan,3.09318,-0.176332,nan,-0.189292
2,8.927327103,3.53374,5.01658,5.01658,3.06941,nan,3.08744,0.334302,nan,0.321324
2,8.972186916,2.30675,4.99899,4.99899,3.05788,nan,3.07595,-0.540791,nan,-0.553803
2,8.972186916,3.27198,4.99899,4.99899,3.05788,nan,3.07595,0.154149,nan,0.141137
2,8.972186916,3.89366,4.99899,4.99899,3.05788,nan,3.07595,0.601737,nan,0.588725
2,9.017046729,3.04294,4.98141,4.98141,3.04634,nan,3.06446,-0.00244681,nan,-0.0154938
2,9.039476636,2.48671,4.97262,4.97262,3.04058,nan,3.05872,-0.398768,nan,-0.411832
2,9.061906542,4.84254,4.96383,4.96383,3.03481,nan,3.05298,1.30151,nan,1.28843
2,9.106766355,1.57055,4.94624,4.94624,3.02327,nan,3.04149,-1.04591,nan,-1.05903
2,9.106766355,3.61554,4.94624,4.94624,3.02327,nan,3.04149,0.426416,nan,0.413299
2,9.129196262,1.29243,4.93745,4.93745,3.01751,nan,3.03575,-1.242,nan,-1.25513
2,9.174056075,4.41718,4.91987,4.91987,3.00597,nan,3.02426,1.01603,nan,1.00286
2,9.196485981,3.43558,4.91107,4.91107,3.0002,nan,3.01852,0.313459,nan,0.300273
2,9.241345794,3.73006,4.89349,4.89349,2.98867,nan,3.00703,0.533779,nan,0.520558
2,9.286205607,2.55215,4.8759,4.8759,2.97714,nan,2.99555,-0.305979,nan,-0.319235
2,9.286205607,3.27198,4.8759,4.8759,2.97714,nan,2.99555,0.212281,nan,0.199026
2,9.308635514,1.35787,4.86711,4.86711,2.97137,nan,2.9898,-1.16167,nan,-1.17494
2,9.331065421,3.10838,4.85832,4.85832,2.9656,nan,2.98406,0.102799,nan,0.0895082
2,9.375925234,5.54601,4.84073,4.84073,2.95407,nan,2.97258,1.86612,nan,1.85279
2,9.39835514,4.26994,4.83194,4.83194,2.9483,nan,2.96684,0.951537,nan,0.938195
2,9.420785047,7.39468,4.82315,4.82315,2.94254,nan,2.96109,3.20541,nan,3.19205
2,9.443214953,2.38855,4.81435,4.81435,2.93677,nan,2.95535,-0.394704,nan,-0.40808
2,9.443214953,2.84663,4.81435,4.81435,2.93677,nan,2.95535,-0.0649018,nan,-0.0782785
2,9.443214953,4.15542,4.81435,4.81435,2.93677,nan,2.95535,0.877389,nan,0.864013
2,9.510504673,4.89162,4.78797,4.78797,2.91947,nan,2.93812,1.41988,nan,1.40645
2,9.532934579,0.719836,4.77918,4.77918,2.91371,nan,2.93238,-1.57952,nan,-1.59297
2,9.532934579,4.40082,4.77918,4.77918,2.91371,nan,2.93238,1.07067,nan,1.05723
2,9.645084112,3.41922,4.73521,4.73521,2.88488,nan,2.90368,0.38471,nan,0.371179
2,9.645084112,2.68303,4.73521,4.73521,2.88488,nan,2.90368,-0.145329,nan,-0.15886
2,9.667514019,1.42331,4.72642,4.72642,2.87912,nan,2.89793,-1.04813,nan,-1.06168
2,9.667514019,2.48671,4.72642,4.72642,2.87912,nan,2.89793,-0.282522,nan,-0.29607
2,9.734803738,3.25562,4.70004,4.70004,2.86182,nan,2.88071,0.283526,nan,0.269926
2,9.846953271,2.42127,4.65607,4.65607,2.833,nan,2.85201,-0.296433,nan,-0.310119
2,9.869383178,2.78119,4.64728,4.64728,2.82723,nan,2.84627,-0.0331534,nan,-0.0468562
2,9.959102804,1.79959,4.6121,4.6121,2.80418,nan,2.82331,-0.723272,nan,-0.737044
2,9.959102804,3.1411,4.6121,4.6121,2.80418,nan,2.82331,0.242576,nan,0.228805
2,10.00396262,2.61759,4.59451,4.59451,2.79265,nan,2.81183,-0.126041,nan,-0.139847
2,10.02639252,2.35583,4.58572,4.58572,2.78689,nan,2.80609,-0.31035,nan,-0.324173
2,10.07125234,2.04499,4.56813,4.56813,2.77536,nan,2.79461,-0.525846,nan,-0.539703
2,10.13854206,2.53579,4.54175,4.54175,2.75807,nan,2.77739,-0.160039,nan,-0.173948
2,10.16097196,3.01022,4.53295,4.53295,2.75231,nan,2.77165,0.18569,nan,0.171765
2,10.18340187,5.33e-15,4.52416,4.52416,2.74655,nan,2.76591,-1.97743,nan,-1.99137
2,10.20583178,3.40286,4.51537,4.51537,2.74079,nan,2.76018,0.476675,nan,0.462715
2,10.2731215,2.35583,4.48898,4.48898,2.7235,nan,2.74296,-0.264712,nan,-0.278723
2,10.2731215,3.9591,4.48898,4.48898,2.7235,nan,2.74296,0.889594,nan,0.875583
2,10.31798131,2.74847,4.47139,4.47139,2.71198,nan,2.73148,0.0262714,nan,0.0122262
2,10.40770093,5.87321,4.43622,4.43622,2.68893,nan,2.70853,2.29258,nan,2.27847
2,10.40770093,2.30675,4.43622,4.43622,2.68893,nan,2.70853,-0.27516,nan,-0.289274
2,10.40770093,3.7955,4.43622,4.43622,2.68893,nan,2.70853,0.796696,nan,0.782582
2,10.40770093,3.35378,4.43622,4.43622,2.68893,nan,2.70853,0.478673,nan,0.464559
2,10.40770093,3.01022,4.43622,4.43622,2.68893,nan,2.70853,0.231321,nan,0.217208
2,10.47499065,2.53579,4.40983,4.40983,2.67165,nan,2.69132,-0.0978169,nan,-0.111981
2,10.49742056,3.19018,4.40104,4.40104,2.66589,nan,2.68559,0.377476,nan,0.363294
2,10.51985047,4.46626,4.39224,4.39224,2.66013,nan,2.67985,1.30036,nan,1.28616
2,10.54228037,3.51738,4.38345,4.38345,2.65437,nan,2.67411,0.621343,nan,0.607127
2,10.632,1.86503,4.34827,4.34827,2.63133,nan,2.65117,-0.551713,nan,-0.565996
2,10.65442991,1.01431,4.33948,4.33948,2.62557,nan,2.64543,-1.16006,nan,-1.17436
2,10.92358879,2.53579,4.23394,4.23394,2.55648,nan,2.57662,-0.0148964,nan,-0.0293996
2,10.94601869,4.15542,4.22515,4.22515,2.55072,nan,2.57089,1.15533,nan,1.14081
2,11.03573832,0.327198,4.18997,4.18997,2.5277,nan,2.54796,-1.58429,nan,-1.59888
2,11.03573832,1.50511,4.18997,4.18997,2.5277,nan,2.54796,-0.736229,nan,-0.750817
2,11.03573832,2.38855,4.18997,4.18997,2.5277,nan,2.54796,-0.100183,nan,-0.114771
2,11.08059813,1.66871,4.17238,4.17238,2.51619,nan,2.53649,-0.610156,nan,-0.624777
2,11.14788785,1.42331,4.146,4.146,2.49892,nan,2.5193,-0.774405,nan,-0.789077
2,11.17031776,2.19223,4.1372,4.1372,2.49317,nan,2.51357,-0.216667,nan,-0.231355
2,11.19274766,1.79959,4.12841,4.12841,2.48741,nan,2.50784,-0.495211,nan,-0.509916
2,11.26003738,2.58487,4.10202,4.10202,2.47015,nan,2.49065,0.0825907,nan,0.067835
2,11.28246729,1.47239,4.09323,4.09323,2.4644,nan,2.48492,-0.714215,nan,-0.728987
2,11.3048972,3.25562,4.08443,4.08443,2.45865,nan,2.47919,0.573799,nan,0.55901
2,11.39461682,2.91207,4.04926,4.04926,2.43564,nan,2.45627,0.343013,nan,0.328157
2,11.43947664,2.45399,4.03167,4.03167,2.42414,nan,2.44482,0.0214921,nan,0.0066028
2,11.46190654,2.06135,4.02287,4.02287,2.41839,nan,2.43909,-0.257055,nan,-0.271961
2,11.48433645,1.93047,4.01408,4.01408,2.41263,nan,2.43336,-0.347144,nan,-0.362066
2,11.52919626,2.71575,3.99649,3.99649,2.40113,nan,2.42191,0.226511,nan,0.211555
2,11.52919626,4.38446,3.99649,3.99649,2.40113,nan,2.42191,1.42793,nan,1.41298
2,11.64134579,0.359918,3.95252,3.95252,2.37239,nan,2.39328,-1.44892,nan,-1.46396
2,11.91050467,0.834356,3.84698,3.84698,2.30344,nan,2.3246,-1.05769,nan,-1.07293
2,11.93293458,2.15951,3.83819,3.83819,2.29769,nan,2.31888,-0.0994873,nan,-0.11474
2,11.93293458,0.687117,3.83819,3.83819,2.29769,nan,2.31888,-1.15956,nan,-1.17482
2,11.97779439,1.11247,3.8206,3.8206,2.28621,nan,2.30744,-0.84505,nan,-0.860336
2,12.02265421,1.73415,3.80301,3.80301,2.27472,nan,2.296,-0.389193,nan,-0.404511
2,12.04508411,3.69734,3.79422,3.79422,2.26898,nan,2.29028,1.02838,nan,1.01304
2,12.11237383,1.96319,3.76783,3.76783,2.25176,nan,2.27312,-0.207758,nan,-0.223141
2,12.17966355,1.45603,3.74145,3.74145,2.23454,nan,2.25597,-0.560499,nan,-0.57593
2,12.24695327,2.84663,3.71507,3.71507,2.21732,nan,2.23882,0.45308,nan,0.4376
2,12.26938318,2.61759,3.70628,3.70628,2.21158,nan,2.23311,0.29231,nan,0.276814
2,12.38153271,3.28834,3.66231,3.66231,2.1829,nan,2.20454,0.795884,nan,0.780306
2,12.42639252,1.89775,3.64472,3.64472,2.17143,nan,2.19311,-0.197043,nan,-0.212653
2,12.42639252,1.60327,3.64472,3.64472,2.17143,nan,2.19311,-0.409059,nan,-0.424668
2,12.47125234,2.09407,3.62713,3.62713,2.15997,nan,2.18169,-0.047444,nan,-0.0630853
2,12.47125234,1.06339,3.62713,3.62713,2.15997,nan,2.18169,-0.789498,nan,-0.80514
2,12.51611215,3.32106,3.60955,3.60955,2.1485,nan,2.17027,0.844208,nan,0.828535
2,12.53854206,2.20859,3.60075,3.60075,2.14277,nan,2.16456,0.0473869,nan,0.031698
2,12.60583178,1.93047,3.57437,3.57437,2.12558,nan,2.14744,-0.140473,nan,-0.156209
2,12.6955514,0.736196,3.5392,3.5392,2.10267,nan,2.12461,-0.983817,nan,-0.999616
2,12.91985047,1.79959,3.45127,3.45127,2.04543,nan,2.06759,-0.176995,nan,-0.192948
2,12.91985047,0.916155,3.45127,3.45127,2.04543,nan,2.06759,-0.813041,nan,-0.828995
2,12.98714019,4.33538,3.42489,3.42489,2.02827,nan,2.05049,1.66105,nan,1.64505
2,13.05442991,1.66871,3.39852,3.39852,2.01112,nan,2.0334,-0.246521,nan,-0.262565
2,13.05442991,4.5317,3.39852,3.39852,2.01112,nan,2.0334,1.81474,nan,1.7987
2,13.18900935,0.458078,3.34576,3.34576,1.97683,nan,1.99924,-1.09346,nan,-1.10959
2,13.23386916,2.38855,3.32818,3.32818,1.96541,nan,1.98786,0.304647,nan,0.288482
2,13.25629907,0.539877,3.31939,3.31939,1.9597,nan,1.98217,-1.02223,nan,-1.03841
2,13.30115888,3.58282,3.30181,3.30181,1.94828,nan,1.9708,1.17682,nan,1.16061
2,13.3908785,2.02863,3.26664,3.26664,1.92546,nan,1.94806,0.07428,nan,0.0580105
2,13.41330841,3.76278,3.25785,3.25785,1.91976,nan,1.94237,1.32692,nan,1.31064
2,13.41330841,4.08998,3.25785,3.25785,1.91976,nan,1.94237,1.5625,nan,1.54621
2,13.45816822,2.65031,3.24027,3.24027,1.90835,nan,1.93101,0.534186,nan,0.517872
2,13.48059813,0.556237,3.23148,3.23148,1.90265,nan,1.92533,-0.969375,nan,-0.985704
2,13.52545794,2.14315,3.2139,3.2139,1.89125,nan,1.91397,0.18136,nan,0.165002
2,13.74975701,1.40695,3.126,3.126,1.83432,nan,1.85723,-0.307688,nan,-0.324189
2,13.81704673,0.997955,3.09963,3.09963,1.81726,nan,1.84023,-0.589871,nan,-0.606415
2,13.99648598,0.719836,3.02933,3.02933,1.77181,nan,1.79495,-0.757391,nan,-0.774046
2,14.0637757,1.55419,3.00296,3.00296,1.75479,nan,1.77798,-0.144427,nan,-0.161122
2,14.24321495,0.0981595,2.93267,2.93267,1.70947,nan,1.7328,-1.16009,nan,-1.17689
2,14.24321495,2.43763,2.93267,2.93267,1.70947,nan,1.7328,0.524252,nan,0.507452
2,14.31050467,2.78119,2.90632,2.90632,1.6925,nan,1.71588,0.783824,nan,0.766985
2,14.4002243,2.87935,2.87118,2.87118,1.66989,nan,1.69334,0.870774,nan,0.853885
2,14.4002243,4.05726,2.87118,2.87118,1.66989,nan,1.69334,1.71884,nan,1.70195
2,14.44508411,0.196319,2.85361,2.85361,1.65859,nan,1.68208,-1.05279,nan,-1.0697
2,14.44508411,1.01431,2.85361,2.85361,1.65859,nan,1.68208,-0.463859,nan,-0.480773
2,14.44508411,1.37423,2.85361,2.85361,1.65859,nan,1.68208,-0.204729,nan,-0.221643
2,14.53480374,2.73211,2.81848,2.81848,1.63602,nan,1.65958,0.789149,nan,0.772186
2,14.64695327,1.22699,2.77457,2.77457,1.60785,nan,1.63149,-0.274202,nan,-0.291224
2,14.87125234,1.79959,2.68678,2.68678,1.55164,nan,1.57544,0.178519,nan,0.161384
2,14.98340187,0.179959,2.64289,2.64289,1.52361,nan,1.54748,-0.967388,nan,-0.984576
2,15.02826168,1.79959,2.62534,2.62534,1.51242,nan,1.53632,0.206757,nan,0.189549
2,15.0955514,1.86503,2.59902,2.59902,1.49564,nan,1.51958,0.26595,nan,0.248711
2,15.25256075,3.68098,2.53762,2.53762,1.45658,nan,1.48062,1.6015,nan,1.58419
2,15.27499065,0.572597,2.52884,2.52884,1.45101,nan,1.47506,-0.632432,nan,-0.649746
2,15.29742056,1.68507,2.52008,2.52008,1.44544,nan,1.46951,0.172524,nan,0.155201
2,15.38714019,1.86503,2.485,2.485,1.4232,nan,1.44731,0.318102,nan,0.300745
2,15.47685981,0.883436,2.44994,2.44994,1.40101,nan,1.42516,-0.372636,nan,-0.390025
2,15.52171963,2.81391,2.43241,2.43241,1.38993,nan,1.4141,1.02522,nan,1.00782
2,15.90302804,1.66871,2.28354,2.28354,1.29625,nan,1.32058,0.268158,nan,0.250643
2,16.08246729,1.81595,2.21357,2.21357,1.25253,nan,1.27691,0.405646,nan,0.388096
2,16.26190654,2.56851,2.14367,2.14367,1.20906,nan,1.23348,0.978758,nan,0.961182
2,16.30676636,1.97955,2.12621,2.12621,1.19824,nan,1.22266,0.562519,nan,0.544939
3,0,0.620408,7.00609,7.00609,nan,6.16838,6.53906,nan,-3.99437,-4.26125
3,2.018691589,4.5551,7.51381,7.51381,nan,5.71786,6.05773,nan,-0.837151,-1.08185
3,2.041121495,2.61224,7.51108,7.51108,nan,5.71286,6.05239,nan,-2.23234,-2.4768
3,3.005607477,5.24082,7.27777,7.27777,nan,5.49761,5.82242,nan,-0.184884,-0.418733
3,3.857943925,3.72245,6.9809,6.9809,nan,5.30739,5.61919,nan,-1.14111,-1.36559
3,4.014953271,2.1551,6.9229,6.9229,nan,5.27235,5.58175,nan,-2.24433,-2.46708
3,4.014953271,3.2,6.9229,6.9229,nan,5.27235,5.58175,nan,-1.49203,-1.71479
3,4.037383178,5.01224,6.91456,6.91456,nan,5.26735,5.5764,nan,-0.183667,-0.406175
3,4.351401869,3.82041,6.79679,6.79679,nan,5.19727,5.50153,nan,-0.991298,-1.21035
3,5.001869159,3.11837,6.54847,6.54847,nan,5.05211,5.34643,nan,-1.39223,-1.60414
3,5.136448598,5.8449,6.49661,6.49661,nan,5.02207,5.31434,nan,0.592409,0.381984
3,5.226168224,1.94286,6.46198,6.46198,nan,5.00205,5.29295,nan,-2.20253,-2.41196
3,5.45046729,4.81633,6.3752,6.3752,nan,4.95199,5.23947,nan,-0.0976763,-0.304649
3,5.876635514,3.59184,6.20973,6.20973,nan,4.85689,5.13785,nan,-0.910797,-1.11308
3,5.943925234,4.70204,6.18354,6.18354,nan,4.84187,5.12181,nan,-0.100673,-0.302221
3,6.011214953,4.3102,6.15735,6.15735,nan,4.82685,5.10577,nan,-0.371972,-0.57278
3,6.03364486,6.33469,6.14861,6.14861,nan,4.82185,5.10042,nan,1.0892,0.888641
3,6.347663551,4.60408,6.0262,6.0262,nan,4.75177,5.02555,nan,-0.106331,-0.303441
3,6.841121495,5.12653,5.83349,5.83349,nan,4.64165,4.90789,nan,0.349101,0.157414
3,6.908411215,6.12245,5.80719,5.80719,nan,4.62663,4.89185,nan,1.07694,0.885996
3,6.998130841,4.19592,5.77211,5.77211,nan,4.60661,4.87045,nan,-0.295684,-0.485646
3,7.020560748,6.17143,5.76334,5.76334,nan,4.6016,4.86511,nan,1.13023,0.940511
3,7.042990654,5.40408,5.75456,5.75456,nan,4.5966,4.85976,nan,0.581364,0.391896
3,7.155140187,7.77143,5.7107,5.7107,nan,4.57157,4.83302,nan,2.3038,2.11556
3,7.244859813,4.76735,5.6756,5.6756,nan,4.55155,4.81163,nan,0.155369,-0.0318804
3,7.289719626,6.85714,5.65804,5.65804,nan,4.54154,4.80093,nan,1.66717,1.48041
3,7.334579439,5.81224,5.64049,5.64049,nan,4.53153,4.79024,nan,0.922079,0.735816
3,7.334579439,4.44082,5.64049,5.64049,nan,4.53153,4.79024,nan,-0.0653075,-0.251571
3,7.379439252,4.01633,5.62293,5.62293,nan,4.52151,4.77954,nan,-0.363719,-0.54949
3,7.446728972,6.23673,5.5966,5.5966,nan,4.5065,4.7635,nan,1.24572,1.06069
3,7.648598131,4.81633,5.51757,5.51757,nan,4.46145,4.71536,nan,0.255502,0.0726902
3,7.693457944,6.44898,5.5,5.5,nan,4.45144,4.70467,nan,1.43817,1.25585
3,7.85046729,4.76735,5.43852,5.43852,nan,4.4164,4.66723,nan,0.252673,0.0720796
3,7.962616822,6.80816,5.39459,5.39459,nan,4.39137,4.64049,nan,1.74002,1.56066
3,8.007476636,5.74694,5.37702,5.37702,nan,4.38136,4.6298,nan,0.983175,0.804308
3,8.007476636,3.6898,5.37702,5.37702,nan,4.38136,4.6298,nan,-0.497904,-0.676771
3,8.007476636,5.3551,5.37702,5.37702,nan,4.38136,4.6298,nan,0.701065,0.522198
3,8.142056075,8.26122,5.3243,5.3243,nan,4.35133,4.59771,nan,2.81501,2.63762
3,8.231775701,4.5551,5.28915,5.28915,nan,4.3313,4.57632,nan,0.161127,-0.0152735
3,8.321495327,5.48571,5.254,5.254,nan,4.31128,4.55492,nan,0.845555,0.67014
3,8.343925234,4.32653,5.24521,5.24521,nan,4.30628,4.54958,nan,0.0145819,-0.160586
3,8.456074766,5.9102,5.20126,5.20126,nan,4.28125,4.52284,nan,1.1728,0.998862
3,8.747663551,4.75102,5.08699,5.08699,nan,4.21618,4.45331,nan,0.385069,0.214339
3,8.882242991,3.98367,5.03425,5.03425,nan,4.18615,4.42123,nan,-0.145774,-0.315026
3,8.94953271,6.66122,5.00787,5.00787,nan,4.17113,4.40518,nan,1.79279,1.62428
3,9.01682243,4.8,4.9815,4.9815,nan,4.15611,4.38914,nan,0.463578,0.295806
3,9.039252336,5.9102,4.97271,4.97271,nan,4.15111,4.38379,nan,1.26649,1.09897
3,9.039252336,4.60408,4.97271,4.97271,nan,4.15111,4.38379,nan,0.326126,0.158601
3,9.151401869,7.72245,4.92875,4.92875,nan,4.12608,4.35705,nan,2.58927,2.42298
3,9.218691589,3.80408,4.90237,4.90237,nan,4.11107,4.34101,nan,-0.221019,-0.386572
3,9.285981308,5.06122,4.87599,4.87599,nan,4.09605,4.32497,nan,0.694896,0.530083
3,9.330841121,6.22041,4.85841,4.85841,nan,4.08604,4.31427,nan,1.53668,1.37236
3,9.353271028,5.32245,4.84961,4.84961,nan,4.08103,4.30892,nan,0.893781,0.729707
3,9.375700935,4.39184,4.84082,4.84082,nan,4.07603,4.30358,nan,0.227372,0.0635451
3,9.487850467,6.26939,4.79685,4.79685,nan,4.051,4.27684,nan,1.59717,1.43458
3,9.66728972,4.34286,4.72651,4.72651,nan,4.01096,4.23406,nan,0.238956,0.078334
3,9.846728972,4.71837,4.65616,4.65616,nan,3.97092,4.19127,nan,0.538141,0.379491
3,9.958878505,5.02857,4.61219,4.61219,nan,3.94589,4.16454,nan,0.779496,0.62208
3,10.00373832,6.92245,4.5946,4.5946,nan,3.93588,4.15384,nan,2.15024,1.99331
3,10.02616822,4.35918,4.58581,4.58581,nan,3.93088,4.14849,nan,0.308368,0.151691
3,10.02616822,5.51837,4.58581,4.58581,nan,3.93088,4.14849,nan,1.14294,0.986268
3,10.11588785,7.24898,4.55063,4.55063,nan,3.91086,4.1271,nan,2.40335,2.24766
3,10.22803738,3.80408,4.50666,4.50666,nan,3.88583,4.10036,nan,-0.058857,-0.213314
3,10.2953271,5.1102,4.48028,4.48028,nan,3.87082,4.08432,nan,0.892321,0.738604
3,10.34018692,5.20816,4.46269,4.46269,nan,3.86081,4.07363,nan,0.970056,0.816832
3,10.38504673,3.15102,4.4451,4.4451,nan,3.8508,4.06293,nan,-0.503817,-0.656548
3,10.45233645,4.63673,4.41872,4.41872,nan,3.83578,4.04689,nan,0.576662,0.424671
3,10.65420561,4.70204,4.33957,4.33957,nan,3.79074,3.99876,nan,0.656111,0.506339
3,10.69906542,4.13061,4.32198,4.32198,nan,3.78073,3.98807,nan,0.251907,0.102628
3,10.74392523,3.4449,4.30439,4.30439,nan,3.77072,3.97737,nan,-0.23458,-0.383365
3,10.85607477,6.07347,4.26041,4.26041,nan,3.74569,3.95064,nan,1.67593,1.52838
3,10.94579439,4.21224,4.22524,4.22524,nan,3.72567,3.92925,nan,0.350316,0.203751
3,10.99065421,5.42041,4.20765,4.20765,nan,3.71566,3.91855,nan,1.22736,1.08129
3,11.01308411,5.99184,4.19885,4.19885,nan,3.71066,3.9132,nan,1.64238,1.49655
3,11.03551402,4.81633,4.19006,4.19006,nan,3.70566,3.90786,nan,0.799649,0.654071
3,11.14766355,6.38367,4.14608,4.14608,nan,3.68063,3.88112,nan,1.94611,1.80176
3,11.23738318,2.48163,4.11091,4.11091,nan,3.66061,3.85973,nan,-0.84883,-0.992188
3,11.28224299,4.65306,4.09332,4.09332,nan,3.6506,3.84904,nan,0.721738,0.578874
3,11.3271028,3.65714,4.07573,4.07573,nan,3.6406,3.83834,nan,0.0119137,-0.130457
3,11.37196262,2.13878,4.05814,4.05814,nan,3.63059,3.82765,nan,-1.07406,-1.21594
3,11.41682243,4.16327,4.04055,4.04055,nan,3.62058,3.81695,nan,0.390719,0.249335
3,11.6635514,2.67755,3.94381,3.94381,nan,3.56553,3.75813,nan,-0.639317,-0.777986
3,11.68598131,3.2,3.93501,3.93501,nan,3.56052,3.75279,nan,-0.259567,-0.397989
3,11.73084112,2.38367,3.91743,3.91743,nan,3.55052,3.74209,nan,-0.840091,-0.97802
3,11.86542056,3.36327,3.86466,3.86466,nan,3.52049,3.71001,nan,-0.113197,-0.249646
3,11.93271028,4.94694,3.83828,3.83828,nan,3.50548,3.69397,nan,1.03781,0.9021
3,12,3.78776,3.81189,3.81189,nan,3.49047,3.67793,nan,0.214039,0.079072
3,12.02242991,6.22041,3.8031,3.8031,nan,3.48546,3.67258,nan,1.96908,1.83436
3,12.04485981,3.08571,3.7943,3.7943,nan,3.48046,3.66723,nan,-0.284203,-0.418677
3,12.11214953,5.64898,3.76792,3.76792,nan,3.46545,3.65119,nan,1.57208,1.43834
3,12.22429907,2.51429,3.72395,3.72395,nan,3.44043,3.62446,nan,-0.666793,-0.799291
3,12.29158879,4.88163,3.69757,3.69757,nan,3.42541,3.60842,nan,1.04843,0.916674
3,12.31401869,5.19184,3.68878,3.68878,nan,3.42041,3.60307,nan,1.27537,1.14386
3,12.3364486,2.82449,3.67998,3.67998,nan,3.41541,3.59773,nan,-0.425442,-0.556707
3,12.3588785,2.30204,3.67119,3.67119,nan,3.4104,3.59238,nan,-0.797987,-0.929004
3,12.44859813,4.73469,3.63601,3.63601,nan,3.39039,3.57099,nan,0.967859,0.837829
3,12.65046729,2.36735,3.55687,3.55687,nan,3.34536,3.52287,nan,-0.704137,-0.831945
3,12.6728972,3.46122,3.54808,3.54808,nan,3.34035,3.51753,nan,0.0870235,-0.0405371
3,12.74018692,3.05306,3.5217,3.5217,nan,3.32534,3.50149,nan,-0.196035,-0.322854
3,12.87476636,3.00408,3.46894,3.46894,nan,3.29532,3.46941,nan,-0.209685,-0.335023
3,12.94205607,4.08163,3.44257,3.44257,nan,3.28031,3.45337,nan,0.576924,0.452328
3,12.98691589,4.44082,3.42498,3.42498,nan,3.27031,3.44268,nan,0.84273,0.718627
3,13.00934579,4.57143,3.41619,3.41619,nan,3.26531,3.43733,nan,0.940368,0.816513
3,13.0317757,2.62857,3.4074,3.4074,nan,3.2603,3.43199,nan,-0.454827,-0.578436
3,13.16635514,4.60408,3.35464,3.35464,nan,3.23029,3.39991,nan,0.989091,0.866965
3,13.23364486,2.10612,3.32827,3.32827,nan,3.21528,3.38388,nan,-0.798558,-0.919943
3,13.30093458,3.55918,3.30189,3.30189,nan,3.20027,3.36784,nan,0.258407,0.137763
3,13.30093458,2.35102,3.30189,3.30189,nan,3.20027,3.36784,nan,-0.611434,-0.732077
3,13.32336449,3.13469,3.2931,3.2931,nan,3.19527,3.36249,nan,-0.0436113,-0.164008
3,13.3682243,2.93878,3.27552,3.27552,nan,3.18526,3.3518,nan,-0.177463,-0.297366
3,13.45794393,3.98367,3.24036,3.24036,nan,3.16525,3.33042,nan,0.589237,0.470323
3,13.65981308,5.33e-15,3.16124,3.16124,nan,3.12023,3.28231,nan,-2.24647,-2.36316
3,13.68224299,2.17143,3.15245,3.15245,nan,3.11523,3.27696,nan,-0.67951,-0.795952
3,13.74953271,1.69796,3.12609,3.12609,nan,3.10023,3.26093,nan,-1.00959,-1.12529
3,13.86168224,0.897959,3.08214,3.08214,nan,3.07522,3.2342,nan,-1.56756,-1.68202
3,13.92897196,3.57551,3.05578,3.05578,nan,3.06022,3.21817,nan,0.370997,0.257274
3,13.99626168,3.5102,3.02941,3.02941,nan,3.04521,3.20214,nan,0.334781,0.2218
3,14.01869159,1.50204,3.02063,3.02063,nan,3.04021,3.19679,nan,-1.10743,-1.22017
3,14.0411215,2.69388,3.01184,3.01184,nan,3.03521,3.19145,nan,-0.245748,-0.358234
3,14.13084112,5.30612,2.97669,2.97669,nan,3.01521,3.17007,nan,1.64939,1.53789
3,14.24299065,1.6,2.93276,2.93276,nan,2.9902,3.14335,nan,-1.0009,-1.11116
3,14.28785047,3.88571,2.91519,2.91519,nan,2.9802,3.13266,nan,0.651942,0.542177
3,14.33271028,2.77551,2.89762,2.89762,nan,2.9702,3.12197,nan,-0.14017,-0.249441
3,14.44485981,4.27755,2.8537,2.8537,nan,2.9452,3.09525,nan,0.959253,0.85122
3,14.64672897,2.25306,2.77466,2.77466,nan,2.9002,3.04716,nan,-0.465921,-0.571726
3,14.69158879,5.07755,2.7571,2.7571,nan,2.8902,3.03647,nan,1.57482,1.46951
3,14.93831776,2.93878,2.66053,2.66053,nan,2.83521,2.9777,nan,0.0745605,-0.0280265
3,14.98317757,3.10204,2.64298,2.64298,nan,2.82522,2.96702,nan,0.199304,0.0972122
3,15.00560748,1.19184,2.63421,2.63421,nan,2.82022,2.96168,nan,-1.17239,-1.27423
3,15.05046729,1.51837,2.61666,2.61666,nan,2.81022,2.95099,nan,-0.930097,-1.03145
3,15.11775701,5.38776,2.59033,2.59033,nan,2.79523,2.93497,nan,1.86654,1.76593
3,15.25233645,1.76327,2.5377,2.5377,nan,2.76525,2.90292,nan,-0.721395,-0.820514
3,15.29719626,2.98776,2.52016,2.52016,nan,2.75525,2.89223,nan,0.167395,0.0687724
3,15.36448598,1.25714,2.49386,2.49386,nan,2.74026,2.87621,nan,-1.0678,-1.16568
3,15.4317757,3.96735,2.46756,2.46756,nan,2.72527,2.86019,nan,0.894256,0.79712
3,15.67850467,0.0163265,2.37117,2.37117,nan,2.67032,2.80145,nan,-1.91079,-2.0052
3,15.92523364,2.59592,2.27488,2.27488,nan,2.61538,2.74272,nan,-0.0140123,-0.105691
3,16.1271028,0.881633,2.19618,2.19618,nan,2.57044,2.69468,nan,-1.21589,-1.30534
3,16.21682243,1.24082,2.16123,2.16123,nan,2.55048,2.67333,nan,-0.942916,-1.03137
3,16.30654206,2.85714,2.1263,2.1263,nan,2.53051,2.65198,nan,0.235164,0.147708
3,16.35140187,0.914286,2.10884,2.10884,nan,2.52053,2.64131,nan,-1.15645,-1.24341
3,16.4635514,2.84082,2.06522,2.06522,nan,2.49558,2.61464,nan,0.24856,0.162844
3,16.66542056,2.74286,1.9868,1.9868,nan,2.45068,2.56663,nan,0.210358,0.126881
3,16.97943925,0.163265,1.86513,1.86513,nan,2.38087,2.49198,nan,-1.59661,-1.6766
3,17.00186916,2.17143,1.85645,1.85645,nan,2.37589,2.48665,nan,-0.147203,-0.226946
3,17.11401869,2.23673,1.81312,1.81312,nan,2.35097,2.46,nan,-0.0822425,-0.160741
3,17.20373832,0.555102,1.7785,1.7785,nan,2.33103,2.43868,nan,-1.27862,-1.35612
3,17.29345794,0.457143,1.74392,1.74392,nan,2.31111,2.41737,nan,-1.3348,-1.4113
3,17.29345794,1.95918,1.74392,1.74392,nan,2.31111,2.41737,nan,-0.253374,-0.329878
3,17.31588785,3.2,1.73529,1.73529,nan,2.30613,2.41204,nan,0.643562,0.567307
3,17.42803738,2.67755,1.69216,1.69216,nan,2.28122,2.38541,nan,0.285343,0.210335
3,18.03364486,1.81224,1.46105,1.46105,nan,2.1469,2.24171,nan,-0.240941,-0.309205
3,18.12336449,4.5551,1.42713,1.42713,nan,2.12702,2.22045,nan,1.74814,1.68088
3,18.23551402,0.555102,1.38488,1.38488,nan,2.10219,2.19387,nan,-1.11385,-1.17987
3,18.37009346,1.30612,1.33441,1.33441,nan,2.0724,2.162,nan,-0.551696,-0.616205
3,18.43738318,2.20408,1.30928,1.30928,nan,2.05751,2.14607,nan,0.105526,0.0417687
3,18.95327103,2.04082,1.11944,1.11944,nan,1.94353,2.02408,nan,0.0700399,0.0120516
3,19.13271028,2.57959,1.05483,1.05483,nan,1.90397,1.98172,nan,0.486429,0.430451
3,19.26728972,0.359184,1.00698,1.00698,nan,1.87432,1.94998,nan,-1.09085,-1.14532
3,19.44672897,1.63265,0.944062,0.944062,nan,1.83483,1.9077,nan,-0.145564,-0.198023
3,20.43364486,1.66531,0.622833,0.622833,nan,1.61876,1.67623,nan,0.0335136,-0.00786504
4,0,1.95122,7.00609,7.00609,1.39765,1.39082,1.56155,0.398554,0.40347,0.280552
4,0.993314231,2.05765,7.42781,7.42781,2.93692,2.92941,3.09517,-0.633047,-0.627639,-0.746986
4,1.107927412,5.62306,7.4585,7.4585,3.11635,3.10877,3.27339,1.80475,1.81021,1.69169
4,1.184336199,0.922395,7.47619,7.47619,3.23601,3.22837,3.39222,-1.66573,-1.66024,-1.7782
4,1.222540592,4.25721,7.48417,7.48417,3.29584,3.28819,3.45164,0.692152,0.697665,0.579986
4,1.910219675,7.34368,7.52455,7.52455,4.37326,4.36518,4.52147,2.13861,2.14443,2.03191
4,1.986628462,4.00887,7.51741,7.51741,4.49299,4.48487,4.64035,-0.348552,-0.342703,-0.454644
4,2.101241643,5.81818,7.50295,7.50295,4.67259,4.66439,4.81867,0.824792,0.830691,0.719618
4,2.17765043,4.00887,7.49099,7.49099,4.79232,4.78408,4.93755,-0.564062,-0.558129,-0.668623
4,2.215854823,2.80266,7.48436,7.48436,4.85219,4.84392,4.99699,-1.4756,-1.46965,-1.57985
4,2.215854823,4.47007,7.48436,7.48436,4.85219,4.84392,4.99699,-0.275116,-0.269167,-0.379371
4,2.521489971,3.051,7.41792,7.41792,5.33113,5.32268,5.47251,-1.64162,-1.63554,-1.74342
4,2.903533906,8.26608,7.30988,7.30988,5.9298,5.92112,6.06684,1.68205,1.6883,1.58338
4,3.018147087,4.82483,7.27375,7.27375,6.1094,6.10065,6.24511,-0.924851,-0.91855,-1.02255
4,3.094555874,6.56319,7.24896,7.24896,6.22914,6.22034,6.36393,0.240508,0.246842,0.143464
4,3.132760267,6.17295,7.23637,7.23637,6.28901,6.28019,6.42333,-0.0835584,-0.0772073,-0.180269
4,3.209169054,4.15078,7.21084,7.21084,6.40874,6.39987,6.54212,-1.62567,-1.61928,-1.7217
4,3.209169054,4.66519,7.21084,7.21084,6.40874,6.39987,6.54212,-1.25531,-1.24892,-1.35133
4,3.209169054,6.03104,7.21084,7.21084,6.40874,6.39987,6.54212,-0.271933,-0.265548,-0.367962
4,3.896848138,8.26608,6.96659,6.96659,7.48636,7.47708,7.60024,0.561371,0.568056,0.479382
4,3.915950334,7.18404,6.95955,6.95955,7.51629,7.507,7.62589,-0.239216,-0.232523,-0.318121
4,4.011461318,6.29712,6.9242,6.9242,7.65535,7.64807,7.71903,-0.977883,-0.972643,-1.02373
4,4.087870105,8.2306,6.89576,6.89576,7.72391,7.71999,7.74951,0.364798,0.36762,0.346367
4,4.106972302,7.55654,6.88863,6.88863,7.73432,7.73117,7.752,-0.127997,-0.125725,-0.140722
4,4.183381089,7.73392,6.86004,6.86004,7.7535,7.75287,7.74602,-0.0140962,-0.0136407,-0.00870568
4,4.240687679,7.27273,6.83852,6.83852,7.74908,7.7498,7.72861,-0.34296,-0.34348,-0.328224
4,4.240687679,4.50554,6.83852,6.83852,7.74908,7.7498,7.72861,-2.33525,-2.33577,-2.32051
4,4.508118434,7.94678,6.7374,6.7374,7.61882,7.6221,7.57525,0.236123,0.233762,0.267492
4,4.508118434,6.38581,6.7374,6.7374,7.61882,7.6221,7.57525,-0.887732,-0.890092,-0.856363
4,4.699140401,7.50333,6.66459,6.66459,7.48412,7.4876,7.43937,0.0138304,0.0113232,0.046049
4,4.890162369,8.54989,6.59141,6.59141,7.34202,7.34537,7.29905,0.86963,0.867214,0.900563
4,4.928366762,7.57428,6.57673,6.57673,7.31331,7.31663,7.27083,0.187887,0.1855,0.218477
4,5.023877746,6.40355,6.54,6.54,7.24138,7.24459,7.20016,-0.603214,-0.605526,-0.573534
4,5.062082139,7.25499,6.52528,6.52528,7.21257,7.21573,7.17186,0.0305439,0.0282649,0.0598468
4,5.11938873,8.08869,6.50319,6.50319,7.16931,7.17241,7.12941,0.661924,0.659695,0.690653
4,5.17669532,7.5388,6.48108,6.48108,7.12604,7.12907,7.08694,0.297177,0.294997,0.325324
4,5.214899713,6.7051,6.46633,6.46633,7.09718,7.10016,7.05863,-0.282287,-0.284433,-0.25453
4,5.23400191,6.26164,6.45895,6.45895,7.08275,7.08571,7.04447,-0.591174,-0.593304,-0.563613
4,5.520534862,6.29712,6.34804,6.34804,6.86623,6.86883,6.83205,-0.409742,-0.411617,-0.385137
4,5.539637058,5.10865,6.34063,6.34063,6.85179,6.85437,6.81789,-1.25501,-1.25687,-1.2306
4,5.711556829,6.52772,6.2739,6.2739,6.72186,6.72422,6.69043,-0.139777,-0.14148,-0.117149
4,5.902578797,7.60976,6.19963,6.19963,6.57749,6.57962,6.54881,0.743201,0.741669,0.763851
4,5.921680993,6.86475,6.1922,6.1922,6.56305,6.56515,6.53464,0.21721,0.215696,0.237663
4,6.036294174,7.41463,6.14758,6.14758,6.47643,6.47839,6.44967,0.67548,0.674068,0.694745
4,6.074498567,5.42794,6.1327,6.1327,6.44755,6.44947,6.42134,-0.734092,-0.73547,-0.715222
4,6.074498567,5.14412,6.1327,6.1327,6.44755,6.44947,6.42134,-0.938429,-0.939807,-0.919559
4,6.112702961,8.42572,6.11781,6.11781,6.41868,6.42055,6.39302,1.44501,1.44366,1.46348
4,6.189111748,5.39246,6.08804,6.08804,6.36093,6.3627,6.33637,-0.697268,-0.698543,-0.679585
4,6.227316141,6.95344,6.07314,6.07314,6.33206,6.33378,6.30804,0.447375,0.446134,0.464662
4,6.227316141,5.78271,6.07314,6.07314,6.33206,6.33378,6.30804,-0.395516,-0.396756,-0.378228
4,6.227316141,5.85366,6.07314,6.07314,6.33206,6.33378,6.30804,-0.344432,-0.345672,-0.327144
4,6.532951289,4.64745,5.95389,5.95389,6.10106,6.1024,6.08145,-1.04656,-1.04752,-1.03243
4,6.532951289,5.60532,5.95389,5.95389,6.10106,6.1024,6.08145,-0.356918,-0.357884,-0.342795
4,6.723973257,5.21508,5.87927,5.87927,5.95669,nan,5.93982,-0.533938,nan,-0.521793
4,6.914995224,5.78271,5.80461,5.80461,5.81232,nan,5.7982,-0.021321,nan,-0.0111539
4,6.914995224,5.56984,5.80461,5.80461,5.81232,nan,5.7982,-0.174574,nan,-0.164407
4,7.029608405,6.03104,5.7598,5.7598,5.7257,nan,5.71322,0.219839,nan,0.22882
4,7.067812798,6.13747,5.74486,5.74486,5.69682,nan,5.6849,0.317254,nan,0.32584
4,7.067812798,5.78271,5.74486,5.74486,5.69682,nan,5.6849,0.061833,nan,0.0704182
4,7.106017192,7.84035,5.72991,5.72991,5.66795,nan,5.65657,1.56407,nan,1.57226
4,7.182425979,4.75388,5.70002,5.70002,5.6102,nan,5.59992,-0.616524,nan,-0.609125
4,7.220630372,5.35698,5.68508,5.68508,5.58133,nan,5.5716,-0.161519,nan,-0.154515
4,7.220630372,4.50554,5.68508,5.68508,5.58133,nan,5.5716,-0.77453,nan,-0.767527
4,7.258834766,4.36364,5.67013,5.67013,5.55245,nan,5.54327,-0.85591,nan,-0.849302
4,7.526265521,6.102,5.56546,5.56546,5.35033,nan,5.345,0.541174,nan,0.545014
4,7.526265521,4.32816,5.56546,5.56546,5.35033,nan,5.345,-0.735933,nan,-0.732093
4,7.698185291,7.04213,5.49815,5.49815,5.2204,nan,5.21754,1.31159,nan,1.31365
4,7.908309456,6.91796,5.41586,5.41586,5.06159,nan,5.06175,1.33653,nan,1.33641
4,7.908309456,4.39911,5.41586,5.41586,5.06159,nan,5.06175,-0.476964,nan,-0.477079
4,8.022922636,4.61197,5.37097,5.37097,4.97497,nan,4.97678,-0.261346,nan,-0.262647
4,8.022922636,4.15078,5.37097,5.37097,4.97497,nan,4.97678,-0.593394,nan,-0.594695
4,8.06112703,4.39911,5.356,5.356,4.9461,nan,4.94845,-0.393811,nan,-0.395507
4,8.099331423,4.89579,5.34104,5.34104,4.91722,nan,4.92013,-0.0154326,nan,-0.0175239
4,8.099331423,5.03769,5.34104,5.34104,4.91722,nan,4.92013,0.086736,nan,0.0846447
4,8.213944604,4.18625,5.29614,5.29614,4.8306,nan,4.83515,-0.463911,nan,-0.467187
4,8.213944604,3.08647,5.29614,5.29614,4.8306,nan,4.83515,-1.25572,nan,-1.25899
4,8.213944604,3.33481,5.29614,5.29614,4.8306,nan,4.83515,-1.07692,nan,-1.0802
4,8.2330468,4.5765,5.28865,5.28865,4.81616,nan,4.82099,-0.172553,nan,-0.176027
4,8.519579752,4.77162,5.17638,5.17638,4.59961,nan,4.60856,0.12384,nan,0.117399
4,8.538681948,4.68293,5.16889,5.16889,4.58517,nan,4.59439,0.0703786,nan,0.0637403
4,8.672397326,4.86031,5.11649,5.11649,4.48412,nan,4.49526,0.270847,nan,0.262825
4,8.901623687,6.03104,5.02665,5.02665,4.31088,nan,4.32532,1.23847,nan,1.22807
4,9.016236867,2.55432,4.98173,4.98173,4.22426,nan,4.24035,-1.2023,nan,-1.21389
4,9.054441261,4.70067,4.96675,4.96675,4.19539,nan,4.21203,0.363784,nan,0.351806
4,9.073543457,4.23947,4.95927,4.95927,4.18095,nan,4.19786,0.0421291,nan,0.0299535
4,9.092645654,5.42794,4.95178,4.95178,4.16652,nan,4.1837,0.908184,nan,0.895811
4,9.092645654,4.32816,4.95178,4.95178,4.16652,nan,4.1837,0.116378,nan,0.104005
4,9.207258835,1.59645,4.90685,4.90685,4.0799,nan,4.09873,-1.78801,nan,-1.80157
4,9.207258835,1.09978,4.90685,4.90685,4.0799,nan,4.09873,-2.1456,nan,-2.15916
4,9.245463228,3.1929,4.89187,4.89187,4.05103,nan,4.07041,-0.617825,nan,-0.631778
4,9.512893983,1.77384,4.78704,4.78704,3.84893,nan,3.87216,-1.494,nan,-1.51073
4,9.53199618,4.20399,4.77955,4.77955,3.8345,nan,3.858,0.266025,nan,0.249104
4,9.70391595,7.29047,4.71215,4.71215,3.70458,nan,3.73056,2.58173,nan,2.56302
4,9.894937918,1.77384,4.63726,4.63726,3.56025,nan,3.58896,-1.28616,nan,-1.30684
4,9.914040115,4.949,4.62977,4.62977,3.54581,nan,3.57481,1.01025,nan,0.989379
4,10.04775549,1.63193,4.57734,4.57734,3.44479,nan,3.4757,-1.3052,nan,-1.32746
4,10.04775549,3.22838,4.57734,4.57734,3.44479,nan,3.4757,-0.155804,nan,-0.178061
4,10.12416428,2.09313,4.54739,4.54739,3.38706,nan,3.41907,-0.931591,nan,-0.954638
4,10.12416428,3.58315,4.54739,4.54739,3.38706,nan,3.41907,0.141179,nan,0.118132
4,10.20057307,0.922395,4.51743,4.51743,3.32933,nan,3.36244,-1.73292,nan,-1.75676
4,10.20057307,1.20621,4.51743,4.51743,3.32933,nan,3.36244,-1.52859,nan,-1.55242
4,10.20057307,1.59645,4.51743,4.51743,3.32933,nan,3.36244,-1.24762,nan,-1.27146
4,10.27698185,1.41907,4.48747,4.48747,3.27162,nan,3.30582,-1.33378,nan,-1.3584
4,10.50620821,2.62528,4.39759,4.39759,3.09848,nan,3.13597,-0.340695,nan,-0.367686
4,10.67812798,4.23947,4.33019,4.33019,2.96867,nan,3.00862,0.914936,nan,0.886173
4,10.88825215,2.34146,4.2478,4.2478,2.81007,nan,2.85302,-0.337379,nan,-0.368303
4,10.92645654,5.35698,4.23282,4.23282,2.78124,nan,2.82473,1.85446,nan,1.82314
4,11.04106972,0.851441,4.18788,4.18788,2.69477,nan,2.7399,-1.32714,nan,-1.35963
4,11.06017192,3.40576,4.18039,4.18039,2.68037,nan,2.72576,0.522265,nan,0.48958
4,11.09837631,2.8204,4.16541,4.16541,2.65155,nan,2.69749,0.121564,nan,0.0884881
4,11.11747851,2.41242,4.15792,4.15792,2.63715,nan,2.68336,-0.1618,nan,-0.195071
4,11.1938873,0.532151,4.12796,4.12796,2.57954,nan,2.62684,-1.47406,nan,-1.50811
4,11.1938873,1.70288,4.12796,4.12796,2.57954,nan,2.62684,-0.631168,nan,-0.665218
4,11.27029608,0.354767,4.098,4.098,2.52196,nan,2.57033,-1.56031,nan,-1.59514
4,11.49952245,1.5255,4.00812,4.00812,2.34935,nan,2.40094,-0.593149,nan,-0.63029
4,11.53772684,2.83814,3.99314,3.99314,2.32061,nan,2.37273,0.372603,nan,0.335078
4,11.72874881,4.96674,3.91825,3.91825,2.17705,nan,2.23182,2.00849,nan,1.96906
4,11.91977077,2.44789,3.84335,3.84335,2.03382,nan,2.09117,0.298122,nan,0.256828
4,12.03438395,0.141907,3.79841,3.79841,1.94808,nan,2.00696,-1.30039,nan,-1.34278
4,12.03438395,2.02217,3.79841,3.79841,1.94808,nan,2.00696,0.0533447,nan,0.010954
4,12.07258835,0.922395,3.78343,3.78343,1.91954,nan,1.97892,-0.717915,nan,-0.760667
4,12.11079274,1.38359,3.76845,3.76845,1.89103,nan,1.9509,-0.365337,nan,-0.408447
4,12.11079274,3.01552,3.76845,3.76845,1.89103,nan,1.9509,0.809602,nan,0.766492
4,12.22540592,0.496674,3.72352,3.72352,1.80563,nan,1.86698,-0.94241,nan,-0.986578
4,12.22540592,2.76718,3.72352,3.72352,1.80563,nan,1.86698,0.692287,nan,0.64812
4,12.53104107,0.567627,3.60369,3.60369,1.57938,nan,1.6444,-0.728432,nan,-0.775245
4,12.53104107,2.44789,3.60369,3.60369,1.57938,nan,1.6444,0.625301,nan,0.578489
4,12.70296084,3.40576,3.53629,3.53629,1.45342,nan,1.52029,1.40563,nan,1.35749
4,12.913085,2.55432,3.45392,3.45392,1.3013,nan,1.37012,0.902136,nan,0.85259
4,13.04680038,2.92683,3.40151,3.40151,1.20589,nan,1.27571,1.23902,nan,1.18876
4,13.06590258,0,3.39402,3.39402,1.19237,nan,1.26231,-0.858469,nan,-0.908822
4,13.10410697,0.354767,3.37904,3.37904,1.16541,nan,1.23558,-0.583636,nan,-0.634157
4,13.12320917,1.24169,3.37156,3.37156,1.15197,nan,1.22225,0.0645905,nan,0.0139909
4,13.21872015,1.0643,3.33412,3.33412,1.08529,nan,1.15603,-0.015108,nan,-0.0660393
4,13.5243553,2.18182,3.21433,3.21433,0.878651,nan,0.949717,0.93824,nan,0.887075
4,13.5243553,1.77384,3.21433,3.21433,0.878651,nan,0.949717,0.644506,nan,0.59334
4,13.69627507,3.051,3.14696,3.14696,0.7683,nan,0.838577,1.64347,nan,1.59287
4,13.92550143,2.5898,3.05714,3.05714,0.629914,nan,0.69779,1.41106,nan,1.36219
4,14.05921681,2.25277,3.00475,3.00475,0.554745,nan,0.620432,1.22253,nan,1.17523
4,14.0974212,0,2.98978,2.98978,0.534115,nan,0.599065,-0.384546,nan,-0.431308
4,14.0974212,0.283814,2.98978,2.98978,0.534115,nan,0.599065,-0.180209,nan,-0.226971
4,14.51766953,1.31264,2.82519,2.82519,0.335454,nan,0.389274,0.703543,nan,0.664794
4,14.7086915,6.40355,2.7504,2.7504,0.263754,nan,0.311107,4.42046,nan,4.38637
4,14.89971347,0.532151,2.67564,2.67564,0.203904,nan,0.24443,0.236328,nan,0.20715
4,15.05253104,1.70288,2.61585,2.61585,0.164139,nan,0.199236,1.10785,nan,1.08258
4,15.70200573,3.76053,2.362,2.362,0.0600649,nan,0.0763053,2.66422,nan,2.65253
4,15.8930277,0.0709534,2.28744,2.28744,0.0439026,nan,0.0563826,0.0194758,nan,0.0104905
4,16.04584527,1.91574,2.22785,2.22785,0.0340406,nan,0.0440679,1.35477,nan,1.34755
4,16.10315186,0.86918,2.20551,2.20551,0.0309219,nan,0.0401447,0.60352,nan,0.59688
4,16.52340019,1.5255,2.04196,2.04196,0.0151565,nan,0.0200547,1.0874,nan,1.08387
4,16.71442216,4.45233,1.96779,1.96779,0.0109232,nan,0.0145665,3.19768,nan,3.19505
4,16.88634193,0.354767,1.90116,1.90116,0.00812473,nan,0.0109076,0.249572,nan,0.247568
4,17.0582617,2.1286,1.83465,1.83465,0.00603857,nan,0.00815922,1.52818,nan,1.52665
4,17.68863419,2.69623,1.5923,1.5923,0.00202543,nan,0.00279882,1.93975,nan,1.93919
