id,time,y10_,popPred_medianCOV,popPred,indivPred_SAEM,indivPred_mean,indivPred_mode,indWRes_SAEM,indWRes_mean,indWRes_mode
1,0,0.780488,7.60519,7.60519,3.55564,3.56405,3.57178,-1.99082,-1.99684,-2.00239
1,0,1.59645,7.60519,7.60519,3.55564,3.56405,3.57178,-1.40547,-1.41149,-1.41704
1,0.667302193,5.67627,7.34795,7.34795,4.58294,4.59479,4.59608,0.784327,0.775823,0.774904
1,0.762631077,5.25055,7.30919,7.30919,4.72971,4.74206,4.74241,0.373639,0.364782,0.364524
1,1.029551954,3.22838,7.19953,7.19953,5.14067,5.15439,5.15217,-1.37182,-1.38166,-1.38007
1,1.18207817,7.3082,7.13634,7.13634,5.3755,5.39002,5.38631,1.38646,1.37605,1.37871
1,1.220209724,3.051,7.1205,7.1205,5.43421,5.44892,5.44485,-1.70965,-1.7202,-1.71728
1,1.258341277,5.32151,7.10464,7.10464,5.49292,5.50783,5.50339,-0.122964,-0.133661,-0.130474
1,1.258341277,5.74723,7.10464,7.10464,5.49292,5.50783,5.50339,0.182435,0.171739,0.174925
1,1.315538608,5.88914,7.08084,7.08084,5.58098,5.59619,5.59119,0.221061,0.210152,0.213737
1,1.315538608,6.38581,7.08084,7.08084,5.58098,5.59619,5.59119,0.57736,0.566452,0.570036
1,1.410867493,4.15078,7.04109,7.04109,5.72775,5.74345,5.73753,-1.13128,-1.14254,-1.13829
1,1.448999047,3.37029,7.02517,7.02517,5.78646,5.80236,5.79607,-1.73329,-1.7447,-1.74018
1,1.468064824,8.17738,7.01721,7.01721,5.81582,5.83181,5.82533,1.69412,1.68264,1.68729
1,1.601525262,5.32151,6.96141,6.96141,6.0213,6.03798,6.03021,-0.502008,-0.513978,-0.508399
1,1.67778837,6.45676,6.92948,6.92948,6.13871,6.15579,6.14727,0.228158,0.215906,0.222018
1,1.754051478,4.15078,6.89752,6.89752,6.25613,6.27361,6.26434,-1.51032,-1.52286,-1.51621
1,1.754051478,4.61197,6.89752,6.89752,6.25613,6.27361,6.26434,-1.17947,-1.19201,-1.18536
1,1.754051478,8.15965,6.89752,6.89752,6.25613,6.27361,6.26434,1.36552,1.35299,1.35964
1,1.811248808,6.79379,6.87353,6.87353,6.3442,6.36197,6.35214,0.322527,0.309779,0.316829
1,1.982840801,3.29933,6.80149,6.80149,6.60839,6.62704,6.61552,-2.37382,-2.3872,-2.37893
1,1.982840801,6.38581,6.80149,6.80149,6.60839,6.62704,6.61552,-0.15967,-0.173054,-0.164789
1,2.020972355,5.14412,6.78547,6.78547,6.66709,6.68595,6.67405,-1.09253,-1.10606,-1.09752
1,2.020972355,6.66962,6.78547,6.78547,6.66709,6.68595,6.67405,0.00181378,-0.0117121,-0.00317394
1,2.097235462,7.20177,6.75342,6.75342,6.78451,6.80376,6.79109,0.299331,0.285522,0.29461
1,2.135367016,5.1796,6.73738,6.73738,6.84322,6.86267,6.84961,-1.19343,-1.20738,-1.19802
1,2.230695901,6.31486,6.69728,6.69728,6.98999,7.00993,6.9959,-0.484324,-0.498628,-0.488559
1,2.249761678,7.80488,6.68926,6.68926,7.01935,7.03939,7.02515,0.563516,0.549141,0.559353
1,2.249761678,7.48559,6.68926,6.68926,7.01935,7.03939,7.02515,0.334467,0.320092,0.330303
1,2.326024786,5.46341,6.65716,6.65716,7.13677,7.1572,7.14215,-1.20041,-1.21507,-1.20428
1,2.326024786,7.27273,6.65716,6.65716,7.13677,7.1572,7.14215,0.0975347,0.082877,0.09367
1,2.364156339,6.13747,6.64111,6.64111,7.19547,7.2161,7.20064,-0.75898,-0.773779,-0.762687
1,2.402287893,5.74723,6.62506,6.62506,7.25418,7.27501,7.25912,-1.08105,-1.09599,-1.08459
1,2.440419447,6.03104,6.609,6.609,7.31289,7.33391,7.31759,-0.919561,-0.934642,-0.922931
1,2.459485224,8.15965,6.60097,6.60097,7.34225,7.36337,7.34682,0.586379,0.571227,0.583099
1,2.592945663,7.59202,6.54474,6.54474,7.54774,7.56962,7.55122,0.0317605,0.0160653,0.0292667
1,2.66920877,8.12417,6.5126,6.5126,7.66513,7.68698,7.6673,0.329301,0.313628,0.327747
1,2.745471878,8.37251,6.48045,6.48045,7.77224,7.78949,7.77206,0.430614,0.41824,0.430744
1,2.745471878,7.41463,6.48045,6.48045,7.77224,7.78949,7.77206,-0.256535,-0.268908,-0.256404
1,2.764537655,5.67627,6.47241,6.47241,7.79359,7.80867,7.79291,-1.5189,-1.52972,-1.51841
1,2.802669209,5.8714,6.45633,6.45633,7.82639,7.83675,7.82506,-1.40245,-1.40989,-1.4015
1,2.974261201,5.92461,6.38396,6.38396,7.83288,7.82969,7.83153,-1.36893,-1.36665,-1.36797
1,2.974261201,7.62749,6.38396,6.38396,7.83288,7.82969,7.83153,-0.147337,-0.145051,-0.146372
1,2.974261201,6.68736,6.38396,6.38396,7.83288,7.82969,7.83153,-0.82176,-0.819475,-0.820796
1,3.012392755,6.102,6.36787,6.36787,7.81567,7.8113,7.81447,-1.22934,-1.2262,-1.22848
1,3.012392755,7.98226,6.36787,6.36787,7.81567,7.8113,7.81447,0.119508,0.122644,0.120368
1,3.088655863,6.77605,6.3357,6.3357,7.77271,7.76693,7.7718,-0.714971,-0.710824,-0.714317
1,3.16491897,6.31486,6.30352,6.30352,7.72317,7.7167,7.72253,-1.01028,-1.00564,-1.00983
1,3.203050524,7.48559,6.28743,6.28743,7.697,7.69034,7.69651,-0.15166,-0.146884,-0.151307
1,3.241182078,8.37251,6.27133,6.27133,7.67024,7.66345,7.66988,0.503788,0.508654,0.504041
1,3.241182078,8.2306,6.27133,6.27133,7.67024,7.66345,7.66988,0.401988,0.406855,0.402241
1,3.241182078,6.95344,6.27133,6.27133,7.67024,7.66345,7.66988,-0.51421,-0.509344,-0.513957
1,3.317445186,4.82483,6.23914,6.23914,7.61554,7.60862,7.61546,-2.00197,-1.99701,-2.00191
1,3.317445186,8.08869,6.23914,6.23914,7.61554,7.60862,7.61546,0.339427,0.344386,0.339481
1,3.317445186,7.7694,6.23914,6.23914,7.61554,7.60862,7.61546,0.110377,0.115337,0.110431
1,3.35557674,5.96009,6.22305,6.22305,7.58781,7.58087,7.58787,-1.16768,-1.1627,-1.16772
1,3.35557674,5.39246,6.22305,6.22305,7.58781,7.58087,7.58787,-1.57488,-1.5699,-1.57492
1,3.393708294,8.2306,6.20695,6.20695,7.55991,7.55297,7.56011,0.481133,0.486114,0.480987
1,3.393708294,6.95344,6.20695,6.20695,7.55991,7.55297,7.56011,-0.435066,-0.430084,-0.435211
1,3.469971401,7.55654,6.17475,6.17475,7.50379,7.49687,7.50427,0.0378423,0.0428083,0.0374964
1,3.469971401,7.27273,6.17475,6.17475,7.50379,7.49687,7.50427,-0.165757,-0.160791,-0.166103
1,3.508102955,9.15299,6.15865,6.15865,7.47562,7.46872,7.47624,1.2033,1.20825,1.20285
1,3.546234509,6.95344,6.14255,6.14255,7.44741,7.44054,7.44817,-0.354361,-0.34943,-0.354908
1,3.584366063,7.59202,6.12645,6.12645,7.41916,7.41232,7.42006,0.124001,0.128911,0.123355
1,3.698760724,8.33703,6.07815,6.07815,7.3343,7.32756,7.33562,0.719329,0.724164,0.718381
1,3.736892278,8.01774,6.06205,6.06205,7.30599,7.29928,7.30745,0.510589,0.515397,0.509541
1,3.775023832,5.49889,6.04594,6.04594,7.27767,7.271,7.27927,-1.27604,-1.27126,-1.27719
1,3.775023832,7.00665,6.04594,6.04594,7.27767,7.271,7.27927,-0.194419,-0.189638,-0.195568
1,3.813155386,4.75388,6.02984,6.02984,7.24934,7.24272,7.25109,-1.79017,-1.78542,-1.79142
1,3.889418494,8.58537,5.99763,5.99763,7.19269,7.18614,7.19471,0.999067,1.00376,0.997616
1,3.908484271,8.85144,5.98957,5.98957,7.17852,7.17199,7.18061,1.2001,1.20479,1.1986
1,3.965681602,7.37916,5.96541,5.96541,7.13602,7.12955,7.13832,0.174419,0.17906,0.172767
1,3.965681602,5.81818,5.96541,5.96541,7.13602,7.12955,7.13832,-0.945379,-0.940738,-0.947031
1,3.965681602,6.63415,5.96541,5.96541,7.13602,7.12955,7.13832,-0.36003,-0.355389,-0.361682
1,4.003813155,6.84701,5.94931,5.94931,7.10769,7.10126,7.11013,-0.187004,-0.182392,-0.188756
1,4.003813155,6.98891,5.94931,5.94931,7.10769,7.10126,7.11013,-0.0852046,-0.0805918,-0.0869563
1,4.061010486,8.03548,5.92515,5.92515,7.06518,7.05881,7.06784,0.69606,0.70063,0.694157
1,4.156339371,8.26608,5.88488,5.88488,6.99434,6.98807,6.99734,0.912304,0.916803,0.91015
1,4.194470925,7.96452,5.86877,5.86877,6.96601,6.95977,6.96915,0.716307,0.720777,0.714053
1,4.232602479,7.1663,5.85266,5.85266,6.93767,6.93148,6.94095,0.164011,0.168453,0.161657
1,4.232602479,7.69845,5.85266,5.85266,6.93767,6.93148,6.94095,0.54576,0.550202,0.543406
1,4.289799809,8.07095,5.82849,5.82849,6.89516,6.88903,6.89865,0.843477,0.847876,0.840973
1,4.308865586,6.13747,5.82044,5.82044,6.88099,6.87488,6.88456,-0.533381,-0.528997,-0.535936
1,4.308865586,6.66962,5.82044,5.82044,6.88099,6.87488,6.88456,-0.151632,-0.147247,-0.154186
1,4.327931363,8.26608,5.81238,5.81238,6.86683,6.86073,6.87046,1.00378,1.00815,1.00118
1,4.327931363,5.78271,5.81238,5.81238,6.86683,6.86073,6.87046,-0.777716,-0.773346,-0.780321
1,4.327931363,6.26164,5.81238,5.81238,6.86683,6.86073,6.87046,-0.434142,-0.429772,-0.436747
1,4.34699714,7.62749,5.80433,5.80433,6.85266,6.84659,6.85636,0.555846,0.560201,0.55319
1,4.385128694,6.77605,5.78822,5.78822,6.82432,6.81829,6.82816,-0.0346242,-0.0302978,-0.0373807
1,4.423260248,6.91796,5.77211,5.77211,6.79598,6.78999,6.79996,0.0875044,0.0918019,0.0846471
1,4.461391802,7.02439,5.756,5.756,6.76764,6.76169,6.77177,0.184183,0.188452,0.181225
1,4.499523356,7.52106,5.73988,5.73988,6.7393,6.73339,6.74357,0.560811,0.565051,0.557752
1,4.59485224,8.01774,5.6996,5.6996,6.66846,6.66265,6.67308,0.967932,0.9721,0.964622
1,4.652049571,7.66297,5.67544,5.67544,6.62595,6.6202,6.63078,0.743926,0.748051,0.740464
1,4.747378456,7.18404,5.63515,5.63515,6.55511,6.54946,6.56029,0.451173,0.455227,0.44746
1,4.766444233,4.36364,5.6271,5.6271,6.54094,6.53531,6.54619,-1.56193,-1.55789,-1.5657
1,4.804575786,4.75388,5.61098,5.61098,6.5126,6.50701,6.51799,-1.26166,-1.25764,-1.26552
1,4.880838894,8.01774,5.57876,5.57876,6.45593,6.45042,6.46159,1.1204,1.12435,1.11633
1,4.957102002,5.07317,5.54653,5.54653,6.39926,6.39382,6.4052,-0.951294,-0.947396,-0.955558
1,4.995233556,3.5122,5.53042,5.53042,6.37092,6.36552,6.377,-2.05076,-2.04689,-2.05513
1,4.995233556,6.88248,5.53042,5.53042,6.37092,6.36552,6.377,0.366981,0.370852,0.362617
1,4.995233556,7.02439,5.53042,5.53042,6.37092,6.36552,6.377,0.468781,0.472652,0.464417
1,4.995233556,7.27273,5.53042,5.53042,6.37092,6.36552,6.377,0.646931,0.650801,0.642566
1,4.995233556,6.17295,5.53042,5.53042,6.37092,6.36552,6.377,-0.142018,-0.138147,-0.146382
1,5.03336511,7.52106,5.5143,5.5143,6.34258,6.33723,6.34881,0.845408,0.849251,0.840944
1,5.03336511,5.46341,5.5143,5.5143,6.34258,6.33723,6.34881,-0.630689,-0.626846,-0.635153
1,5.071496663,5.96009,5.49819,5.49819,6.31424,6.30893,6.32061,-0.254061,-0.250247,-0.258626
1,5.147759771,7.41463,5.46596,5.46596,6.25757,6.25233,6.26421,0.830044,0.833801,0.825277
1,5.147759771,5.28603,5.46596,5.46596,6.25757,6.25233,6.26421,-0.696953,-0.693196,-0.70172
1,5.224022879,5.07317,5.43373,5.43373,6.20089,6.19574,6.20782,-0.808995,-0.805296,-0.813964
1,5.300285987,7.94678,5.4015,5.4015,6.14422,6.13914,6.15142,1.29311,1.29675,1.28794
1,5.300285987,7.20177,5.4015,5.4015,6.14422,6.13914,6.15142,0.758659,0.7623,0.75349
1,5.319351764,2.44789,5.39344,5.39344,6.13005,6.12499,6.13733,-2.64147,-2.63784,-2.64669
1,5.319351764,6.56319,5.39344,5.39344,6.13005,6.12499,6.13733,0.310725,0.314351,0.305504
1,5.338417541,3.68958,5.38538,5.38538,6.11588,6.11085,6.12323,-1.74056,-1.73695,-1.74583
1,5.338417541,6.11973,5.38538,5.38538,6.11588,6.11085,6.12323,0.0027646,0.0063766,-0.0025059
1,5.338417541,5.74723,5.38538,5.38538,6.11588,6.11085,6.12323,-0.26446,-0.260848,-0.26973
1,5.376549094,5.46341,5.36927,5.36927,6.08754,6.08255,6.09503,-0.447731,-0.444148,-0.453102
1,5.395614871,6.03104,5.36121,5.36121,6.07337,6.0684,6.08093,-0.0303672,-0.0267988,-0.0357886
1,5.452812202,6.97118,5.33704,5.33704,6.03087,6.02595,6.03863,0.67455,0.678075,0.668978
1,5.452812202,4.47007,5.33704,5.33704,6.03087,6.02595,6.03863,-1.11967,-1.11615,-1.12524
1,5.510009533,7.23725,5.31286,5.31286,5.98836,5.98351,5.99634,0.895917,0.899399,0.890195
1,5.52907531,6.75831,5.3048,5.3048,5.97419,5.96936,5.98224,0.562507,0.565975,0.556734
1,5.605338418,7.62749,5.27257,5.27257,5.91752,5.91276,5.92584,1.22669,1.2301,1.22071
1,5.605338418,6.56319,5.27257,5.27257,5.91752,5.91276,5.92584,0.46319,0.466601,0.457216
1,5.643469971,5.32151,5.25646,5.25646,5.88918,5.88446,5.89765,-0.40723,-0.403848,-0.413305
1,5.681601525,7.73392,5.24034,5.24034,5.86084,5.85617,5.86945,1.3437,1.34705,1.33752
1,5.681601525,5.56984,5.24034,5.24034,5.86084,5.85617,5.86945,-0.208752,-0.205398,-0.214927
1,5.738798856,3.26386,5.21617,5.21617,5.81833,5.81372,5.82715,-1.83251,-1.82919,-1.83883
1,5.757864633,6.35033,5.20811,5.20811,5.80417,5.79957,5.81305,0.391804,0.395101,0.385428
1,5.834127741,5.10865,5.17587,5.17587,5.74749,5.74297,5.75666,-0.458288,-0.455046,-0.464865
1,5.872259295,6.45676,5.15976,5.15976,5.71916,5.71467,5.72846,0.529138,0.532352,0.522462
1,5.929456625,0.674058,5.13558,5.13558,5.67665,5.67223,5.68617,-3.58871,-3.58554,-3.59554
1,5.929456625,5.90687,5.13558,5.13558,5.67665,5.67223,5.68617,0.165156,0.168328,0.158329
1,5.948522402,5.46341,5.12752,5.12752,5.66248,5.65808,5.67207,-0.142804,-0.139646,-0.149681
1,5.986653956,4.1153,5.11141,5.11141,5.63414,5.62978,5.64387,-1.08957,-1.08644,-1.09655
1,6.02478551,5.1796,5.09529,5.09529,5.60581,5.60148,5.61567,-0.305746,-0.302647,-0.312825
1,6.062917064,3.97339,5.07917,5.07917,5.57747,5.57319,5.58747,-1.15072,-1.14765,-1.1579
1,6.081982841,3.77827,5.07111,5.07111,5.5633,5.55904,5.57338,-1.28053,-1.27747,-1.28776
1,6.101048618,4.93126,5.06306,5.06306,5.54913,5.54489,5.55928,-0.443239,-0.440197,-0.450518
1,6.139180172,6.35033,5.04694,5.04694,5.52079,5.51659,5.53108,0.595088,0.598101,0.587708
1,6.139180172,6.102,5.04694,5.04694,5.52079,5.51659,5.53108,0.416938,0.419952,0.409558
1,6.234509056,5.97783,5.00665,5.00665,5.44995,5.44585,5.46059,0.378685,0.381626,0.371053
1,6.253574833,5.81818,4.99859,4.99859,5.43578,5.4317,5.44649,0.274325,0.277251,0.266642
1,6.253574833,5.00222,4.99859,4.99859,5.43578,5.4317,5.44649,-0.311024,-0.308097,-0.318707
1,6.291706387,3.90244,4.98247,4.98247,5.40744,5.4034,5.41829,-1.07964,-1.07675,-1.08743
1,6.291706387,3.6541,4.98247,4.98247,5.40744,5.4034,5.41829,-1.25779,-1.2549,-1.26558
1,6.329837941,6.91796,4.96635,4.96635,5.3791,5.3751,5.39009,1.10393,1.1068,1.09605
1,6.329837941,4.15078,4.96635,4.96635,5.3791,5.3751,5.39009,-0.881166,-0.878297,-0.88905
1,6.348903718,6.4745,4.9583,4.9583,5.36493,5.36096,5.37599,0.79597,0.798825,0.788036
1,6.367969495,6.03104,4.95024,4.95024,5.35077,5.34681,5.3619,0.48801,0.490851,0.480026
1,6.406101049,4.64745,4.93412,4.93412,5.32243,5.31851,5.3337,-0.484209,-0.481398,-0.492294
1,6.406101049,4.43459,4.93412,4.93412,5.32243,5.31851,5.3337,-0.636909,-0.634097,-0.644994
1,6.444232602,7.13082,4.918,4.918,5.29409,5.29021,5.3055,1.31762,1.3204,1.30943
1,6.444232602,2.98004,4.918,4.918,5.29409,5.29021,5.3055,-1.66003,-1.65725,-1.66821
1,6.52049571,4.15078,4.88577,4.88577,5.23742,5.23362,5.24911,-0.779523,-0.776797,-0.78791
1,6.52049571,4.96674,4.88577,4.88577,5.23742,5.23362,5.24911,-0.194174,-0.191448,-0.202561
1,6.596758818,4.29268,4.85353,4.85353,5.18074,5.17702,5.19271,-0.637067,-0.634398,-0.645654
1,6.615824595,5.25055,4.84547,4.84547,5.16657,5.16287,5.17861,0.0602463,0.0629001,0.0516082
1,6.634890372,5.03769,4.83742,4.83742,5.1524,5.14872,5.16451,-0.0822892,-0.07965,-0.0909776
1,6.673021926,5.60532,4.8213,4.8213,5.12407,5.12043,5.13632,0.345239,0.347848,0.33645
1,6.749285033,3.58315,4.78906,4.78906,5.06739,5.06383,5.07992,-1.06475,-1.0622,-1.07374
1,6.787416587,4.5765,4.77295,4.77295,5.03905,5.03554,5.05173,-0.331825,-0.329301,-0.340915
1,6.787416587,5.00222,4.77295,4.77295,5.03905,5.03554,5.05173,-0.0264254,-0.023902,-0.0355161
1,6.863679695,5.92461,4.74071,4.74071,4.98238,4.97894,4.99533,0.675931,0.678396,0.666638
1,6.882745472,4.77162,4.73265,4.73265,4.96821,4.96479,4.98123,-0.141029,-0.138577,-0.150371
1,6.95900858,5.12639,4.70042,4.70042,4.91154,4.9082,4.92484,0.154126,0.156522,0.144584
1,6.978074357,2.60754,4.69236,4.69236,4.89737,4.89405,4.91074,-1.64266,-1.64027,-1.65225
1,6.978074357,6.06652,4.69236,4.69236,4.89737,4.89405,4.91074,0.838714,0.841096,0.829122
1,6.978074357,4.00887,4.69236,4.69236,4.89737,4.89405,4.91074,-0.637383,-0.635002,-0.646976
1,6.978074357,3.90244,4.69236,4.69236,4.89737,4.89405,4.91074,-0.713733,-0.711351,-0.723325
1,6.978074357,3.68958,4.69236,4.69236,4.89737,4.89405,4.91074,-0.866433,-0.864051,-0.876025
1,7.01620591,5.55211,4.67624,4.67624,4.86903,4.86575,4.88254,0.490018,0.492371,0.480325
1,7.01620591,3.49446,4.67624,4.67624,4.86903,4.86575,4.88254,-0.98608,-0.983726,-0.995772
1,7.054337464,3.83149,4.66012,4.66012,4.8407,4.83745,4.85435,-0.723977,-0.721651,-0.73377
1,7.092469018,5.33925,4.644,4.644,4.81236,4.80915,4.82615,0.377973,0.380273,0.368081
1,7.092469018,4.64745,4.644,4.644,4.81236,4.80915,4.82615,-0.118301,-0.116001,-0.128193
1,7.20686368,3.40576,4.59565,4.59565,4.72735,4.72426,4.74156,-0.948067,-0.945851,-0.958258
1,7.244995234,3.22838,4.57953,4.57953,4.69901,4.69597,4.71336,-1.05499,-1.0528,-1.06528
1,7.244995234,5.97783,4.57953,4.57953,4.69901,4.69597,4.71336,0.917383,0.919569,0.907091
1,7.283126787,3.86696,4.56342,4.56342,4.67068,4.66767,4.68516,-0.576561,-0.574403,-0.586954
1,7.321258341,2.87361,4.5473,4.5473,4.64234,4.63937,4.65697,-1.26883,-1.2667,-1.27932
1,7.321258341,5.32151,4.5473,4.5473,4.64234,4.63937,4.65697,0.487216,0.489345,0.476722
1,7.321258341,4.25721,4.5473,4.5473,4.64234,4.63937,4.65697,-0.276283,-0.274154,-0.286777
1,7.321258341,3.97339,4.5473,4.5473,4.64234,4.63937,4.65697,-0.479882,-0.477754,-0.490376
1,7.359389895,3.72506,4.53118,4.53118,4.614,4.61107,4.62877,-0.637704,-0.635604,-0.648299
1,7.359389895,4.7184,4.53118,4.53118,4.614,4.61107,4.62877,0.074895,0.0769949,0.0643001
1,7.397521449,4.07982,4.51506,4.51506,4.58566,4.58278,4.60057,-0.362876,-0.360805,-0.373571
1,7.435653003,3.97339,4.49895,4.49895,4.55733,4.55448,4.57238,-0.418898,-0.416856,-0.429694
1,7.473784557,3.29933,4.48283,4.48283,4.52899,4.52618,4.54418,-0.882119,-0.880105,-0.893015
1,7.473784557,5.88914,4.48283,4.48283,4.52899,4.52618,4.54418,0.975728,0.977741,0.964831
1,7.511916111,3.86696,4.46671,4.46671,4.50065,4.49789,4.51598,-0.454591,-0.452607,-0.465589
1,7.607244995,1.04656,4.42642,4.42642,4.42981,4.42715,4.44549,-2.42704,-2.42513,-2.43829
1,7.607244995,2.55432,4.42642,4.42642,4.42981,4.42715,4.44549,-1.34542,-1.34351,-1.35667
1,7.626310772,4.1153,4.41836,4.41836,4.41564,4.413,4.43139,-0.215455,-0.213559,-0.226757
1,7.626310772,3.97339,4.41836,4.41836,4.41564,4.413,4.43139,-0.317255,-0.315359,-0.328557
1,7.664442326,4.7184,4.40224,4.40224,4.3873,4.3847,4.4032,0.237521,0.239389,0.226119
1,7.740705434,3.58315,4.37,4.37,4.33063,4.32811,4.34681,-0.536222,-0.534412,-0.547825
1,7.740705434,5.35698,4.37,4.37,4.33063,4.32811,4.34681,0.736275,0.738086,0.724673
1,7.778836988,3.22838,4.35389,4.35389,4.3023,4.29981,4.31861,-0.770394,-0.768612,-0.782097
1,7.797902765,4.27494,4.34583,4.34583,4.28813,4.28566,4.30451,-0.00945697,-0.0076894,-0.0212101
1,7.912297426,5.42794,4.29748,4.29748,4.20312,4.20078,4.21992,0.878649,0.88033,0.866594
1,7.931363203,4.86031,4.28942,4.28942,4.18895,4.18663,4.20583,0.481613,0.48328,0.469508
1,7.969494757,0.461197,4.2733,4.2733,4.16062,4.15833,4.17763,-2.65385,-2.65221,-2.66606
1,7.969494757,3.44124,4.2733,4.2733,4.16062,4.15833,4.17763,-0.516058,-0.514419,-0.528263
1,7.969494757,2.83814,4.2733,4.2733,4.16062,4.15833,4.17763,-0.948707,-0.947068,-0.960912
1,7.988560534,1.54324,4.26524,4.26524,4.14645,4.14418,4.16353,-1.86747,-1.86584,-1.87972
1,8.007626311,3.33481,4.25718,4.25718,4.13228,4.13004,4.14943,-0.57208,-0.57047,-0.584386
1,8.026692088,4.55876,4.24912,4.24912,4.11811,4.11589,4.13534,0.316106,0.317702,0.30375
1,8.083889418,3.86696,4.22495,4.22495,4.07561,4.07344,4.09304,-0.149677,-0.148124,-0.162184
1,8.083889418,2.55432,4.22495,4.22495,4.07561,4.07344,4.09304,-1.09133,-1.08977,-1.10383
1,8.141086749,1.38359,4.20077,4.20077,4.03311,4.031,4.05075,-1.90068,-1.89917,-1.91334
1,8.160152526,1.84479,4.19271,4.19271,4.01894,4.01685,4.03665,-1.55967,-1.55818,-1.57238
1,8.236415634,4.00887,4.16048,4.16048,3.96227,3.96026,3.98026,0.033429,0.0348676,0.020521
1,8.236415634,2.16408,4.16048,4.16048,3.96227,3.96026,3.98026,-1.28997,-1.28853,-1.30288
1,8.236415634,4.7184,4.16048,4.16048,3.96227,3.96026,3.98026,0.542428,0.543867,0.52952
1,8.312678742,2.98004,4.12824,4.12824,3.9056,3.90368,3.92387,-0.663968,-0.662586,-0.677076
1,8.312678742,5.25055,4.12824,4.12824,3.9056,3.90368,3.92387,0.964829,0.966211,0.951721
1,8.331744519,1.20621,4.12019,4.12019,3.89144,3.88953,3.90978,-1.9263,-1.92493,-1.93946
1,8.350810296,4.00887,4.11213,4.11213,3.87727,3.87538,3.89568,0.0944061,0.0957599,0.0811985
1,8.350810296,3.47672,4.11213,4.11213,3.87727,3.87538,3.89568,-0.287343,-0.285989,-0.300551
1,8.369876072,2.80266,4.10407,4.10407,3.8631,3.86123,3.88158,-0.760729,-0.75939,-0.773987
1,8.408007626,2.19956,4.08795,4.08795,3.83477,3.83294,3.85339,-1.17305,-1.17174,-1.18641
1,8.465204957,2.30599,4.06378,4.06378,3.79227,3.7905,3.8111,-1.06621,-1.06495,-1.07972
1,8.465204957,5.32151,4.06378,4.06378,3.79227,3.7905,3.8111,1.09703,1.0983,1.08352
1,8.503336511,2.44789,4.04766,4.04766,3.76394,3.76221,3.78291,-0.94409,-0.942851,-0.957698
1,8.579599619,2.94457,4.01542,4.01542,3.70727,3.70562,3.72652,-0.547141,-0.545959,-0.560949
1,8.598665396,2.23503,4.00737,4.00737,3.6931,3.69148,3.71242,-1.04598,-1.04481,-1.05984
1,8.617731173,3.5122,3.99931,3.99931,3.67894,3.67733,3.69833,-0.119617,-0.118464,-0.133526
1,8.617731173,2.76718,3.99931,3.99931,3.67894,3.67733,3.69833,-0.654066,-0.652913,-0.667975
1,8.732125834,5.62306,3.95096,3.95096,3.59394,3.59246,3.61375,1.45563,1.45669,1.44142
1,8.751191611,3.08647,3.9429,3.9429,3.57978,3.57831,3.59966,-0.353882,-0.352831,-0.368142
1,8.808388942,3.90244,3.91872,3.91872,3.53728,3.53588,3.55737,0.261953,0.262959,0.24754
1,8.88465205,6.66962,3.88649,3.88649,3.48062,3.4793,3.50099,2.28769,2.28864,2.27308
1,8.903717827,7.02439,3.87843,3.87843,3.46646,3.46516,3.4869,2.55235,2.55329,2.53769
1,8.94184938,1.54324,3.86232,3.86232,3.43813,3.43687,3.45871,-1.35934,-1.35844,-1.37411
1,8.979980934,2.55432,3.8462,3.8462,3.40981,3.40858,3.43053,-0.613698,-0.61282,-0.628561
1,8.979980934,5.28603,3.8462,3.8462,3.40981,3.40858,3.43053,1.34595,1.34683,1.33109
1,9.037178265,1.17073,3.82203,3.82203,3.36732,3.36615,3.38825,-1.57577,-1.57493,-1.59078
1,9.075309819,4.15078,3.80591,3.80591,3.33899,3.33787,3.36006,0.58235,0.583156,0.567236
1,9.151572927,3.68958,3.77368,3.77368,3.28234,3.2813,3.30369,0.292138,0.292887,0.276823
1,9.151572927,1.38359,3.77368,3.77368,3.28234,3.2813,3.30369,-1.36211,-1.36136,-1.37742
1,9.208770257,1.11752,3.74951,3.74951,3.23986,3.23888,3.26142,-1.52251,-1.5218,-1.53797
1,9.246901811,1.72062,3.73339,3.73339,3.21154,3.2106,3.23324,-1.06954,-1.06886,-1.08511
1,9.304099142,4.15078,3.70922,3.70922,3.16906,3.16818,3.19097,0.704252,0.704889,0.688538
1,9.304099142,2.94457,3.70922,3.70922,3.16906,3.16818,3.19097,-0.161046,-0.16041,-0.176761
1,9.304099142,2.73171,3.70922,3.70922,3.16906,3.16818,3.19097,-0.313746,-0.313109,-0.32946
1,9.304099142,1.88027,3.70922,3.70922,3.16906,3.16818,3.19097,-0.924544,-0.923908,-0.940259
1,9.342230696,3.40576,3.6931,3.6931,3.14074,3.1399,3.16279,0.190118,0.190726,0.174303
1,9.342230696,2.51885,3.6931,3.6931,3.14074,3.1399,3.16279,-0.446131,-0.445523,-0.461946
1,9.456625357,4.39911,3.64476,3.64476,3.0558,3.05507,3.07826,0.963654,0.964177,0.947539
1,9.475691134,1.91574,3.6367,3.6367,3.04164,3.04093,3.06418,-0.807688,-0.807178,-0.823852
1,9.532888465,2.76718,3.61253,3.61253,2.99918,2.99853,3.02192,-0.166425,-0.165959,-0.182739
1,9.571020019,1.0643,3.59641,3.59641,2.97087,2.97026,2.99375,-1.36772,-1.36728,-1.38413
1,9.571020019,1.73836,3.59641,3.59641,2.97087,2.97026,2.99375,-0.884166,-0.883729,-0.90058
1,9.609151573,0.248337,3.5803,3.5803,2.94256,2.94199,2.96558,-1.93276,-1.93235,-1.94927
1,9.666348904,2.02217,3.55613,3.55613,2.90011,2.8996,2.92334,-0.629805,-0.629439,-0.646468
1,9.723546235,3.58315,3.53196,3.53196,2.85766,2.85721,2.88109,0.520446,0.520768,0.503634
1,9.742612011,4.54102,3.5239,3.5239,2.84351,2.84308,2.86701,1.21774,1.21805,1.20088
1,9.818875119,4.20399,3.49167,3.49167,2.78692,2.78657,2.8107,1.01657,1.01682,0.999505
1,9.87607245,4.96674,3.4675,3.4675,2.74449,2.7442,2.76847,1.59418,1.59439,1.57697
1,9.971401335,7.21951,3.42722,3.42722,2.67378,2.67359,2.69811,3.26097,3.26111,3.24352
1,9.990467112,3.1929,3.41916,3.41916,2.65964,2.65947,2.68404,0.382547,0.382667,0.365043
1,10.06673022,1.84479,3.38694,3.38694,2.6031,2.60301,2.62777,-0.543988,-0.543926,-0.561689
1,10.06673022,2.94457,3.38694,3.38694,2.6031,2.60301,2.62777,0.24496,0.245022,0.227259
1,10.14299333,1.02882,3.35472,3.35472,2.54657,2.54657,2.57152,-1.08879,-1.08878,-1.10668
1,10.21925643,1.41907,3.32249,3.32249,2.49007,2.49014,2.51529,-0.768303,-0.768357,-0.786395
1,10.21925643,1.91574,3.32249,3.32249,2.49007,2.49014,2.51529,-0.412004,-0.412058,-0.430096
1,10.29551954,2.62528,3.29027,3.29027,2.43359,2.43374,2.45908,0.137512,0.1374,0.119227
1,10.3336511,0.31929,3.27416,3.27416,2.40536,2.40555,2.43098,-1.49648,-1.49662,-1.51487
1,10.3336511,0.709534,3.27416,3.27416,2.40536,2.40555,2.43098,-1.21653,-1.21667,-1.23492
1,10.3336511,1.84479,3.27416,3.27416,2.40536,2.40555,2.43098,-0.402136,-0.402276,-0.420517
1,10.3336511,2.80266,3.27416,3.27416,2.40536,2.40555,2.43098,0.285013,0.284873,0.266631
1,10.37178265,2.30599,3.25805,3.25805,2.37714,2.37737,2.40289,-0.0510408,-0.0512092,-0.0695177
1,10.4099142,2.73171,3.24194,3.24194,2.34892,2.3492,2.37481,0.274599,0.274402,0.256027
1,10.44804576,3.4235,3.22583,3.22583,2.32072,2.32103,2.34674,0.791107,0.790882,0.77244
1,10.44804576,2.02217,3.22583,3.22583,2.32072,2.32103,2.34674,-0.214166,-0.214391,-0.232833
1,10.56244042,0,3.17751,3.17751,2.23615,2.23658,2.26257,-1.60415,-1.60446,-1.6231
1,10.60057197,3.29933,3.1614,3.1614,2.20798,2.20846,2.23453,0.782903,0.782565,0.763861
1,10.60057197,1.73836,3.1614,3.1614,2.20798,2.20846,2.23453,-0.336895,-0.337233,-0.355937
1,10.67683508,2.98004,3.12919,3.12919,2.15168,2.15223,2.17849,0.594242,0.593847,0.575015
1,10.71496663,1.73836,3.11308,3.11308,2.12355,2.12414,2.15048,-0.276326,-0.276749,-0.295644
1,10.73403241,3.37029,3.10503,3.10503,2.10949,2.1101,2.13648,0.904459,0.904021,0.885095
1,10.81029552,3.1929,3.07282,3.07282,2.05329,2.05397,2.08053,0.817528,0.817035,0.797985
1,10.88655863,6.42129,3.04061,3.04061,1.99715,1.99791,2.02464,3.17375,3.1732,3.15403
1,10.9056244,3.051,3.03256,3.03256,1.98312,1.98391,2.01067,0.766062,0.765499,0.746299
1,10.94375596,0.390244,3.01645,3.01645,1.95509,1.95591,1.98276,-1.12257,-1.12317,-1.14242
1,10.94375596,1.02882,3.01645,3.01645,1.95509,1.95591,1.98276,-0.664475,-0.665066,-0.684325
1,10.96282173,1.27716,3.0084,3.0084,1.94108,1.94192,1.96881,-0.476275,-0.476881,-0.496168
1,11.05815062,2.23503,2.96815,2.96815,1.87112,1.87206,1.89914,0.261064,0.260388,0.240961
1,11.05815062,1.95122,2.96815,2.96815,1.87112,1.87206,1.89914,0.0574639,0.0567884,0.037361
1,11.09628217,0.177384,2.95205,2.95205,1.84317,1.84415,1.87131,-1.19499,-1.19569,-1.21517
1,11.13441373,2.19956,2.93595,2.93595,1.81525,1.81627,1.8435,0.275687,0.274956,0.255422
1,11.22974261,2.53659,2.8957,2.8957,1.74559,1.7467,1.77411,0.56744,0.566639,0.546979
1,11.24880839,0.603104,2.88765,2.88765,1.73168,1.73281,1.76025,-0.809604,-0.810418,-0.830102
1,11.30600572,4.38137,2.8635,2.8635,1.69,1.69119,1.71873,1.93072,1.92986,1.91011
1,11.3250715,0,2.85546,2.85546,1.67612,1.67733,1.7049,-1.2024,-1.20327,-1.22305
1,11.3250715,0.886918,2.85546,2.85546,1.67612,1.67733,1.7049,-0.566151,-0.567019,-0.586797
1,11.3250715,2.80266,2.85546,2.85546,1.67612,1.67733,1.7049,0.808146,0.807278,0.787501
1,11.36320305,1.45455,2.83936,2.83936,1.6484,1.64965,1.67728,-0.139066,-0.13996,-0.159782
1,11.4013346,1.0643,2.82327,2.82327,1.62072,1.622,1.64969,-0.399159,-0.400079,-0.419943
1,11.43946616,1.59645,2.80717,2.80717,1.59308,1.5944,1.62215,0.00241657,0.0014696,-0.0184334
1,11.55386082,0.957871,2.7589,2.7589,1.51046,1.51189,1.53978,-0.396411,-0.397436,-0.417445
1,11.59199237,1.24169,2.74281,2.74281,1.48303,1.48449,1.51242,-0.173131,-0.174181,-0.19422
1,11.59199237,4.39911,2.74281,2.74281,1.48303,1.48449,1.51242,2.09191,2.09086,2.07083
1,11.63012393,2.87361,2.72672,2.72672,1.45565,1.45715,1.48512,1.01721,1.01613,0.996064
1,11.74451859,2.55432,2.67846,2.67846,1.37391,1.37552,1.40358,0.846791,0.845642,0.825513
1,11.8207817,1.70288,2.64629,2.64629,1.31979,1.32146,1.34955,0.274818,0.273622,0.253469
1,11.87797903,6.31486,2.62217,2.62217,1.27942,1.28113,1.30924,3.61227,3.61104,3.59088
1,11.8970448,1.80931,2.61413,2.61413,1.26601,1.26774,1.29584,0.389752,0.38851,0.368348
1,11.93517636,0.425721,2.59805,2.59805,1.23925,1.24101,1.26912,-0.583604,-0.584868,-0.605028
1,11.97330791,0.141907,2.58197,2.58197,1.2126,1.21439,1.24249,-0.768083,-0.76937,-0.789522
1,11.97330791,0.993348,2.58197,2.58197,1.2126,1.21439,1.24249,-0.157285,-0.158571,-0.178724
1,12.01143947,0.283814,2.5659,2.5659,1.18605,1.18788,1.21595,-0.64724,-0.648548,-0.668688
1,12.04957102,0.815965,2.54982,2.54982,1.15962,1.16147,1.18952,-0.246528,-0.247856,-0.26798
1,12.12583413,0.815965,2.51768,2.51768,1.10712,1.10902,1.137,-0.208863,-0.210232,-0.230304
1,12.16396568,1.09978,2.50161,2.50161,1.08106,1.083,1.11093,0.0134279,0.0120396,-0.00799776
1,12.27836034,1.88027,2.45342,2.45342,1.00377,1.00578,1.03351,0.628773,0.627332,0.607438
1,12.3164919,0.10643,2.43736,2.43736,0.978325,0.980355,1.008,-0.625472,-0.626928,-0.646761
1,12.3164919,0.851441,2.43736,2.43736,0.978325,0.980355,1.008,-0.0910228,-0.0924788,-0.112312
1,12.3164919,1.41907,2.43736,2.43736,0.978325,0.980355,1.008,0.316176,0.31472,0.294887
1,12.43088656,1.34812,2.38919,2.38919,0.903073,0.905164,0.932484,0.31926,0.317761,0.298162
1,12.46901811,0.780488,2.37314,2.37314,0.87838,0.880489,0.907677,-0.070225,-0.0717377,-0.0912418
1,12.58341277,0.266075,2.325,2.325,0.805618,0.807771,0.834486,-0.387052,-0.388596,-0.407761
1,12.58341277,2.87361,2.325,2.325,0.805618,0.807771,0.834486,1.48352,1.48198,1.46281
1,12.60247855,4.87805,2.31698,2.31698,0.793696,0.795855,0.82248,2.92999,2.92845,2.90935
1,12.73593899,2.23503,2.26085,2.26085,0.712072,0.714256,0.740154,1.09253,1.09096,1.07238
1,12.8122021,1.56098,2.2288,2.2288,0.666989,0.669176,0.694578,0.641319,0.639751,0.621528
1,12.92659676,1.63193,2.18075,2.18075,0.601738,0.603914,0.628457,0.739029,0.737468,0.719861
1,12.96472831,4.32816,2.16474,2.16474,0.580665,0.582834,0.60706,2.68834,2.68679,2.66941
1,12.96472831,1.27716,2.16474,2.16474,0.580665,0.582834,0.60706,0.499646,0.49809,0.480711
1,13.04099142,0.674058,2.13273,2.13273,0.539604,0.541754,0.565299,0.0964531,0.094911,0.0780202
1,13.15538608,1.73836,2.08475,2.08475,0.480883,0.482988,0.505403,0.902076,0.900566,0.884487
1,13.19351764,1.9867,2.06876,2.06876,0.462115,0.464201,0.48621,1.09369,1.09219,1.0764
1,13.26978074,0.745011,2.03681,2.03681,0.425842,0.427882,0.449042,0.228963,0.227499,0.21232
1,13.3079123,0.0709534,2.02085,2.02085,0.408351,0.410365,0.431082,-0.242039,-0.243484,-0.258346
1,13.34604385,0.567627,2.00488,2.00488,0.391301,0.393287,0.41355,0.126492,0.125067,0.11053
1,13.49857007,1.09978,1.9411,1.9411,0.327604,0.329462,0.347815,0.553935,0.552602,0.539436
1,13.53670162,0.709534,1.92517,1.92517,0.312824,0.314647,0.332504,0.284588,0.28328,0.270471
1,13.57483317,1.70288,1.90924,1.90924,0.298506,0.300294,0.317648,1.00746,1.00618,0.993727
1,13.61296473,4.1153,1.89333,1.89333,0.284651,0.286401,0.303249,2.74799,2.74674,2.73465
1,13.89895138,2.46563,1.77421,1.77421,0.195242,0.196668,0.209728,1.62871,1.62769,1.61832
1,13.99428027,4.89579,1.73463,1.73463,0.170901,0.172216,0.184062,3.38949,3.38855,3.38005
1,13.99428027,1.27716,1.73463,1.73463,0.170901,0.172216,0.184062,0.793599,0.792655,0.784158
1,14.0514776,1.91574,1.71091,1.71091,0.157521,0.158772,0.169911,1.2613,1.2604,1.25241
1,14.2993327,0.886918,1.60844,1.60844,0.109297,0.110243,0.118583,0.557842,0.557164,0.551181
1,14.2993327,0.638581,1.60844,1.60844,0.109297,0.110243,0.118583,0.379693,0.379014,0.373031
1,14.37559581,1.0643,1.57702,1.57702,0.097315,0.0981815,0.105759,0.693688,0.693066,0.68763
1,14.45185891,1.27716,1.54567,1.54567,0.0865056,0.0873107,0.0941754,0.854142,0.853564,0.84864
1,14.48999047,0.425721,1.53002,1.53002,0.0815176,0.0822925,0.0888203,0.246921,0.246365,0.241682
1,14.56625357,0.709534,1.49877,1.49877,0.0723212,0.0730344,0.0789267,0.457118,0.456606,0.452379
1,14.60438513,1.84479,1.48317,1.48317,0.0680904,0.0687729,0.074366,1.27455,1.27406,1.27005
1,14.60438513,1.9867,1.48317,1.48317,0.0680904,0.0687729,0.074366,1.37635,1.37586,1.37185
1,14.90943756,1.27716,1.35913,1.35913,0.0416707,0.0421344,0.0457545,0.886305,0.885972,0.883375
1,15.02383222,0.638581,1.31301,1.31301,0.0345487,0.0349455,0.0379999,0.433315,0.43303,0.430839
1,15.36701621,0.10643,1.17624,1.17624,0.0195425,0.0197869,0.0215927,0.0623306,0.0621553,0.0608599
1,15.40514776,0.638581,1.16121,1.16121,0.0183338,0.0185651,0.0202665,0.444947,0.444781,0.443561
1,15.55767398,0.496674,1.10151,1.10151,0.0141901,0.0143753,0.0157138,0.34612,0.345987,0.345027
1,15.90085796,1.13525,0.969863,0.969863,0.00794474,0.00805661,0.00883012,0.808699,0.808619,0.808064
1,15.97712107,0.567627,0.941198,0.941198,0.00698074,0.00707986,0.00776439,0.402191,0.40212,0.401629
1,16.01525262,0.674058,0.926956,0.926956,0.00654302,0.00663645,0.00728036,0.478855,0.478788,0.478326
1,16.2821735,1.09978,0.829109,0.829109,0.00415411,0.00421697,0.00463553,0.785968,0.785923,0.785623
1,16.32030505,1.31264,0.815417,0.815417,0.00389171,0.00395213,0.00434558,0.938856,0.938813,0.938531
1,16.47283127,0.922395,0.761447,0.761447,0.0029998,0.00304845,0.00335549,0.659547,0.659512,0.659292
1,16.54909438,0.141907,0.734968,0.734968,0.00263504,0.0026771,0.00294826,0.0999095,0.0998793,0.0996848
1,16.62535748,0,0.708847,0.708847,0.00231428,0.00235087,0.0025903,-0.0016602,-0.00168645,-0.00185821
1,16.89227836,0.851441,0.620503,0.620503,0.00146362,0.00149131,0.00164605,0.609749,0.609729,0.609618
1,17.04480458,1.0643,0.572372,0.572372,0.00112836,0.00114959,0.00127012,0.762689,0.762674,0.762587
1,17.57864633,0.425721,0.419473,0.419473,0.00045473,0.000462071,0.000512229,0.305073,0.305068,0.305032
1,18.03622498,2.37694,0.310117,0.310117,0.000208333,0.00021148,0.000235093,1.705,1.705,1.70498
1,19.04671115,1.56098,0.142955,0.142955,3.71057e-05,3.76296e-05,4.20838e-05,1.11977,1.11977,1.11977
2,0.000224299,0.556237,7.60511,7.60511,nan,nan,5.41734,nan,nan,-3.48721
2,0.045084112,2.87935,7.58918,7.58918,nan,nan,5.40561,nan,nan,-1.81226
2,0.067514019,2.97751,7.5811,7.5811,nan,nan,5.39974,nan,nan,-1.73764
2,0.134803738,4.05726,7.55645,7.55645,nan,nan,5.38213,nan,nan,-0.95042
2,0.157233645,3.27198,7.54811,7.54811,nan,nan,5.37626,nan,nan,-1.50954
2,0.269383178,3.40286,7.50563,7.50563,nan,nan,5.34691,nan,nan,-1.3946
2,0.426392523,2.01227,7.44444,7.44444,nan,nan,5.30582,nan,nan,-2.3627
2,0.426392523,4.13906,7.44444,7.44444,nan,nan,5.30582,nan,nan,-0.837
2,0.51611215,4.90798,7.4088,7.4088,nan,nan,5.28234,nan,nan,-0.268561
2,0.650691589,3.81186,7.35468,7.35468,nan,nan,5.24713,nan,nan,-1.02962
2,0.650691589,3.5501,7.35468,7.35468,nan,nan,5.24713,nan,nan,-1.2174
2,0.673121495,2.86299,7.34559,7.34559,nan,nan,5.24126,nan,nan,-1.7061
2,0.762841121,3.09202,7.3091,7.3091,nan,nan,5.21778,nan,nan,-1.52495
2,0.807700935,5.51329,7.29078,7.29078,nan,nan,5.20604,nan,nan,0.220413
2,0.897420561,4.25358,7.25399,7.25399,nan,nan,5.18256,nan,nan,-0.666426
2,0.9198504669999999,3.01022,7.24476,7.24476,nan,nan,5.17669,nan,nan,-1.55416
2,0.9198504669999999,4.79346,7.24476,7.24476,nan,nan,5.17669,nan,nan,-0.274924
2,0.96471028,5.97137,7.22629,7.22629,nan,nan,5.16496,nan,nan,0.578498
2,0.96471028,4.98978,7.22629,7.22629,nan,nan,5.16496,nan,nan,-0.12567
2,0.9871401869999999,3.51738,7.21704,7.21704,nan,nan,5.15909,nan,nan,-1.17771
2,0.9871401869999999,4.07362,7.21704,7.21704,nan,nan,5.15909,nan,nan,-0.778682
2,1.054429907,3.3865,7.18924,7.18924,nan,nan,5.14148,nan,nan,-1.25897
2,1.121719626,3.1411,7.16138,7.16138,nan,nan,5.12387,nan,nan,-1.42238
2,1.211439252,4.30266,7.12414,7.12414,nan,nan,5.10039,nan,nan,-0.572272
2,1.278728972,5.20245,7.09616,7.09616,nan,nan,5.08279,nan,nan,0.0858468
2,1.323588785,5.48057,7.07748,7.07748,nan,nan,5.07105,nan,nan,0.293782
2,1.346018692,4.10634,7.06814,7.06814,nan,nan,5.06518,nan,nan,-0.687842
2,1.390878505,7.00204,7.04943,7.04943,nan,nan,5.05344,nan,nan,1.39787
2,1.413308411,5.10429,7.04007,7.04007,nan,nan,5.04757,nan,nan,0.0406939
2,1.435738318,7.62372,7.03071,7.03071,nan,nan,5.0417,nan,nan,1.85227
2,1.480598131,5.79141,7.01198,7.01198,nan,nan,5.02996,nan,nan,0.546243
2,1.480598131,5.62781,7.01198,7.01198,nan,nan,5.02996,nan,nan,0.428882
2,1.503028037,4.76074,7.0026,7.0026,nan,nan,5.02409,nan,nan,-0.188922
2,1.660037383,6.11861,6.93691,6.93691,nan,nan,4.983,nan,nan,0.814651
2,1.660037383,4.92434,6.93691,6.93691,nan,nan,4.983,nan,nan,-0.0420861
2,1.727327103,4.05726,6.90872,6.90872,nan,nan,4.96539,nan,nan,-0.651469
2,1.817046729,6.51125,6.8711,6.8711,nan,nan,4.94192,nan,nan,1.12579
2,1.884336449,5.07157,6.84286,6.84286,nan,nan,4.92431,nan,nan,0.105645
2,1.929196262,3.58282,6.82402,6.82402,nan,nan,4.91257,nan,nan,-0.953921
2,1.951626168,6.31493,6.81461,6.81461,nan,nan,4.9067,nan,nan,1.01022
2,1.974056075,5.62781,6.80518,6.80518,nan,nan,4.90083,nan,nan,0.521516
2,1.996485981,1.68507,6.79576,6.79576,nan,nan,4.89496,nan,nan,-2.30268
2,2.041345794,6.72393,6.77691,6.77691,nan,nan,4.88322,nan,nan,1.32047
2,2.131065421,4.97342,6.73919,6.73919,nan,nan,4.85974,nan,nan,0.0815461
2,2.153495327,6.21677,6.72976,6.72976,nan,nan,4.85387,nan,nan,0.977702
2,2.175925234,6.49489,6.72033,6.72033,nan,nan,4.848,nan,nan,1.18143
2,2.243214953,2.94479,6.69202,6.69202,nan,nan,4.83039,nan,nan,-1.35268
2,2.310504673,4.23722,6.6637,6.6637,nan,nan,4.81278,nan,nan,-0.412893
2,2.377794393,5.12065,6.63537,6.63537,nan,nan,4.79517,nan,nan,0.233489
2,2.422654206,3.58282,6.61648,6.61648,nan,nan,4.78344,nan,nan,-0.861285
2,2.422654206,7.80368,6.61648,6.61648,nan,nan,4.78344,nan,nan,2.16663
2,2.422654206,5.21881,6.61648,6.61648,nan,nan,4.78344,nan,nan,0.312327
2,2.512373832,4.95706,6.57869,6.57869,nan,nan,4.75996,nan,nan,0.141392
2,2.534803738,7.0184,6.56924,6.56924,nan,nan,4.75409,nan,nan,1.62435
2,2.534803738,5.62781,6.56924,6.56924,nan,nan,4.75409,nan,nan,0.626783
2,2.534803738,4.51534,6.56924,6.56924,nan,nan,4.75409,nan,nan,-0.171273
2,2.669383178,5.54601,6.51252,6.51252,nan,nan,4.71887,nan,nan,0.593366
2,2.669383178,5.05521,6.51252,6.51252,nan,nan,4.71887,nan,nan,0.241282
2,2.669383178,4.35174,6.51252,6.51252,nan,nan,4.71887,nan,nan,-0.263371
2,2.736672897,3.48466,6.48416,6.48416,nan,nan,4.70126,nan,nan,-0.872754
2,2.826392523,5.95501,6.44633,6.44633,nan,nan,4.67779,nan,nan,0.916243
2,2.91611215,3.10838,6.40849,6.40849,nan,nan,4.65431,nan,nan,-1.109
2,2.91611215,5.75869,6.40849,6.40849,nan,nan,4.65431,nan,nan,0.792251
2,2.960971963,5.05521,6.38957,6.38957,nan,nan,4.64257,nan,nan,0.296019
2,2.960971963,3.69734,6.38957,6.38957,nan,nan,4.64257,nan,nan,-0.678079
2,2.983401869,5.66053,6.3801,6.3801,nan,nan,4.6367,nan,nan,0.734466
2,3.005831776,2.68303,6.37064,6.37064,nan,nan,4.63083,nan,nan,-1.3973
2,3.005831776,4.7771,6.37064,6.37064,nan,nan,4.63083,nan,nan,0.104926
2,3.050691589,3.41922,6.35172,6.35172,nan,nan,4.61909,nan,nan,-0.860751
2,3.050691589,6.26585,6.35172,6.35172,nan,nan,4.61909,nan,nan,1.18133
2,3.050691589,5.31697,6.35172,6.35172,nan,nan,4.61909,nan,nan,0.50064
2,3.095551402,4.07362,6.33279,6.33279,nan,nan,4.60735,nan,nan,-0.382885
2,3.140411215,5.90593,6.31386,6.31386,nan,nan,4.59561,nan,nan,0.939982
2,3.162841121,3.25562,6.30439,6.30439,nan,nan,4.58974,nan,nan,-0.957059
2,3.162841121,5.49693,6.30439,6.30439,nan,nan,4.58974,nan,nan,0.65079
2,3.252560748,5.39877,6.26653,6.26653,nan,nan,4.56627,nan,nan,0.597215
2,3.297420561,4.76074,6.2476,6.2476,nan,nan,4.55453,nan,nan,0.147928
2,3.319850467,5.67689,6.23813,6.23813,nan,nan,4.54866,nan,nan,0.809361
2,3.319850467,4.1227,6.23813,6.23813,nan,nan,4.54866,nan,nan,-0.305571
2,3.387140187,6.05317,6.20972,6.20972,nan,nan,4.53105,nan,nan,1.09192
2,3.409570093,6.51125,6.20025,6.20025,nan,nan,4.52518,nan,nan,1.42475
2,3.409570093,5.00613,6.20025,6.20025,nan,nan,4.52518,nan,nan,0.345022
2,3.432,6.87117,6.19078,6.19078,nan,nan,4.51931,nan,nan,1.68715
2,3.432,3.3047,6.19078,6.19078,nan,nan,4.51931,nan,nan,-0.871324
2,3.454429907,3.97546,6.18132,6.18132,nan,nan,4.51344,nan,nan,-0.385933
2,3.454429907,4.4499,6.18132,6.18132,nan,nan,4.51344,nan,nan,-0.0455853
2,3.476859813,4.5317,6.17185,6.17185,nan,nan,4.50757,nan,nan,0.0173058
2,3.521719626,5.56237,6.15291,6.15291,nan,nan,4.49583,nan,nan,0.765103
2,3.521719626,3.45194,6.15291,6.15291,nan,nan,4.49583,nan,nan,-0.748857
2,3.544149533,7.31288,6.14344,6.14344,nan,nan,4.48997,nan,nan,2.02508
2,3.633869159,4.90798,6.10555,6.10555,nan,nan,4.46649,nan,nan,0.31671
2,3.656299065,4.02454,6.09608,6.09608,nan,nan,4.46062,nan,nan,-0.31283
2,3.678728972,4.56442,6.08661,6.08661,nan,nan,4.45475,nan,nan,0.0786727
2,3.723588785,3.5501,6.06766,6.06766,nan,nan,4.44301,nan,nan,-0.640546
2,3.723588785,3.23926,6.06766,6.06766,nan,nan,4.44301,nan,nan,-0.863532
2,3.813308411,6.05317,6.02977,6.02977,nan,nan,4.41953,nan,nan,1.17192
2,3.903028037,4.22086,5.99188,5.99188,nan,nan,4.39606,nan,nan,-0.125681
2,3.925457944,3.53374,5.9824,5.9824,nan,nan,4.39019,nan,nan,-0.614388
2,3.925457944,3.41922,5.9824,5.9824,nan,nan,4.39019,nan,nan,-0.69654
2,3.94788785,3.9591,5.97293,5.97293,nan,nan,4.38432,nan,nan,-0.305038
2,3.970317757,3.20654,5.96346,5.96346,nan,nan,4.37845,nan,nan,-0.840689
2,3.992747664,5.12065,5.95398,5.95398,nan,nan,4.37258,nan,nan,0.536648
2,3.992747664,3.01022,5.95398,5.95398,nan,nan,4.37258,nan,nan,-0.977312
2,4.037607477,2.61759,5.93503,5.93503,nan,nan,4.36084,nan,nan,-1.25056
2,4.060037383,4.59714,5.92556,5.92556,nan,nan,4.35497,nan,nan,0.173723
2,4.08246729,5.51329,5.91608,5.91608,nan,nan,4.3491,nan,nan,0.835157
2,4.104897196,1.71779,5.90661,5.90661,nan,nan,4.34323,nan,nan,-1.88341
2,4.104897196,3.3047,5.90661,5.90661,nan,nan,4.34323,nan,nan,-0.745009
2,4.127327103,6.10225,5.89713,5.89713,nan,nan,4.33736,nan,nan,1.26608
2,4.172186916,4.10634,5.87818,5.87818,nan,nan,4.32562,nan,nan,-0.157308
2,4.239476636,2.71575,5.84975,5.84975,nan,nan,4.30802,nan,nan,-1.14225
2,4.261906542,4.40082,5.84028,5.84028,nan,nan,4.30215,nan,nan,0.070784
2,4.261906542,4.97342,5.84028,5.84028,nan,nan,4.30215,nan,nan,0.481548
2,4.351626168,3.69734,5.80237,5.80237,nan,nan,4.27867,nan,nan,-0.417028
2,4.351626168,4.87526,5.80237,5.80237,nan,nan,4.27867,nan,nan,0.427973
2,4.418915888,5.88957,5.77394,5.77394,nan,nan,4.26106,nan,nan,1.16824
2,4.418915888,6.59305,5.77394,5.77394,nan,nan,4.26106,nan,nan,1.6729
2,4.418915888,2.97751,5.77394,5.77394,nan,nan,4.26106,nan,nan,-0.920786
2,4.486205607,4.30266,5.74551,5.74551,nan,nan,4.24345,nan,nan,0.0424716
2,4.486205607,4.1227,5.74551,5.74551,nan,nan,4.24345,nan,nan,-0.0866258
2,4.508635514,4.84254,5.73603,5.73603,nan,nan,4.23758,nan,nan,0.433974
2,4.531065421,5.52965,5.72656,5.72656,nan,nan,4.23172,nan,nan,0.931102
2,4.531065421,2.81391,5.72656,5.72656,nan,nan,4.23172,nan,nan,-1.01709
2,4.575925234,6.56033,5.7076,5.7076,nan,nan,4.21998,nan,nan,1.6789
2,4.66564486,1.43967,5.66969,5.66969,nan,nan,4.1965,nan,nan,-1.97767
2,4.66564486,3.07566,5.66969,5.66969,nan,nan,4.1965,nan,nan,-0.804054
2,4.66564486,4.0409,5.66969,5.66969,nan,nan,4.1965,nan,nan,-0.111623
2,4.66564486,3.8773,5.66969,5.66969,nan,nan,4.1965,nan,nan,-0.228984
2,4.732934579,3.45194,5.64126,5.64126,nan,nan,4.17889,nan,nan,-0.521492
2,4.755364486,3.94274,5.63178,5.63178,nan,nan,4.17302,nan,nan,-0.165198
2,4.800224299,4.80982,5.61282,5.61282,nan,nan,4.16129,nan,nan,0.465237
2,4.889943925,3.27198,5.57491,5.57491,nan,nan,4.13781,nan,nan,-0.621117
2,4.912373832,3.56646,5.56543,5.56543,nan,nan,4.13194,nan,nan,-0.405657
2,4.912373832,2.37219,5.56543,5.56543,nan,nan,4.13194,nan,nan,-1.26239
2,4.934803738,3.41922,5.55595,5.55595,nan,nan,4.12607,nan,nan,-0.507071
2,4.934803738,4.41718,5.55595,5.55595,nan,nan,4.12607,nan,nan,0.208832
2,4.957233645,4.64622,5.54647,5.54647,nan,nan,4.1202,nan,nan,0.377348
2,5.002093458,3.9591,5.52752,5.52752,nan,nan,4.10846,nan,nan,-0.107148
2,5.002093458,4.49898,5.52752,5.52752,nan,nan,4.10846,nan,nan,0.280144
2,5.024523364,3.59918,5.51804,5.51804,nan,nan,4.10259,nan,nan,-0.361133
2,5.024523364,4.13906,5.51804,5.51804,nan,nan,4.10259,nan,nan,0.0261593
2,5.069383178,5.38241,5.49908,5.49908,nan,nan,4.09086,nan,nan,0.926525
2,5.114242991,1.91411,5.48012,5.48012,nan,nan,4.07912,nan,nan,-1.55311
2,5.114242991,6.11861,5.48012,5.48012,nan,nan,4.07912,nan,nan,1.46307
2,5.114242991,2.83027,5.48012,5.48012,nan,nan,4.07912,nan,nan,-0.895889
2,5.18153271,1.97955,5.45169,5.45169,nan,nan,4.06151,nan,nan,-1.49354
2,5.226392523,5.02249,5.43273,5.43273,nan,nan,4.04977,nan,nan,0.697803
2,5.271252336,3.82822,5.41377,5.41377,nan,nan,4.03803,nan,nan,-0.150514
2,5.293682243,4.90798,5.40429,5.40429,nan,nan,4.03216,nan,nan,0.628281
2,5.360971963,4.10634,5.37585,5.37585,nan,nan,4.01456,nan,nan,0.0658415
2,5.360971963,2.73211,5.37585,5.37585,nan,nan,4.01456,nan,nan,-0.919993
2,5.405831776,5.18609,5.35689,5.35689,nan,nan,4.00282,nan,nan,0.848846
2,5.405831776,3.10838,5.35689,5.35689,nan,nan,4.00282,nan,nan,-0.641642
2,5.428261682,7.47648,5.34741,5.34741,nan,nan,3.99695,nan,nan,2.49611
2,5.428261682,4.51534,5.34741,5.34741,nan,nan,3.99695,nan,nan,0.371875
2,5.450691589,3.6319,5.33793,5.33793,nan,nan,3.99108,nan,nan,-0.257665
2,5.517981308,4.8589,5.30949,5.30949,nan,nan,3.97347,nan,nan,0.635175
2,5.517981308,6.08589,5.30949,5.30949,nan,nan,3.97347,nan,nan,1.51538
2,5.540411215,2.96115,5.30001,5.30001,nan,nan,3.96761,nan,nan,-0.722005
2,5.652560748,4.6953,5.25261,5.25261,nan,nan,3.93826,nan,nan,0.543075
2,5.652560748,4.51534,5.25261,5.25261,nan,nan,3.93826,nan,nan,0.413978
2,5.652560748,3.66462,5.25261,5.25261,nan,nan,3.93826,nan,nan,-0.196301
2,5.652560748,2.56851,5.25261,5.25261,nan,nan,3.93826,nan,nan,-0.982621
2,5.719850467,3.89366,5.22417,5.22417,nan,nan,3.92065,nan,nan,-0.0193644
2,5.719850467,3.2229,5.22417,5.22417,nan,nan,3.92065,nan,nan,-0.500545
2,5.876859813,3.59918,5.15781,5.15781,nan,nan,3.87957,nan,nan,-0.201144
2,5.921719626,1.86503,5.13885,5.13885,nan,nan,3.86783,nan,nan,-1.43675
2,5.966579439,2.66667,5.11989,5.11989,nan,nan,3.8561,nan,nan,-0.853262
2,5.989009346,4.80982,5.11041,5.11041,nan,nan,3.85023,nan,nan,0.68838
2,5.989009346,4.6135,5.11041,5.11041,nan,nan,3.85023,nan,nan,0.547547
2,5.989009346,4.0409,5.11041,5.11041,nan,nan,3.85023,nan,nan,0.136782
2,5.989009346,3.3047,5.11041,5.11041,nan,nan,3.85023,nan,nan,-0.391343
2,6.011439252,2.84663,5.10093,5.10093,nan,nan,3.84436,nan,nan,-0.715745
2,6.101158879,1.76687,5.06301,5.06301,nan,nan,3.82088,nan,nan,-1.47349
2,6.101158879,3.0593,5.06301,5.06301,nan,nan,3.82088,nan,nan,-0.546335
2,6.123588785,3.97546,5.05353,5.05353,nan,nan,3.81502,nan,nan,0.115098
2,6.146018692,3.59918,5.04405,5.04405,nan,nan,3.80915,nan,nan,-0.150623
2,6.235738318,1.91411,5.00613,5.00613,nan,nan,3.78567,nan,nan,-1.3426
2,6.235738318,5.56237,5.00613,5.00613,nan,nan,3.78567,nan,nan,1.27455
2,6.280598131,5.26789,4.98717,4.98717,nan,nan,3.77393,nan,nan,1.07172
2,6.280598131,4.22086,4.98717,4.98717,nan,nan,3.77393,nan,nan,0.32061
2,6.280598131,3.86094,4.98717,4.98717,nan,nan,3.77393,nan,nan,0.0624155
2,6.370317757,2.96115,4.94924,4.94924,nan,nan,3.75046,nan,nan,-0.566231
2,6.392747664,4.58078,4.93976,4.93976,nan,nan,3.74459,nan,nan,0.599855
2,6.41517757,6.75665,4.93028,4.93028,nan,nan,3.73872,nan,nan,2.16497
2,6.437607477,4.76074,4.9208,4.9208,nan,nan,3.73285,nan,nan,0.737372
2,6.460037383,5.88957,4.91132,4.91132,nan,nan,3.72699,nan,nan,1.55137
2,6.48246729,4.98978,4.90184,4.90184,nan,nan,3.72112,nan,nan,0.910098
2,6.504897196,4.25358,4.89236,4.89236,nan,nan,3.71525,nan,nan,0.386182
2,6.527327103,1.93047,4.88288,4.88288,nan,nan,3.70938,nan,nan,-1.27614
2,6.527327103,5.61145,4.88288,4.88288,nan,nan,3.70938,nan,nan,1.36449
2,6.527327103,0.670757,4.88288,4.88288,nan,nan,3.70938,nan,nan,-2.17982
2,6.639476636,3.56646,4.83548,4.83548,nan,nan,3.68004,nan,nan,-0.0814751
2,6.639476636,3.3865,4.83548,4.83548,nan,nan,3.68004,nan,nan,-0.210572
2,6.639476636,3.25562,4.83548,4.83548,nan,nan,3.68004,nan,nan,-0.304461
2,6.661906542,2.71575,4.826,4.826,nan,nan,3.67417,nan,nan,-0.687544
2,6.818915888,3.99182,4.75963,4.75963,nan,nan,3.63309,nan,nan,0.257343
2,6.886205607,3.77914,4.73119,4.73119,nan,nan,3.61548,nan,nan,0.117402
2,6.886205607,3.20654,4.73119,4.73119,nan,nan,3.61548,nan,nan,-0.293362
2,6.931065421,2.01227,4.71223,4.71223,nan,nan,3.60375,nan,nan,-1.14168
2,6.953495327,4.25358,4.70275,4.70275,nan,nan,3.59788,nan,nan,0.470379
2,6.953495327,3.61554,4.70275,4.70275,nan,nan,3.59788,nan,nan,0.0126701
2,6.99835514,1.76687,4.68379,4.68379,nan,nan,3.58614,nan,nan,-1.30509
2,6.99835514,2.19223,4.68379,4.68379,nan,nan,3.58614,nan,nan,-0.999953
2,7.06564486,3.01022,4.65534,4.65534,nan,nan,3.56854,nan,nan,-0.400519
2,7.088074766,4.54806,4.64586,4.64586,nan,nan,3.56267,nan,nan,0.706886
2,7.110504673,1.96319,4.63638,4.63638,nan,nan,3.5568,nan,nan,-1.14321
2,7.132934579,3.7955,4.6269,4.6269,nan,nan,3.55094,nan,nan,0.175444
2,7.177794393,2.42127,4.60794,4.60794,nan,nan,3.5392,nan,nan,-0.801972
2,7.200224299,3.17382,4.59846,4.59846,nan,nan,3.53333,nan,nan,-0.257901
2,7.222654206,4.1227,4.58898,4.58898,nan,nan,3.52747,nan,nan,0.427004
2,7.267514019,4.71166,4.57002,4.57002,nan,nan,3.51573,nan,nan,0.857923
2,7.334803738,3.3865,4.54157,4.54157,nan,nan,3.49813,nan,nan,-0.0800754
2,7.379663551,3.92638,4.52261,4.52261,nan,nan,3.48639,nan,nan,0.315635
2,7.402093458,1.32515,4.51313,4.51313,nan,nan,3.48052,nan,nan,-1.5462
2,7.402093458,5.54601,4.51313,4.51313,nan,nan,3.48052,nan,nan,1.48172
2,7.424523364,5.85685,4.50365,4.50365,nan,nan,3.47466,nan,nan,1.70892
2,7.424523364,6.72393,4.50365,4.50365,nan,nan,3.47466,nan,nan,2.33093
2,7.446953271,4.7771,4.49417,4.49417,nan,nan,3.46879,nan,nan,0.938541
2,7.446953271,4.64622,4.49417,4.49417,nan,nan,3.46879,nan,nan,0.844652
2,7.469383178,3.68098,4.48469,4.48469,nan,nan,3.46292,nan,nan,0.15643
2,7.536672897,1.83231,4.45625,4.45625,nan,nan,3.44532,nan,nan,-1.15712
2,7.536672897,4.22086,4.45625,4.45625,nan,nan,3.44532,nan,nan,0.55635
2,7.536672897,5.00613,4.45625,4.45625,nan,nan,3.44532,nan,nan,1.11968
2,7.64882243,2.38855,4.40884,4.40884,nan,nan,3.41598,nan,nan,-0.737051
2,7.64882243,2.56851,4.40884,4.40884,nan,nan,3.41598,nan,nan,-0.607953
2,7.671252336,3.56646,4.39936,4.39936,nan,nan,3.41011,nan,nan,0.112159
2,7.671252336,3.32106,4.39936,4.39936,nan,nan,3.41011,nan,nan,-0.0638825
2,7.805831776,3.82822,4.34248,4.34248,nan,nan,3.37491,nan,nan,0.325191
2,7.895551402,3.3047,4.30455,4.30455,nan,nan,3.35144,nan,nan,-0.0335296
2,7.917981308,2.14315,4.29507,4.29507,nan,nan,3.34558,nan,nan,-0.862586
2,7.940411215,2.97751,4.28559,4.28559,nan,nan,3.33971,nan,nan,-0.259835
2,7.962841121,2.86299,4.27611,4.27611,nan,nan,3.33384,nan,nan,-0.337779
2,8.030130841,4.25358,4.24767,4.24767,nan,nan,3.31624,nan,nan,0.672418
2,8.030130841,3.7955,4.24767,4.24767,nan,nan,3.31624,nan,nan,0.343806
2,8.052560748,3.68098,4.23819,4.23819,nan,nan,3.31038,nan,nan,0.265862
2,8.052560748,2.07771,4.23819,4.23819,nan,nan,3.31038,nan,nan,-0.884278
2,8.097420561,1.94683,4.21923,4.21923,nan,nan,3.29864,nan,nan,-0.96975
2,8.142280374,3.40286,4.20027,4.20027,nan,nan,3.28691,nan,nan,0.0831818
2,8.16471028,4.1227,4.19079,4.19079,nan,nan,3.28104,nan,nan,0.60378
2,8.232,4.35174,4.16234,4.16234,nan,nan,3.26344,nan,nan,0.78071
2,8.232,1.25971,4.16234,4.16234,nan,nan,3.26344,nan,nan,-1.43742
2,8.254429907,3.3047,4.15286,4.15286,nan,nan,3.25758,nan,nan,0.033807
2,8.344149533,0.916155,4.11494,4.11494,nan,nan,3.23411,nan,nan,-1.66283
2,8.366579439,3.94274,4.10546,4.10546,nan,nan,3.22825,nan,nan,0.512557
2,8.389009346,3.58282,4.09598,4.09598,nan,nan,3.22238,nan,nan,0.25857
2,8.411439252,6.08589,4.0865,4.0865,nan,nan,3.21651,nan,nan,2.05841
2,8.411439252,2.47035,4.0865,4.0865,nan,nan,3.21651,nan,nan,-0.535278
2,8.456299065,3.69734,4.06754,4.06754,nan,nan,3.20478,nan,nan,0.353347
2,8.478728972,3.33742,4.05806,4.05806,nan,nan,3.19892,nan,nan,0.0993606
2,8.501158879,4.33538,4.04858,4.04858,nan,nan,3.19305,nan,nan,0.819472
2,8.501158879,0.834356,4.04858,4.04858,nan,nan,3.19305,nan,nan,-1.69206
2,8.501158879,3.48466,4.04858,4.04858,nan,nan,3.19305,nan,nan,0.209194
2,8.523588785,4.02454,4.0391,4.0391,nan,nan,3.18719,nan,nan,0.600694
2,8.635738318,2.17587,3.9917,3.9917,nan,nan,3.15786,nan,nan,-0.704449
2,8.658168224,1.94683,3.98222,3.98222,nan,nan,3.15199,nan,nan,-0.864547
2,8.658168224,3.10838,3.98222,3.98222,nan,nan,3.15199,nan,nan,-0.0312825
2,8.703028037,1.75051,3.96326,3.96326,nan,nan,3.14026,nan,nan,-0.996965
2,8.725457944,1.14519,3.95378,3.95378,nan,nan,3.1344,nan,nan,-1.42699
2,8.792747664,2.56851,3.92534,3.92534,nan,nan,3.1168,nan,nan,-0.393329
2,8.904897196,6.90389,3.87793,3.87793,nan,nan,3.08748,nan,nan,2.73778
2,8.904897196,1.06339,3.87793,3.87793,nan,nan,3.08748,nan,nan,-1.45202
2,8.904897196,2.83027,3.87793,3.87793,nan,nan,3.08748,nan,nan,-0.184515
2,8.927327103,3.53374,3.86845,3.86845,nan,nan,3.08161,nan,nan,0.324346
2,8.972186916,2.30675,3.84949,3.84949,nan,nan,3.06988,nan,nan,-0.547449
2,8.972186916,3.27198,3.84949,3.84949,nan,nan,3.06988,nan,nan,0.144982
2,8.972186916,3.89366,3.84949,3.84949,nan,nan,3.06988,nan,nan,0.590955
2,9.017046729,3.04294,3.83054,3.83054,nan,nan,3.05815,nan,nan,-0.0109097
2,9.039476636,2.48671,3.82106,3.82106,nan,nan,3.05229,nan,nan,-0.405731
2,9.061906542,4.84254,3.81158,3.81158,nan,nan,3.04642,nan,nan,1.28848
2,9.106766355,1.57055,3.79262,3.79262,nan,nan,3.0347,nan,nan,-1.05033
2,9.106766355,3.61554,3.79262,3.79262,nan,nan,3.0347,nan,nan,0.416682
2,9.129196262,1.29243,3.78314,3.78314,nan,nan,3.02883,nan,nan,-1.24564
2,9.174056075,4.41718,3.76418,3.76418,nan,nan,3.0171,nan,nan,1.00437
2,9.196485981,3.43558,3.7547,3.7547,nan,nan,3.01124,nan,nan,0.304411
2,9.241345794,3.73006,3.73574,3.73574,nan,nan,2.99951,nan,nan,0.524074
2,9.286205607,2.55215,3.71678,3.71678,nan,nan,2.98779,nan,nan,-0.312514
2,9.286205607,3.27198,3.71678,3.71678,nan,nan,2.98779,nan,nan,0.203876
2,9.308635514,1.35787,3.7073,3.7073,nan,nan,2.98192,nan,nan,-1.16504
2,9.331065421,3.10838,3.69782,3.69782,nan,nan,2.97606,nan,nan,0.0949269
2,9.375925234,5.54601,3.67886,3.67886,nan,nan,2.96433,nan,nan,1.85202
2,9.39835514,4.26994,3.66938,3.66938,nan,nan,2.95847,nan,nan,0.94081
2,9.420785047,7.39468,3.6599,3.6599,nan,nan,2.95261,nan,nan,3.18662
2,9.443214953,2.38855,3.65042,3.65042,nan,nan,2.94674,nan,nan,-0.400432
2,9.443214953,2.84663,3.65042,3.65042,nan,nan,2.94674,nan,nan,-0.0718209
2,9.443214953,4.15542,3.65042,3.65042,nan,nan,2.94674,nan,nan,0.867069
2,9.510504673,4.89162,3.62199,3.62199,nan,nan,2.92915,nan,nan,1.40781
2,9.532934579,0.719836,3.61251,3.61251,nan,nan,2.92329,nan,nan,-1.58069
2,9.532934579,4.40082,3.61251,3.61251,nan,nan,2.92329,nan,nan,1.05993
2,9.645084112,3.41922,3.56511,3.56511,nan,nan,2.89398,nan,nan,0.376794
2,9.645084112,2.68303,3.56511,3.56511,nan,nan,2.89398,nan,nan,-0.151332
2,9.667514019,1.42331,3.55563,3.55563,nan,nan,2.88812,nan,nan,-1.05081
2,9.667514019,2.48671,3.55563,3.55563,nan,nan,2.88812,nan,nan,-0.28796
2,9.734803738,3.25562,3.5272,3.5272,nan,nan,2.87053,nan,nan,0.276253
2,9.846953271,2.42127,3.47981,3.47981,nan,nan,2.84123,nan,nan,-0.301266
2,9.869383178,2.78119,3.47033,3.47033,nan,nan,2.83537,nan,nan,-0.0388664
2,9.959102804,1.79959,3.43242,3.43242,nan,nan,2.81192,nan,nan,-0.726216
2,9.959102804,3.1411,3.43242,3.43242,nan,nan,2.81192,nan,nan,0.236146
2,10.00396262,2.61759,3.41346,3.41346,nan,nan,2.8002,nan,nan,-0.131002
2,10.02639252,2.35583,3.40398,3.40398,nan,nan,2.79434,nan,nan,-0.314576
2,10.07125234,2.04499,3.38503,3.38503,nan,nan,2.78262,nan,nan,-0.529155
2,10.13854206,2.53579,3.3566,3.3566,nan,nan,2.76504,nan,nan,-0.164461
2,10.16097196,3.01022,3.34712,3.34712,nan,nan,2.75918,nan,nan,0.18009
2,10.18340187,5.33e-15,3.33764,3.33764,nan,nan,2.75332,nan,nan,-1.97515
2,10.20583178,3.40286,3.32817,3.32817,nan,nan,2.74746,nan,nan,0.470164
2,10.2731215,2.35583,3.29974,3.29974,nan,nan,2.72989,nan,nan,-0.268339
2,10.2731215,3.9591,3.29974,3.29974,nan,nan,2.72989,nan,nan,0.881801
2,10.31798131,2.74847,3.28078,3.28078,nan,nan,2.71817,nan,nan,0.0217329
2,10.40770093,5.87321,3.24288,3.24288,nan,nan,2.69474,nan,nan,2.28014
2,10.40770093,2.30675,3.24288,3.24288,nan,nan,2.69474,nan,nan,-0.278333
2,10.40770093,3.7955,3.24288,3.24288,nan,nan,2.69474,nan,nan,0.789654
2,10.40770093,3.35378,3.24288,3.24288,nan,nan,2.69474,nan,nan,0.472779
2,10.40770093,3.01022,3.24288,3.24288,nan,nan,2.69474,nan,nan,0.22632
2,10.47499065,2.53579,3.21445,3.21445,nan,nan,2.67717,nan,nan,-0.101421
2,10.49742056,3.19018,3.20498,3.20498,nan,nan,2.67131,nan,nan,0.372225
2,10.51985047,4.46626,3.1955,3.1955,nan,nan,2.66545,nan,nan,1.29184
2,10.54228037,3.51738,3.18603,3.18603,nan,nan,2.6596,nan,nan,0.615351
2,10.632,1.86503,3.14813,3.14813,nan,nan,2.63617,nan,nan,-0.553193
2,10.65442991,1.01431,3.13865,3.13865,nan,nan,2.63031,nan,nan,-1.15927
2,10.92358879,2.53579,3.02497,3.02497,nan,nan,2.56006,nan,nan,-0.017412
2,10.94601869,4.15542,3.0155,3.0155,nan,nan,2.55421,nan,nan,1.14866
2,11.03573832,0.327198,2.97761,2.97761,nan,nan,2.5308,nan,nan,-1.5808
2,11.03573832,1.50511,2.97761,2.97761,nan,nan,2.5308,nan,nan,-0.735794
2,11.03573832,2.38855,2.97761,2.97761,nan,nan,2.5308,nan,nan,-0.102044
2,11.08059813,1.66871,2.95867,2.95867,nan,nan,2.51909,nan,nan,-0.610037
2,11.14788785,1.42331,2.93026,2.93026,nan,nan,2.50154,nan,nan,-0.773486
2,11.17031776,2.19223,2.92079,2.92079,nan,nan,2.49569,nan,nan,-0.217691
2,11.19274766,1.79959,2.91132,2.91132,nan,nan,2.48984,nan,nan,-0.495161
2,11.26003738,2.58487,2.88291,2.88291,nan,nan,2.47228,nan,nan,0.0807634
2,11.28246729,1.47239,2.87344,2.87344,nan,nan,2.46643,nan,nan,-0.713097
2,11.3048972,3.25562,2.86397,2.86397,nan,nan,2.46059,nan,nan,0.570337
2,11.39461682,2.91207,2.8261,2.8261,nan,nan,2.43719,nan,nan,0.340661
2,11.43947664,2.45399,2.80717,2.80717,nan,nan,2.4255,nan,nan,0.0204398
2,11.46190654,2.06135,2.7977,2.7977,nan,nan,2.41965,nan,nan,-0.257032
2,11.48433645,1.93047,2.78824,2.78824,nan,nan,2.4138,nan,nan,-0.346727
2,11.52919626,2.71575,2.7693,2.7693,nan,nan,2.40211,nan,nan,0.224995
2,11.52919626,4.38446,2.7693,2.7693,nan,nan,2.40211,nan,nan,1.42208
2,11.64134579,0.359918,2.72198,2.72198,nan,nan,2.37288,nan,nan,-1.44404
2,11.91050467,0.834356,2.60845,2.60845,nan,nan,2.30277,nan,nan,-1.0534
2,11.93293458,2.15951,2.599,2.599,nan,nan,2.29693,nan,nan,-0.0985808
2,11.93293458,0.687117,2.599,2.599,nan,nan,2.29693,nan,nan,-1.15483
2,11.97779439,1.11247,2.58008,2.58008,nan,nan,2.28525,nan,nan,-0.841314
2,12.02265421,1.73415,2.56117,2.56117,nan,nan,2.27357,nan,nan,-0.386965
2,12.04508411,3.69734,2.55172,2.55172,nan,nan,2.26773,nan,nan,1.02556
2,12.11237383,1.96319,2.52335,2.52335,nan,nan,2.25022,nan,nan,-0.205909
2,12.17966355,1.45603,2.495,2.495,nan,nan,2.23271,nan,nan,-0.557169
2,12.24695327,2.84663,2.46665,2.46665,nan,nan,2.21521,nan,nan,0.452958
2,12.26938318,2.61759,2.4572,2.4572,nan,nan,2.20938,nan,nan,0.292837
2,12.38153271,3.28834,2.40997,2.40997,nan,nan,2.18022,nan,nan,0.794937
2,12.42639252,1.89775,2.39108,2.39108,nan,nan,2.16856,nan,nan,-0.194268
2,12.42639252,1.60327,2.39108,2.39108,nan,nan,2.16856,nan,nan,-0.405519
2,12.47125234,2.09407,2.3722,2.3722,nan,nan,2.1569,nan,nan,-0.0450716
2,12.47125234,1.06339,2.3722,2.3722,nan,nan,2.1569,nan,nan,-0.784447
2,12.51611215,3.32106,2.35332,2.35332,nan,nan,2.14524,nan,nan,0.843499
2,12.53854206,2.20859,2.34388,2.34388,nan,nan,2.13941,nan,nan,0.0496234
2,12.60583178,1.93047,2.31557,2.31557,nan,nan,2.12194,nan,nan,-0.137352
2,12.6955514,0.736196,2.27783,2.27783,nan,nan,2.09864,nan,nan,-0.977377
2,12.91985047,1.79959,2.18358,2.18358,nan,nan,2.04045,nan,nan,-0.172782
2,12.91985047,0.916155,2.18358,2.18358,nan,nan,2.04045,nan,nan,-0.806532
2,12.98714019,4.33538,2.15533,2.15533,nan,nan,2.023,nan,nan,1.65883
2,13.05442991,1.66871,2.12709,2.12709,nan,nan,2.00556,nan,nan,-0.241646
2,13.05442991,4.5317,2.12709,2.12709,nan,nan,2.00556,nan,nan,1.81218
2,13.18900935,0.458078,2.07065,2.07065,nan,nan,1.97071,nan,nan,-1.08512
2,13.23386916,2.38855,2.05186,2.05186,nan,nan,1.95909,nan,nan,0.308077
2,13.25629907,0.539877,2.04246,2.04246,nan,nan,1.95329,nan,nan,-1.01394
2,13.30115888,3.58282,2.02367,2.02367,nan,nan,1.94168,nan,nan,1.1773
2,13.3908785,2.02863,1.98612,1.98612,nan,nan,1.91848,nan,nan,0.0790177
2,13.41330841,3.76278,1.97674,1.97674,nan,nan,1.91268,nan,nan,1.32721
2,13.41330841,4.08998,1.97674,1.97674,nan,nan,1.91268,nan,nan,1.56193
2,13.45816822,2.65031,1.95798,1.95798,nan,nan,1.90109,nan,nan,0.537467
2,13.48059813,0.556237,1.94861,1.94861,nan,nan,1.89529,nan,nan,-0.960599
2,13.52545794,2.14315,1.92986,1.92986,nan,nan,1.88371,nan,nan,0.186117
2,13.74975701,1.40695,1.83629,1.83629,nan,nan,1.82583,nan,nan,-0.30049
2,13.81704673,0.997955,1.80828,1.80828,nan,nan,1.80849,nan,nan,-0.581454
2,13.99648598,0.719836,1.73371,1.73371,nan,nan,1.7623,nan,nan,-0.747835
2,14.0637757,1.55419,1.70581,1.70581,nan,nan,1.74501,nan,nan,-0.136884
2,14.24321495,0.0981595,1.63159,1.63159,nan,nan,1.69894,nan,nan,-1.14835
2,14.24321495,2.43763,1.63159,1.63159,nan,nan,1.69894,nan,nan,0.529913
2,14.31050467,2.78119,1.60383,1.60383,nan,nan,1.68169,nan,nan,0.788746
2,14.4002243,2.87935,1.56689,1.56689,nan,nan,1.65871,nan,nan,0.875645
2,14.4002243,4.05726,1.56689,1.56689,nan,nan,1.65871,nan,nan,1.72065
2,14.44508411,0.196319,1.54845,1.54845,nan,nan,1.64724,nan,nan,-1.04084
2,14.44508411,1.01431,1.54845,1.54845,nan,nan,1.64724,nan,nan,-0.454039
2,14.44508411,1.37423,1.54845,1.54845,nan,nan,1.64724,nan,nan,-0.195844
2,14.53480374,2.73211,1.51165,1.51165,nan,nan,1.6243,nan,nan,0.794707
2,14.64695327,1.22699,1.46578,1.46578,nan,nan,1.59567,nan,nan,-0.26448
2,14.87125234,1.79959,1.37458,1.37458,nan,nan,1.53857,nan,nan,0.187249
2,14.98340187,0.179959,1.32928,1.32928,nan,nan,1.5101,nan,nan,-0.954203
2,15.02826168,1.79959,1.31123,1.31123,nan,nan,1.49873,nan,nan,0.215831
2,15.0955514,1.86503,1.28421,1.28421,nan,nan,1.48169,nan,nan,0.274999
2,15.25256075,3.68098,1.22156,1.22156,nan,nan,1.44202,nan,nan,1.60616
2,15.27499065,0.572597,1.21265,1.21265,nan,nan,1.43636,nan,nan,-0.619641
2,15.29742056,1.68507,1.20376,1.20376,nan,nan,1.43071,nan,nan,0.182471
2,15.38714019,1.86503,1.1683,1.1683,nan,nan,1.40813,nan,nan,0.327769
2,15.47685981,0.883436,1.13306,1.13306,nan,nan,1.38559,nan,nan,-0.360231
2,15.52171963,2.81391,1.11552,1.11552,nan,nan,1.37434,nan,nan,1.0327
2,15.90302804,1.66871,0.969045,0.969045,nan,nan,1.27927,nan,nan,0.279374
2,16.08246729,1.81595,0.902004,0.902004,nan,nan,1.23491,nan,nan,0.41682
2,16.26190654,2.56851,0.836417,0.836417,nan,nan,1.19083,nan,nan,0.988303
2,16.30676636,1.97955,0.82027,0.82027,nan,nan,1.17986,nan,nan,0.573674
3,0,0.620408,7.60519,7.60519,6.15473,nan,6.54047,-3.97016,nan,-4.24688
3,2.018691589,4.5551,6.78643,6.78643,5.70453,nan,6.05885,-0.824562,nan,-1.07875
3,2.041121495,2.61224,6.777,6.777,5.69952,nan,6.0535,-2.21472,nan,-2.46866
3,3.005607477,5.24082,6.37074,6.37074,5.48442,nan,5.8234,-0.174756,nan,-0.417928
3,3.857943925,3.72245,6.01092,6.01092,5.29434,nan,5.62005,-1.12763,nan,-1.36129
3,4.014953271,2.1551,5.9446,5.9446,5.25932,nan,5.5826,-2.22688,nan,-2.45878
3,4.014953271,3.2,5.9446,5.9446,5.25932,nan,5.5826,-1.4773,nan,-1.7092
3,4.037383178,5.01224,5.93513,5.93513,5.25432,nan,5.57724,-0.173657,nan,-0.405314
3,4.351401869,3.82041,5.80247,5.80247,5.18429,nan,5.50233,-0.978408,nan,-1.20656
3,5.001869159,3.11837,5.52761,5.52761,5.03923,nan,5.34714,-1.37797,nan,-1.59886
3,5.136448598,5.8449,5.47074,5.47074,5.00921,nan,5.31503,0.599497,nan,0.380109
3,5.226168224,1.94286,5.43282,5.43282,4.9892,nan,5.29363,-2.18536,nan,-2.40375
3,5.45046729,4.81633,5.33803,5.33803,4.93918,nan,5.24012,-0.0881322,nan,-0.304016
3,5.876635514,3.59184,5.15791,5.15791,4.84414,nan,5.13845,-0.898365,nan,-1.10949
3,5.943925234,4.70204,5.12947,5.12947,4.82913,nan,5.12239,-0.0911725,nan,-0.301548
3,6.011214953,4.3102,5.10103,5.10103,4.81413,nan,5.10634,-0.361499,nan,-0.571123
3,6.03364486,6.33469,5.09155,5.09155,4.80912,nan,5.10099,1.0944,nan,0.885025
3,6.347663551,4.60408,4.95882,4.95882,4.73909,nan,5.02607,-0.0968543,nan,-0.302723
3,6.841121495,5.12653,4.75025,4.75025,4.62905,nan,4.90834,0.35688,nan,0.15652
3,6.908411215,6.12245,4.7218,4.7218,4.61404,nan,4.89229,1.08209,nan,0.882479
3,6.998130841,4.19592,4.68388,4.68388,4.59403,nan,4.87089,-0.285596,nan,-0.484202
3,7.020560748,6.17143,4.6744,4.6744,4.58903,nan,4.86554,1.13517,nan,0.936809
3,7.042990654,5.40408,4.66492,4.66492,4.58403,nan,4.86018,0.588282,nan,0.390176
3,7.155140187,7.77143,4.61751,4.61751,4.55902,nan,4.83343,2.30449,nan,2.10763
3,7.244859813,4.76735,4.57959,4.57959,4.53901,nan,4.81202,0.163802,nan,-0.03205
3,7.289719626,6.85714,4.56063,4.56063,4.52901,nan,4.80132,1.67014,nan,1.47479
3,7.334579439,5.81224,4.54167,4.54167,4.519,nan,4.79062,0.927735,nan,0.732884
3,7.334579439,4.44082,4.54167,4.54167,4.519,nan,4.79062,-0.0560876,nan,-0.250939
3,7.379439252,4.01633,4.52271,4.52271,4.509,nan,4.77992,-0.353427,nan,-0.547778
3,7.446728972,6.23673,4.49426,4.49426,4.49399,nan,4.76386,1.25019,nan,1.05659
3,7.648598131,4.81633,4.40894,4.40894,4.44897,nan,4.71571,0.263529,nan,0.0721825
3,7.693457944,6.44898,4.38998,4.38998,4.43897,nan,4.705,1.44192,nan,1.25108
3,7.85046729,4.76735,4.32361,4.32361,4.40395,nan,4.66755,0.260687,nan,0.0715947
3,7.962616822,6.80816,4.27621,4.27621,4.37894,nan,4.64079,1.74265,nan,1.55481
3,8.007476636,5.74694,4.25725,4.25725,4.36894,nan,4.63009,0.988536,nan,0.801196
3,8.007476636,3.6898,4.25725,4.25725,4.36894,nan,4.63009,-0.487198,nan,-0.674537
3,8.007476636,5.3551,4.25725,4.25725,4.36894,nan,4.63009,0.707444,nan,0.520104
3,8.142056075,8.26122,4.20036,4.20036,4.33893,nan,4.59798,2.81374,nan,2.6279
3,8.231775701,4.5551,4.16244,4.16244,4.31892,nan,4.57658,0.16943,nan,-0.0154046
3,8.321495327,5.48571,4.12452,4.12452,4.29891,nan,4.55517,0.851377,nan,0.667544
3,8.343925234,4.32653,4.11504,4.11504,4.29391,nan,4.54982,0.0234014,nan,-0.160181
3,8.456074766,5.9102,4.06763,4.06763,4.2689,nan,4.52307,1.17742,nan,0.995092
3,8.747663551,4.75102,3.94439,3.94439,4.20387,nan,4.4535,0.392506,nan,0.21343
3,8.882242991,3.98367,3.88751,3.88751,4.17386,nan,4.4214,-0.136436,nan,-0.31401
3,8.94953271,6.66122,3.85907,3.85907,4.15886,nan,4.40534,1.79512,nan,1.6183
3,9.01682243,4.8,3.83063,3.83063,4.14385,nan,4.38929,0.470702,nan,0.294631
3,9.039252336,5.9102,3.82115,3.82115,4.13885,nan,4.38394,1.27072,nan,1.0949
3,9.039252336,4.60408,3.82115,3.82115,4.13885,nan,4.38394,0.333744,nan,0.157924
3,9.151401869,7.72245,3.77375,3.77375,4.11384,nan,4.35718,2.58871,nan,2.41414
3,9.218691589,3.80408,3.74531,3.74531,4.09883,nan,4.34113,-0.211447,nan,-0.385263
3,9.285981308,5.06122,3.71687,3.71687,4.08383,nan,4.32508,0.701154,nan,0.52809
3,9.330841121,6.22041,3.69791,3.69791,4.07383,nan,4.31438,1.53989,nan,1.36733
3,9.353271028,5.32245,3.68844,3.68844,4.06882,nan,4.30902,0.899314,nan,0.727001
3,9.375700935,4.39184,3.67896,3.67896,4.06382,nan,4.30367,0.235308,nan,0.0632456
3,9.487850467,6.26939,3.63156,3.63156,4.03881,nan,4.27692,1.60015,nan,1.42934
3,9.66728972,4.34286,3.55573,3.55573,3.9988,nan,4.23411,0.246817,nan,0.0780097
3,9.846728972,4.71837,3.4799,3.4799,3.95879,nan,4.19131,0.544902,nan,0.378097
3,9.958878505,5.02857,3.43251,3.43251,3.93378,nan,4.16455,0.785374,nan,0.619821
3,10.00373832,6.92245,3.41356,3.41356,3.92377,nan,4.15385,2.15116,nan,1.98611
3,10.02616822,4.35918,3.40408,3.40408,3.91877,nan,4.1485,0.315939,nan,0.151138
3,10.02616822,5.51837,3.40408,3.40408,3.91877,nan,4.1485,1.1475,nan,0.982702
3,10.11588785,7.24898,3.36617,3.36617,3.89877,nan,4.1271,2.40335,nan,2.23955
3,10.22803738,3.80408,3.31878,3.31878,3.87376,nan,4.10034,-0.049983,nan,-0.212529
3,10.2953271,5.1102,3.29035,3.29035,3.85875,nan,4.08429,0.897755,nan,0.735961
3,10.34018692,5.20816,3.2714,3.2714,3.84875,nan,4.07359,0.975204,nan,0.813911
3,10.38504673,3.15102,3.25245,3.25245,3.83875,nan,4.06289,-0.493354,nan,-0.654145
3,10.45233645,4.63673,3.22402,3.22402,3.82374,nan,4.04683,0.583217,nan,0.423179
3,10.65420561,4.70204,3.13875,3.13875,3.77873,nan,3.99867,0.662356,nan,0.504574
3,10.69906542,4.13061,3.1198,3.1198,3.76873,nan,3.98797,0.259606,nan,0.102325
3,10.74392523,3.4449,3.10085,3.10085,3.75872,nan,3.97727,-0.22513,nan,-0.381909
3,10.85607477,6.07347,3.05348,3.05348,3.73372,nan,3.95052,1.67847,nan,1.52294
3,10.94579439,4.21224,3.01559,3.01559,3.71371,nan,3.92912,0.357632,nan,0.203108
3,10.99065421,5.42041,2.99665,2.99665,3.70371,nan,3.91841,1.23151,nan,1.07749
3,11.01308411,5.99184,2.98718,2.98718,3.69871,nan,3.91306,1.64502,nan,1.49125
3,11.03551402,4.81633,2.97771,2.97771,3.69371,nan,3.90771,0.805333,nan,0.651812
3,11.14766355,6.38367,2.93035,2.93035,3.6687,nan,3.88096,1.94764,nan,1.79537
3,11.23738318,2.48163,2.89247,2.89247,3.6487,nan,3.85956,-0.837218,nan,-0.988485
3,11.28224299,4.65306,2.87354,2.87354,3.63869,nan,3.84886,0.727677,nan,0.57691
3,11.3271028,3.65714,2.8546,2.8546,3.62869,nan,3.83816,0.0204094,nan,-0.129856
3,11.37196262,2.13878,2.83566,2.83566,3.61869,nan,3.82746,-1.06165,nan,-1.21141
3,11.41682243,4.16327,2.81673,2.81673,3.60869,nan,3.81676,0.397837,nan,0.248574
3,11.6635514,2.67755,2.71261,2.71261,3.55368,nan,3.7579,-0.628507,nan,-0.775014
3,11.68598131,3.2,2.70315,2.70315,3.54868,nan,3.75255,-0.25013,nan,-0.396386
3,11.73084112,2.38367,2.68423,2.68423,3.53867,nan,3.74185,-0.828564,nan,-0.974319
3,11.86542056,3.36327,2.62747,2.62747,3.50867,nan,3.70975,-0.104309,nan,-0.24856
3,11.93271028,4.94694,2.59909,2.59909,3.49367,nan,3.6937,1.04253,nan,0.899035
3,12,3.78776,2.57072,2.57072,3.47867,nan,3.67765,0.221732,nan,0.0789847
3,12.02242991,6.22041,2.56127,2.56127,3.47366,nan,3.6723,1.97043,nan,1.82794
3,12.04485981,3.08571,2.55181,2.55181,3.46866,nan,3.66695,-0.274717,nan,-0.416963
3,12.11214953,5.64898,2.52345,2.52345,3.45366,nan,3.6509,1.57486,nan,1.43336
3,12.22429907,2.51429,2.47619,2.47619,3.42866,nan,3.62415,-0.655945,nan,-0.796185
3,12.29158879,4.88163,2.44785,2.44785,3.41366,nan,3.6081,1.05308,nan,0.913593
3,12.31401869,5.19184,2.4384,2.4384,3.40866,nan,3.60275,1.2792,nan,1.13996
3,12.3364486,2.82449,2.42895,2.42895,3.40366,nan,3.5974,-0.415478,nan,-0.554465
3,12.3588785,2.30204,2.41951,2.41951,3.39866,nan,3.59205,-0.78668,nan,-0.925417
3,12.44859813,4.73469,2.38173,2.38173,3.37866,nan,3.57065,0.972781,nan,0.835048
3,12.65046729,2.36735,2.29679,2.29679,3.33366,nan,3.52251,-0.693202,nan,-0.828679
3,12.6728972,3.46122,2.28736,2.28736,3.32866,nan,3.51716,0.0951003,nan,-0.0401257
3,12.74018692,3.05306,2.25907,2.25907,3.31366,nan,3.50111,-0.186944,nan,-0.321417
3,12.87476636,3.00408,2.20251,2.20251,3.28366,nan,3.46901,-0.20056,nan,-0.333529
3,12.94205607,4.08163,2.17425,2.17425,3.26866,nan,3.45297,0.583203,nan,0.450987
3,12.98691589,4.44082,2.15542,2.15542,3.25866,nan,3.44227,0.848044,nan,0.716329
3,13.00934579,4.57143,2.14601,2.14601,3.25366,nan,3.43692,0.945328,nan,0.813864
3,13.0317757,2.62857,2.13659,2.13659,3.24866,nan,3.43157,-0.444834,nan,-0.576047
3,13.16635514,4.60408,2.08015,2.08015,3.21867,nan,3.39947,0.993857,nan,0.864149
3,13.23364486,2.10612,2.05195,2.05195,3.20367,nan,3.38343,-0.787347,nan,-0.916301
3,13.30093458,3.55918,2.02377,2.02377,3.18867,nan,3.36738,0.265795,nan,0.137594
3,13.30093458,2.35102,2.02377,2.02377,3.18867,nan,3.36738,-0.600906,nan,-0.729107
3,13.32336449,3.13469,2.01438,2.01438,3.18367,nan,3.36203,-0.0351353,nan,-0.163086
3,13.3682243,2.93878,1.9956,1.9956,3.17367,nan,3.35133,-0.168509,nan,-0.295958
3,13.45794393,3.98367,1.95808,1.95808,3.15368,nan,3.32994,0.595413,nan,0.468969
3,13.65981308,5.33e-15,1.87378,1.87378,3.10869,nan,3.2818,-2.23009,nan,-2.35427
3,13.68224299,2.17143,1.86443,1.86443,3.1037,nan,3.27645,-0.668781,nan,-0.792713
3,13.74953271,1.69796,1.83639,1.83639,3.0887,nan,3.26041,-0.997677,nan,-1.12086
3,13.86168224,0.897959,1.78971,1.78971,3.06371,nan,3.23367,-1.55365,nan,-1.67557
3,13.92897196,3.57551,1.76174,1.76174,3.04872,nan,3.21763,0.377905,nan,0.256736
3,13.99626168,3.5102,1.73381,1.73381,3.03372,nan,3.20158,0.341812,nan,0.221396
3,14.01869159,1.50204,1.7245,1.7245,3.02873,nan,3.19623,-1.0952,nan,-1.21536
3,14.0411215,2.69388,1.7152,1.7152,3.02373,nan,3.19089,-0.236626,nan,-0.35654
3,14.13084112,5.30612,1.67804,1.67804,3.00374,nan,3.1695,1.65166,nan,1.53275
3,14.24299065,1.6,1.63168,1.63168,2.97875,nan,3.14276,-0.989077,nan,-1.10673
3,14.28785047,3.88571,1.61317,1.61317,2.96876,nan,3.13206,0.657796,nan,0.540646
3,14.33271028,2.77551,1.59468,1.59468,2.95877,nan,3.12137,-0.131462,nan,-0.24811
3,14.44485981,4.27755,1.54855,1.54855,2.93378,nan,3.09464,0.963979,nan,0.848589
3,14.64672897,2.25306,1.46587,1.46587,2.88882,nan,3.04652,-0.456073,nan,-0.569201
3,14.69158879,5.07755,1.44757,1.44757,2.87883,nan,3.03582,1.5773,nan,1.46468
3,14.93831776,2.93878,1.34746,1.34746,2.82388,nan,2.97702,0.0824227,nan,-0.0274347
3,14.98317757,3.10204,1.32937,1.32937,2.81389,nan,2.96633,0.20671,nan,0.0973564
3,15.00560748,1.19184,1.32034,1.32034,2.8089,nan,2.96098,-1.16003,nan,-1.26913
3,15.05046729,1.51837,1.3023,1.3023,2.79891,nan,2.95029,-0.918622,nan,-1.02722
3,15.11775701,5.38776,1.27532,1.27532,2.78392,nan,2.93426,1.86791,nan,1.76007
3,15.25233645,1.76327,1.22165,1.22165,2.75396,nan,2.90219,-0.710697,nan,-0.81703
3,15.29719626,2.98776,1.20384,1.20384,2.74398,nan,2.8915,0.17488,nan,0.0690504
3,15.36448598,1.25714,1.17724,1.17724,2.729,nan,2.87547,-1.05586,nan,-1.16094
3,15.4317757,3.96735,1.15074,1.15074,2.71402,nan,2.85944,0.899101,nan,0.794782
3,15.67850467,0.0163265,1.0547,1.0547,2.65911,nan,2.80066,-1.89585,nan,-1.9974
3,15.92523364,2.59592,0.960676,0.960676,2.60421,nan,2.7419,-0.0059476,nan,-0.104721
3,16.1271028,0.881633,0.885546,0.885546,2.55931,nan,2.69383,-1.20351,nan,-1.30002
3,16.21682243,1.24082,0.852748,0.852748,2.53935,nan,2.67247,-0.931533,nan,-1.02703
3,16.30654206,2.85714,0.82035,0.82035,2.51941,nan,2.65111,0.242283,nan,0.147801
3,16.35140187,0.914286,0.804309,0.804309,2.50943,nan,2.64043,-1.14431,nan,-1.23829
3,16.4635514,2.84082,0.764693,0.764693,2.4845,nan,2.61374,0.255611,nan,0.162897
3,16.66542056,2.74286,0.695276,0.695276,2.43964,nan,2.5657,0.217521,nan,0.127084
3,16.97943925,0.163265,0.592776,0.592776,2.36988,nan,2.49101,-1.58296,nan,-1.66986
3,17.00186916,2.17143,0.585736,0.585736,2.3649,nan,2.48568,-0.138791,nan,-0.225433
3,17.11401869,2.23673,0.551141,0.551141,2.34,nan,2.45901,-0.0740795,nan,-0.159455
3,17.20373832,0.555102,0.524216,0.524216,2.32008,nan,2.43768,-1.26615,nan,-1.35051
3,17.29345794,0.457143,0.497984,0.497984,2.30017,nan,2.41636,-1.32214,nan,-1.40548
3,17.29345794,1.95918,0.497984,0.497984,2.30017,nan,2.41636,-0.244616,nan,-0.327964
3,17.31588785,3.2,0.491537,0.491537,2.2952,nan,2.41103,0.64908,nan,0.565985
3,17.42803738,2.67755,0.45999,0.45999,2.27032,nan,2.38438,0.292139,nan,0.210313
3,18.03364486,1.81224,0.310674,0.310674,2.1361,nan,2.24061,-0.232325,nan,-0.307293
3,18.12336449,4.5551,0.291709,0.291709,2.11624,nan,2.21933,1.74957,nan,1.67562
3,18.23551402,0.555102,0.269166,0.269166,2.09143,nan,2.19274,-1.10211,nan,-1.17479
3,18.37009346,1.30612,0.24381,0.24381,2.06167,nan,2.16084,-0.542005,nan,-0.613152
3,18.43738318,2.20408,0.231818,0.231818,2.04679,nan,2.1449,0.112835,nan,0.0424524
3,18.95327103,2.04082,0.1544,0.1544,1.93292,nan,2.02285,0.077401,nan,0.0128917
3,19.13271028,2.57959,0.133062,0.133062,1.89339,nan,1.98046,0.49226,nan,0.429797
3,19.26728972,0.359184,0.118758,0.118758,1.86377,nan,1.9487,-1.07935,nan,-1.14028
3,19.44672897,1.63265,0.10178,0.10178,1.82433,nan,1.9064,-0.137504,nan,-0.196379
3,20.43364486,1.66531,0.0418115,0.0418115,1.6085,nan,1.67481,0.0407476,nan,-0.00681844
4,0,1.95122,7.60519,7.60519,1.56381,1.54615,1.67358,0.277919,0.290583,0.199167
4,0.993314231,2.05765,7.21449,7.21449,3.06852,3.05013,3.17646,-0.725167,-0.711978,-0.802605
4,1.107927412,5.62306,7.1671,7.1671,3.24242,3.22442,3.34991,1.7078,1.72072,1.63069
4,1.184336199,0.922395,7.1354,7.1354,3.35838,3.34063,3.46555,-1.7475,-1.73477,-1.82439
4,1.222540592,4.25721,7.11953,7.11953,3.41636,3.39874,3.52338,0.603195,0.615836,0.526425
4,1.910219675,7.34368,6.83199,6.83199,4.46036,4.44506,4.56449,2.06841,2.07939,1.99371
4,1.986628462,4.00887,6.7999,6.7999,4.57638,4.56133,4.68018,-0.407113,-0.396317,-0.481576
4,2.101241643,5.81818,6.75173,6.75173,4.7504,4.73574,4.85371,0.765997,0.776515,0.691883
4,2.17765043,4.00887,6.7196,6.7196,4.86641,4.85201,4.9694,-0.615176,-0.604843,-0.689058
4,2.215854823,2.80266,6.70353,6.70353,4.92442,4.91014,5.02725,-1.52209,-1.51185,-1.59585
4,2.215854823,4.47007,6.70353,6.70353,4.92442,4.91014,5.02725,-0.32594,-0.315699,-0.399705
4,2.521489971,3.051,6.57485,6.57485,5.38848,5.37524,5.49001,-1.67684,-1.66734,-1.74968
4,2.903533906,8.26608,6.41379,6.41379,5.96857,5.95661,6.06847,1.64817,1.65674,1.5765
4,3.018147087,4.82483,6.36545,6.36545,6.14259,6.13102,6.24201,-0.94532,-0.937021,-1.01664
4,3.094555874,6.56319,6.33321,6.33321,6.25861,6.2473,6.3577,0.218501,0.226614,0.147416
4,3.132760267,6.17295,6.31709,6.31709,6.31662,6.30543,6.41554,-0.103062,-0.095041,-0.17403
4,3.209169054,4.15078,6.28484,6.28484,6.43263,6.42171,6.53124,-1.63694,-1.6291,-1.70767
4,3.209169054,4.66519,6.28484,6.28484,6.43263,6.42171,6.53124,-1.26791,-1.26008,-1.33865
4,3.209169054,6.03104,6.28484,6.28484,6.43263,6.42171,6.53124,-0.288089,-0.280253,-0.358824
4,3.896848138,8.26608,5.99449,5.99449,7.47678,7.46818,7.57256,0.566215,0.572387,0.49751
4,3.915950334,7.18404,5.98642,5.98642,7.50579,7.49725,7.60153,-0.230815,-0.22469,-0.2995
4,4.011461318,6.29712,5.94608,5.94608,7.65088,7.64272,7.74063,-0.971149,-0.965296,-1.03553
4,4.087870105,8.2306,5.9138,5.9138,7.75818,7.7519,7.81662,0.338896,0.343404,0.296977
4,4.106972302,7.55654,5.90573,5.90573,7.77998,7.77464,7.82728,-0.160285,-0.156457,-0.194218
4,4.183381089,7.73392,5.87345,5.87345,7.83394,7.83297,7.83981,-0.0717482,-0.0710524,-0.0759595
4,4.240687679,7.27273,5.84924,5.84924,7.84138,7.84299,7.82611,-0.407932,-0.409089,-0.396979
4,4.240687679,4.50554,5.84924,5.84924,7.84138,7.84299,7.82611,-2.39303,-2.39419,-2.38208
4,4.508118434,7.94678,5.73625,5.73625,7.70798,7.71311,7.66444,0.171313,0.167634,0.202548
4,4.508118434,6.38581,5.73625,5.73625,7.70798,7.71311,7.66444,-0.948485,-0.952164,-0.91725
4,4.699140401,7.50333,5.65554,5.65554,7.56713,7.5722,7.52297,-0.0457713,-0.0494104,-0.0140943
4,4.890162369,8.54989,5.57482,5.57482,7.42092,7.42564,7.37839,0.809891,0.806503,0.840397
4,4.928366762,7.57428,5.55867,5.55867,7.39149,7.39614,7.34937,0.131125,0.127794,0.161342
4,5.023877746,6.40355,5.51831,5.51831,7.31784,7.32227,7.27676,-0.655884,-0.659067,-0.626419
4,5.062082139,7.25499,5.50217,5.50217,7.28835,7.2927,7.2477,-0.0239306,-0.0270542,0.00522608
4,5.11938873,8.08869,5.47795,5.47795,7.2441,7.24833,7.20411,0.605886,0.602853,0.634576
4,5.17669532,7.5388,5.45373,5.45373,7.19984,7.20394,7.1605,0.243163,0.240221,0.271381
4,5.214899713,6.7051,5.43758,5.43758,7.17033,7.17434,7.13143,-0.33374,-0.336621,-0.305838
4,5.23400191,6.26164,5.42951,5.42951,7.15557,7.15954,7.11689,-0.641278,-0.644129,-0.613534
4,5.520534862,6.29712,5.30841,5.30841,6.93418,6.93751,6.89882,-0.45701,-0.459401,-0.431647
4,5.539637058,5.10865,5.30034,5.30034,6.91942,6.92271,6.88429,-1.299,-1.30136,-1.27379
4,5.711556829,6.52772,5.22768,5.22768,6.78658,6.78948,6.75343,-0.185699,-0.187783,-0.161924
4,5.902578797,7.60976,5.14694,5.14694,6.63897,6.64145,6.60804,0.696413,0.694634,0.718599
4,5.921680993,6.86475,5.13887,5.13887,6.62421,6.62665,6.5935,0.172553,0.170804,0.19458
4,6.036294174,7.41463,5.09043,5.09043,6.53565,6.53783,6.50627,0.630558,0.628995,0.651634
4,6.074498567,5.42794,5.07428,5.07428,6.50613,6.50822,6.47719,-0.773462,-0.774964,-0.752704
4,6.074498567,5.14412,5.07428,5.07428,6.50613,6.50822,6.47719,-0.977061,-0.978564,-0.956303
4,6.112702961,8.42572,5.05813,5.05813,6.47661,6.47862,6.44811,1.39824,1.3968,1.41868
4,6.189111748,5.39246,5.02583,5.02583,6.41756,6.4194,6.38996,-0.735378,-0.736698,-0.715574
4,6.227316141,6.95344,5.00969,5.00969,6.38804,6.3898,6.36088,0.405597,0.404339,0.425083
4,6.227316141,5.78271,5.00969,5.00969,6.38804,6.3898,6.36088,-0.434251,-0.435509,-0.414765
4,6.227316141,5.85366,5.00969,5.00969,6.38804,6.3898,6.36088,-0.383351,-0.384609,-0.363865
4,6.532951289,4.64745,4.8805,4.8805,6.15187,6.15294,6.12825,-1.07923,-1.08,-1.06229
4,6.532951289,5.60532,4.8805,4.8805,6.15187,6.15294,6.12825,-0.392078,-0.392847,-0.375136
4,6.723973257,5.21508,4.79976,4.79976,6.00427,6.00491,5.98287,-0.56614,-0.566602,-0.550789
4,6.914995224,5.78271,4.71902,4.71902,nan,5.85688,5.83748,nan,-0.053208,-0.0392933
4,6.914995224,5.56984,4.71902,4.71902,nan,5.85688,5.83748,nan,-0.205908,-0.191993
4,7.029608405,6.03104,4.67057,4.67057,nan,5.76806,5.75025,nan,0.188658,0.201435
4,7.067812798,6.13747,4.65443,4.65443,nan,5.73845,5.72117,nan,0.286247,0.298644
4,7.067812798,5.78271,4.65443,4.65443,nan,5.73845,5.72117,nan,0.0317472,0.0441445
4,7.106017192,7.84035,4.63828,4.63828,nan,5.70884,5.69209,nan,1.52908,1.5411
4,7.182425979,4.75388,4.60598,4.60598,nan,5.64963,5.63394,nan,-0.642585,-0.631326
4,7.220630372,5.35698,4.58983,4.58983,nan,5.62002,5.60486,nan,-0.188697,-0.177817
4,7.220630372,4.50554,4.58983,4.58983,nan,5.62002,5.60486,nan,-0.799495,-0.788616
4,7.258834766,4.36364,4.57368,4.57368,nan,5.59042,5.57578,nan,-0.880056,-0.869556
4,7.526265521,6.102,4.46065,4.46065,nan,5.38317,5.37224,nan,0.515663,0.523506
4,7.526265521,4.32816,4.46065,4.46065,nan,5.38317,5.37224,nan,-0.756834,-0.748991
4,7.698185291,7.04213,4.38798,4.38798,nan,5.24994,5.24139,nan,1.28566,1.2918
4,7.908309456,6.91796,4.29916,4.29916,nan,5.08711,5.08146,nan,1.3134,1.31745
4,7.908309456,4.39911,4.29916,4.29916,nan,5.08711,5.08146,nan,-0.493547,-0.489499
4,8.022922636,4.61197,4.25072,4.25072,nan,4.99829,4.99423,nan,-0.277129,-0.274222
4,8.022922636,4.15078,4.25072,4.25072,nan,4.99829,4.99423,nan,-0.607979,-0.605071
4,8.06112703,4.39911,4.23457,4.23457,nan,4.96868,4.96516,nan,-0.408591,-0.406063
4,8.099331423,4.89579,4.21842,4.21842,nan,4.93908,4.93608,nan,-0.0310542,-0.0289047
4,8.099331423,5.03769,4.21842,4.21842,nan,4.93908,4.93608,nan,0.0707456,0.0728951
4,8.213944604,4.18625,4.16998,4.16998,nan,4.85026,4.84885,nan,-0.476337,-0.475327
4,8.213944604,3.08647,4.16998,4.16998,nan,4.85026,4.84885,nan,-1.26529,-1.26428
4,8.213944604,3.33481,4.16998,4.16998,nan,4.85026,4.84885,nan,-1.08714,-1.08613
4,8.2330468,4.5765,4.1619,4.1619,nan,4.83545,4.83431,nan,-0.185769,-0.184948
4,8.519579752,4.77162,4.04079,4.04079,nan,4.61341,4.61624,nan,0.113495,0.111467
4,8.538681948,4.68293,4.03272,4.03272,nan,4.59861,4.6017,nan,0.0604892,0.0582716
4,8.672397326,4.86031,3.9762,3.9762,nan,4.49499,4.49993,nan,0.262073,0.258526
4,8.901623687,6.03104,3.87932,3.87932,nan,4.31735,4.32547,nan,1.22935,1.22352
4,9.016236867,2.55432,3.83088,3.83088,nan,4.22854,4.23825,nan,-1.20103,-1.208
4,9.054441261,4.70067,3.81473,3.81473,nan,4.19894,4.20917,nan,0.359926,0.352584
4,9.073543457,4.23947,3.80666,3.80666,nan,4.18413,4.19463,nan,0.0396958,0.0321634
4,9.092645654,5.42794,3.79858,3.79858,nan,4.16933,4.18009,nan,0.902888,0.895166
4,9.092645654,4.32816,3.79858,3.79858,nan,4.16933,4.18009,nan,0.113939,0.106217
4,9.207258835,1.59645,3.75014,3.75014,nan,4.08052,4.09287,nan,-1.78199,-1.79085
4,9.207258835,1.09978,3.75014,3.75014,nan,4.08052,4.09287,nan,-2.13829,-2.14715
4,9.245463228,3.1929,3.734,3.734,nan,4.05091,4.06379,nan,-0.61551,-0.624749
4,9.512893983,1.77384,3.62098,3.62098,nan,3.84369,3.86027,nan,-1.48485,-1.49674
4,9.53199618,4.20399,3.6129,3.6129,nan,3.82889,3.84573,nan,0.269089,0.257005
4,9.70391595,7.29047,3.54025,3.54025,nan,3.69568,3.7149,nan,2.57879,2.565
4,9.894937918,1.77384,3.45953,3.45953,nan,3.54768,3.56955,nan,-1.2725,-1.28819
4,9.914040115,4.949,3.45146,3.45146,nan,3.53288,3.55502,nan,1.01588,1.00001
4,10.04775549,1.63193,3.39496,3.39496,nan,3.42929,3.45328,nan,-1.28937,-1.30658
4,10.04775549,3.22838,3.39496,3.39496,nan,3.42929,3.45328,nan,-0.144126,-0.161333
4,10.12416428,2.09313,3.36267,3.36267,nan,3.3701,3.39514,nan,-0.916063,-0.934029
4,10.12416428,3.58315,3.36267,3.36267,nan,3.3701,3.39514,nan,0.152835,0.134869
4,10.20057307,0.922395,3.33039,3.33039,nan,3.31091,3.33701,nan,-1.71345,-1.73218
4,10.20057307,1.20621,3.33039,3.33039,nan,3.31091,3.33701,nan,-1.50985,-1.52858
4,10.20057307,1.59645,3.33039,3.33039,nan,3.31091,3.33701,nan,-1.2299,-1.24863
4,10.27698185,1.41907,3.29811,3.29811,nan,3.25173,3.27889,nan,-1.3147,-1.33418
4,10.50620821,2.62528,3.20126,3.20126,nan,3.07421,3.10454,nan,-0.322053,-0.343807
4,10.67812798,4.23947,3.12864,3.12864,nan,2.94112,2.97381,nan,0.9314,0.907947
4,10.88825215,2.34146,3.03989,3.03989,nan,2.77851,2.81409,nan,-0.313522,-0.339045
4,10.92645654,5.35698,3.02376,3.02376,nan,2.74895,2.78505,nan,1.87093,1.84503
4,11.04106972,0.851441,2.97536,2.97536,nan,2.66031,2.69798,nan,-1.29763,-1.32465
4,11.06017192,3.40576,2.96729,2.96729,nan,2.64554,2.68347,nan,0.545366,0.518153
4,11.09837631,2.8204,2.95116,2.95116,nan,2.616,2.65445,nan,0.14663,0.119044
4,11.11747851,2.41242,2.9431,2.9431,nan,2.60123,2.63995,nan,-0.135451,-0.163225
4,11.1938873,0.532151,2.91084,2.91084,nan,2.54218,2.58194,nan,-1.44193,-1.47046
4,11.1938873,1.70288,2.91084,2.91084,nan,2.54218,2.58194,nan,-0.602086,-0.630607
4,11.27029608,0.354767,2.87858,2.87858,nan,2.48315,2.52394,nan,-1.52684,-1.5561
4,11.49952245,1.5255,2.78183,2.78183,nan,2.30623,2.35012,nan,-0.560071,-0.59156
4,11.53772684,2.83814,2.7657,2.7657,nan,2.27677,2.32118,nan,0.402708,0.370851
4,11.72874881,4.96674,2.68511,2.68511,nan,2.12967,2.17662,nan,2.03523,2.00155
4,11.91977077,2.44789,2.60455,2.60455,nan,1.98294,2.03238,nan,0.333542,0.298078
4,12.03438395,0.141907,2.55623,2.55623,nan,1.89515,1.94604,nan,-1.25772,-1.29423
4,12.03438395,2.02217,2.55623,2.55623,nan,1.89515,1.94604,nan,0.0911242,0.0546139
4,12.07258835,0.922395,2.54012,2.54012,nan,1.86593,1.91731,nan,-0.676865,-0.713719
4,12.11079274,1.38359,2.52402,2.52402,nan,1.83674,1.88859,nan,-0.325076,-0.362272
4,12.11079274,3.01552,2.52402,2.52402,nan,1.83674,1.88859,nan,0.845622,0.808426
4,12.22540592,0.496674,2.47573,2.47573,nan,1.74935,1.80261,nan,-0.898636,-0.936838
4,12.22540592,2.76718,2.47573,2.47573,nan,1.74935,1.80261,nan,0.730161,0.691959
4,12.53104107,0.567627,2.34703,2.34703,nan,1.51807,1.57481,nan,-0.681822,-0.722523
4,12.53104107,2.44789,2.34703,2.34703,nan,1.51807,1.57481,nan,0.667025,0.626325
4,12.70296084,3.40576,2.27472,2.27472,nan,1.38955,1.44801,nan,1.44637,1.40444
4,12.913085,2.55432,2.18642,2.18642,nan,1.2347,1.29492,nan,0.946662,0.903458
4,13.04680038,2.92683,2.13029,2.13029,nan,1.13784,1.19893,nan,1.28337,1.23955
4,13.06590258,0,2.12228,2.12228,nan,1.12413,1.18532,nan,-0.806416,-0.850317
4,13.10410697,0.354767,2.10625,2.10625,nan,1.09682,1.15821,nan,-0.532325,-0.576363
4,13.12320917,1.24169,2.09824,2.09824,nan,1.08322,1.14469,nan,0.11368,0.0695797
4,13.21872015,1.0643,2.0582,2.0582,nan,1.01581,1.07763,nan,0.0347844,-0.00956392
4,13.5243553,2.18182,1.93032,1.93032,nan,0.808317,0.870016,nan,0.985309,0.941048
4,13.5243553,1.77384,1.93032,1.93032,nan,0.808317,0.870016,nan,0.692635,0.648374
4,13.69627507,3.051,1.85858,1.85858,nan,0.698678,0.759292,nan,1.68748,1.644
4,13.92550143,2.5898,1.76318,1.76318,nan,0.56288,0.620681,nan,1.45405,1.41259
4,14.05921681,2.25277,1.7077,1.7077,nan,0.490151,0.545544,nan,1.26445,1.22471
4,14.0974212,0,1.69187,1.69187,nan,0.470344,0.524947,nan,-0.337411,-0.376581
4,14.0974212,0.283814,1.69187,1.69187,nan,0.470344,0.524947,nan,-0.133812,-0.172982
4,14.51766953,1.31264,1.51867,1.51867,nan,0.283958,0.32732,nan,0.737945,0.706838
4,14.7086915,6.40355,1.4406,1.4406,nan,0.219147,0.256431,nan,4.43651,4.40976
4,14.89971347,0.532151,1.36306,1.36306,nan,0.166358,0.197514,nan,0.262409,0.240059
4,15.05253104,1.70288,1.30147,1.30147,nan,0.132054,0.158529,nan,1.12687,1.10787
4,15.70200573,3.76053,1.04565,1.04565,nan,0.0459174,0.0573433,nan,2.66476,2.65656
4,15.8930277,0.0709534,0.97282,0.97282,nan,0.0331452,0.0417853,nan,0.0271225,0.0209243
4,16.04584527,1.91574,0.915575,0.915575,nan,0.0254611,0.0323231,nan,1.35603,1.35111
4,16.10315186,0.86918,0.894366,0.894366,nan,0.0230506,0.0293365,nan,0.606988,0.602479
4,16.52340019,1.5255,0.74385,0.74385,nan,0.0110429,0.0142937,nan,1.08643,1.08409
4,16.71442216,4.45233,0.678821,0.678821,nan,0.00788129,0.0102749,nan,3.18832,3.1866
4,16.88634193,0.354767,0.622413,0.622413,nan,0.00581306,0.00762532,nan,0.250329,0.249029
4,17.0582617,2.1286,0.568213,0.568213,nan,0.00428493,0.00565456,nan,1.52392,1.52294
4,17.68863419,2.69623,0.391269,0.391269,nan,0.00139595,0.00188154,nan,1.93319,1.93285
