id,time,y10,popPred_medianCOV,popPred,indivPred_SAEM,indivPred_mean,indivPred_mode,indWRes_SAEM,indWRes_mean,indWRes_mode
1,0,0.780488,6.09713,6.09713,3.27451,3.27518,3.28162,-1.79385,-1.79433,-1.79896
1,0,1.59645,6.09713,6.09713,3.27451,3.27518,3.28162,-1.20696,-1.20744,-1.21207
1,0.667302193,5.67627,6.54226,6.54226,4.39697,4.39758,4.40175,0.92015,0.919712,0.916714
1,0.762631077,5.25055,6.60464,6.60464,4.55735,4.55795,4.56179,0.498595,0.498163,0.495399
1,1.029551954,3.22838,6.77662,6.77662,5.00641,5.00699,5.00992,-1.27886,-1.27928,-1.28138
1,1.18207817,7.3082,6.8726,6.8726,5.26302,5.26358,5.26599,1.47102,1.47061,1.46888
1,1.220209724,3.051,6.89627,6.89627,5.32717,5.32773,5.33001,-1.63716,-1.63756,-1.6392
1,1.258341277,5.32151,6.9198,6.9198,5.39132,5.39188,5.39402,-0.0502164,-0.0506155,-0.0521586
1,1.258341277,5.74723,6.9198,6.9198,5.39132,5.39188,5.39402,0.255987,0.255588,0.254045
1,1.315538608,5.88914,6.95479,6.95479,5.48755,5.4881,5.49005,0.288841,0.288445,0.287044
1,1.315538608,6.38581,6.95479,6.95479,5.48755,5.4881,5.49005,0.646078,0.645682,0.644281
1,1.410867493,4.15078,7.01227,7.01227,5.64794,5.64848,5.6501,-1.07684,-1.07723,-1.0784
1,1.448999047,3.37029,7.03493,7.03493,5.71209,5.71263,5.71411,-1.68436,-1.68475,-1.68582
1,1.468064824,8.17738,7.04619,7.04619,5.74416,5.7447,5.74612,1.75011,1.74973,1.74871
1,1.601525262,5.32151,7.12344,7.12344,5.9687,5.96922,5.97018,-0.465498,-0.465875,-0.466561
1,1.67778837,6.45676,7.16624,7.16624,6.097,6.09752,6.09821,0.258759,0.258387,0.257895
1,1.754051478,4.15078,7.20792,7.20792,6.22531,6.22582,6.22623,-1.49213,-1.49249,-1.49279
1,1.754051478,4.61197,7.20792,7.20792,6.22531,6.22582,6.22623,-1.16041,-1.16077,-1.16107
1,1.754051478,8.15965,7.20792,7.20792,6.22531,6.22582,6.22623,1.39129,1.39092,1.39062
1,1.811248808,6.79379,7.23838,7.23838,6.32154,6.32204,6.32224,0.339671,0.339308,0.339165
1,1.982840801,3.29933,7.32506,7.32506,6.61023,6.61072,6.61026,-2.38139,-2.38174,-2.38141
1,1.982840801,6.38581,7.32506,7.32506,6.61023,6.61072,6.61026,-0.161415,-0.161767,-0.161441
1,2.020972355,5.14412,7.34325,7.34325,6.67438,6.67487,6.67426,-1.10065,-1.101,-1.10056
1,2.020972355,6.66962,7.34325,7.34325,6.67438,6.67487,6.67426,-0.00342187,-0.00377135,-0.00333711
1,2.097235462,7.20177,7.37833,7.37833,6.80269,6.80317,6.80225,0.287047,0.286703,0.287363
1,2.135367016,5.1796,7.39518,7.39518,6.86684,6.86731,6.86623,-1.21356,-1.2139,-1.21312
1,2.230695901,6.31486,7.43514,7.43514,7.02722,7.02769,7.02617,-0.512375,-0.512711,-0.511615
1,2.249761678,7.80488,7.44273,7.44273,7.0593,7.05976,7.05815,0.536265,0.53593,0.537094
1,2.249761678,7.48559,7.44273,7.44273,7.0593,7.05976,7.05815,0.306612,0.306278,0.307441
1,2.326024786,5.46341,7.47175,7.47175,7.1876,7.18806,7.18603,-1.24014,-1.24047,-1.23901
1,2.326024786,7.27273,7.47175,7.47175,7.1876,7.18806,7.18603,0.0612259,0.0608964,0.0623578
1,2.364156339,6.13747,7.48539,7.48539,7.25176,7.25221,7.24994,-0.801458,-0.801785,-0.800154
1,2.402287893,5.74723,7.49843,7.49843,7.31591,7.31636,7.31383,-1.12829,-1.12861,-1.12679
1,2.440419447,6.03104,7.51084,7.51084,7.38006,7.38051,7.37767,-0.970293,-0.970615,-0.968574
1,2.459485224,8.15965,7.51682,7.51682,7.41214,7.41258,7.40957,0.537652,0.537331,0.539498
1,2.592945663,7.59202,7.55398,7.55398,7.63468,7.63508,7.62971,-0.0306879,-0.0309717,-0.027113
1,2.66920877,8.12417,7.57142,7.57142,7.72977,7.73,7.7258,0.283677,0.283512,0.286527
1,2.745471878,8.37251,7.58599,7.58599,7.78069,7.78077,7.77853,0.425669,0.425611,0.427218
1,2.745471878,7.41463,7.58599,7.58599,7.78069,7.78077,7.77853,-0.263288,-0.263346,-0.261739
1,2.764537655,5.67627,7.58917,7.58917,7.78758,7.78763,7.78586,-1.51857,-1.51861,-1.51733
1,2.802669209,5.8714,7.59499,7.59499,7.79562,7.79561,7.79469,-1.38401,-1.38401,-1.38334
1,2.974261201,5.92461,7.61198,7.61198,7.76515,7.76499,7.76674,-1.32382,-1.32371,-1.32496
1,2.974261201,7.62749,7.61198,7.61198,7.76515,7.76499,7.76674,-0.0990081,-0.0988944,-0.100152
1,2.974261201,6.68736,7.61198,7.61198,7.76515,7.76499,7.76674,-0.775207,-0.775093,-0.776351
1,3.012392755,6.102,7.61373,7.61373,7.74865,7.74847,7.75062,-1.18437,-1.18424,-1.18579
1,3.012392755,7.98226,7.61373,7.61373,7.74865,7.74847,7.75062,0.168025,0.168153,0.166609
1,3.088655863,6.77605,7.61506,7.61506,7.70939,7.70918,7.71198,-0.671309,-0.671156,-0.673171
1,3.16491897,6.31486,7.61357,7.61357,7.66416,7.66392,7.66724,-0.970498,-0.970328,-0.972712
1,3.203050524,7.48559,7.6118,7.6118,7.63998,7.63974,7.64327,-0.111049,-0.110872,-0.113414
1,3.241182078,8.37251,7.60937,7.60937,7.61503,7.61477,7.6185,0.544823,0.545006,0.542321
1,3.241182078,8.2306,7.60937,7.60937,7.61503,7.61477,7.6185,0.442755,0.442938,0.440254
1,3.241182078,6.95344,7.60937,7.60937,7.61503,7.61477,7.6185,-0.475854,-0.475671,-0.478356
1,3.317445186,4.82483,7.60259,7.60259,7.56337,7.5631,7.56719,-1.96971,-1.96952,-1.97246
1,3.317445186,8.08869,7.60259,7.60259,7.56337,7.5631,7.56719,0.377843,0.378037,0.375098
1,3.317445186,7.7694,7.60259,7.60259,7.56337,7.5631,7.56719,0.148191,0.148384,0.145445
1,3.35557674,5.96009,7.59829,7.59829,7.53689,7.53662,7.54086,-1.13413,-1.13393,-1.13698
1,3.35557674,5.39246,7.59829,7.59829,7.53689,7.53662,7.54086,-1.5424,-1.5422,-1.54525
1,3.393708294,8.2306,7.5934,7.5934,7.5101,7.50981,7.51421,0.518227,0.51843,0.515267
1,3.393708294,6.95344,7.5934,7.5934,7.5101,7.50981,7.51421,-0.400382,-0.400179,-0.403343
1,3.469971401,7.55654,7.58195,7.58195,7.4558,7.45551,7.46019,0.0724557,0.072666,0.0692983
1,3.469971401,7.27273,7.58195,7.58195,7.4558,7.45551,7.46019,-0.13168,-0.131469,-0.134837
1,3.508102955,9.15299,7.57543,7.57543,7.4284,7.4281,7.43292,1.24043,1.24064,1.23718
1,3.546234509,6.95344,7.56841,7.56841,7.40088,7.40057,7.40552,-0.321824,-0.321607,-0.325166
1,3.584366063,7.59202,7.56092,7.56092,7.37325,7.37295,7.37802,0.157349,0.15757,0.153917
1,3.698760724,8.33703,7.53581,7.53581,7.28999,7.28967,7.29512,0.753092,0.753322,0.749398
1,3.736892278,8.01774,7.52663,7.52663,7.26215,7.26182,7.2674,0.543464,0.543697,0.539685
1,3.775023832,5.49889,7.51708,7.51708,7.23428,7.23395,7.23965,-1.24819,-1.24796,-1.25206
1,3.775023832,7.00665,7.51708,7.51708,7.23428,7.23395,7.23965,-0.163723,-0.163487,-0.167587
1,3.813155386,4.75388,7.50719,7.50719,7.20639,7.20606,7.21188,-1.76399,-1.76375,-1.76794
1,3.889418494,8.58537,7.48642,7.48642,7.15056,7.15022,7.15629,1.03199,1.03224,1.02788
1,3.908484271,8.85144,7.48104,7.48104,7.1366,7.13626,7.14238,1.23341,1.23366,1.22926
1,3.965681602,7.37916,7.46449,7.46449,7.09469,7.09435,7.10065,0.204602,0.204854,0.200318
1,3.965681602,5.81818,7.46449,7.46449,7.09469,7.09435,7.10065,-0.918143,-0.917891,-0.922427
1,3.965681602,6.63415,7.46449,7.46449,7.09469,7.09435,7.10065,-0.331253,-0.331002,-0.335538
1,4.003813155,6.84701,7.45312,7.45312,7.06675,7.0664,7.07282,-0.158053,-0.157799,-0.162421
1,4.003813155,6.98891,7.45312,7.45312,7.06675,7.0664,7.07282,-0.0559855,-0.055731,-0.0603532
1,4.061010486,8.03548,7.43562,7.43562,7.02483,7.02447,7.03107,0.726918,0.727177,0.722425
1,4.156339371,8.26608,7.40537,7.40537,6.95494,6.95457,6.96148,0.943044,0.94331,0.938343
1,4.194470925,7.96452,7.39293,7.39293,6.92698,6.92661,6.93364,0.746259,0.746528,0.741475
1,4.232602479,7.1663,7.38031,7.38031,6.89902,6.89865,6.90579,0.192238,0.19251,0.18737
1,4.232602479,7.69845,7.38031,7.38031,6.89902,6.89865,6.90579,0.574992,0.575264,0.570124
1,4.289799809,8.07095,7.36108,7.36108,6.85708,6.8567,6.86403,0.873085,0.873362,0.868093
1,4.308865586,6.13747,7.35459,7.35459,6.8431,6.84272,6.8501,-0.507532,-0.507253,-0.512566
1,4.308865586,6.66962,7.35459,7.35459,6.8431,6.84272,6.8501,-0.124778,-0.1245,-0.129812
1,4.327931363,8.26608,7.34807,7.34807,6.82912,6.82873,6.83618,1.03354,1.03382,1.02846
1,4.327931363,5.78271,7.34807,7.34807,6.82912,6.82873,6.83618,-0.752645,-0.752366,-0.757721
1,4.327931363,6.26164,7.34807,7.34807,6.82912,6.82873,6.83618,-0.408167,-0.407887,-0.413243
1,4.34699714,7.62749,7.34151,7.34151,6.81514,6.81475,6.82226,0.58429,0.584572,0.579173
1,4.385128694,6.77605,7.32829,7.32829,6.78718,6.78679,6.79441,-0.00800437,-0.00772007,-0.0132049
1,4.423260248,6.91796,7.31494,7.31494,6.75922,6.75882,6.76657,0.114175,0.114462,0.108891
1,4.461391802,7.02439,7.30148,7.30148,6.73126,6.73085,6.73872,0.210838,0.211128,0.205471
1,4.499523356,7.52106,7.2879,7.2879,6.7033,6.70289,6.71087,0.588187,0.58848,0.582737
1,4.59485224,8.01774,7.25351,7.25351,6.63339,6.63297,6.64126,0.995704,0.996005,0.990046
1,4.652049571,7.66297,7.23261,7.23261,6.59145,6.59102,6.59949,0.770703,0.771008,0.76492
1,4.747378456,7.18404,7.19738,7.19738,6.52154,6.52111,6.52987,0.476505,0.476818,0.470515
1,4.766444233,4.36364,7.19028,7.19028,6.50756,6.50712,6.51595,-1.54203,-1.54172,-1.54807
1,4.804575786,4.75388,7.17603,7.17603,6.4796,6.47916,6.4881,-1.24124,-1.24092,-1.24735
1,4.880838894,8.01774,7.14734,7.14734,6.42367,6.42322,6.4324,1.14655,1.14687,1.14026
1,4.957102002,5.07317,7.11844,7.11844,6.36775,6.36729,6.37671,-0.931134,-0.930805,-0.937582
1,4.995233556,3.5122,7.10391,7.10391,6.33978,6.33932,6.34886,-2.03377,-2.03343,-2.0403
1,4.995233556,6.88248,7.10391,7.10391,6.33978,6.33932,6.34886,0.390342,0.390674,0.38381
1,4.995233556,7.02439,7.10391,7.10391,6.33978,6.33932,6.34886,0.49241,0.492741,0.485878
1,4.995233556,7.27273,7.10391,7.10391,6.33978,6.33932,6.34886,0.671028,0.67136,0.664497
1,4.995233556,6.17295,7.10391,7.10391,6.33978,6.33932,6.34886,-0.119997,-0.119665,-0.126528
1,5.03336511,7.52106,7.08933,7.08933,6.31182,6.31135,6.32102,0.869759,0.870094,0.863144
1,5.03336511,5.46341,7.08933,7.08933,6.31182,6.31135,6.32102,-0.610223,-0.609888,-0.616837
1,5.071496663,5.96009,7.07472,7.07472,6.28386,6.28339,6.29317,-0.232873,-0.232536,-0.239571
1,5.147759771,7.41463,7.04536,7.04536,6.22793,6.22745,6.23748,0.853545,0.853889,0.846681
1,5.147759771,5.28603,7.04536,7.04536,6.22793,6.22745,6.23748,-0.67747,-0.677127,-0.684334
1,5.224022879,5.07317,7.01586,7.01586,6.17201,6.17152,6.18178,-0.790347,-0.789997,-0.797378
1,5.300285987,7.94678,6.98623,6.98623,6.11608,6.11559,6.12609,1.31675,1.3171,1.30955
1,5.300285987,7.20177,6.98623,6.98623,6.11608,6.11559,6.12609,0.780893,0.781249,0.773696
1,5.319351764,2.44789,6.97881,6.97881,6.1021,6.1016,6.11216,-2.62832,-2.62796,-2.63556
1,5.319351764,6.56319,6.97881,6.97881,6.1021,6.1016,6.11216,0.331645,0.332002,0.324406
1,5.338417541,3.68958,6.97137,6.97137,6.08812,6.08762,6.09824,-1.72517,-1.72481,-1.73245
1,5.338417541,6.11973,6.97137,6.97137,6.08812,6.08762,6.09824,0.0227395,0.0230979,0.0154594
1,5.338417541,5.74723,6.97137,6.97137,6.08812,6.08762,6.09824,-0.245188,-0.24483,-0.252468
1,5.376549094,5.46341,6.95649,6.95649,6.06016,6.05965,6.07039,-0.429211,-0.42885,-0.436575
1,5.395614871,6.03104,6.94903,6.94903,6.04617,6.04567,6.05647,-0.0108832,-0.0105214,-0.0182892
1,5.452812202,6.97118,6.92664,6.92664,6.00423,6.00372,6.0147,0.695484,0.69585,0.687953
1,5.452812202,4.47007,6.92664,6.92664,6.00423,6.00372,6.0147,-1.10346,-1.10309,-1.11099
1,5.510009533,7.23725,6.90419,6.90419,5.96229,5.96177,5.97293,0.917028,0.9174,0.909374
1,5.52907531,6.75831,6.89669,6.89669,5.94831,5.94779,5.95901,0.582606,0.582979,0.57491
1,5.605338418,7.62749,6.86667,6.86667,5.89238,5.89185,5.90331,1.24799,1.24837,1.24013
1,5.605338418,6.56319,6.86667,6.86667,5.89238,5.89185,5.90331,0.482487,0.482867,0.474625
1,5.643469971,5.32151,6.85162,6.85162,5.86442,5.86389,5.87546,-0.390494,-0.39011,-0.398438
1,5.681601525,7.73392,6.83656,6.83656,5.83646,5.83592,5.84762,1.36477,1.36516,1.35674
1,5.681601525,5.56984,6.83656,6.83656,5.83646,5.83592,5.84762,-0.191764,-0.191376,-0.19979
1,5.738798856,3.26386,6.81394,6.81394,5.79451,5.79397,5.80585,-1.8202,-1.8198,-1.82835
1,5.757864633,6.35033,6.80639,6.80639,5.78053,5.77999,5.79192,0.409833,0.410227,0.401641
1,5.834127741,5.10865,6.77616,6.77616,5.72461,5.72405,5.73623,-0.443035,-0.442635,-0.451393
1,5.872259295,6.45676,6.76102,6.76102,5.69664,5.69609,5.70838,0.546721,0.547123,0.538279
1,5.929456625,0.674058,6.73829,6.73829,5.6547,5.65414,5.66661,-3.58237,-3.58196,-3.59094
1,5.929456625,5.90687,6.73829,6.73829,5.6547,5.65414,5.66661,0.181377,0.181784,0.172811
1,5.948522402,5.46341,6.7307,6.7307,5.64072,5.64015,5.65269,-0.127528,-0.12712,-0.136136
1,5.986653956,4.1153,6.71553,6.71553,5.61276,5.61219,5.62484,-1.07706,-1.07665,-1.08575
1,6.02478551,5.1796,6.70034,6.70034,5.58479,5.58422,5.59699,-0.291438,-0.291025,-0.300213
1,6.062917064,3.97339,6.68514,6.68514,5.55683,5.55625,5.56915,-1.1389,-1.13849,-1.14776
1,6.081982841,3.77827,6.67754,6.67754,5.54285,5.54227,5.55522,-1.26919,-1.26877,-1.27809
1,6.101048618,4.93126,6.66993,6.66993,5.52887,5.52829,5.5413,-0.429831,-0.429413,-0.438773
1,6.139180172,6.35033,6.65471,6.65471,5.5009,5.50032,5.51345,0.610958,0.611379,0.601933
1,6.139180172,6.102,6.65471,6.65471,5.5009,5.50032,5.51345,0.43234,0.432761,0.423315
1,6.234509056,5.97783,6.61662,6.61662,5.431,5.4304,5.44383,0.393311,0.39374,0.384079
1,6.253574833,5.81818,6.60899,6.60899,5.41702,5.41642,5.42991,0.288541,0.288972,0.279267
1,6.253574833,5.00222,6.60899,6.60899,5.41702,5.41642,5.42991,-0.298348,-0.297917,-0.307622
1,6.291706387,3.90244,6.59374,6.59374,5.38905,5.38845,5.40206,-1.06926,-1.06883,-1.07862
1,6.291706387,3.6541,6.59374,6.59374,5.38905,5.38845,5.40206,-1.24788,-1.24745,-1.25724
1,6.329837941,6.91796,6.57847,6.57847,5.36109,5.36048,5.37422,1.11979,1.12023,1.11035
1,6.329837941,4.15078,6.57847,6.57847,5.36109,5.36048,5.37422,-0.87053,-0.870093,-0.87997
1,6.348903718,6.4745,6.57084,6.57084,5.34711,5.3465,5.36029,0.810885,0.811323,0.801403
1,6.367969495,6.03104,6.5632,6.5632,5.33313,5.33252,5.34637,0.501979,0.50242,0.492456
1,6.406101049,4.64745,6.54792,6.54792,5.30517,5.30455,5.31852,-0.473068,-0.472625,-0.482675
1,6.406101049,4.43459,6.54792,6.54792,5.30517,5.30455,5.31852,-0.62617,-0.625727,-0.635776
1,6.444232602,7.13082,6.53264,6.53264,5.2772,5.27658,5.29068,1.33323,1.33367,1.32354
1,6.444232602,2.98004,6.53264,6.53264,5.2772,5.27658,5.29068,-1.65225,-1.65181,-1.66194
1,6.52049571,4.15078,6.50205,6.50205,5.22128,5.22065,5.23498,-0.769969,-0.769516,-0.779824
1,6.52049571,4.96674,6.50205,6.50205,5.22128,5.22065,5.23498,-0.183079,-0.182627,-0.192935
1,6.596758818,4.29268,6.47143,6.47143,5.16535,5.16472,5.17929,-0.627676,-0.627218,-0.637698
1,6.615824595,5.25055,6.46377,6.46377,5.15137,5.15073,5.16536,0.0713366,0.0717968,0.0612736
1,6.634890372,5.03769,6.45611,6.45611,5.13739,5.13675,5.15144,-0.0717089,-0.0712471,-0.0818134
1,6.673021926,5.60532,6.44079,6.44079,5.10943,5.10878,5.12359,0.356674,0.357139,0.346487
1,6.749285033,3.58315,6.41013,6.41013,5.05351,5.05285,5.0679,-1.05757,-1.0571,-1.06792
1,6.787416587,4.5765,6.39479,6.39479,5.02554,5.02488,5.04005,-0.32298,-0.322506,-0.333417
1,6.787416587,5.00222,6.39479,6.39479,5.02554,5.02488,5.04005,-0.0167773,-0.0163032,-0.0272138
1,6.863679695,5.92461,6.3641,6.3641,4.96962,4.96895,4.98436,0.686887,0.687367,0.676284
1,6.882745472,4.77162,6.35643,6.35643,4.95564,4.95497,4.97044,-0.132357,-0.131875,-0.143001
1,6.95900858,5.12639,6.32572,6.32572,4.89971,4.89903,4.91474,0.163037,0.163524,0.152226
1,6.978074357,2.60754,6.31804,6.31804,4.88573,4.88505,4.90082,-1.63861,-1.63812,-1.64946
1,6.978074357,6.06652,6.31804,6.31804,4.88573,4.88505,4.90082,0.849291,0.849781,0.838439
1,6.978074357,4.00887,6.31804,6.31804,4.88573,4.88505,4.90082,-0.63069,-0.630201,-0.641542
1,6.978074357,3.90244,6.31804,6.31804,4.88573,4.88505,4.90082,-0.707241,-0.706751,-0.718093
1,6.978074357,3.68958,6.31804,6.31804,4.88573,4.88505,4.90082,-0.860343,-0.859853,-0.871195
1,7.01620591,5.55211,6.30268,6.30268,4.85777,4.85708,4.87297,0.499408,0.499901,0.488473
1,7.01620591,3.49446,6.30268,6.30268,4.85777,4.85708,4.87297,-0.980573,-0.980081,-0.991509
1,7.054337464,3.83149,6.28731,6.28731,4.82981,4.82912,4.84513,-0.718051,-0.717556,-0.729069
1,7.092469018,5.33925,6.27194,6.27194,4.80184,4.80115,4.81728,0.386531,0.387028,0.375429
1,7.092469018,4.64745,6.27194,6.27194,4.80184,4.80115,4.81728,-0.111049,-0.110552,-0.122151
1,7.20686368,3.40576,6.22581,6.22581,4.71796,4.71726,4.73374,-0.943807,-0.943301,-0.955156
1,7.244995234,3.22838,6.21043,6.21043,4.69,4.68929,4.70589,-1.05128,-1.05077,-1.06271
1,7.244995234,5.97783,6.21043,6.21043,4.69,4.68929,4.70589,0.926282,0.926791,0.91485
1,7.283126787,3.86696,6.19504,6.19504,4.66204,4.66133,4.67805,-0.571863,-0.571352,-0.583378
1,7.321258341,2.87361,6.17966,6.17966,4.63407,4.63336,4.6502,-1.26622,-1.26571,-1.27782
1,7.321258341,5.32151,6.17966,6.17966,4.63407,4.63336,4.6502,0.494443,0.494956,0.482844
1,7.321258341,4.25721,6.17966,6.17966,4.63407,4.63336,4.6502,-0.271065,-0.270551,-0.282663
1,7.321258341,3.97339,6.17966,6.17966,4.63407,4.63336,4.6502,-0.4752,-0.474687,-0.486799
1,7.359389895,3.72506,6.16427,6.16427,4.60611,4.60539,4.62235,-0.633707,-0.63319,-0.645388
1,7.359389895,4.7184,6.16427,6.16427,4.60611,4.60539,4.62235,0.0807672,0.0812834,0.0690854
1,7.397521449,4.07982,6.14887,6.14887,4.57815,4.57743,4.59451,-0.358426,-0.357906,-0.37019
1,7.435653003,3.97339,6.13348,6.13348,4.55019,4.54946,4.56666,-0.414864,-0.414342,-0.426712
1,7.473784557,3.29933,6.11808,6.11808,4.52223,4.52149,4.53881,-0.879574,-0.879048,-0.891505
1,7.473784557,5.88914,6.11808,6.11808,4.52223,4.52149,4.53881,0.983161,0.983687,0.97123
1,7.511916111,3.86696,6.10268,6.10268,4.49426,4.49353,4.51097,-0.451192,-0.450662,-0.463206
1,7.607244995,1.04656,6.06417,6.06417,4.42436,4.42361,4.44135,-2.42951,-2.42897,-2.44173
1,7.607244995,2.55432,6.06417,6.06417,4.42436,4.42361,4.44135,-1.34504,-1.3445,-1.35726
1,7.626310772,4.1153,6.05647,6.05647,4.41038,4.40963,4.42743,-0.212238,-0.211699,-0.2245
1,7.626310772,3.97339,6.05647,6.05647,4.41038,4.40963,4.42743,-0.314306,-0.313767,-0.326568
1,7.664442326,4.7184,6.04106,6.04106,4.38242,4.38166,4.39958,0.241661,0.242203,0.229316
1,7.740705434,3.58315,6.01024,6.01024,4.32649,4.32573,4.34389,-0.534657,-0.534109,-0.547169
1,7.740705434,5.35698,6.01024,6.01024,4.32649,4.32573,4.34389,0.741189,0.741737,0.728678
1,7.778836988,3.22838,5.99482,5.99482,4.29853,4.29777,4.31604,-0.769716,-0.769164,-0.78231
1,7.797902765,4.27494,5.98711,5.98711,4.28455,4.28378,4.30212,-0.00691119,-0.00635739,-0.0195464
1,7.912297426,5.42794,5.94086,5.94086,4.20067,4.19989,4.21858,0.88272,0.883286,0.869838
1,7.931363203,4.86031,5.93315,5.93315,4.18669,4.1859,4.20466,0.484505,0.485072,0.471581
1,7.969494757,0.461197,5.91773,5.91773,4.15873,4.15794,4.17682,-2.65948,-2.65891,-2.67249
1,7.969494757,3.44124,5.91773,5.91773,4.15873,4.15794,4.17682,-0.516062,-0.515491,-0.529068
1,7.969494757,2.83814,5.91773,5.91773,4.15873,4.15794,4.17682,-0.949849,-0.949278,-0.962856
1,7.988560534,1.54324,5.91002,5.91002,4.14475,4.14396,4.16289,-1.87116,-1.87059,-1.88421
1,8.007626311,3.33481,5.90231,5.90231,4.13077,4.12997,4.14897,-0.572502,-0.571927,-0.585591
1,8.026692088,4.55876,5.8946,5.8946,4.11679,4.11599,4.13505,0.317887,0.318463,0.304757
1,8.083889418,3.86696,5.87146,5.87146,4.07485,4.07404,4.09328,-0.149528,-0.148946,-0.162782
1,8.083889418,2.55432,5.87146,5.87146,4.07485,4.07404,4.09328,-1.09365,-1.09307,-1.10691
1,8.141086749,1.38359,5.84832,5.84832,4.03292,4.0321,4.05151,-1.90555,-1.90496,-1.91893
1,8.160152526,1.84479,5.8406,5.8406,4.01894,4.01812,4.03759,-1.56377,-1.56318,-1.57719
1,8.236415634,4.00887,5.80974,5.80974,3.96302,3.96219,3.9819,0.0329788,0.0335768,0.0193949
1,8.236415634,2.16408,5.80974,5.80974,3.96302,3.96219,3.9819,-1.2939,-1.2933,-1.30749
1,8.236415634,4.7184,5.80974,5.80974,3.96302,3.96219,3.9819,0.543317,0.543915,0.529733
1,8.312678742,2.98004,5.77888,5.77888,3.9071,3.90626,3.92622,-0.666793,-0.666189,-0.680542
1,8.312678742,5.25055,5.77888,5.77888,3.9071,3.90626,3.92622,0.96629,0.966894,0.952541
1,8.331744519,1.20621,5.77117,5.77117,3.89312,3.89228,3.91229,-1.93258,-1.93198,-1.94637
1,8.350810296,4.00887,5.76345,5.76345,3.87914,3.8783,3.89837,0.0933067,0.0939144,0.0794755
1,8.350810296,3.47672,5.76345,5.76345,3.87914,3.8783,3.89837,-0.289447,-0.288839,-0.303278
1,8.369876072,2.80266,5.75573,5.75573,3.86516,3.86432,3.88445,-0.764214,-0.763605,-0.778087
1,8.408007626,2.19956,5.7403,5.7403,3.83721,3.83635,3.85661,-1.17789,-1.17728,-1.19185
1,8.465204957,2.30599,5.71714,5.71714,3.79527,3.79441,3.81484,-1.07118,-1.07056,-1.08526
1,8.465204957,5.32151,5.71714,5.71714,3.79527,3.79441,3.81484,1.09776,1.09838,1.08368
1,8.503336511,2.44789,5.70171,5.70171,3.76731,3.76645,3.787,-0.949003,-0.948383,-0.963164
1,8.579599619,2.94457,5.67083,5.67083,3.7114,3.71053,3.73132,-0.55155,-0.550923,-0.565876
1,8.598665396,2.23503,5.66311,5.66311,3.69742,3.69655,3.7174,-1.05183,-1.05121,-1.0662
1,8.617731173,3.5122,5.65539,5.65539,3.68344,3.68257,3.70348,-0.123172,-0.122541,-0.13758
1,8.617731173,2.76718,5.65539,5.65539,3.68344,3.68257,3.70348,-0.659027,-0.658396,-0.673435
1,8.732125834,5.62306,5.60907,5.60907,3.59958,3.59868,3.61995,1.45541,1.45605,1.44075
1,8.751191611,3.08647,5.60135,5.60135,3.5856,3.5847,3.60603,-0.359,-0.358356,-0.373696
1,8.808388942,3.90244,5.57819,5.57819,3.54367,3.54277,3.56427,0.258049,0.258698,0.243229
1,8.88465205,6.66962,5.5473,5.5473,3.48776,3.48685,3.5086,2.28858,2.28924,2.2736
1,8.903717827,7.02439,5.53958,5.53958,3.47378,3.47287,3.49468,2.5538,2.55446,2.53878
1,8.94184938,1.54324,5.52413,5.52413,3.44583,3.44491,3.46684,-1.36846,-1.3678,-1.38357
1,8.979980934,2.55432,5.50869,5.50869,3.41788,3.41696,3.439,-0.621118,-0.620455,-0.636312
1,8.979980934,5.28603,5.50869,5.50869,3.41788,3.41696,3.439,1.34369,1.34435,1.32849
1,9.037178265,1.17073,5.48552,5.48552,3.37595,3.37502,3.39725,-1.58612,-1.58545,-1.60144
1,9.075309819,4.15078,5.47007,5.47007,3.348,3.34707,3.36941,0.577404,0.578074,0.562003
1,9.151572927,3.68958,5.43918,5.43918,3.2921,3.29116,3.31374,0.28589,0.286565,0.270323
1,9.151572927,1.38359,5.43918,5.43918,3.2921,3.29116,3.31374,-1.37271,-1.37203,-1.38828
1,9.208770257,1.11752,5.41601,5.41601,3.25018,3.24923,3.27199,-1.53393,-1.53325,-1.54963
1,9.246901811,1.72062,5.40056,5.40056,3.22223,3.22128,3.24416,-1.08005,-1.07936,-1.09582
1,9.304099142,4.15078,5.37739,5.37739,3.18031,3.17936,3.20242,0.698013,0.6987,0.682116
1,9.304099142,2.94457,5.37739,5.37739,3.18031,3.17936,3.20242,-0.169562,-0.168876,-0.18546
1,9.304099142,2.73171,5.37739,5.37739,3.18031,3.17936,3.20242,-0.322664,-0.321977,-0.338561
1,9.304099142,1.88027,5.37739,5.37739,3.18031,3.17936,3.20242,-0.93507,-0.934384,-0.950968
1,9.342230696,3.40576,5.36194,5.36194,3.15237,3.15141,3.17459,0.182257,0.182946,0.166276
1,9.342230696,2.51885,5.36194,5.36194,3.15237,3.15141,3.17459,-0.455667,-0.454977,-0.471647
1,9.456625357,4.39911,5.31559,5.31559,3.06855,3.06758,3.09111,0.957021,0.957718,0.940793
1,9.475691134,1.91574,5.30786,5.30786,3.05458,3.05361,3.0772,-0.819116,-0.818418,-0.835385
1,9.532888465,2.76718,5.28469,5.28469,3.01267,3.0117,3.03546,-0.17657,-0.175867,-0.192961
1,9.571020019,1.0643,5.26924,5.26924,2.98474,2.98376,3.00764,-1.38129,-1.38058,-1.39776
1,9.571020019,1.73836,5.26924,5.26924,2.98474,2.98376,3.00764,-0.896468,-0.895763,-0.912942
1,9.609151573,0.248337,5.25378,5.25378,2.95681,2.95582,2.97982,-1.94809,-1.94738,-1.96464
1,9.666348904,2.02217,5.23061,5.23061,2.91491,2.91392,2.9381,-0.642108,-0.641395,-0.658787
1,9.723546235,3.58315,5.20743,5.20743,2.87302,2.87202,2.89638,0.510766,0.511485,0.493965
1,9.742612011,4.54102,5.1997,5.1997,2.85906,2.85806,2.88247,1.20977,1.21049,1.19292
1,9.818875119,4.20399,5.1688,5.1688,2.80321,2.8022,2.82686,1.00752,1.00825,0.990515
1,9.87607245,4.96674,5.14562,5.14562,2.76134,2.76032,2.78515,1.58625,1.58698,1.56913
1,9.971401335,7.21951,5.10698,5.10698,2.69156,2.69054,2.71566,3.25676,3.2575,3.23943
1,9.990467112,3.1929,5.09926,5.09926,2.67761,2.67658,2.70176,0.370629,0.37137,0.353258
1,10.06673022,1.84479,5.06835,5.06835,2.62181,2.62077,2.64619,-0.55888,-0.558133,-0.576412
1,10.06673022,2.94457,5.06835,5.06835,2.62181,2.62077,2.64619,0.232145,0.232892,0.214613
1,10.14299333,1.02882,5.03744,5.03744,2.56603,2.56498,2.59063,-1.10565,-1.10489,-1.12334
1,10.21925643,1.41907,5.00653,5.00653,2.51027,2.50921,2.53509,-0.784852,-0.784093,-0.802704
1,10.21925643,1.91574,5.00653,5.00653,2.51027,2.50921,2.53509,-0.427615,-0.426856,-0.445467
1,10.29551954,2.62528,4.97562,4.97562,2.45453,2.45346,2.47956,0.122815,0.123581,0.104805
1,10.3336511,0.31929,4.96016,4.96016,2.42666,2.4256,2.45181,-1.51575,-1.51498,-1.53383
1,10.3336511,0.709534,4.96016,4.96016,2.42666,2.4256,2.45181,-1.23506,-1.23429,-1.25315
1,10.3336511,1.84479,4.96016,4.96016,2.42666,2.4256,2.45181,-0.418519,-0.417749,-0.436607
1,10.3336511,2.80266,4.96016,4.96016,2.42666,2.4256,2.45181,0.270438,0.271208,0.25235
1,10.37178265,2.30599,4.94471,4.94471,2.39881,2.39774,2.42407,-0.0667642,-0.0659913,-0.0849308
1,10.4099142,2.73171,4.92925,4.92925,2.37096,2.36988,2.39633,0.259468,0.260245,0.241224
1,10.44804576,3.4235,4.9138,4.9138,2.34313,2.34204,2.3686,0.777071,0.777851,0.75875
1,10.44804576,2.02217,4.9138,4.9138,2.34313,2.34204,2.3686,-0.230848,-0.230067,-0.249169
1,10.56244042,0,4.86743,4.86743,2.25966,2.25856,2.28545,-1.62528,-1.62449,-1.64383
1,10.60057197,3.29933,4.85197,4.85197,2.23185,2.23075,2.25775,0.767795,0.768585,0.749166
1,10.60057197,1.73836,4.85197,4.85197,2.23185,2.23075,2.25775,-0.35495,-0.354159,-0.373578
1,10.67683508,2.98004,4.82106,4.82106,2.17628,2.17517,2.20239,0.578116,0.578911,0.559336
1,10.71496663,1.73836,4.8056,4.8056,2.14851,2.1474,2.17472,-0.295002,-0.294204,-0.313856
1,10.73403241,3.37029,4.79787,4.79787,2.13463,2.13351,2.16089,0.88876,0.889559,0.869869
1,10.81029552,3.1929,4.76696,4.76696,2.07914,2.07802,2.10561,0.801085,0.80189,0.782047
1,10.88655863,6.42129,4.73605,4.73605,2.02371,2.02258,2.05038,3.16299,3.1638,3.14381
1,10.9056244,3.051,4.72832,4.72832,2.00986,2.00874,2.03658,0.748845,0.749656,0.729627
1,10.94375596,0.390244,4.71286,4.71286,1.98218,1.98105,2.009,-1.14502,-1.1442,-1.1643
1,10.94375596,1.02882,4.71286,4.71286,1.98218,1.98105,2.009,-0.685711,-0.684897,-0.704999
1,10.96282173,1.27716,4.70513,4.70513,1.96835,1.96722,1.99521,-0.497142,-0.496327,-0.516465
1,11.05815062,2.23503,4.66649,4.66649,1.89926,1.89812,1.92636,0.24151,0.242331,0.222016
1,11.05815062,1.95122,4.66649,4.66649,1.89926,1.89812,1.92636,0.0373743,0.0381953,0.0178805
1,11.09628217,0.177384,4.65103,4.65103,1.87166,1.87051,1.89885,-1.21862,-1.2178,-1.23818
1,11.13441373,2.19956,4.63557,4.63557,1.84408,1.84294,1.87137,0.255677,0.256502,0.236051
1,11.22974261,2.53659,4.59693,4.59693,1.77526,1.77411,1.80277,0.547587,0.54842,0.527806
1,11.24880839,0.603104,4.5892,4.5892,1.76152,1.76036,1.78907,-0.833201,-0.832367,-0.853012
1,11.30600572,4.38137,4.56601,4.56601,1.72034,1.71918,1.74801,1.91397,1.91481,1.89407
1,11.3250715,0,4.55829,4.55829,1.70663,1.70546,1.73434,-1.22751,-1.22667,-1.24744
1,11.3250715,0.886918,4.55829,4.55829,1.70663,1.70546,1.73434,-0.589585,-0.588745,-0.609513
1,11.3250715,2.80266,4.55829,4.55829,1.70663,1.70546,1.73434,0.788329,0.789169,0.768401
1,11.36320305,1.45455,4.54283,4.54283,1.67924,1.67806,1.70702,-0.16161,-0.160768,-0.181594
1,11.4013346,1.0643,4.52737,4.52737,1.65188,1.6507,1.67974,-0.422619,-0.421774,-0.442657
1,11.43946616,1.59645,4.51191,4.51191,1.62456,1.62338,1.65249,-0.0202161,-0.019369,-0.0403058
1,11.55386082,0.957871,4.46554,4.46554,1.54286,1.54168,1.571,-0.420761,-0.419908,-0.440994
1,11.59199237,1.24169,4.45008,4.45008,1.51573,1.51454,1.54392,-0.197109,-0.196253,-0.217385
1,11.59199237,4.39911,4.45008,4.45008,1.51573,1.51454,1.54392,2.0739,2.07475,2.05362
1,11.63012393,2.87361,4.43462,4.43462,1.48865,1.48746,1.51689,0.996149,0.997006,0.975832
1,11.74451859,2.55432,4.38825,4.38825,1.40776,1.40656,1.43615,0.824678,0.82554,0.804259
1,11.8207817,1.70288,4.35733,4.35733,1.35416,1.35296,1.38262,0.250822,0.251686,0.230349
1,11.87797903,6.31486,4.33415,4.33415,1.31416,1.31296,1.34267,3.59679,3.59766,3.57629
1,11.8970448,1.80931,4.32642,4.32642,1.30087,1.29966,1.32938,0.365702,0.366569,0.345192
1,11.93517636,0.425721,4.31096,4.31096,1.27435,1.27314,1.30288,-0.610383,-0.609516,-0.630906
1,11.97330791,0.141907,4.2955,4.2955,1.24792,1.24671,1.27647,-0.795509,-0.794642,-0.816041
1,11.97330791,0.993348,4.2955,4.2955,1.24792,1.24671,1.27647,-0.183103,-0.182236,-0.203634
1,12.01143947,0.283814,4.28004,4.28004,1.22159,1.22038,1.25014,-0.674501,-0.673634,-0.695036
1,12.04957102,0.815965,4.26459,4.26459,1.19536,1.19415,1.2239,-0.272881,-0.272014,-0.293414
1,12.12583413,0.815965,4.23367,4.23367,1.14322,1.14202,1.17174,-0.235383,-0.234518,-0.255897
1,12.16396568,1.09978,4.21821,4.21821,1.11733,1.11613,1.14583,-0.0126259,-0.0117619,-0.0331227
1,12.27836034,1.88027,4.17184,4.17184,1.04045,1.03926,1.06882,0.604043,0.604903,0.583637
1,12.3164919,0.10643,4.15638,4.15638,1.01511,1.01392,1.04342,-0.653578,-0.652719,-0.673941
1,12.3164919,0.851441,4.15638,4.15638,1.01511,1.01392,1.04342,-0.117723,-0.116864,-0.138085
1,12.3164919,1.41907,4.15638,4.15638,1.01511,1.01392,1.04342,0.290548,0.291407,0.270186
1,12.43088656,1.34812,4.11001,4.11001,0.940073,0.93889,0.968139,0.293488,0.294339,0.273301
1,12.46901811,0.780488,4.09455,4.09455,0.915413,0.914235,0.943376,-0.097046,-0.0961986,-0.117159
1,12.58341277,0.266075,4.04817,4.04817,0.842625,0.841465,0.870205,-0.414688,-0.413854,-0.434525
1,12.58341277,2.87361,4.04817,4.04817,0.842625,0.841465,0.870205,1.46081,1.46164,1.44097
1,12.60247855,4.87805,4.04045,4.04045,0.83068,0.829524,0.858185,2.9111,2.91194,2.89132
1,12.73593899,2.23503,3.98634,3.98634,0.748727,0.747599,0.775609,1.06904,1.06985,1.0497
1,12.8122021,1.56098,3.95543,3.95543,0.703318,0.702209,0.729764,0.616878,0.617675,0.597856
1,12.92659676,1.63193,3.90906,3.90906,0.637377,0.636303,0.663055,0.71534,0.716113,0.69687
1,12.96472831,4.32816,3.8936,3.8936,0.61602,0.614959,0.641412,2.66999,2.67075,2.65172
1,12.96472831,1.27716,3.8936,3.8936,0.61602,0.614959,0.641412,0.475531,0.476295,0.457269
1,13.04099142,0.674058,3.86268,3.86268,0.57431,0.573275,0.599079,0.0717447,0.072489,0.0539291
1,13.15538608,1.73836,3.81631,3.81631,0.514408,0.51342,0.538128,0.880337,0.881048,0.863276
1,13.19351764,1.9867,3.80085,3.80085,0.495192,0.494221,0.518532,1.07278,1.07348,1.05599
1,13.26978074,0.745011,3.76994,3.76994,0.457944,0.457009,0.480481,0.206475,0.207148,0.190265
1,13.3079123,0.0709534,3.75448,3.75448,0.439929,0.439012,0.462044,-0.265388,-0.26473,-0.281295
1,13.34604385,0.567627,3.73903,3.73903,0.42233,0.421433,0.44401,0.104507,0.105152,0.0889127
1,13.49857007,1.09978,3.6772,3.6772,0.356226,0.355409,0.376055,0.534806,0.535393,0.520544
1,13.53670162,0.709534,3.66175,3.66175,0.340798,0.340003,0.360141,0.265217,0.265789,0.251304
1,13.57483317,1.70288,3.64629,3.64629,0.325817,0.325043,0.344666,0.990466,0.991023,0.976909
1,13.61296473,4.1153,3.63083,3.63083,0.311285,0.310532,0.329633,2.73607,2.73661,2.72287
1,13.89895138,2.46563,3.51492,3.51492,0.216556,0.215965,0.231062,1.61767,1.61809,1.60723
1,13.99428027,4.89579,3.47628,3.47628,0.190432,0.189895,0.203677,3.38437,3.38475,3.37484
1,13.99428027,1.27716,3.47628,3.47628,0.190432,0.189895,0.203677,0.781639,0.782026,0.772113
1,14.0514776,1.91574,3.4531,3.4531,0.176002,0.175496,0.188506,1.25132,1.25169,1.24233
1,14.2993327,0.886918,3.35265,3.35265,0.123463,0.123081,0.132981,0.549121,0.549396,0.542275
1,14.2993327,0.638581,3.35265,3.35265,0.123463,0.123081,0.132981,0.370503,0.370778,0.363657
1,14.37559581,1.0643,3.32175,3.32175,0.11028,0.109932,0.118971,0.686188,0.686438,0.679937
1,14.45185891,1.27716,3.29084,3.29084,0.0983505,0.0980334,0.106261,0.84787,0.848098,0.84218
1,14.48999047,0.425721,3.27539,3.27539,0.0928274,0.0925255,0.100367,0.239436,0.239653,0.234013
1,14.56625357,0.709534,3.24449,3.24449,0.0826096,0.0823365,0.0894453,0.450921,0.451117,0.446004
1,14.60438513,1.84479,3.22904,3.22904,0.0778929,0.0776334,0.0843956,1.27085,1.27104,1.26618
1,14.60438513,1.9867,3.22904,3.22904,0.0778929,0.0776334,0.0843956,1.37292,1.37311,1.36825
1,14.90943756,1.27716,3.10545,3.10545,0.048196,0.0480258,0.0524717,0.883944,0.884066,0.880869
1,15.02383222,0.638581,3.05911,3.05911,0.040108,0.0399644,0.0437354,0.430457,0.43056,0.427848
1,15.36701621,0.10643,2.92011,2.92011,0.0229225,0.0228367,0.0250987,0.0600636,0.0601253,0.0584983
1,15.40514776,0.638581,2.90467,2.90467,0.0215279,0.021447,0.0235815,0.44382,0.443879,0.442343
1,15.55767398,0.496674,2.84292,2.84292,0.0167324,0.0166689,0.0183576,0.345202,0.345248,0.344033
1,15.90085796,1.13525,2.70401,2.70401,0.00945228,0.00941582,0.0104038,0.809743,0.809769,0.809059
1,15.97712107,0.567627,2.67316,2.67316,0.00832125,0.00828883,0.00916473,0.402286,0.402309,0.401679
1,16.01525262,0.674058,2.65773,2.65773,0.00780712,0.00777643,0.00860113,0.479206,0.479228,0.478635
1,16.2821735,1.09978,2.54979,2.54979,0.00499065,0.00497096,0.00551032,0.787435,0.787449,0.787061
1,16.32030505,1.31264,2.53437,2.53437,0.00468112,0.00466266,0.00517011,0.940759,0.940773,0.940408
1,16.47283127,0.922395,2.47273,2.47273,0.00362272,0.00360757,0.00400586,0.660834,0.660845,0.660559
1,16.54909438,0.141907,2.44191,2.44191,0.00318661,0.00317304,0.00352567,0.0997757,0.0997855,0.0995318
1,16.62535748,0,2.41111,2.41111,0.00280285,0.00279088,0.00310284,-0.00201597,-0.00200737,-0.00223174
1,16.89227836,0.851441,2.30337,2.30337,0.00178815,0.00178041,0.00198331,0.61112,0.611126,0.61098
1,17.04480458,1.0643,2.24186,2.24186,0.0013828,0.00137671,0.00153542,0.764513,0.764518,0.764403
1,17.57864633,0.425721,2.02703,2.02703,0.000562116,0.000559482,0.000626361,0.305799,0.305801,0.305753
1,18.03622498,2.37694,1.84368,1.84368,0.000259563,0.000258435,0.000290288,1.70945,1.70945,1.70943
1,19.04671115,1.56098,1.44366,1.44366,4.71124e-05,4.69208e-05,5.30901e-05,1.12271,1.12271,1.12271
2,0.000224299,0.556237,6.09729,6.09729,5.37207,5.37196,5.37697,-3.46382,-3.46375,-3.46735
2,0.045084112,2.87935,6.12753,6.12753,5.36048,5.36042,5.36545,-1.78458,-1.78453,-1.78815
2,0.067514019,2.97751,6.14264,6.14264,5.35469,5.35465,5.35969,-1.70981,-1.70978,-1.7134
2,0.134803738,4.05726,6.18792,6.18792,5.33731,5.33733,5.3424,-0.920684,-0.920704,-0.924348
2,0.157233645,3.27198,6.20299,6.20299,5.33151,5.33156,5.33664,-1.48133,-1.48137,-1.48502
2,0.269383178,3.40286,6.27821,6.27821,5.30255,5.30271,5.30783,-1.36636,-1.36648,-1.37016
2,0.426392523,2.01227,6.38299,6.38299,5.262,5.26231,5.26749,-2.3374,-2.33762,-2.34135
2,0.426392523,4.13906,6.38299,6.38299,5.262,5.26231,5.26749,-0.807684,-0.807906,-0.811637
2,0.51611215,4.90798,6.44255,6.44255,5.23883,5.23922,5.24445,-0.237969,-0.238253,-0.242011
2,0.650691589,3.81186,6.53135,6.53135,5.20407,5.2046,5.20988,-1.00136,-1.00174,-1.00554
2,0.650691589,3.5501,6.53135,6.53135,5.20407,5.2046,5.20988,-1.18963,-1.19001,-1.19381
2,0.673121495,2.86299,6.54608,6.54608,5.19828,5.19883,5.20412,-1.67968,-1.68007,-1.68388
2,0.762841121,3.09202,6.60478,6.60478,5.17511,5.17574,5.18107,-1.49827,-1.49873,-1.50256
2,0.807700935,5.51329,6.63397,6.63397,5.16352,5.1642,5.16954,0.251576,0.251088,0.247243
2,0.897420561,4.25358,6.69204,6.69204,5.14035,5.14111,5.1465,-0.637817,-0.638367,-0.642239
2,0.9198504669999999,3.01022,6.70648,6.70648,5.13456,5.13534,5.14073,-1.52794,-1.52851,-1.53239
2,0.9198504669999999,4.79346,6.70648,6.70648,5.13456,5.13534,5.14073,-0.245339,-0.245905,-0.249783
2,0.96471028,5.97137,6.73526,6.73526,5.12297,5.1238,5.12921,0.610218,0.609622,0.60573
2,0.96471028,4.98978,6.73526,6.73526,5.12297,5.1238,5.12921,-0.0958021,-0.0963985,-0.10029
2,0.9871401869999999,3.51738,6.7496,6.7496,5.11718,5.11803,5.12345,-1.15067,-1.15128,-1.15518
2,0.9871401869999999,4.07362,6.7496,6.7496,5.11718,5.11803,5.12345,-0.750588,-0.7512,-0.755099
2,1.054429907,3.3865,6.79241,6.79241,5.0998,5.10071,5.10616,-1.2323,-1.23296,-1.23688
2,1.121719626,3.1411,6.83486,6.83486,5.08242,5.0834,5.08888,-1.39631,-1.39701,-1.40095
2,1.211439252,4.30266,6.89084,6.89084,5.05925,5.06032,5.06583,-0.544184,-0.544952,-0.548917
2,1.278728972,5.20245,6.93231,6.93231,5.04187,5.043,5.04854,0.115502,0.114687,0.110701
2,1.323588785,5.48057,6.95969,6.95969,5.03028,5.03146,5.03702,0.323874,0.323028,0.319029
2,1.346018692,4.10634,6.97329,6.97329,5.02449,5.02569,5.03126,-0.660388,-0.66125,-0.665256
2,1.390878505,7.00204,7.00031,7.00031,5.0129,5.01415,5.01973,1.43071,1.42981,1.42579
2,1.413308411,5.10429,7.01372,7.01372,5.00711,5.00837,5.01397,0.0698999,0.0689909,0.0649649
2,1.435738318,7.62372,7.02707,7.02707,5.00132,5.0026,5.00821,1.88619,1.88526,1.88123
2,1.480598131,5.79141,7.05356,7.05356,4.98973,4.99106,4.99669,0.576614,0.575659,0.571612
2,1.480598131,5.62781,7.05356,7.05356,4.98973,4.99106,4.99669,0.458944,0.457989,0.453942
2,1.503028037,4.76074,7.06669,7.06669,4.98394,4.98529,4.99092,-0.160541,-0.161512,-0.165565
2,1.660037383,6.11861,7.15637,7.15637,4.94339,4.94489,4.95059,0.845288,0.844208,0.840107
2,1.660037383,4.92434,7.15637,7.15637,4.94339,4.94489,4.95059,-0.0137038,-0.0147838,-0.0188842
2,1.727327103,4.05726,7.19345,7.19345,4.92601,4.92758,4.9333,-0.624855,-0.625982,-0.630103
2,1.817046729,6.51125,7.24143,7.24143,4.90284,4.90449,4.91026,1.15686,1.15567,1.15153
2,1.884336449,5.07157,7.27621,7.27621,4.88546,4.88718,4.89297,0.133866,0.132629,0.128462
2,1.929196262,3.58282,7.29878,7.29878,4.87387,4.87564,4.88145,-0.928598,-0.929867,-0.934047
2,1.951626168,6.31493,7.30986,7.30986,4.86808,4.86986,4.87569,1.04066,1.03937,1.03519
2,1.974056075,5.62781,7.32081,7.32081,4.86229,4.86409,4.86992,0.550611,0.549311,0.545117
2,1.996485981,1.68507,7.33162,7.33162,4.85649,4.85832,4.86416,-2.28107,-2.28239,-2.28659
2,2.041345794,6.72393,7.3528,7.3528,4.84491,4.84678,4.85264,1.3515,1.35015,1.34594
2,2.131065421,4.97342,7.3933,7.3933,4.82174,4.8237,4.82959,0.109097,0.107687,0.103446
2,2.153495327,6.21677,7.40302,7.40302,4.81594,4.81792,4.82383,1.00756,1.00613,1.00188
2,2.175925234,6.49489,7.41257,7.41257,4.81015,4.81215,4.81807,1.21176,1.21032,1.20607
2,2.243214953,2.94479,7.44014,7.44014,4.79277,4.79484,4.80078,-1.32918,-1.33067,-1.33494
2,2.310504673,4.23722,7.46603,7.46603,4.77539,4.77753,4.7835,-0.387085,-0.38862,-0.392915
2,2.377794393,5.12065,7.49012,7.49012,4.75801,4.76021,4.76621,0.260833,0.259251,0.254937
2,2.422654206,3.58282,7.50514,7.50514,4.74643,4.74867,4.75469,-0.836932,-0.838546,-0.842873
2,2.422654206,7.80368,7.50514,7.50514,4.74643,4.74867,4.75469,2.19896,2.19734,2.19301
2,2.422654206,5.21881,7.50514,7.50514,4.74643,4.74867,4.75469,0.339768,0.338155,0.333827
2,2.512373832,4.95706,7.53253,7.53253,4.72326,4.72559,4.73164,0.168163,0.166487,0.162133
2,2.534803738,7.0184,7.53881,7.53881,4.71746,4.71981,4.72588,1.65497,1.65328,1.64892
2,2.534803738,5.62781,7.53881,7.53881,4.71746,4.71981,4.72588,0.654777,0.653085,0.648724
2,2.534803738,4.51534,7.53881,7.53881,4.71746,4.71981,4.72588,-0.14538,-0.147071,-0.151432
2,2.669383178,5.54601,7.57146,7.57146,4.6827,4.68519,4.69131,0.620941,0.619156,0.614755
2,2.669383178,5.05521,7.57146,7.57146,4.6827,4.68519,4.69131,0.267931,0.266145,0.261745
2,2.669383178,4.35174,7.57146,7.57146,4.6827,4.68519,4.69131,-0.23805,-0.239836,-0.244237
2,2.736672897,3.48466,7.58446,7.58446,4.66533,4.66787,4.67402,-0.849202,-0.851034,-0.855455
2,2.826392523,5.95501,7.59823,7.59823,4.64215,4.64479,4.65097,0.944283,0.942387,0.93794
2,2.91611215,3.10838,7.6079,7.6079,4.61898,4.6217,4.62793,-1.08651,-1.08847,-1.09294
2,2.91611215,5.75869,7.6079,7.6079,4.61898,4.6217,4.62793,0.819745,0.817787,0.813313
2,2.960971963,5.05521,7.6112,7.6112,4.6074,4.61016,4.6164,0.322097,0.320108,0.31562
2,2.960971963,3.69734,7.6112,7.6112,4.6074,4.61016,4.6164,-0.654565,-0.656554,-0.661042
2,2.983401869,5.66053,7.61247,7.61247,4.6016,4.60439,4.61064,0.761643,0.759638,0.755143
2,3.005831776,2.68303,7.61348,7.61348,4.59581,4.59862,4.60488,-1.37579,-1.37781,-1.38231
2,3.005831776,4.7771,7.61348,7.61348,4.59581,4.59862,4.60488,0.130391,0.12837,0.123869
2,3.050691589,3.41922,7.61475,7.61475,4.58422,4.58708,4.59336,-0.837937,-0.839989,-0.844504
2,3.050691589,6.26585,7.61475,7.61475,4.58422,4.58708,4.59336,1.20952,1.20747,1.20295
2,3.050691589,5.31697,7.61475,7.61475,4.58422,4.58708,4.59336,0.527036,0.524983,0.520468
2,3.095551402,4.07362,7.61504,7.61504,4.57264,4.57554,4.58183,-0.358924,-0.361007,-0.365536
2,3.140411215,5.90593,7.61435,7.61435,4.56105,4.56399,4.57031,0.967314,0.965199,0.960657
2,3.162841121,3.25562,7.61364,7.61364,4.55526,4.55822,4.56455,-0.934774,-0.936905,-0.941453
2,3.162841121,5.49693,7.61364,7.61364,4.55526,4.55822,4.56455,0.677306,0.675175,0.670626
2,3.252560748,5.39877,7.60852,7.60852,4.53209,4.53514,4.5415,0.62337,0.621177,0.616601
2,3.297420561,4.76074,7.60461,7.60461,4.5205,4.5236,4.52998,0.17279,0.170565,0.165976
2,3.319850467,5.67689,7.60234,7.60234,4.51471,4.51782,4.52421,0.835909,0.833669,0.829073
2,3.319850467,4.1227,7.60234,7.60234,4.51471,4.51782,4.52421,-0.281957,-0.284197,-0.288793
2,3.387140187,6.05317,7.59428,7.59428,4.49733,4.50051,4.50693,1.11905,1.11676,1.11215
2,3.409570093,6.51125,7.5912,7.5912,4.49154,4.49474,4.50117,1.45269,1.45039,1.44577
2,3.409570093,5.00613,7.5912,7.5912,4.49154,4.49474,4.50117,0.370128,0.367825,0.363202
2,3.432,6.87117,7.58792,7.58792,4.48575,4.48897,4.49541,1.71573,1.71341,1.70879
2,3.432,3.3047,7.58792,7.58792,4.48575,4.48897,4.49541,-0.849474,-0.851793,-0.856422
2,3.454429907,3.97546,7.58446,7.58446,4.47995,4.4832,4.48964,-0.36286,-0.365195,-0.369831
2,3.454429907,4.4499,7.58446,7.58446,4.47995,4.4832,4.48964,-0.0216173,-0.0239517,-0.0285874
2,3.476859813,4.5317,7.58081,7.58081,4.47416,4.47743,4.48388,0.0413843,0.0390342,0.0343918
2,3.521719626,5.56237,7.57298,7.57298,4.46257,4.46589,4.47236,0.791039,0.788657,0.784002
2,3.521719626,3.45194,7.57298,7.57298,4.46257,4.46589,4.47236,-0.726905,-0.729287,-0.733942
2,3.544149533,7.31288,7.56881,7.56881,4.45678,4.46011,4.4666,2.05428,2.05188,2.04722
2,3.633869159,4.90798,7.55052,7.55052,4.43361,4.43703,4.44355,0.341191,0.338731,0.334042
2,3.656299065,4.02454,7.54557,7.54557,4.42782,4.43126,4.43779,-0.29006,-0.292536,-0.297232
2,3.678728972,4.56442,7.54048,7.54048,4.42202,4.42549,4.43203,0.102417,0.0999257,0.0952235
2,3.723588785,3.5501,7.52987,7.52987,4.41044,4.41395,4.4205,-0.618804,-0.621327,-0.626043
2,3.723588785,3.23926,7.52987,7.52987,4.41044,4.41395,4.4205,-0.842377,-0.8449,-0.849616
2,3.813308411,6.05317,7.50714,7.50714,4.38727,4.39086,4.39746,1.19821,1.19563,1.19089
2,3.903028037,4.22086,7.48259,7.48259,4.3641,4.36778,4.37441,-0.103024,-0.105673,-0.110442
2,3.925457944,3.53374,7.47619,7.47619,4.3583,4.36201,4.36865,-0.593072,-0.595737,-0.600512
2,3.925457944,3.41922,7.47619,7.47619,4.3583,4.36201,4.36865,-0.675441,-0.678106,-0.682881
2,3.94788785,3.9591,7.4697,7.4697,4.35251,4.35624,4.36289,-0.282963,-0.285644,-0.290426
2,3.970317757,3.20654,7.46312,7.46312,4.34672,4.35047,4.35712,-0.820079,-0.822776,-0.827564
2,3.992747664,5.12065,7.45645,7.45645,4.34092,4.3447,4.35136,0.560827,0.558115,0.55332
2,3.992747664,3.01022,7.45645,7.45645,4.34092,4.3447,4.35136,-0.957117,-0.959829,-0.964624
2,4.037607477,2.61759,7.44285,7.44285,4.32934,4.33315,4.33984,-1.23119,-1.23394,-1.23874
2,4.060037383,4.59714,7.43592,7.43592,4.32355,4.32738,4.33408,0.196782,0.194023,0.189208
2,4.08246729,5.51329,7.42893,7.42893,4.31775,4.32161,4.32832,0.859901,0.857126,0.852304
2,4.104897196,1.71779,7.42186,7.42186,4.31196,4.31584,4.32255,-1.86588,-1.86867,-1.8735
2,4.104897196,3.3047,7.42186,7.42186,4.31196,4.31584,4.32255,-0.724478,-0.727269,-0.732098
2,4.127327103,6.10225,7.41471,7.41471,4.30617,4.31007,4.31679,1.29185,1.28904,1.2842
2,4.172186916,4.10634,7.40022,7.40022,4.29458,4.29853,4.30527,-0.135395,-0.138233,-0.143082
2,4.239476636,2.71575,7.37802,7.37802,4.2772,4.28122,4.28798,-1.12309,-1.12598,-1.13085
2,4.261906542,4.40082,7.3705,7.3705,4.27141,4.27544,4.28222,0.0930768,0.0901761,0.0853007
2,4.261906542,4.97342,7.3705,7.3705,4.27141,4.27544,4.28222,0.504922,0.502021,0.497146
2,4.351626168,3.69734,7.33991,7.33991,4.24824,4.25236,4.25918,-0.396239,-0.399202,-0.404104
2,4.351626168,4.87526,7.33991,7.33991,4.24824,4.25236,4.25918,0.450986,0.448022,0.44312
2,4.418915888,5.88957,7.31647,7.31647,4.23086,4.23505,4.24189,1.19304,1.19003,1.18511
2,4.418915888,6.59305,7.31647,7.31647,4.23086,4.23505,4.24189,1.69902,1.69601,1.69109
2,4.418915888,2.97751,7.31647,7.31647,4.23086,4.23505,4.24189,-0.901488,-0.904498,-0.90942
2,4.486205607,4.30266,7.29265,7.29265,4.21348,4.21774,4.22461,0.0641393,0.0610816,0.0561395
2,4.486205607,4.1227,7.29265,7.29265,4.21348,4.21774,4.22461,-0.0652977,-0.0683555,-0.0732975
2,4.508635514,4.84254,7.28464,7.28464,4.20769,4.21196,4.21884,0.456617,0.453544,0.448595
2,4.531065421,5.52965,7.27659,7.27659,4.2019,4.20619,4.21308,0.954998,0.951909,0.946953
2,4.531065421,2.81391,7.27659,7.27659,4.2019,4.20619,4.21308,-0.998325,-1.00141,-1.00637
2,4.575925234,6.56033,7.26039,7.26039,4.19031,4.19465,4.20156,1.70465,1.70153,1.69656
2,4.66564486,1.43967,7.22761,7.22761,4.16714,4.17157,4.17851,-1.96176,-1.96494,-1.96993
2,4.66564486,3.07566,7.22761,7.22761,4.16714,4.17157,4.17851,-0.785055,-0.788238,-0.793234
2,4.66564486,4.0409,7.22761,7.22761,4.16714,4.17157,4.17851,-0.0908012,-0.0939848,-0.0989801
2,4.66564486,3.8773,7.22761,7.22761,4.16714,4.17157,4.17851,-0.208471,-0.211655,-0.21665
2,4.732934579,3.45194,7.20274,7.20274,4.14976,4.15426,4.16123,-0.501914,-0.505145,-0.51016
2,4.755364486,3.94274,7.1944,7.1944,4.14397,4.14849,4.15547,-0.144738,-0.147984,-0.153006
2,4.800224299,4.80982,7.17766,7.17766,4.13239,4.13694,4.14394,0.487247,0.483969,0.478933
2,4.889943925,3.27198,7.1439,7.1439,4.10922,4.11386,4.1209,-0.602186,-0.605527,-0.610589
2,4.912373832,3.56646,7.13541,7.13541,4.10342,4.10809,4.11514,-0.386214,-0.389571,-0.394639
2,4.912373832,2.37219,7.13541,7.13541,4.10342,4.10809,4.11514,-1.24521,-1.24856,-1.25363
2,4.934803738,3.41922,7.12691,7.12691,4.09763,4.10232,4.10938,-0.487951,-0.491323,-0.496398
2,4.934803738,4.41718,7.12691,7.12691,4.09763,4.10232,4.10938,0.229837,0.226464,0.221389
2,4.957233645,4.64622,7.11839,7.11839,4.09184,4.09655,4.10361,0.398741,0.395353,0.390271
2,5.002093458,3.9591,7.10129,7.10129,4.08025,4.08501,4.09209,-0.0871404,-0.0905598,-0.095655
2,5.002093458,4.49898,7.10129,7.10129,4.08025,4.08501,4.09209,0.301171,0.297751,0.292656
2,5.024523364,3.59918,7.09272,7.09272,4.07446,4.07924,4.08633,-0.341848,-0.345283,-0.350385
2,5.024523364,4.13906,7.09272,7.09272,4.07446,4.07924,4.08633,0.0464631,0.0430279,0.037926
2,5.069383178,5.38241,7.07553,7.07553,4.06288,4.0677,4.07481,0.949088,0.945622,0.940506
2,5.114242991,1.91411,7.05828,7.05828,4.05129,4.05615,4.06328,-1.53718,-1.54068,-1.54581
2,5.114242991,6.11861,7.05828,7.05828,4.05129,4.05615,4.06328,1.48694,1.48344,1.47831
2,5.114242991,2.83027,7.05828,7.05828,4.05129,4.05615,4.06328,-0.878232,-0.88173,-0.886859
2,5.18153271,1.97955,7.03232,7.03232,4.03391,4.03884,4.046,-1.47762,-1.48116,-1.48631
2,5.226392523,5.02249,7.01494,7.01494,4.02233,4.0273,4.03448,0.719378,0.715802,0.71064
2,5.271252336,3.82822,6.99753,6.99753,4.01074,4.01576,4.02295,-0.13128,-0.134889,-0.140064
2,5.293682243,4.90798,6.9888,6.9888,4.00495,4.00999,4.01719,0.649508,0.645884,0.640703
2,5.360971963,4.10634,6.96257,6.96257,3.98757,3.99268,3.99991,0.0854238,0.0817528,0.0765511
2,5.360971963,2.73211,6.96257,6.96257,3.98757,3.99268,3.99991,-0.903005,-0.906676,-0.911877
2,5.405831776,5.18609,6.94504,6.94504,3.97599,3.98114,3.98839,0.870379,0.866676,0.861461
2,5.405831776,3.10838,6.94504,6.94504,3.97599,3.98114,3.98839,-0.624031,-0.627734,-0.632949
2,5.428261682,7.47648,6.93626,6.93626,3.9702,3.97536,3.98262,2.52193,2.51821,2.51299
2,5.428261682,4.51534,6.93626,6.93626,3.9702,3.97536,3.98262,0.392098,0.38838,0.383158
2,5.450691589,3.6319,6.92747,6.92747,3.9644,3.96959,3.97686,-0.239154,-0.242888,-0.248117
2,5.517981308,4.8589,6.90106,6.90106,3.94703,3.95228,3.95958,0.65587,0.652089,0.646841
2,5.517981308,6.08589,6.90106,6.90106,3.94703,3.95228,3.95958,1.5384,1.53461,1.52937
2,5.540411215,2.96115,6.89224,6.89224,3.94123,3.94651,3.95382,-0.704937,-0.708733,-0.713988
2,5.652560748,4.6953,6.84803,6.84803,3.91227,3.91766,3.92501,0.563197,0.559322,0.554034
2,5.652560748,4.51534,6.84803,6.84803,3.91227,3.91766,3.92501,0.43376,0.429885,0.424596
2,5.652560748,3.66462,6.84803,6.84803,3.91227,3.91766,3.92501,-0.178124,-0.182,-0.187288
2,5.652560748,2.56851,6.84803,6.84803,3.91227,3.91766,3.92501,-0.966514,-0.970389,-0.975677
2,5.719850467,3.89366,6.82144,6.82144,3.89489,3.90035,3.90773,-0.000887597,-0.00481003,-0.0101183
2,5.719850467,3.2229,6.82144,6.82144,3.89489,3.90035,3.90773,-0.483335,-0.487257,-0.492566
2,5.876859813,3.59918,6.75919,6.75919,3.85435,3.85996,3.8674,-0.183531,-0.187563,-0.192917
2,5.921719626,1.86503,6.74136,6.74136,3.84276,3.84841,3.85588,-1.4225,-1.42657,-1.43193
2,5.966579439,2.66667,6.72352,6.72352,3.83118,3.83687,3.84435,-0.837586,-0.841681,-0.847062
2,5.989009346,4.80982,6.71459,6.71459,3.82539,3.8311,3.83859,0.708058,0.703947,0.69856
2,5.989009346,4.6135,6.71459,6.71459,3.82539,3.8311,3.83859,0.566854,0.562743,0.557356
2,5.989009346,4.0409,6.71459,6.71459,3.82539,3.8311,3.83859,0.155009,0.150898,0.145511
2,5.989009346,3.3047,6.71459,6.71459,3.82539,3.8311,3.83859,-0.374506,-0.378617,-0.384005
2,6.011439252,2.84663,6.70566,6.70566,3.8196,3.82533,3.83283,-0.699816,-0.703943,-0.709337
2,6.101158879,1.76687,6.66989,6.66989,3.79643,3.80225,3.80979,-1.45977,-1.46396,-1.46938
2,6.101158879,3.0593,6.66989,6.66989,3.79643,3.80225,3.80979,-0.530181,-0.534371,-0.539791
2,6.123588785,3.97546,6.66093,6.66093,3.79063,3.79648,3.80403,0.132937,0.128732,0.123305
2,6.146018692,3.59918,6.65198,6.65198,3.78484,3.79071,3.79827,-0.133538,-0.137759,-0.143193
2,6.235738318,1.91411,6.61613,6.61613,3.76167,3.76763,3.77522,-1.32888,-1.33316,-1.33862
2,6.235738318,5.56237,6.61613,6.61613,3.76167,3.76763,3.77522,1.29517,1.29088,1.28542
2,6.280598131,5.26789,6.59818,6.59818,3.75009,3.75609,3.7637,1.09169,1.08738,1.0819
2,6.280598131,4.22086,6.59818,6.59818,3.75009,3.75609,3.7637,0.338604,0.334289,0.328816
2,6.280598131,3.86094,6.59818,6.59818,3.75009,3.75609,3.7637,0.0797302,0.0754149,0.0699415
2,6.370317757,2.96115,6.56226,6.56226,3.72692,3.73301,3.74066,-0.550791,-0.55517,-0.560669
2,6.392747664,4.58078,6.55328,6.55328,3.72113,3.72724,3.73489,0.618308,0.613914,0.608408
2,6.41517757,6.75665,6.54429,6.54429,3.71534,3.72147,3.72913,2.18749,2.18308,2.17756
2,6.437607477,4.76074,6.53529,6.53529,3.70955,3.7157,3.72337,0.756077,0.751652,0.746132
2,6.460037383,5.88957,6.5263,6.5263,3.70375,3.70993,3.71761,1.57217,1.56773,1.5622
2,6.48246729,4.98978,6.5173,6.5173,3.69796,3.70416,3.71185,0.929147,0.92469,0.919157
2,6.504897196,4.25358,6.50831,6.50831,3.69217,3.69839,3.70609,0.403798,0.399325,0.393785
2,6.527327103,1.93047,6.4993,6.4993,3.68638,3.69262,3.70033,-1.26295,-1.26744,-1.27299
2,6.527327103,5.61145,6.4993,6.4993,3.68638,3.69262,3.70033,1.38463,1.38014,1.37459
2,6.527327103,0.670757,6.4993,6.4993,3.68638,3.69262,3.70033,-2.16901,-2.1735,-2.17905
2,6.639476636,3.56646,6.45427,6.45427,3.65742,3.66377,3.67153,-0.0654218,-0.0699885,-0.075568
2,6.639476636,3.3865,6.45427,6.45427,3.65742,3.66377,3.67153,-0.194859,-0.199426,-0.205005
2,6.639476636,3.25562,6.45427,6.45427,3.65742,3.66377,3.67153,-0.288995,-0.293562,-0.299141
2,6.661906542,2.71575,6.44526,6.44526,3.65163,3.658,3.66577,-0.67314,-0.677723,-0.683309
2,6.818915888,3.99182,6.38212,6.38212,3.61109,3.61761,3.62544,0.273846,0.269154,0.263522
2,6.886205607,3.77914,6.35504,6.35504,3.59371,3.6003,3.60816,0.133372,0.128633,0.122981
2,6.886205607,3.20654,6.35504,6.35504,3.59371,3.6003,3.60816,-0.278473,-0.283212,-0.288865
2,6.931065421,2.01227,6.33697,6.33697,3.58213,3.58876,3.59664,-1.12913,-1.1339,-1.13957
2,6.953495327,4.25358,6.32794,6.32794,3.57634,3.58299,3.59088,0.487112,0.482326,0.476654
2,6.953495327,3.61554,6.32794,6.32794,3.57634,3.58299,3.59088,0.028199,0.0234124,0.0177403
2,6.99835514,1.76687,6.30987,6.30987,3.56475,3.57145,3.57936,-1.29314,-1.29796,-1.30364
2,6.99835514,2.19223,6.30987,6.30987,3.56475,3.57145,3.57936,-0.987199,-0.992017,-0.997703
2,7.06564486,3.01022,6.28275,6.28275,3.54738,3.55414,3.56208,-0.386352,-0.391218,-0.396923
2,7.088074766,4.54806,6.27371,6.27371,3.54159,3.54837,3.55631,0.723912,0.719031,0.713319
2,7.110504673,1.96319,6.26467,6.26467,3.5358,3.5426,3.55055,-1.13111,-1.13601,-1.14172
2,7.132934579,3.7955,6.25563,6.25563,3.53,3.53683,3.54479,0.19096,0.186048,0.180323
2,7.177794393,2.42127,6.23754,6.23754,3.51842,3.5253,3.53327,-0.789137,-0.794081,-0.799819
2,7.200224299,3.17382,6.22849,6.22849,3.51263,3.51953,3.52751,-0.243689,-0.248649,-0.254394
2,7.222654206,4.1227,6.21944,6.21944,3.50684,3.51376,3.52175,0.442962,0.437987,0.432236
2,7.267514019,4.71166,6.20134,6.20134,3.49526,3.50222,3.51023,0.874905,0.869899,0.864134
2,7.334803738,3.3865,6.17419,6.17419,3.47788,3.48491,3.49295,-0.0657262,-0.0707797,-0.0765644
2,7.379663551,3.92638,6.15608,6.15608,3.4663,3.47337,3.48143,0.330916,0.325831,0.320033
2,7.402093458,1.32515,6.14703,6.14703,3.46051,3.4676,3.47567,-1.53587,-1.54097,-1.54678
2,7.402093458,5.54601,6.14703,6.14703,3.46051,3.4676,3.47567,1.50001,1.49491,1.48911
2,7.424523364,5.85685,6.13797,6.13797,3.45472,3.46183,3.46991,1.72775,1.72264,1.71683
2,7.424523364,6.72393,6.13797,6.13797,3.45472,3.46183,3.46991,2.3514,2.34629,2.34048
2,7.446953271,4.7771,6.12891,6.12891,3.44893,3.45606,3.46415,0.955296,0.950164,0.944346
2,7.446953271,4.64622,6.12891,6.12891,3.44893,3.45606,3.46415,0.86116,0.856028,0.85021
2,7.469383178,3.68098,6.11986,6.11986,3.44314,3.45029,3.45839,0.171071,0.165924,0.160099
2,7.536672897,1.83231,6.09268,6.09268,3.42576,3.43299,3.44111,-1.1461,-1.1513,-1.15714
2,7.536672897,4.22086,6.09268,6.09268,3.42576,3.43299,3.44111,0.571878,0.566683,0.560839
2,7.536672897,5.00613,6.09268,6.09268,3.42576,3.43299,3.44111,1.13669,1.1315,1.12566
2,7.64882243,2.38855,6.04737,6.04737,3.39681,3.40414,3.41231,-0.725202,-0.730474,-0.736352
2,7.64882243,2.56851,6.04737,6.04737,3.39681,3.40414,3.41231,-0.595765,-0.601037,-0.606915
2,7.671252336,3.56646,6.03831,6.03831,3.39102,3.39837,3.40655,0.126187,0.120899,0.115016
2,7.671252336,3.32106,6.03831,6.03831,3.39102,3.39837,3.40655,-0.0503176,-0.0556056,-0.0614895
2,7.805831776,3.82822,5.98391,5.98391,3.35628,3.36376,3.372,0.339449,0.334067,0.328143
2,7.895551402,3.3047,5.94763,5.94763,3.33312,3.34069,3.34896,-0.0204361,-0.0258807,-0.0318307
2,7.917981308,2.14315,5.93856,5.93856,3.32733,3.33492,3.3432,-0.851729,-0.857189,-0.863146
2,7.940411215,2.97751,5.92949,5.92949,3.32154,3.32915,3.33744,-0.247447,-0.252922,-0.258886
2,7.962841121,2.86299,5.92042,5.92042,3.31575,3.32338,3.33168,-0.325651,-0.331142,-0.337113
2,8.030130841,4.25358,5.8932,5.8932,3.29838,3.30607,3.3144,0.687038,0.681501,0.67551
2,8.030130841,3.7955,5.8932,5.8932,3.29838,3.30607,3.3144,0.357562,0.352024,0.346034
2,8.052560748,3.68098,5.88413,5.88413,3.29259,3.30031,3.30864,0.279357,0.273804,0.267807
2,8.052560748,2.07771,5.88413,5.88413,3.29259,3.30031,3.30864,-0.87381,-0.879362,-0.88536
2,8.097420561,1.94683,5.86598,5.86598,3.28101,3.28877,3.29713,-0.959617,-0.965201,-0.971211
2,8.142280374,3.40286,5.84783,5.84783,3.26943,3.27723,3.28561,0.0959757,0.0903608,0.0843367
2,8.16471028,4.1227,5.83876,5.83876,3.26364,3.27146,3.27985,0.617888,0.612258,0.606227
2,8.232,4.35174,5.81153,5.81153,3.24627,3.25416,3.26257,0.795119,0.789442,0.783392
2,8.232,1.25971,5.81153,5.81153,3.24627,3.25416,3.26257,-1.42884,-1.43452,-1.44057
2,8.254429907,3.3047,5.80245,5.80245,3.24048,3.24839,3.25681,0.0461952,0.0405025,0.0344451
2,8.344149533,0.916155,5.76614,5.76614,3.21732,3.22532,3.23378,-1.65513,-1.66089,-1.66697
2,8.366579439,3.94274,5.75707,5.75707,3.21153,3.21955,3.22802,0.525929,0.520159,0.514068
2,8.389009346,3.58282,5.74799,5.74799,3.20574,3.21378,3.22226,0.271219,0.265433,0.259336
2,8.411439252,6.08589,5.73891,5.73891,3.19995,3.20802,3.2165,2.07574,2.06993,2.06383
2,8.411439252,2.47035,5.73891,5.73891,3.19995,3.20802,3.2165,-0.524773,-0.530575,-0.536679
2,8.456299065,3.69734,5.72075,5.72075,3.18837,3.19648,3.20499,0.36608,0.360248,0.35413
2,8.478728972,3.33742,5.71167,5.71167,3.18258,3.19071,3.19923,0.11137,0.105522,0.0993977
2,8.501158879,4.33538,5.70259,5.70259,3.17679,3.18495,3.19347,0.833321,0.827458,0.821327
2,8.501158879,0.834356,5.70259,5.70259,3.17679,3.18495,3.19347,-1.68482,-1.69068,-1.69681
2,8.501158879,3.48466,5.70259,5.70259,3.17679,3.18495,3.19347,0.221437,0.215573,0.209442
2,8.523588785,4.02454,5.69351,5.69351,3.17101,3.17918,3.18771,0.613912,0.608033,0.601895
2,8.635738318,2.17587,5.6481,5.6481,3.14206,3.15034,3.15892,-0.694941,-0.700898,-0.707069
2,8.658168224,1.94683,5.63902,5.63902,3.13627,3.14458,3.15316,-0.855516,-0.861488,-0.867665
2,8.658168224,3.10838,5.63902,5.63902,3.13627,3.14458,3.15316,-0.0200584,-0.0260306,-0.032208
2,8.703028037,1.75051,5.62085,5.62085,3.12469,3.13304,3.14165,-0.988393,-0.994396,-1.00059
2,8.725457944,1.14519,5.61177,5.61177,3.11891,3.12727,3.13589,-1.41961,-1.42563,-1.43182
2,8.792747664,2.56851,5.58452,5.58452,3.10154,3.10997,3.11862,-0.383389,-0.389454,-0.395672
2,8.904897196,6.90389,5.5391,5.5391,3.0726,3.08114,3.08983,2.75568,2.74954,2.74329
2,8.904897196,1.06339,5.5391,5.5391,3.0726,3.08114,3.08983,-1.44514,-1.45128,-1.45753
2,8.904897196,2.83027,5.5391,5.5391,3.0726,3.08114,3.08983,-0.1743,-0.180443,-0.186694
2,8.927327103,3.53374,5.53002,5.53002,3.06681,3.07537,3.08407,0.335844,0.329686,0.323428
2,8.972186916,2.30675,5.51185,5.51185,3.05524,3.06384,3.07256,-0.538356,-0.544545,-0.550816
2,8.972186916,3.27198,5.51185,5.51185,3.05524,3.06384,3.07256,0.155898,0.149709,0.143438
2,8.972186916,3.89366,5.51185,5.51185,3.05524,3.06384,3.07256,0.603044,0.596855,0.590584
2,9.017046729,3.04294,5.49367,5.49367,3.04366,3.05231,3.06105,-0.000514434,-0.00673472,-0.0130189
2,9.039476636,2.48671,5.48459,5.48459,3.03787,3.04654,3.05529,-0.39643,-0.402666,-0.408956
2,9.061906542,4.84254,5.4755,5.4755,3.03208,3.04078,3.04953,1.30218,1.29593,1.28963
2,9.106766355,1.57055,5.45733,5.45733,3.02051,3.02924,3.03802,-1.04289,-1.04918,-1.05549
2,9.106766355,3.61554,5.45733,5.45733,3.02051,3.02924,3.03802,0.427982,0.4217,0.415389
2,9.129196262,1.29243,5.44824,5.44824,3.01472,3.02348,3.03226,-1.23877,-1.24507,-1.25139
2,9.174056075,4.41718,5.43007,5.43007,3.00315,3.01195,3.02075,1.01705,1.01072,1.00439
2,9.196485981,3.43558,5.42098,5.42098,2.99736,3.00618,3.01499,0.315195,0.308851,0.302513
2,9.241345794,3.73006,5.40281,5.40281,2.98579,2.99465,3.00348,0.535326,0.528951,0.5226
2,9.286205607,2.55215,5.38464,5.38464,2.97421,2.98312,2.99197,-0.303574,-0.30998,-0.316344
2,9.286205607,3.27198,5.38464,5.38464,2.97421,2.98312,2.99197,0.214174,0.207768,0.201404
2,9.308635514,1.35787,5.37555,5.37555,2.96843,2.97735,2.98621,-1.1584,-1.16482,-1.1712
2,9.331065421,3.10838,5.36646,5.36646,2.96264,2.97159,2.98046,0.104829,0.0983915,0.092014
2,9.375925234,5.54601,5.34829,5.34829,2.95107,2.96006,2.96894,1.86644,1.85997,1.85358
2,9.39835514,4.26994,5.3392,5.3392,2.94528,2.95429,2.96319,0.952772,0.946289,0.939891
2,9.420785047,7.39468,5.33011,5.33011,2.93949,2.94853,2.95743,3.20443,3.19793,3.19153
2,9.443214953,2.38855,5.32102,5.32102,2.93371,2.94276,2.95168,-0.39211,-0.398624,-0.405035
2,9.443214953,2.84663,5.32102,5.32102,2.93371,2.94276,2.95168,-0.0626337,-0.0691482,-0.0755589
2,9.443214953,4.15542,5.32102,5.32102,2.93371,2.94276,2.95168,0.878727,0.872212,0.865802
2,9.510504673,4.89162,5.29376,5.29376,2.91635,2.92547,2.93441,1.42073,1.41417,1.40774
2,9.532934579,0.719836,5.28467,5.28467,2.91056,2.91971,2.92866,-1.5757,-1.58227,-1.58871
2,9.532934579,4.40082,5.28467,5.28467,2.91056,2.91971,2.92866,1.07188,1.0653,1.05886
2,9.645084112,3.41922,5.23922,5.23922,2.88163,2.89088,2.89988,0.386665,0.380011,0.373541
2,9.645084112,2.68303,5.23922,5.23922,2.88163,2.89088,2.89988,-0.14285,-0.149504,-0.155974
2,9.667514019,1.42331,5.23013,5.23013,2.87585,2.88512,2.89413,-1.04475,-1.05142,-1.05789
2,9.667514019,2.48671,5.23013,5.23013,2.87585,2.88512,2.89413,-0.279893,-0.286562,-0.293039
2,9.734803738,3.25562,5.20287,5.20287,2.85849,2.86783,2.87686,0.28564,0.278924,0.272427
2,9.846953271,2.42127,5.15742,5.15742,2.82957,2.83901,2.84809,-0.293674,-0.300467,-0.306998
2,9.869383178,2.78119,5.14833,5.14833,2.82379,2.83325,2.84234,-0.0306396,-0.0374478,-0.0439851
2,9.959102804,1.79959,5.11197,5.11197,2.80065,2.8102,2.81933,-0.720019,-0.726889,-0.733453
2,9.959102804,3.1411,5.11197,5.11197,2.80065,2.8102,2.81933,0.244875,0.238006,0.231442
2,10.00396262,2.61759,5.09379,5.09379,2.78908,2.79868,2.80782,-0.123349,-0.130249,-0.136827
2,10.02639252,2.35583,5.0847,5.0847,2.7833,2.79291,2.80207,-0.307461,-0.314377,-0.320961
2,10.07125234,2.04499,5.06651,5.06651,2.77173,2.78139,2.79056,-0.522715,-0.529662,-0.536259
2,10.13854206,2.53579,5.03924,5.03924,2.75438,2.7641,2.7733,-0.157227,-0.164219,-0.170836
2,10.16097196,3.01022,5.03015,5.03015,2.7486,2.75834,2.76755,0.188175,0.181168,0.174545
2,10.18340187,5.33e-15,5.02106,5.02106,2.74282,2.75258,2.7618,-1.97279,-1.97982,-1.98645
2,10.20583178,3.40286,5.01197,5.01197,2.73704,2.74682,2.75605,0.478902,0.471863,0.465227
2,10.2731215,2.35583,4.9847,4.9847,2.71969,2.72954,2.73879,-0.26171,-0.268795,-0.275451
2,10.2731215,3.9591,4.9847,4.9847,2.71969,2.72954,2.73879,0.891456,0.884372,0.877716
2,10.31798131,2.74847,4.96651,4.96651,2.70813,2.71802,2.72729,0.0290148,0.0218996,0.0152307
2,10.40770093,5.87321,4.93015,4.93015,2.685,2.69498,2.70429,2.29315,2.28597,2.27927
2,10.40770093,2.30675,4.93015,4.93015,2.685,2.69498,2.70429,-0.272061,-0.279238,-0.285933
2,10.40770093,3.7955,4.93015,4.93015,2.685,2.69498,2.70429,0.798736,0.791559,0.784864
2,10.40770093,3.35378,4.93015,4.93015,2.685,2.69498,2.70429,0.481027,0.47385,0.467155
2,10.40770093,3.01022,4.93015,4.93015,2.685,2.69498,2.70429,0.23392,0.226743,0.220048
2,10.47499065,2.53579,4.90287,4.90287,2.66766,2.6777,2.68704,-0.0948499,-0.102073,-0.108787
2,10.49742056,3.19018,4.89378,4.89378,2.66188,2.67194,2.68129,0.379988,0.37275,0.366029
2,10.51985047,4.46626,4.88469,4.88469,2.6561,2.66618,2.67554,1.30197,1.29472,1.28799
2,10.54228037,3.51738,4.8756,4.8756,2.65032,2.66042,2.66979,0.623643,0.616374,0.60964
2,10.632,1.86503,4.83923,4.83923,2.6272,2.63739,2.64679,-0.548197,-0.555527,-0.562287
2,10.65442991,1.01431,4.83014,4.83014,2.62142,2.63163,2.64104,-1.15592,-1.16327,-1.17004
2,10.92358879,2.53579,4.72104,4.72104,2.55209,2.56255,2.57207,-0.011723,-0.0192519,-0.026096
2,10.94601869,4.15542,4.71194,4.71194,2.54631,2.5568,2.56632,1.15737,1.14982,1.14297
2,11.03573832,0.327198,4.67557,4.67557,2.52321,2.53378,2.54334,-1.5795,-1.5871,-1.59398
2,11.03573832,1.50511,4.67557,4.67557,2.52321,2.53378,2.54334,-0.732272,-0.739877,-0.746753
2,11.03573832,2.38855,4.67557,4.67557,2.52321,2.53378,2.54334,-0.0968536,-0.104459,-0.111335
2,11.08059813,1.66871,4.65739,4.65739,2.51166,2.52227,2.53185,-0.606294,-0.61393,-0.620819
2,11.14788785,1.42331,4.63011,4.63011,2.49433,2.50501,2.51461,-0.770339,-0.77802,-0.784928
2,11.17031776,2.19223,4.62102,4.62102,2.48856,2.49926,2.50887,-0.213136,-0.220832,-0.227747
2,11.19274766,1.79959,4.61193,4.61193,2.48278,2.4935,2.50313,-0.491391,-0.499103,-0.506024
2,11.26003738,2.58487,4.58465,4.58465,2.46546,2.47625,2.4859,0.0858828,0.0781258,0.0711855
2,11.28246729,1.47239,4.57556,4.57556,2.45969,2.4705,2.48015,-0.710121,-0.717894,-0.72484
2,11.3048972,3.25562,4.56646,4.56646,2.45392,2.46474,2.47441,0.576634,0.568847,0.561894
2,11.39461682,2.91207,4.53009,4.53009,2.43083,2.44174,2.45144,0.346134,0.338286,0.331307
2,11.43947664,2.45399,4.51191,4.51191,2.41929,2.43024,2.43996,0.0249595,0.017081,0.0100896
2,11.46190654,2.06135,4.50282,4.50282,2.41352,2.42449,2.43422,-0.253298,-0.261192,-0.268189
2,11.48433645,1.93047,4.49372,4.49372,2.40774,2.41874,2.42848,-0.343284,-0.351192,-0.358196
2,11.52919626,2.71575,4.47554,4.47554,2.39621,2.40724,2.417,0.229833,0.221894,0.214877
2,11.52919626,4.38446,4.47554,4.47554,2.39621,2.40724,2.417,1.43007,1.42213,1.41511
2,11.64134579,0.359918,4.43007,4.43007,2.36736,2.3785,2.3883,-1.44387,-1.45188,-1.45893
2,11.91050467,0.834356,4.32096,4.32096,2.29817,2.30956,2.31947,-1.05286,-1.06105,-1.06818
2,11.93293458,2.15951,4.31187,4.31187,2.29241,2.30382,2.31373,-0.0955881,-0.103796,-0.110926
2,11.93293458,0.687117,4.31187,4.31187,2.29241,2.30382,2.31373,-1.15462,-1.16283,-1.16996
2,11.97779439,1.11247,4.29368,4.29368,2.28088,2.29233,2.30226,-0.840387,-0.848624,-0.855766
2,12.02265421,1.73415,4.2755,4.2755,2.26936,2.28085,2.2908,-0.384952,-0.393219,-0.400373
2,12.04508411,3.69734,4.2664,4.2664,2.2636,2.27511,2.28507,1.03123,1.02295,1.01579
2,12.11237383,1.96319,4.23913,4.23913,2.24631,2.25789,2.26787,-0.20364,-0.211966,-0.219145
2,12.17966355,1.45603,4.21185,4.21185,2.22904,2.24067,2.25068,-0.55599,-0.56436,-0.571558
2,12.24695327,2.84663,4.18457,4.18457,2.21176,2.22346,2.2335,0.45663,0.448216,0.440999
2,12.26938318,2.61759,4.17548,4.17548,2.20601,2.21773,2.22777,0.296033,0.287604,0.280381
2,12.38153271,3.28834,4.13001,4.13001,2.17723,2.18905,2.19913,0.799179,0.790676,0.783423
2,12.42639252,1.89775,4.11183,4.11183,2.16572,2.17758,2.18768,-0.19274,-0.201272,-0.208537
2,12.42639252,1.60327,4.11183,4.11183,2.16572,2.17758,2.18768,-0.404546,-0.413078,-0.420343
2,12.47125234,2.09407,4.09364,4.09364,2.15422,2.16612,2.17624,-0.0432607,-0.0518213,-0.0590986
2,12.47125234,1.06339,4.09364,4.09364,2.15422,2.16612,2.17624,-0.784582,-0.793143,-0.80042
2,12.51611215,3.32106,4.07546,4.07546,2.14271,2.15465,2.16479,0.847539,0.838949,0.83166
2,12.53854206,2.20859,4.06636,4.06636,2.13696,2.14892,2.15907,0.0515185,0.0429144,0.0356188
2,12.60583178,1.93047,4.03909,4.03909,2.11971,2.13174,2.1419,-0.136114,-0.144762,-0.152075
2,12.6955514,0.736196,4.00272,4.00272,2.09672,2.10883,2.11903,-0.97857,-0.987276,-0.994612
2,12.91985047,1.79959,3.91179,3.91179,2.03929,2.0516,2.06188,-0.172406,-0.181256,-0.18865
2,12.91985047,0.916155,3.91179,3.91179,2.03929,2.0516,2.06188,-0.807824,-0.816675,-0.824069
2,12.98714019,4.33538,3.88451,3.88451,2.02207,2.03444,2.04474,1.66386,1.65497,1.64756
2,13.05442991,1.66871,3.85724,3.85724,2.00486,2.01729,2.02762,-0.24178,-0.250717,-0.258145
2,13.05442991,4.5317,3.85724,3.85724,2.00486,2.01729,2.02762,1.81745,1.80851,1.80108
2,13.18900935,0.458078,3.80268,3.80268,1.97047,1.98301,1.99338,-1.0878,-1.09682,-1.10428
2,13.23386916,2.38855,3.7845,3.7845,1.95901,1.97159,1.98198,0.308952,0.299902,0.29243
2,13.25629907,0.539877,3.77541,3.77541,1.95328,1.96588,1.97628,-1.0166,-1.02566,-1.03314
2,13.30115888,3.58282,3.75722,3.75722,1.94182,1.95446,1.96487,1.1803,1.17121,1.16372
2,13.3908785,2.02863,3.72085,3.72085,1.91892,1.93164,1.94208,0.0789078,0.0697595,0.062249
2,13.41330841,3.76278,3.71176,3.71176,1.9132,1.92594,1.93639,1.33033,1.32116,1.31365
2,13.41330841,4.08998,3.71176,3.71176,1.9132,1.92594,1.93639,1.56567,1.5565,1.54899
2,13.45816822,2.65031,3.69358,3.69358,1.90176,1.91454,1.925,0.5384,0.52921,0.521683
2,13.48059813,0.556237,3.68449,3.68449,1.89604,1.90883,1.91931,-0.963663,-0.972867,-0.980399
2,13.52545794,2.14315,3.6663,3.6663,1.8846,1.89744,1.90792,0.185962,0.176731,0.169188
2,13.74975701,1.40695,3.57539,3.57539,1.82748,1.8405,1.85106,-0.302469,-0.311835,-0.319431
2,13.81704673,0.997955,3.54811,3.54811,1.81037,1.82345,1.83403,-0.584334,-0.593741,-0.601352
2,13.99648598,0.719836,3.47539,3.47539,1.76478,1.77801,1.78864,-0.751585,-0.761097,-0.768749
2,14.0637757,1.55419,3.44812,3.44812,1.74771,1.76099,1.77165,-0.139187,-0.148738,-0.156405
2,14.24321495,0.0981595,3.37539,3.37539,1.70224,1.71566,1.72637,-1.15375,-1.1634,-1.17111
2,14.24321495,2.43763,3.37539,3.37539,1.70224,1.71566,1.72637,0.528935,0.519282,0.511577
2,14.31050467,2.78119,3.34813,3.34813,1.68521,1.69869,1.70942,0.788288,0.778597,0.770879
2,14.4002243,2.87935,3.31177,3.31177,1.66253,1.67607,1.68683,0.875203,0.865463,0.857726
2,14.4002243,4.05726,3.31177,3.31177,1.66253,1.67607,1.68683,1.72243,1.71269,1.70495
2,14.44508411,0.196319,3.29359,3.29359,1.6512,1.66478,1.67555,-1.04644,-1.0562,-1.06395
2,14.44508411,1.01431,3.29359,3.29359,1.6512,1.66478,1.67555,-0.458086,-0.467851,-0.475597
2,14.44508411,1.37423,3.29359,3.29359,1.6512,1.66478,1.67555,-0.199212,-0.208977,-0.216723
2,14.53480374,2.73211,3.25723,3.25723,1.62856,1.64221,1.653,0.793734,0.78392,0.776157
2,14.64695327,1.22699,3.21179,3.21179,1.6003,1.61403,1.62485,-0.268505,-0.278378,-0.286162
2,14.87125234,1.79959,3.12092,3.12092,1.54393,1.55781,1.56869,0.183889,0.1739,0.166076
2,14.98340187,0.179959,3.07548,3.07548,1.51582,1.52978,1.54069,-0.960826,-0.970872,-0.978714
2,15.02826168,1.79959,3.05731,3.05731,1.50459,1.51859,1.5295,0.212183,0.202115,0.194267
2,15.0955514,1.86503,3.03006,3.03006,1.48776,1.50181,1.51273,0.271352,0.261252,0.253393
2,15.25256075,3.68098,2.96646,2.96646,1.44859,1.46274,1.47369,1.60566,1.59549,1.58761
2,15.27499065,0.572597,2.95738,2.95738,1.44301,1.45717,1.46813,-0.626051,-0.636235,-0.644118
2,15.29742056,1.68507,2.9483,2.9483,1.43743,1.4516,1.46256,0.178121,0.167926,0.160041
2,15.38714019,1.86503,2.91196,2.91196,1.41512,1.42935,1.44033,0.3236,0.313365,0.305469
2,15.47685981,0.883436,2.87564,2.87564,1.39287,1.40715,1.41814,-0.366412,-0.376685,-0.384591
2,15.52171963,2.81391,2.85747,2.85747,1.38176,1.39606,1.40706,1.03009,1.01979,1.01188
2,15.90302804,1.66871,2.70314,2.70314,1.28784,1.30235,1.31339,0.273944,0.263507,0.255566
2,16.08246729,1.81595,2.63054,2.63054,1.24401,1.2586,1.26965,0.411372,0.400876,0.392929
2,16.26190654,2.56851,2.55798,2.55798,1.20045,1.21511,1.22616,0.983989,0.973441,0.965491
2,16.30676636,1.97955,2.53984,2.53984,1.1896,1.20428,1.21533,0.568178,0.557618,0.549669
3,0,0.620408,6.09713,6.09713,6.26409,6.16222,6.54813,-4.05927,-3.98599,-4.26356
3,2.018691589,4.5551,7.34217,7.34217,5.80506,5.71226,6.06525,-0.899041,-0.832297,-1.08618
3,2.041121495,2.61224,7.35269,7.35269,5.79996,5.70726,6.05988,-2.29279,-2.22612,-2.47974
3,3.005607477,5.24082,7.61347,7.61347,5.58064,5.49229,5.82917,-0.244421,-0.180872,-0.423178
3,3.857943925,3.72245,7.49514,7.49514,5.38683,5.30231,5.62529,-1.19712,-1.13633,-1.36863
3,4.014953271,2.1551,7.44975,7.44975,5.35112,5.26731,5.58773,-2.29876,-2.23848,-2.46894
3,4.014953271,3.2,7.44975,7.44975,5.35112,5.26731,5.58773,-1.54721,-1.48693,-1.71739
3,4.037383178,5.01224,7.44291,7.44291,5.34602,5.26231,5.58236,-0.240072,-0.179862,-0.410062
3,4.351401869,3.82041,7.33999,7.33999,5.27462,5.19232,5.50725,-1.04595,-0.986759,-1.21327
3,5.001869159,3.11837,7.10138,7.10138,5.12671,5.04734,5.35165,-1.44452,-1.38743,-1.60631
3,5.136448598,5.8449,7.04973,7.04973,5.09611,5.01734,5.31946,0.538575,0.595226,0.377926
3,5.226168224,1.94286,7.01503,7.01503,5.0757,4.99734,5.298,-2.25333,-2.19697,-2.41321
3,5.45046729,4.81633,6.92756,6.92756,5.0247,4.94735,5.24434,-0.149875,-0.0942404,-0.307855
3,5.876635514,3.59184,6.75928,6.75928,4.92779,4.85236,5.1424,-0.960899,-0.906644,-1.11526
3,5.943925234,4.70204,6.73253,6.73253,4.91249,4.83737,5.12631,-0.151369,-0.0973334,-0.305156
3,6.011214953,4.3102,6.70575,6.70575,4.89719,4.82237,5.11021,-0.422196,-0.368378,-0.575411
3,6.03364486,6.33469,6.69681,6.69681,4.89209,4.81737,5.10484,1.0376,1.09135,0.884579
3,6.347663551,4.60408,6.57134,6.57134,4.82069,4.74738,5.02973,-0.155797,-0.103067,-0.306151
3,6.841121495,5.12653,6.37318,6.37318,4.70848,4.63739,4.91169,0.300685,0.351817,0.154525
3,6.908411215,6.12245,6.34609,6.34609,4.69318,4.62239,4.8956,1.02801,1.07893,0.882424
3,6.998130841,4.19592,6.30996,6.30996,4.67278,4.6024,4.87413,-0.342987,-0.292364,-0.487813
3,7.020560748,6.17143,6.30092,6.30092,4.66768,4.5974,4.86877,1.08158,1.13213,0.936949
3,7.042990654,5.40408,6.29188,6.29188,4.66258,4.5924,4.8634,0.533331,0.583809,0.388887
3,7.155140187,7.77143,6.24667,6.24667,4.63708,4.5674,4.83658,2.25441,2.30452,2.11092
3,7.244859813,4.76735,6.21048,6.21048,4.61668,4.54741,4.81512,0.108371,0.158195,-0.0343584
3,7.289719626,6.85714,6.19238,6.19238,4.60648,4.53741,4.80439,1.61881,1.66849,1.47646
3,7.334579439,5.81224,6.17428,6.17428,4.59628,4.52741,4.79365,0.874596,0.924129,0.732629
3,7.334579439,4.44082,6.17428,6.17428,4.59628,4.52741,4.79365,-0.111815,-0.0622821,-0.253782
3,7.379439252,4.01633,6.15617,6.15617,4.58607,4.51741,4.78292,-0.409796,-0.360408,-0.551382
3,7.446728972,6.23673,6.129,6.129,4.57077,4.50241,4.76683,1.19826,1.24743,1.05724
3,7.648598131,4.81633,6.04746,6.04746,4.52487,4.45742,4.71854,0.209632,0.258147,0.0703329
3,7.693457944,6.44898,6.02933,6.02933,4.51467,4.44742,4.70781,1.39127,1.43964,1.25235
3,7.85046729,4.76735,5.96586,5.96586,4.47897,4.41243,4.67025,0.20742,0.25528,0.0698344
3,7.962616822,6.80816,5.92051,5.92051,4.45347,4.38743,4.64343,1.69364,1.74113,1.557
3,8.007476636,5.74694,5.90237,5.90237,4.44327,4.37743,4.6327,0.937678,0.98503,0.801427
3,8.007476636,3.6898,5.90237,5.90237,4.44327,4.37743,4.6327,-0.541939,-0.494587,-0.67819
3,8.007476636,5.3551,5.90237,5.90237,4.44327,4.37743,4.6327,0.655846,0.703198,0.519595
3,8.142056075,8.26122,5.84793,5.84793,4.41266,4.34744,4.60051,2.76811,2.81502,2.633
3,8.231775701,4.5551,5.81162,5.81162,4.39226,4.32744,4.57905,0.117124,0.163748,-0.017222
3,8.321495327,5.48571,5.77531,5.77531,4.37186,4.30744,4.55759,0.801148,0.847482,0.667565
3,8.343925234,4.32653,5.76624,5.76624,4.36676,4.30244,4.55222,-0.0289359,0.0173248,-0.162329
3,8.456074766,5.9102,5.72084,5.72084,4.34126,4.27745,4.52539,1.12848,1.17437,0.996036
3,8.747663551,4.75102,5.60278,5.60278,4.27496,4.21246,4.45565,0.342413,0.387365,0.212451
3,8.882242991,3.98367,5.54828,5.54828,4.24436,4.18246,4.42346,-0.187497,-0.142982,-0.316317
3,8.94953271,6.66122,5.52102,5.52102,4.22905,4.16747,4.40736,1.74936,1.79366,1.62111
3,9.01682243,4.8,5.49377,5.49377,4.21375,4.15247,4.39126,0.421662,0.465741,0.293987
3,9.039252336,5.9102,5.48468,5.48468,4.20865,4.14747,4.3859,1.22385,1.26786,1.09637
3,9.039252336,4.60408,5.48468,5.48468,4.20865,4.14747,4.3859,0.284415,0.328421,0.15693
3,9.151401869,7.72245,5.43925,5.43925,4.18315,4.12248,4.35907,2.54567,2.58931,2.41914
3,9.218691589,3.80408,5.41199,5.41199,4.16785,4.10748,4.34298,-0.261645,-0.218221,-0.387606
3,9.285981308,5.06122,5.38473,5.38473,4.15255,4.09248,4.32688,0.65357,0.696777,0.528182
3,9.330841121,6.22041,5.36655,5.36655,4.14235,4.08248,4.31615,1.49466,1.53772,1.36965
3,9.353271028,5.32245,5.35746,5.35746,4.13725,4.07748,4.31079,0.852463,0.895451,0.727646
3,9.375700935,4.39184,5.34838,5.34838,4.13215,4.07249,4.30542,0.186781,0.229696,0.0621545
3,9.487850467,6.26939,5.30294,5.30294,4.10665,4.04749,4.2786,1.55557,1.59812,1.43189
3,9.66728972,4.34286,5.23022,5.23022,4.06585,4.0075,4.23568,0.199239,0.24121,0.0770907
3,9.846728972,4.71837,5.15751,5.15751,4.02505,3.96751,4.19276,0.498674,0.540063,0.37805
3,9.958878505,5.02857,5.11206,5.11206,3.99955,3.94251,4.16593,0.740132,0.781158,0.620461
3,10.00373832,6.92245,5.09388,5.09388,3.98935,3.93251,4.1552,2.10966,2.15054,1.99037
3,10.02616822,4.35918,5.08479,5.08479,3.98425,3.92751,4.14984,0.269674,0.310481,0.150574
3,10.02616822,5.51837,5.08479,5.08479,3.98425,3.92751,4.14984,1.10343,1.14423,0.984327
3,10.11588785,7.24898,5.04842,5.04842,3.96385,3.90752,4.12838,2.36286,2.40337,2.24452
3,10.22803738,3.80408,5.00297,5.00297,3.93835,3.88253,4.10155,-0.0965746,-0.0564211,-0.213958
3,10.2953271,5.1102,4.9757,4.9757,3.92305,3.86753,4.08546,0.853869,0.893805,0.737058
3,10.34018692,5.20816,4.95751,4.95751,3.91285,3.85753,4.07473,0.931663,0.971453,0.815233
3,10.38504673,3.15102,4.93933,4.93933,3.90265,3.84753,4.064,-0.540617,-0.500973,-0.656666
3,10.45233645,4.63673,4.91206,4.91206,3.88735,3.83254,4.0479,0.538999,0.578426,0.423522
3,10.65420561,4.70204,4.83023,4.83023,3.84145,3.78755,3.99962,0.618984,0.657756,0.505223
3,10.69906542,4.13061,4.81205,4.81205,3.83126,3.77755,3.98889,0.215315,0.253942,0.101935
3,10.74392523,3.4449,4.79386,4.79386,3.82106,3.76755,3.97816,-0.270555,-0.232073,-0.383553
3,10.85607477,6.07347,4.7484,4.7484,3.79556,3.74256,3.95134,1.63841,1.67653,1.52636
3,10.94579439,4.21224,4.71203,4.71203,3.77516,3.72257,3.92988,0.314378,0.352205,0.203095
3,10.99065421,5.42041,4.69385,4.69385,3.76496,3.71257,3.91915,1.19069,1.22838,1.07979
3,11.01308411,5.99184,4.68476,4.68476,3.75986,3.70757,3.91378,1.60537,1.64298,1.49466
3,11.03551402,4.81633,4.67566,4.67566,3.75476,3.70257,3.90842,0.76354,0.801077,0.65302
3,11.14766355,6.38367,4.6302,4.6302,3.72926,3.67758,3.8816,1.90921,1.94638,1.79964
3,11.23738318,2.48163,4.59383,4.59383,3.70886,3.65759,3.86014,-0.882697,-0.845814,-0.991501
3,11.28224299,4.65306,4.57565,4.57565,3.69867,3.64759,3.84941,0.686457,0.723194,0.578034
3,11.3271028,3.65714,4.55746,4.55746,3.68847,3.63759,3.83868,-0.0225308,0.0140619,-0.130571
3,11.37196262,2.13878,4.53928,4.53928,3.67827,3.6276,3.82795,-1.10729,-1.07085,-1.21495
3,11.41682243,4.16327,4.52109,4.52109,3.66807,3.6176,3.81722,0.356172,0.392475,0.248895
3,11.6635514,2.67755,4.42107,4.42107,3.61198,3.56262,3.75821,-0.672096,-0.636591,-0.777274
3,11.68598131,3.2,4.41198,4.41198,3.60688,3.55762,3.75285,-0.292653,-0.25722,-0.39764
3,11.73084112,2.38367,4.39379,4.39379,3.59668,3.54762,3.74212,-0.872467,-0.83718,-0.977073
3,11.86542056,3.36327,4.33924,4.33924,3.56609,3.51763,3.70993,-0.145883,-0.111031,-0.249343
3,11.93271028,4.94694,4.31196,4.31196,3.55079,3.50264,3.69384,1.00419,1.03882,0.901302
3,12,3.78776,4.28468,4.28468,3.5355,3.48765,3.67775,0.181439,0.215855,0.0791243
3,12.02242991,6.22041,4.27559,4.27559,3.5304,3.48265,3.67238,1.93481,1.96916,1.83269
3,12.04485981,3.08571,4.2665,4.2665,3.5253,3.47765,3.66702,-0.316175,-0.281904,-0.418108
3,12.11214953,5.64898,4.23922,4.23922,3.51,3.46266,3.65093,1.53848,1.57253,1.43712
3,12.22429907,2.51429,4.19375,4.19375,3.48451,3.43767,3.62411,-0.697841,-0.664152,-0.798247
3,12.29158879,4.88163,4.16647,4.16647,3.46921,3.42268,3.60801,1.0159,1.04937,0.916061
3,12.31401869,5.19184,4.15738,4.15738,3.46411,3.41768,3.60265,1.24268,1.27608,1.14304
3,12.3364486,2.82449,4.14829,4.14829,3.45902,3.41268,3.59729,-0.456388,-0.423062,-0.55584
3,12.3588785,2.30204,4.1392,4.1392,3.45392,3.40768,3.59192,-0.828496,-0.795243,-0.927757
3,12.44859813,4.73469,4.10283,4.10283,3.43352,3.38769,3.57047,0.935879,0.96884,0.837381
3,12.65046729,2.36735,4.02099,4.02099,3.38764,3.34272,3.52219,-0.733852,-0.701544,-0.830632
3,12.6728972,3.46122,4.0119,4.0119,3.38254,3.33772,3.51683,0.0565958,0.0888304,-0.0399932
3,12.74018692,3.05306,3.98462,3.98462,3.36724,3.32273,3.50074,-0.225978,-0.193962,-0.321994
3,12.87476636,3.00408,3.93007,3.93007,3.33665,3.29275,3.46856,-0.239206,-0.207626,-0.334076
3,12.94205607,4.08163,3.90279,3.90279,3.32136,3.27776,3.45246,0.546833,0.578194,0.452534
3,12.98691589,4.44082,3.8846,3.8846,3.31116,3.26776,3.44174,0.812512,0.843728,0.718595
3,13.00934579,4.57143,3.87551,3.87551,3.30607,3.26277,3.43637,0.910123,0.941266,0.816397
3,13.0317757,2.62857,3.86642,3.86642,3.30097,3.25777,3.43101,-0.483627,-0.452557,-0.577161
3,13.16635514,4.60408,3.81187,3.81187,3.27038,3.22779,3.39883,0.959275,0.989908,0.866886
3,13.23364486,2.10612,3.78459,3.78459,3.25509,3.2128,3.38274,-0.826403,-0.795988,-0.918219
3,13.30093458,3.55918,3.75731,3.75731,3.2398,3.19781,3.36665,0.229722,0.259919,0.138479
3,13.30093458,2.35102,3.75731,3.75731,3.2398,3.19781,3.36665,-0.639259,-0.609062,-0.730502
3,13.32336449,3.13469,3.74822,3.74822,3.2347,3.19282,3.36129,-0.0719291,-0.0418052,-0.162981
3,13.3682243,2.93878,3.73004,3.73004,3.2245,3.18282,3.35056,-0.205512,-0.175534,-0.296182
3,13.45794393,3.98367,3.69367,3.69367,3.20411,3.16284,3.32911,0.560704,0.590392,0.470798
3,13.65981308,5.33e-15,3.61184,3.61184,3.15824,3.11788,3.28085,-2.27159,-2.24256,-2.35978
3,13.68224299,2.17143,3.60275,3.60275,3.15314,3.11288,3.27549,-0.706108,-0.677148,-0.794102
3,13.74953271,1.69796,3.57548,3.57548,3.13785,3.09789,3.2594,-1.03566,-1.00692,-1.12308
3,13.86168224,0.897959,3.53002,3.53002,3.11237,3.07292,3.23259,-1.59273,-1.56436,-1.6792
3,13.92897196,3.57551,3.50275,3.50275,3.09708,3.05793,3.2165,0.344113,0.372272,0.258221
3,13.99626168,3.5102,3.47548,3.47548,3.08179,3.04295,3.20041,0.308138,0.336078,0.222819
3,14.01869159,1.50204,3.46639,3.46639,3.0767,3.03795,3.19505,-1.13258,-1.10472,-1.21771
3,14.0411215,2.69388,3.4573,3.4573,3.0716,3.03296,3.18969,-0.271681,-0.243886,-0.356618
3,14.13084112,5.30612,3.42094,3.42094,3.05122,3.01298,3.16824,1.62186,1.64936,1.53769
3,14.24299065,1.6,3.37549,3.37549,3.02574,2.98801,3.14144,-1.02547,-0.998335,-1.10869
3,14.28785047,3.88571,3.35731,3.35731,3.01555,2.97802,3.13071,0.625875,0.652868,0.543041
3,14.33271028,2.77551,3.33913,3.33913,3.00536,2.96803,3.11999,-0.165318,-0.138471,-0.24777
3,14.44485981,4.27755,3.29368,3.29368,2.97988,2.94306,3.09318,0.933361,0.959844,0.851865
3,14.64672897,2.25306,3.21188,3.21188,2.93403,2.89812,3.04494,-0.48979,-0.463963,-0.569564
3,14.69158879,5.07755,3.19371,3.19371,2.92384,2.88813,3.03422,1.54908,1.57476,1.46969
3,14.93831776,2.93878,3.09375,3.09375,2.86781,2.83321,2.97526,0.0510451,0.0759254,-0.0262393
3,14.98317757,3.10204,3.07558,3.07558,2.85762,2.82323,2.96454,0.175802,0.200536,0.0989005
3,15.00560748,1.19184,3.06649,3.06649,2.85253,2.81824,2.95918,-1.19447,-1.1698,-1.27117
3,15.05046729,1.51837,3.04832,3.04832,2.84234,2.80826,2.94846,-0.952279,-0.927763,-1.02861
3,15.11775701,5.38776,3.02106,3.02106,2.82706,2.79328,2.93238,1.8418,1.8661,1.76605
3,15.25233645,1.76327,2.96655,2.96655,2.79651,2.76333,2.90023,-0.743168,-0.719308,-0.81777
3,15.29719626,2.98776,2.94839,2.94839,2.78632,2.75335,2.88951,0.144882,0.168596,0.0706625
3,15.36448598,1.25714,2.92114,2.92114,2.77105,2.73838,2.87344,-1.08889,-1.06539,-1.16253
3,15.4317757,3.96735,2.89389,2.89389,2.75577,2.72341,2.85736,0.871436,0.894712,0.798365
3,15.67850467,0.0163265,2.794,2.794,2.69977,2.66853,2.79843,-1.93009,-1.90762,-2.00105
3,15.92523364,2.59592,2.69415,2.69415,2.64379,2.61366,2.73951,-0.0344311,-0.0127595,-0.103281
3,16.1271028,0.881633,2.61249,2.61249,2.598,2.56878,2.69132,-1.23451,-1.21349,-1.30163
3,16.21682243,1.24082,2.57621,2.57621,2.57765,2.54884,2.6699,-0.961527,-0.940804,-1.02788
3,16.30654206,2.85714,2.53993,2.53993,2.5573,2.5289,2.64849,0.215663,0.236095,0.150078
3,16.35140187,0.914286,2.5218,2.5218,2.54713,2.51893,2.63778,-1.17444,-1.15415,-1.23964
3,16.4635514,2.84082,2.47647,2.47647,2.5217,2.49401,2.61102,0.229524,0.249446,0.165285
3,16.66542056,2.74286,2.39493,2.39493,2.47595,2.44916,2.56285,0.191978,0.211242,0.129469
3,16.97943925,0.163265,2.26821,2.26821,2.4048,2.37944,2.48796,-1.61224,-1.594,-1.67206
3,17.00186916,2.17143,2.25917,2.25917,2.39972,2.37446,2.48261,-0.1642,-0.146033,-0.223823
3,17.11401869,2.23673,2.21397,2.21397,2.37432,2.34957,2.45588,-0.0989607,-0.0811595,-0.157621
3,17.20373832,0.555102,2.17782,2.17782,2.35401,2.32967,2.43449,-1.29388,-1.27637,-1.35177
3,17.29345794,0.457143,2.1417,2.1417,2.3337,2.30976,2.41311,-1.34973,-1.33251,-1.40685
3,17.29345794,1.95918,2.1417,2.1417,2.3337,2.30976,2.41311,-0.269373,-0.252158,-0.326493
3,17.31588785,3.2,2.13267,2.13267,2.32862,2.30479,2.40777,0.626745,0.643888,0.569819
3,17.42803738,2.67755,2.08756,2.08756,2.30324,2.27992,2.38105,0.269224,0.286,0.213261
3,18.03364486,1.81224,1.84471,1.84471,2.16634,2.14576,2.2369,-0.254684,-0.239885,-0.305436
3,18.12336449,4.5551,1.80888,1.80888,2.14608,2.12591,2.21557,1.73271,1.74722,1.68273
3,18.23551402,0.555102,1.76416,1.76416,2.12076,2.10111,2.18891,-1.12612,-1.11198,-1.17513
3,18.37009346,1.30612,1.71059,1.71059,2.0904,2.07135,2.15693,-0.564099,-0.550399,-0.611951
3,18.43738318,2.20408,1.68386,1.68386,2.07523,2.05649,2.14095,0.0926801,0.10616,0.0454085
3,18.95327103,2.04082,1.48023,1.48023,1.95905,1.94265,2.01858,0.0588119,0.0706072,0.0159965
3,19.13271028,2.57959,1.41009,1.41009,1.91872,1.90313,1.97609,0.475341,0.486549,0.434077
3,19.26728972,0.359184,1.35779,1.35779,1.8885,1.87352,1.94425,-1.09997,-1.0892,-1.14007
3,19.44672897,1.63265,1.2885,1.2885,1.84825,1.83409,1.90184,-0.155066,-0.144884,-0.193612
3,20.43364486,1.66531,0.920929,0.920929,1.62798,1.61829,1.66967,0.0268505,0.0338179,-0.0031408
4,0,1.95122,6.09713,6.09713,1.22803,1.25712,1.33422,0.520163,0.499238,0.443784
4,0.993314231,2.05765,6.75354,6.75354,2.9126,2.92874,2.9896,-0.614929,-0.626539,-0.670313
4,1.107927412,5.62306,6.82619,6.82619,3.10449,3.12057,3.18206,1.8115,1.79994,1.75571
4,1.184336199,0.922395,6.87401,6.87401,3.23246,3.24849,3.3104,-1.66154,-1.67306,-1.71759
4,1.222540592,4.25721,6.89771,6.89771,3.29646,3.31246,3.37458,0.691027,0.679519,0.634839
4,1.910219675,7.34368,7.28929,7.28929,4.44876,4.46431,4.53012,2.08219,2.07101,2.02368
4,1.986628462,4.00887,7.32688,7.32688,4.57682,4.59231,4.65853,-0.408502,-0.419648,-0.467273
4,2.101241643,5.81818,7.38012,7.38012,4.7689,4.78432,4.85114,0.754705,0.743614,0.69555
4,2.17765043,4.00887,7.4133,7.4133,4.89695,4.91232,4.97955,-0.638762,-0.649817,-0.698174
4,2.215854823,2.80266,7.42913,7.42913,4.96098,4.97633,5.04376,-1.55239,-1.56343,-1.61193
4,2.215854823,4.47007,7.42913,7.42913,4.96098,4.97633,5.04376,-0.353095,-0.364131,-0.412634
4,2.521489971,3.051,7.53511,7.53511,5.47321,5.48835,5.55741,-1.74219,-1.75308,-1.80276
4,2.903533906,8.26608,7.6068,7.6068,6.11349,6.12837,6.19947,1.54827,1.53756,1.48642
4,3.018147087,4.82483,7.61393,7.61393,6.30557,6.32038,6.39209,-1.06503,-1.07569,-1.12726
4,3.094555874,6.56319,7.61504,7.61504,6.43363,6.44839,6.5205,0.0931887,0.0825744,0.0307072
4,3.132760267,6.17295,7.61453,7.61453,6.49766,6.51239,6.58471,-0.23355,-0.244146,-0.29616
4,3.209169054,4.15078,7.61145,7.61145,6.62572,6.6404,6.71312,-1.78012,-1.79068,-1.84299
4,3.209169054,4.66519,7.61145,7.61145,6.62572,6.6404,6.71312,-1.41013,-1.42068,-1.47299
4,3.209169054,6.03104,7.61145,7.61145,6.62572,6.6404,6.71312,-0.427724,-0.438283,-0.490589
4,3.896848138,8.26608,7.48433,7.48433,7.73601,7.74299,7.77353,0.381251,0.376236,0.35427
4,3.915950334,7.18404,7.47892,7.47892,7.75121,7.75696,7.78198,-0.407943,-0.412082,-0.430079
4,4.011461318,6.29712,7.45081,7.45081,7.79143,7.79231,7.79597,-1.0748,-1.07543,-1.07806
4,4.087870105,8.2306,7.42723,7.42723,7.79111,7.78937,7.78208,0.316104,0.317354,0.322598
4,4.106972302,7.55654,7.4212,7.4212,7.78775,7.7855,7.77612,-0.166302,-0.164682,-0.157933
4,4.183381089,7.73392,7.39657,7.39657,7.76454,7.76065,7.74486,-0.0220197,-0.0192208,-0.00786535
4,4.240687679,7.27273,7.37762,7.37762,7.73921,7.73443,7.71546,-0.335521,-0.332087,-0.318437
4,4.240687679,4.50554,7.37762,7.37762,7.73921,7.73443,7.71546,-2.32584,-2.32241,-2.30876
4,4.508118434,7.94678,7.28482,7.28482,7.57464,7.56783,7.54378,0.267672,0.272569,0.289861
4,4.508118434,6.38581,7.28482,7.28482,7.57464,7.56783,7.54378,-0.855073,-0.850176,-0.832884
4,4.699140401,7.50333,7.21526,7.21526,7.438,7.43063,7.40723,0.0469895,0.0522863,0.0691174
4,4.890162369,8.54989,7.14382,7.14382,7.29718,7.28947,7.26771,0.901024,0.90657,0.922216
4,4.928366762,7.57428,7.12935,7.12935,7.26882,7.26105,7.23967,0.219705,0.225293,0.240668
4,5.023877746,6.40355,7.09296,7.09296,7.19779,7.18988,7.16948,-0.571265,-0.565576,-0.550906
4,5.062082139,7.25499,7.07833,7.07833,7.16934,7.16138,7.14138,0.0616024,0.0673313,0.0817124
4,5.11938873,8.08869,7.0563,7.0563,7.12664,7.1186,7.09921,0.691961,0.697747,0.71169
4,5.17669532,7.5388,7.03419,7.03419,7.08392,7.0758,7.05703,0.327175,0.333018,0.346519
4,5.214899713,6.7051,7.0194,7.0194,7.05544,7.04726,7.0289,-0.251983,-0.246102,-0.232897
4,5.23400191,6.26164,7.01199,7.01199,7.04119,7.03299,7.01484,-0.560698,-0.554798,-0.541742
4,5.520534862,6.29712,6.90005,6.90005,6.82742,6.81884,6.8038,-0.381428,-0.37525,-0.364439
4,5.539637058,5.10865,6.89254,6.89254,6.81317,6.80456,6.78973,-1.22599,-1.2198,-1.20914
4,5.711556829,6.52772,6.82472,6.82472,6.68489,6.67604,6.6631,-0.113045,-0.106684,-0.0973743
4,5.902578797,7.60976,6.74897,6.74897,6.54234,6.53324,6.52239,0.767747,0.774292,0.782099
4,5.921680993,6.86475,6.74138,6.74138,6.52809,6.51896,6.50832,0.242144,0.248708,0.256364
4,6.036294174,7.41463,6.69575,6.69575,6.44256,6.43328,6.42389,0.699172,0.705846,0.7126
4,6.074498567,5.42794,6.68052,6.68052,6.41405,6.40472,6.39575,-0.70927,-0.70256,-0.696106
4,6.074498567,5.14412,6.68052,6.68052,6.41405,6.40472,6.39575,-0.913406,-0.906695,-0.900241
4,6.112702961,8.42572,6.66528,6.66528,6.38554,6.37616,6.36761,1.46742,1.47416,1.48032
4,6.189111748,5.39246,6.63477,6.63477,6.32852,6.31904,6.31132,-0.673271,-0.66645,-0.660898
4,6.227316141,6.95344,6.6195,6.6195,6.30002,6.29048,6.28318,0.469979,0.476836,0.482088
4,6.227316141,5.78271,6.6195,6.6195,6.30002,6.29048,6.28318,-0.37208,-0.365222,-0.359971
4,6.227316141,5.85366,6.6195,6.6195,6.30002,6.29048,6.28318,-0.321046,-0.314188,-0.308937
4,6.532951289,4.64745,6.49705,6.49705,6.07194,6.062,6.05804,-1.02458,-1.01743,-1.01458
4,6.532951289,5.60532,6.49705,6.49705,6.07194,6.062,6.05804,-0.335622,-0.32847,-0.325624
4,6.723973257,5.21508,6.42031,6.42031,5.9294,5.9192,5.91733,-0.513781,-0.506446,-0.505102
4,6.914995224,5.78271,6.34344,6.34344,5.78685,5.7764,5.77662,-0.00298414,0.00453486,0.00437375
4,6.914995224,5.56984,6.34344,6.34344,5.78685,5.7764,5.77662,-0.156086,-0.148567,-0.148728
4,7.029608405,6.03104,6.29728,6.29728,5.70133,5.69072,5.6922,0.23715,0.24478,0.243717
4,7.067812798,6.13747,6.28188,6.28188,5.67282,5.66216,5.66406,0.334206,0.341873,0.340509
4,7.067812798,5.78271,6.28188,6.28188,5.67282,5.66216,5.66406,0.0790369,0.0867035,0.0853396
4,7.106017192,7.84035,6.26648,6.26648,5.64431,5.6336,5.63591,1.57952,1.58723,1.58556
4,7.182425979,4.75388,6.23567,6.23567,5.58729,5.57648,5.57963,-0.599438,-0.59166,-0.593927
4,7.220630372,5.35698,6.22026,6.22026,5.55878,5.54792,5.55149,-0.145145,-0.137331,-0.139897
4,7.220630372,4.50554,6.22026,6.22026,5.55878,5.54792,5.55149,-0.757551,-0.749737,-0.752304
4,7.258834766,4.36364,6.20485,6.20485,5.53027,5.51936,5.52334,-0.839114,-0.831262,-0.834129
4,7.526265521,6.102,6.09688,6.09688,5.33071,5.31944,5.32635,0.554752,0.562862,0.55789
4,7.526265521,4.32816,6.09688,6.09688,5.33071,5.31944,5.32635,-0.721095,-0.712984,-0.717956
4,7.698185291,7.04213,6.02742,6.02742,5.20242,5.19092,5.19971,1.32322,1.3315,1.32517
4,7.908309456,6.91796,5.94247,5.94247,5.04562,5.03384,5.04493,1.34669,1.35517,1.34719
4,7.908309456,4.39911,5.94247,5.94247,5.04562,5.03384,5.04493,-0.465007,-0.456532,-0.464508
4,8.022922636,4.61197,5.89612,5.89612,4.9601,4.94816,4.9605,-0.250391,-0.241805,-0.250684
4,8.022922636,4.15078,5.89612,5.89612,4.9601,4.94816,4.9605,-0.582111,-0.573525,-0.582404
4,8.06112703,4.39911,5.88067,5.88067,4.93159,4.9196,4.93236,-0.382987,-0.374364,-0.383545
4,8.099331423,4.89579,5.86521,5.86521,4.90308,4.89104,4.90422,-0.0052451,0.00341444,-0.00606628
4,8.099331423,5.03769,5.86521,5.86521,4.90308,4.89104,4.90422,0.0968226,0.105482,0.0960014
4,8.213944604,4.18625,5.81884,5.81884,4.81755,4.80536,4.8198,-0.454068,-0.445299,-0.455681
4,8.213944604,3.08647,5.81884,5.81884,4.81755,4.80536,4.8198,-1.24509,-1.23632,-1.24671
4,8.213944604,3.33481,5.81884,5.81884,4.81755,4.80536,4.8198,-1.06647,-1.0577,-1.06809
4,8.2330468,4.5765,5.81111,5.81111,4.8033,4.79108,4.80572,-0.16313,-0.154342,-0.164874
4,8.519579752,4.77162,5.69513,5.69513,4.58949,4.57689,4.59466,0.131,0.140064,0.127277
4,8.538681948,4.68293,5.6874,5.6874,4.57523,4.56261,4.58059,0.0774601,0.086542,0.0736056
4,8.672397326,4.86031,5.63326,5.63326,4.47546,4.46265,4.4821,0.27681,0.286021,0.272033
4,8.901623687,6.03104,5.54043,5.54043,4.30441,4.2913,4.31325,1.2419,1.25133,1.23554
4,9.016236867,2.55432,5.494,5.494,4.21888,4.20562,4.22883,-1.19725,-1.18771,-1.2044
4,9.054441261,4.70067,5.47853,5.47853,4.19038,4.17706,4.20069,0.36703,0.376606,0.359612
4,9.073543457,4.23947,5.47079,5.47079,4.17612,4.16278,4.18662,0.0455624,0.0551559,0.0380123
4,9.092645654,5.42794,5.46305,5.46305,4.16187,4.1485,4.17255,0.910631,0.920243,0.902949
4,9.092645654,4.32816,5.46305,5.46305,4.16187,4.1485,4.17255,0.119607,0.129218,0.111925
4,9.207258835,1.59645,5.41662,5.41662,4.07635,4.06283,4.08813,-1.78369,-1.77396,-1.79216
4,9.207258835,1.09978,5.41662,5.41662,4.07635,4.06283,4.08813,-2.14092,-2.1312,-2.1494
4,9.245463228,3.1929,5.40114,5.40114,4.04784,4.03427,4.05999,-0.614921,-0.605162,-0.623657
4,9.512893983,1.77384,5.29279,5.29279,3.8483,3.83438,3.86302,-1.49208,-1.48206,-1.50266
4,9.53199618,4.20399,5.28505,5.28505,3.83405,3.8201,3.84895,0.266084,0.276116,0.255369
4,9.70391595,7.29047,5.21538,5.21538,3.70578,3.69161,3.72233,2.57831,2.58851,2.56641
4,9.894937918,1.77384,5.13797,5.13797,3.56327,3.54884,3.58165,-1.28706,-1.27669,-1.30028
4,9.914040115,4.949,5.13023,5.13023,3.54902,3.53456,3.56758,1.00695,1.01735,0.993599
4,10.04775549,1.63193,5.07604,5.07604,3.44927,3.43463,3.46911,-1.30714,-1.29661,-1.32141
4,10.04775549,3.22838,5.07604,5.07604,3.44927,3.43463,3.46911,-0.158875,-0.148349,-0.173148
4,10.12416428,2.09313,5.04507,5.04507,3.39227,3.37754,3.41285,-0.934421,-0.923823,-0.949221
4,10.12416428,3.58315,5.04507,5.04507,3.39227,3.37754,3.41285,0.13729,0.147888,0.122489
4,10.20057307,0.922395,5.0141,5.0141,3.33528,3.32044,3.35659,-1.73549,-1.72482,-1.75081
4,10.20057307,1.20621,5.0141,5.0141,3.33528,3.32044,3.35659,-1.53135,-1.52068,-1.54668
4,10.20057307,1.59645,5.0141,5.0141,3.33528,3.32044,3.35659,-1.25067,-1.23999,-1.26599
4,10.27698185,1.41907,4.98313,4.98313,3.27829,3.26335,3.30033,-1.33726,-1.32652,-1.35311
4,10.50620821,2.62528,4.89022,4.89022,3.10734,3.09211,3.13158,-0.346731,-0.33577,-0.364163
4,10.67812798,4.23947,4.82053,4.82053,2.97917,2.96371,3.00505,0.906479,0.917602,0.887865
4,10.88825215,2.34146,4.73536,4.73536,2.82257,2.80683,2.85045,-0.346039,-0.334721,-0.366096
4,10.92645654,5.35698,4.71987,4.71987,2.7941,2.77832,2.82235,1.84337,1.85473,1.82305
4,11.04106972,0.851441,4.67341,4.67341,2.70873,2.6928,2.73807,-1.33587,-1.32441,-1.35697
4,11.06017192,3.40576,4.66567,4.66567,2.6945,2.67855,2.72402,0.511581,0.523059,0.490349
4,11.09837631,2.8204,4.65018,4.65018,2.66605,2.65005,2.69594,0.111015,0.122527,0.0895215
4,11.11747851,2.41242,4.64244,4.64244,2.65183,2.6358,2.68189,-0.172199,-0.16067,-0.193823
4,11.1938873,0.532151,4.61146,4.61146,2.59495,2.57882,2.62573,-1.48368,-1.47208,-1.50583
4,11.1938873,1.70288,4.61146,4.61146,2.59495,2.57882,2.62573,-0.641624,-0.630026,-0.663769
4,11.27029608,0.354767,4.58049,4.58049,2.53808,2.52186,2.56959,-1.57037,-1.5587,-1.59303
4,11.49952245,1.5255,4.48757,4.48757,2.36763,2.35113,2.4013,-0.605713,-0.593844,-0.629925
4,11.53772684,2.83814,4.47208,4.47208,2.33925,2.3227,2.37327,0.358827,0.37073,0.33436
4,11.72874881,4.96674,4.39464,4.39464,2.19748,2.18071,2.23326,1.99181,2.00388,1.96608
4,11.91977077,2.44789,4.3172,4.3172,2.056,2.03902,2.09352,0.281869,0.294085,0.254884
4,12.03438395,0.141907,4.27074,4.27074,1.97131,1.95421,2.00985,-1.31581,-1.30351,-1.34353
4,12.03438395,2.02217,4.27074,4.27074,1.97131,1.95421,2.00985,0.0365853,0.0488864,0.00886462
4,12.07258835,0.922395,4.25525,4.25525,1.94311,1.92597,1.98199,-0.73416,-0.721832,-0.762123
4,12.11079274,1.38359,4.23977,4.23977,1.91494,1.89776,1.95415,-0.382176,-0.369822,-0.41038
4,12.11079274,3.01552,4.23977,4.23977,1.91494,1.89776,1.95415,0.791603,0.803956,0.763399
4,12.22540592,0.496674,4.1933,4.1933,1.83056,1.81328,1.87076,-0.959409,-0.946982,-0.988323
4,12.22540592,2.76718,4.1933,4.1933,1.83056,1.81328,1.87076,0.673675,0.686102,0.64476
4,12.53104107,0.567627,4.0694,4.0694,1.6069,1.5894,1.64958,-0.747503,-0.734917,-0.778203
4,12.53104107,2.44789,4.0694,4.0694,1.6069,1.5894,1.64958,0.604894,0.61748,0.574194
4,12.70296084,3.40576,3.99971,3.99971,1.48228,1.46471,1.52622,1.38348,1.39612,1.35188
4,12.913085,2.55432,3.91453,3.91453,1.33166,1.31407,1.37694,0.879412,0.892062,0.846841
4,13.04680038,2.92683,3.86033,3.86033,1.23707,1.21953,1.28306,1.21537,1.22799,1.18229
4,13.06590258,0,3.85259,3.85259,1.22366,1.20613,1.26974,-0.880124,-0.867517,-0.913268
4,13.10410697,0.354767,3.8371,3.8371,1.1969,1.1794,1.24315,-0.605713,-0.593124,-0.63898
4,13.12320917,1.24169,3.82936,3.82936,1.18357,1.16608,1.2299,0.0418009,0.0543798,0.00847713
4,13.21872015,1.0643,3.79064,3.79064,1.11734,1.09994,1.16402,-0.0381494,-0.0256343,-0.0717229
4,13.5243553,2.18182,3.66675,3.66675,0.911581,0.894712,0.95865,0.913629,0.925762,0.879774
4,13.5243553,1.77384,3.66675,3.66675,0.911581,0.894712,0.95865,0.620184,0.632317,0.586329
4,13.69627507,3.051,3.59707,3.59707,0.801213,0.784844,0.84789,1.61818,1.62995,1.5846
4,13.92550143,2.5898,3.50416,3.50416,0.662089,0.646663,0.707386,1.38652,1.39762,1.35394
4,14.05921681,2.25277,3.44996,3.44996,0.586068,0.571349,0.630053,1.19879,1.20938,1.16715
4,14.0974212,0,3.43448,3.43448,0.565136,0.550639,0.608673,-0.406478,-0.396051,-0.437793
4,14.0974212,0.283814,3.43448,3.43448,0.565136,0.550639,0.608673,-0.202343,-0.191916,-0.233657
4,14.51766953,1.31264,3.26418,3.26418,0.361511,0.349987,0.398098,0.684107,0.692395,0.657791
4,14.7086915,6.40355,3.18678,3.18678,0.286778,0.276819,0.319218,4.39954,4.4067,4.3762
4,14.89971347,0.532151,3.10939,3.10939,0.223678,0.215299,0.251667,0.221872,0.227898,0.20174
4,15.05253104,1.70288,3.04748,3.04748,0.181307,0.174146,0.205706,1.09441,1.09956,1.07686
4,15.70200573,3.76053,2.78449,2.78449,0.068089,0.0649365,0.0796698,2.65582,2.65809,2.64749
4,15.8930277,0.0709534,2.70718,2.70718,0.0500882,0.0476972,0.0590434,0.0150075,0.0167272,0.00856636
4,16.04584527,1.91574,2.64536,2.64536,0.0390233,0.0371216,0.0462518,1.34985,1.35121,1.34465
4,16.10315186,0.86918,2.62218,2.62218,0.0355093,0.0337666,0.0421689,0.599624,0.600878,0.594834
4,16.52340019,1.5255,2.45229,2.45229,0.0176109,0.0167083,0.021186,1.08456,1.08521,1.08199
4,16.71442216,4.45233,2.37515,2.37515,0.0127548,0.0120909,0.0154255,3.1932,3.19368,3.19128
4,16.88634193,0.354767,2.30576,2.30576,0.00952829,0.00902571,0.0115754,0.248316,0.248677,0.246844
4,17.0582617,2.1286,2.23644,2.23644,0.00711126,0.00673143,0.00867666,1.5259,1.52617,1.52477
4,17.68863419,2.69623,1.98288,1.98288,0.00242036,0.00228568,0.00299817,1.93755,1.93764,1.93713
