parameter,value,CV,se_sa,rse_sa,P2.5_sa,P97.5_sa
alpha_pop,4.93e-05,
D_pop,0.325081984375111,,0.0496520196471718,15.2736915712556,0.242195,0.436336
E_pop,5,
C_pop,10,
B_pop,7088.93779395076,,1267.18456370845,17.8755209953991,5033.51,9983.7
ECLIPSE0_pop,9.99999999999999e-08,
BUD0_pop,0.033,
ep_pop,0.001,
Time0_pop,13.7968703277904,,6.39180756218876,46.3279527192048,0.001,14
omega_alpha,4.05653502462788,374335.732170143,3.45458802612462,85.1610550667319,1.17963,13.9497
omega_D,0.253384955056657,25.7506961001663,0.10966461122505,43.27984319374,0.118746,0.540682
omega_B,0.153990699303124,15.4908125909993,1.25569609617301,815.436323008854,0.00864047,2.74443
omega_Time0,5.86650953103405,48.6065722439568,15.1209192616749,257.749845656683,0.723937,47.5399
a,0.00162894206465257,,0.117642566234255,7222.0227340833,2.81553e-05,0.0942435
b,0.269889052616643,,0.0222396258078984,8.24028451405479,0.229825,0.316938