parameter,value,CV,se_sa,rse_sa,P2.5_sa,P97.5_sa
alpha_pop,4.93e-05,
D_pop,1.42738816177642,,0.78884251704223,55.264751254522,0.570014,3.57437
E_pop,5,
C_pop,10,
B_pop,18057.650366651,,7984.97813242798,44.2193639277383,8350.33,39049.8
ECLIPSE0_pop,9.99999999999999e-08,
BUD0_pop,0.033,
ep_pop,0.001,
Time0_pop,13.9999999999983,,3.29363275762358,23.5259482687427,0.00289362,14
omega_D,0.888940568609313,109.721052886618,0.320655576628698,36.071655176042,0.46373,1.70404
omega_B,0.537004117198032,57.8148295247232,0.44040644788749,82.0117451213285,0.16073,1.79415
omega_Time0,4.34748955189329,1.1692387012066e-05,7.32086146762865,168.392847877932,0.741884,25.4766
a,1.09386350631852,,0.0691834928619246,6.32469155998876,0.966691,1.23777
b,0.0927815980513652,,0.0173418889530154,18.6910867211133,0.0649058,0.13263