parameter,value,CV,se_sa,rse_sa,P2.5_sa,P97.5_sa
alpha_pop,4.93e-05,
D_pop,0.326736146882253,,0.0500693870480585,15.3241040288395,0.243199,0.438968
E_pop,5,
C_pop,10,
B_pop,7218.85544052729,,1505.61030826715,20.8566346932856,4856.31,10730.8
ECLIPSE0_pop,9.99999999999999e-08,
BUD0_pop,0.033,
ep_pop,0.001,
Time0_pop,13.6028071099561,,4.78846136885166,35.2020088952589,0.0672092,13.9999
omega_alpha,3.82336983953285,149379.963092836,2.40046592775498,62.7840368183759,1.39568,10.4739
omega_D,0.252607940737613,25.6691805518351,0.107588260320633,42.5910048617143,0.119557,0.533726
omega_B,0.0690155338875252,6.9097798227641,0.0730484392111657,105.843474789622,0.0169503,0.281007
omega_Time0,5.15285228252264,49.1333955409957,4.38897589248199,85.1756590688316,1.49824,17.7221
a,0.00541996049779801,,0.112115884856922,2068.57383743796,0.000176423,0.166508
b,0.268747210070984,,0.0199061388744063,7.40701228829446,0.232569,0.310553