parameter,value,CV,se_sa,rse_sa,P2.5_sa,P97.5_sa
alpha_pop,4.93e-05,
D_pop,0.323524658643606,,0.0446149341895559,13.7902731669995,0.247823,0.42235
E_pop,5,
C_pop,10,
B_pop,5980.628086178,,1798.93706282523,30.0794003055099,3433.12,10418.5
ECLIPSE0_pop,9.99999999999999e-08,
BUD0_pop,0.033,
ep_pop,0.001,
Time0_pop,13.5250392453682,,4.23419926038675,31.3063731910191,0.331382,13.9996
omega_alpha,9.83736865549033,1.03316207905019e+23,7.32093368866201,74.4196333902372,3.16909,30.5368
omega_D,0.228482627839736,23.149725913777,0.0970205910416121,42.4630055943094,0.108338,0.481864
omega_C,1.70041023836312,42.3370134008084,1.13508948920389,66.7538611327448,0.593729,4.86989
omega_B,0.254107291494606,25.8264969806812,0.26375541725676,103.796870882927,0.0633707,1.01893
omega_Time0,4.87013006623205,48.6746649856335,2.91951696665953,59.9474126348811,1.83741,12.9085
a,0.000386094765142302,,0.104741896335736,27128.5460959647,3.72805e-06,0.0399858
b,0.269618368974681,,0.0183134896234491,6.79237460455407,0.236119,0.30787