parameter,value,CV,se_sa,rse_sa,P2.5_sa,P97.5_sa
alpha_pop,4.93e-05,
D_pop,0.325850819346261,,0.0504124758751697,15.4710293429091,0.241877,0.438979
E_pop,5,
C_pop,10,
B_pop,6965.47538931818,,947.185671017575,13.5982918333201,5354.94,9060.39
ECLIPSE0_pop,9.99999999999999e-08,
BUD0_pop,0.033,
ep_pop,0.001,
Time0_pop,13.7246925433265,,5.19731846517012,37.8683780985481,0.0103113,14
omega_alpha,3.81095664147826,142466.932803025,2.70550068458799,70.9926913138149,1.27165,11.4209
omega_D,0.252570227211848,25.6652246846366,0.109423473041443,43.3239793341368,0.11829,0.539283
omega_B,0.08536884108268,8.55246160882094,0.353772065407406,414.404202892688,0.00748666,0.973443
omega_Time0,5.55788499310055,48.915696804303,5.4441934659442,97.9544102244381,1.45024,21.3
a,0.00280428802315998,,0.127423148737609,4543.86809362128,6.06123e-05,0.129743
b,0.269069239765027,,0.0232638928010523,8.64606181716207,0.22734,0.318458