parameter,value,CV,se_sa,rse_sa,P2.5_sa,P97.5_sa
alpha_pop,4.93e-05,
D_pop,0.325826007477247,,0.0487975584975849,14.9765695118713,0.244099,0.434917
E_pop,5,
C_pop,10,
B_pop,7310.73861421769,,1450.50974598484,19.8408098350547,5008.77,10670.7
ECLIPSE0_pop,9.99999999999999e-08,
BUD0_pop,0.033,
ep_pop,0.001,
Time0_pop,13.5475275641991,,4.74494482910125,35.0244338431191,0.0835697,13.9999
omega_alpha,3.61902691035397,69831.9590213399,2.38738508888256,65.9675970369907,1.27463,10.2755
omega_D,0.248804879240507,25.2705498051871,0.10511342311358,42.2473318989745,0.118342,0.523092
omega_B,0.104938237417823,10.5227797142175,0.0911635147476966,86.8734952967801,0.0300523,0.366429
omega_Time0,4.8702327308306,48.2465980825339,3.56755089345513,73.2521645397159,1.58762,14.94
a,0.00164870854659849,,0.112694467684262,6835.31773500941,2.9246e-05,0.092944
b,0.269362077757763,,0.0197277680111559,7.32388470395491,0.233477,0.310763