parameter,value,CV,se_sa,rse_sa,P2.5_sa,P97.5_sa
alpha_pop,4.93e-05,
D_pop,0.326088571508087,,0.0486460637063859,14.9180523197758,0.244562,0.434792
E_pop,5,
C_pop,10,
B_pop,7182.03213791563,,979.895412587794,13.6437068753104,5516.71,9350.07
ECLIPSE0_pop,9.99999999999999e-08,
BUD0_pop,0.033,
ep_pop,0.001,
Time0_pop,13.5101187154246,,5.69342581103663,42.1419376910166,0.00171582,14
omega_alpha,3.64457618367007,76621.8155602926,2.2171189226479,60.8333811920834,1.36078,9.76126
omega_D,0.249498086016359,25.3431683508864,0.107032479237914,42.8991183647381,0.117564,0.529495
omega_B,0.0797836429649476,7.9910775789453,0.11109433350842,139.244498470982,0.0157954,0.402993
omega_Time0,4.84791102474057,48.7665870735625,6.26811046875622,129.295080639225,1.01736,23.1012
a,0.00308835600573875,,0.099988414201602,3237.59352923707,7.9232e-05,0.12038
b,0.269157194106868,,0.0173850101785985,6.45905461909961,0.237245,0.305362