parameter,value,CV,se_sa,rse_sa,P2.5_sa,P97.5_sa
alpha_pop,4.93e-05,
D_pop,1.23126085934499,,0.632082958073411,51.336234176214,0.516934,2.93268
E_pop,5,
C_pop,10,
B_pop,15512.1166561826,,6859.9818935911,44.2233774128881,7172.8,33547
ECLIPSE0_pop,9.99999999999999e-08,
BUD0_pop,0.033,
ep_pop,0.001,
Time0_pop,13.9999973849486,,2.95106447244786,21.0790358833963,0.311865,14
omega_D,0.791021267639398,93.2513575694675,0.295746897006439,37.3879829917873,0.404391,1.5473
omega_B,0.547441808369022,59.113774628189,0.364174756931607,66.5230078091007,0.191634,1.56388
omega_Time0,3.12694304047921,0.0725606417231905,7.22495572561324,231.054919519928,0.418767,23.349
a,1.0690981775265,,0.0720121916104126,6.73578845462276,0.937294,1.21944
b,0.100133839153351,,0.0186040539327619,18.5791877052377,0.070192,0.142848