parameter,value,CV,se_sa,rse_sa,P2.5_sa,P97.5_sa
alpha_pop,4.93e-05,
D_pop,0.328749250582608,,0.0474083407892318,14.420820946425,0.248862,0.434281
E_pop,5,
C_pop,10,
B_pop,6906.20047950594,,104.546390802271,1.51380474853737,6704.34,7114.14
ECLIPSE0_pop,9.99999999999999e-08,
BUD0_pop,0.033,
ep_pop,0.001,
Time0_pop,13.6609279379674,,4.98397118639012,36.4834014865003,0.0298559,14
omega_alpha,3.8610845097825,172673.32854472,2.91926118849419,75.6072854944745,1.22914,12.1288
omega_D,0.24040044462711,24.3915956690083,0.0979413875168072,40.7409344307686,0.116882,0.494449
omega_B,0.00234511411861567,0.234511734290806,0.00739426770706522,315.305240302339,0.000249632,0.0220307
omega_Time0,5.38479808528279,49.4058884789345,4.56215449999356,84.7228517715902,1.5721,18.4442
a,0.0103518771608815,,0.095741600030593,924.87187147457,0.000537217,0.199475
b,0.267563676887042,,0.0164988665070601,6.16633270218716,0.237185,0.301833