parameter,value,CV,se_sa,rse_sa,P2.5_sa,P97.5_sa
alpha_pop,4.93e-05,
D_pop,0.986506676714724,,0.304924991351169,30.9095719824861,0.558639,1.74208
E_pop,5,
C_pop,10,
B_pop,13260.037960594,,1460.81484433928,11.0166716617291,10705.5,16424.2
ECLIPSE0_pop,9.99999999999999e-08,
BUD0_pop,0.033,
ep_pop,0.001,
Time0_pop,9.8101134025394,,5.07085831319248,51.6901090244264,0.0828148,13.985
omega_alpha,11.3465427660879,9.04506097838089e+29,6.00740356754988,52.9447928888486,4.66582,27.593
omega_D,0.576660700589794,62.8094165498722,0.209378064548181,36.3087105353345,0.299725,1.10948
omega_B,0.0703448042495641,7.04319174375073,0.0781922240854325,111.155649545953,0.0166256,0.297638
omega_Time0,4.98947584442801,73.5475469630258,3.20838181925024,64.3029833050139,1.79022,13.906
a,1.3940386501588,,0.0721301500388163,5.17418581117531,1.25985,1.54252
b,2.22044604925031e-16,,0.0177976137639435,8.01533267153798e+15,3.38994e-21,1.45442e-11