parameter,value,CV,se_sa,rse_sa,P2.5_sa,P97.5_sa
alpha_pop,4.93e-05,
D_pop,0.323294228095794,,0.0447279172461345,13.835049734597,0.247438,0.422405
E_pop,5,
C_pop,10,
B_pop,6911.67367209731,,867.436301372187,12.5503075307803,5419.78,8814.24
ECLIPSE0_pop,9.99999999999999e-08,
BUD0_pop,0.033,
ep_pop,0.001,
Time0_pop,13.4140476571456,,5.72379923119591,42.6701870866463,0.00168456,14
omega_alpha,3.33498219068106,26009.4679088362,2.38347351213732,71.468852781207,1.10731,10.0442
omega_D,0.231460943852777,23.4595906353403,0.098503029377808,42.5570844645229,0.109602,0.488807
omega_B,0.0672806596424934,6.73568711200559,0.733073559469094,1089.57546398088,0.00316111,1.43199
omega_Time0,4.78557501553786,49.8915835766957,6.15509812698166,128.617733647414,1.00843,22.7102
a,0.000315948606763762,,0.0998977733625581,31618.361728448,2.86487e-06,0.034844
b,0.269490377683717,,0.0175480643555525,6.51157362514347,0.237297,0.306052