parameter,value,CV,se_sa,rse_sa,P2.5_sa,P97.5_sa
alpha_pop,4.93e-05,
D_pop,0.322811851598784,,0.045417020336469,14.0691923519948,0.245985,0.423634
E_pop,5,
C_pop,10,
B_pop,6406.6194121257,,2432.00018932494,37.9607408038307,3246.84,12641.5
ECLIPSE0_pop,9.99999999999999e-08,
BUD0_pop,0.033,
ep_pop,0.001,
Time0_pop,13.7687017894148,,5.98290856843638,43.4529606345019,0.00101198,14
omega_alpha,3.3693963091991,29189.9590821281,2.54695990204917,75.5909862872314,1.07279,10.5826
omega_D,0.23126244900206,23.4389292905587,0.0999261448677805,43.2089797971872,0.108489,0.492977
omega_B,0.0552741893801187,5.53164351885764,0.124499876443698,225.240528789154,0.00754615,0.404874
omega_Time0,5.769854727166,48.9496439487002,9.05866229964831,156.999833236662,1.03983,32.016
a,0.000133474711039199,,0.130344671915131,97654.9571827512,7.79798e-07,0.0228463
b,0.269450954513803,,0.0233413446118805,8.66255777568043,0.22759,0.319011