parameter,value,CV,se_sa,rse_sa,P2.5_sa,P97.5_sa
alpha_pop,4.93e-05,
D_pop,0.322631516953474,,0.0441543959195024,13.6857044644742,0.247626,0.420356
E_pop,5,
C_pop,10,
B_pop,7129.41221239128,,1854.19729269446,26.0077161686874,4382.24,11598.8
ECLIPSE0_pop,9.99999999999999e-08,
BUD0_pop,0.033,
ep_pop,0.001,
Time0_pop,13.5769015590013,,4.87863340570959,35.9333341595538,0.0517063,14
omega_alpha,3.05704363530917,10698.7736318904,1.97125260022358,64.4823180623071,1.09466,8.5374
omega_D,0.228295766285179,23.130295346901,0.0973814638151536,42.65583431517,0.10795,0.482808
omega_B,0.0683454935755883,6.84253835688078,0.19266766359512,281.902512536594,0.00789387,0.591739
omega_Time0,5.23011455378729,50.1672953435334,4.32295343605173,82.6550430510425,1.55611,17.5786
a,0.000134227605524829,,0.107174042321467,79845.0079642092,8.45881e-07,0.0212998
b,0.269533881908927,,0.019243790473223,7.13965544403257,0.234461,0.309853